hash,lines,files,num_test_files,commit_size
7016f154b20b9ba48fdb2f923d16de59fe5c7c92,775810,2675,2,778485
e452e93e4bee1724747a41ffd60052ac30dbab70,10,1,0,11
4e8e3e6573926bdd227b4b499e14bb8da6727dce,14,1,0,15
91292e49263278d6ff7265383b57ebe3df03100d,3593,34,0,3627
dddf98b8c5910cb804c4fe29566e95b7fcf17c94,717,11,0,728
87a37925755a32051d6b45d58daf6a7a9f16b83f,3607,35,0,3642
dfd3850b78fbce14360ea04b405ce9687d655474,4288,181,0,4469
4d024ca9dc64d7b65171446e5c4b668eb6b7e34d,1627,21,0,1648
f9a6ce4a71c6b605a9ade08786a959f3674de7bc,4288,181,0,4469
a917aa435324c311628682d367b7f93569961b51,22,10,0,32
42c1cb2f790bd473a11f6455f23006e8f7522087,1627,21,0,1648
6efcb1cbec512883920956a50d54e4843dd1760b,32,4,0,36
6e4f023f51f312884a354f08332fe496042304ef,22,10,0,32
beaa161dc486fa56b95a946e36e3e4b1b31ec7a4,387,11,0,398
7f0dbe91085179ce5825a4e7cc9863dfcfdbfe5a,37,1,0,38
f72893be7a86290128560deb885fbd3a7fb962ee,4410,143,0,4553
129bf3d4722477f12b1e8b175baa91daef8180fb,53,14,0,67
5d34e8b3975c13fe99401544200384e9f24cd78b,2,1,0,3
c30f7bd8db4c81c8737ea7f55ba6236e9d6c9b4f,3290,225,0,3515
d46db7e0470075125e8c8a24a283ee66dc16b13d,481,9,0,490
ab5fce8cc7d2a0efad2b99305ec3cc5059c141f4,310,11,0,321
e3be5626fae00ad1b1eca869bf4029da6adca560,1298,11,0,1309
732a0d4abebce7aa3c68f4a900f9469422c622bd,91,15,0,106
3465efbbb2d42b6b7dceb080d14a9f49bf1b9d24,32,3,0,35
e0416b33458073232c2cd7a88d6c9431ff32e550,123,18,0,141
04c891f258f571280acadd8f095caf7df9872930,1279,28,0,1307
addf11d0dfbc630408683d1df5e5b23ef5bd2e60,45161,13,0,45174
e626f3a626bc6ddf9b267fc3f3d245b5eec8e594,658,19,0,677
5e375cb71b01ae5935ba42620f3c69864f4423a4,272,1,0,273
1dfb8b8d6046f5323789aadd48c45de51d53f952,75,7,0,82
862f6395809d759a186640fa2a3af8bdcb783d5d,227,12,0,239
b6dae24bd5fdecd2e3cfe39630c04da216c0f881,3020,38,0,3058
24fdd9eed58a2b6736f18201559b358c518381cd,84,1,0,85
c93cd5a9cbbbb6fea089c9fb88409200e9cc6ae3,230,5,0,235
17ac609b924c6badb7260a07b3499577aea901c0,186,22,0,208
ca1e4bb7f64d9582cd49b3547f927b1feaa94f1d,422,7,0,429
7cbe05fdadb92a8eb53f631dbbc8aaf17f8bd420,11,1,0,12
f48033b580ef88effa38625365631e268b0ebd56,880,14,0,894
425c61c15e509cdfee26ad5b8e96df26b92addf4,34,1,0,35
f2982a7654df87aa92381a5b3c6baff2f00fb01c,3290,52,0,3342
b366547c3be08b68fd958c674f17447a287df799,22,3,0,25
f8da1fe7469026b9303394469dbb86d7de172f20,27,3,0,30
8fa14a92118886b3f001eb2b2872d5bb561fcb75,210,5,0,215
6e6b496650a3904f11db90507a91891ad1c13890,3288,51,0,3339
bf19fec3f2d89bb032b266e35fb44799baa67d03,42,6,0,48
298468682da7941dcbb3d3acd77b8c9b0d7d10eb,4,1,0,5
e9489cc6f97ca74ea7fd55fff7e2f322e54142b6,181,3,0,184
e05bfa9ba8254683a30c133333c69aad02b3c856,3,1,0,4
6b576f966db0f0daf322fc376e808aaccad2d520,65,1,0,66
6372f5c2dfed7b19dcb95087c153b4161f620c07,9,1,0,10
c3e4520bd9c3cc4aa84e273b52c65dce0619fe10,215,6,0,221
64e1b95e7706cdd7562d050a2dd0d2643fcb1598,0,1,0,1
0f9570ede24e462a8315d271a83f658cdb7d3477,8,1,0,9
457bd6ad3e175f9ef9527e18c6b0beb517d7f720,48,6,0,54
da0ce1c8d914c39c10d7ee34ec715e37da826099,0,1,0,1
c292a6dd85392ecffca7d9d08ed1a31134decef1,4,1,0,5
50cee3904de56db50551c9307e037b49c0506615,1301,27,0,1328
291e4d1f2081cc2832ea18f5719b1d6e8778b035,40,4,0,44
68c2f8d19677563944693a98ec98b4a0650e8a59,52,8,0,60
d0a7a2d9de61ff9aefc4722dc4ac86b6f2236768,431,23,0,454
dbdca21729ce241344b99f0a9099c6a713ac6e83,7596,100,0,7696
38f66ef94068f1aac3d767440458896ef15f8187,1372,34,0,1406
e6c396f1a477b20c48caefa7e3c9c4b3f23dd739,47,4,0,51
c34b81ff310a9f6ece4c36d4ffa1a539d2ac271a,6,3,0,9
d2314752c4cd29e68bc3b39a85c1b6a629a37294,27,6,0,33
9725e98998cbbd08c011ece629bfbb4ce793bfad,19,6,0,25
8afbc7cdab4901e4a199beee6b2c62a05ebded77,4681,92,0,4773
5f70e24165524287c11141cd86b8adc1775fe531,2,1,0,3
765e6b993f32511e6d0d1e3c750f20b6e5e15eaf,3,1,0,4
2aaff0d8daa9e2ceeadba7ed972f4f28889bd6aa,24,3,0,27
3188b253771e9c5860892b402904b6d248042ee9,457,19,0,476
e99fafbd4c0e4ac3012b1f0c704c97a9231e9bd2,1907,45,0,1952
a8a98a670863a7297f744e9a546f8a5e5eb7976e,2,1,0,3
5c5b382db72bbf9faea1a8184277651b04efb04a,2843,26,0,2869
4e9f9a287296a71774cb9badda19c682fe26a42c,18,5,0,23
89c66e95fe9f58e16b1d2b9319c88e2e0c9ee6aa,2373,86,0,2459
89a9264f483b307f6bc9bf1ebced22dcc8fceb1c,476,25,0,501
19db3be61c99121b39d362082cbc05b5fdf6f079,44,4,0,48
6183716cf7aa2ee4c1762442ff871868d9d6aaaa,2446,137,0,2583
e6faf3d3b1179eec6ec4b1bd962be4b48351eb42,40,3,0,43
6040053dc9da30ecee28dff2ba077c4335818af9,99,5,0,104
1bfdaddc62ddfd10dbc89a19ad29eb6014f43eda,28,4,0,32
2255345eede4fc21a19c22f6107ff145942c5c9e,12,4,0,16
f3a32404e38263209e49a29720cba1a55db29ddc,6,4,0,10
b4faf8511ccae054ccccd779b22f0a7afb07c0f1,675,7,0,682
ad47d3c51a68d2b7c02cd2d10cdeabdcd1030f73,2,1,0,3
053ead0bdd323c29d72341fc5b3256e0b5af6199,163,4,0,167
58b0f7ba9b895eae016d5a823578d2b7f95788ca,97,2,1,99
ec9354fb5b85d7a2244cc9b4c8f6b97e81ee7d2f,217,18,0,235
a017dc1e77f52b93a161e5e461ae189bb3adcfac,506,26,0,532
991e6d406dbc60216ba83a0ff939a5a1cfbde1c2,66,1,0,67
692386f7c981a581f30dcbfe97e8bc09d80f94f9,12,6,0,18
88c35d68e20aff9bdfb8f48aa7a150eba686d59d,90,1,0,91
4a812563fd551eb45aa3b14b54cb54490ee68b72,66,1,0,67
2c49586c5acdc34c45617089a21dcfd516843de2,955,40,0,995
f10569ae628b404e6c35066fcc944df9be8054ed,97,2,0,99
4e960adde9329bcc5be86ef5135ed0f7f01278e2,28,2,0,30
949a79f08b0f06d92096e8e86dcffd807c70fcf7,97,2,0,99
121b03602b602ee13552ade1bcf2789da64f6198,522,8,0,530
bfbe207489fce2839881974b7b1acf00754064c9,23,1,0,24
7a1def7a6cd9228b3c0fd502b5eb44105aafb325,191,5,0,196
0bd850d6c7e5bafd1ba63b6af9182834194c37f9,3,1,0,4
d8134243498e0a1df94784a895777fb6cb3fe648,4,2,0,6
eedc27622f9097be119dce8e848bd3ec73514eea,798,8,0,806
5f56cbb40793a516574c05e2667be6c673870ea6,126,4,0,130
e0985eb0251c8dd014946d8fab062343129709ae,438,3,0,441
475bf54d78c9d54a93d01ef90d4b124790a3b8a6,1,1,0,2
b10b902febcfb1a2307d9b3786ac2ad2b8a86310,416,15,0,431
170be2827ee276089dcae2ec5c6124d4223eb53d,199,5,0,204
80bc59434515ac14ce9faa946a159ca5052c5dd4,2,1,0,3
0561ed794c505db1534280b40168ffb6f342e1c7,223,20,0,243
c23afcee5a266487625c7ac5d96d51f2e776e666,369,3,0,372
7fa211a0b82c334861578be32ff9c35d5ffc32eb,3,1,0,4
b828653bd259c1661c5493439c30c85b94382709,20,1,0,21
9934c4ae16635bbe25faf0cd5a28bc269755da24,238,13,0,251
6e67267270c7d549c7c5a95bc829044573c89402,104,2,0,106
79e48491b9d1ec670a51e04d47466974a2f168f6,176,7,0,183
f60fd00c8c7a8228998bad3c8777bffa3904f2b2,240,14,0,254
56454848bc98b27fcdecb23928c2385170fd0815,18,5,0,23
2aea1d52520e07dc875f8e0d80e8d80301374632,3,1,0,4
14e6320364df635287f56ad2884c2a87b61690c8,16,4,0,20
025da987363dc7dad7f776487fd0645a25f30b89,3021,30,0,3051
19565024985be0a517f187631eb38f69545c755d,3092,45,0,3137
70e8e519e07255e6eafb20a14e2db61fc12d0e5f,84,2,0,86
55f72430b2dd5c93b551fd3012a12983dd80c208,2873,40,0,2913
64172268aaf1da93590e76712370ec940ed7c478,3174,46,0,3220
31959f9e606bc7858482aa45e0a00f126ed3aadd,1,1,0,2
10445aa32908c69520bb1de6fef9c3dbb1639f90,66,3,0,69
c7c4431bb1ee1b1c24075e2025ae1b2270ab33f9,4,1,0,5
8a411a13f3edd5ba1e97acfe88d2fd259c54c983,17,4,0,21
0f2ad10666ae7a8051f03717e077d2f21e371629,41,2,0,43
62f5831f89241de89b70257bd1097ffb4681a443,3366,51,0,3417
27b9286d77f15be56a4a3221a82c505aad8c5001,20,3,0,23
20ff05a8410fe685e8845b32fb36e4e66c252c53,38,7,0,45
57063fa0f869a831e8b607fac18f14e7ead3fdf4,14,3,0,17
ceebe2dcc664e9f3622e94eb394f537ce2f23947,84,2,0,86
4d5ec8e09ce8fd5d481529427e86546ae3f3a874,4540,27,0,4567
b1a63b8d4538ba1b9a01414af6aef8917881cb7d,3456,52,0,3508
2fc12a61d8db0be7323a47fd53b632ea74133de7,92,7,0,99
b89ffaaf376ca3adaee2fcd827b848db27bf6864,189,27,0,216
98adf1dae8de9b57e9402f1f97ce7eca0ecab4f6,74,3,0,77
1dfe91e9e82875cb8d00774f6c28753d7be28dbb,4047,80,0,4127
364b32c0fa953f64c01baf2f07475cfbcee3fe49,109,3,0,112
62ef7684e2ba32fb5fec955079a95da7e7263a44,2,1,0,3
7e679d32a293a2ee8daebae3269006e3c2013826,57,1,0,58
07fefe95bcd4342dcd5ac038a1d1871ed614f3af,4146,82,0,4228
ef4a0d788fdc54a55cd8931cfd0ee411181dd601,4,1,0,5
cc621722a361b01aeb069b7fb7c2fa4411546062,24,1,0,25
de2d453b20b38c545bedee1133ef55f654dd1928,18,1,0,19
50463753c66a514d2f9d435a419a6c93b158484b,265,27,0,292
0c52cb01b6cbebf4980029e3985ac17585570f17,329,7,0,336
f54c12c99ef6d7c4cd93a287e96f0f77fcf4a807,12,1,0,13
67e5de384b998b5bf4b1e90cfd69baca1a56c4a8,347,8,0,355
ef795d854520b45aae1a3ffdebcb7ff0859d93dd,0,9,0,9
45a716936dd42266a94ca96f27f2604d8798b8b6,378,1,0,379
4be35c57e89ef40cea6de36a4667609f81d2829f,0,9,0,9
8d93a17e7f1f37846d5de6c8b257462952846143,28,1,0,29
f5e5fe8d72ed3fa0713d7bf41e21ea09177ba72c,1896,35,0,1931
20126556460ddfe976bee047c8d9bfdfe54ba64f,7568,89,0,7657
1d3cb67284d7640e351267092f7bba36c0e0b250,37,5,0,42
f98f09a4205a7e9b7f65400717e509f5357512d5,2,1,0,3
44cb800a95c46c2559f9f94a8ea62884552a0f69,127,6,0,133
235968164007f2edf06ce7efb4b842298befdc6f,221,8,0,229
fc18e1b40aed35e3b19a67f4b8d23f37dd2e2100,6,1,0,7
7a121f610b048400bb1c486116fbcefd051e63fa,221,8,0,229
08e42fcb35452f0bb4c0a951c11ae09684b87fa2,72750,439,0,73189
e1812413956fdbd5021c0cd7a9f6a847b63774da,2,1,0,3
98707439dded4bacd16b834039553f94450b447e,221,8,0,229
63df4f09359c961a6931a542c309a33a76cb7411,7607,94,0,7701
28f5eac61aa115ec6e619f479894eed28552b485,229,10,0,239
757ecba81536fcfe326b63d0c64d0241ab4c65ee,20,2,0,22
35fdab808fe78373217b1745658e3ea02521b1df,4,1,0,5
6055897dc5610e4b077d466079c01ed359df54eb,1,1,0,2
a09c66da6eddd8f6f7cf80f0a96ab5ea9fa91eab,12,2,0,14
282a90d4b1975dbd3dcab2c9631c08d89c264e18,58,13,0,71
682fee035924dd5ea8c6ebe663bb55604f93e533,14,1,0,15
db7b6c11b6b4d0a67e59d8009c9e5c95ebdd6913,280,10,0,290
effb8e0bb786360e0a08f817150c689c1ad9cb19,72537,431,0,72968
8158577c2fb24beab1c0f8f6da1e1ff53f881630,14,1,0,15
8f66e9ad4dcb283e9c0d9f42b6a94a56d8db846d,13,1,0,14
6fe8eb3116cda9858cce23043b64441cbf3af469,635,2,0,637
bb92f241c4dfc78f2d218e133604d7d7737ff42f,767,19,0,786
813a1dda3a54552c8817d0636c508bbfd3e0f293,27,2,0,29
923c5d0175e14c52c4782003ff8feb04667fee9f,7,1,0,8
f58342b1f8fb7de87b3d0f52d0a185c2e956fa30,32,3,0,35
b13d7c8982a2ccbee4b959bfc4535bffd42cc093,225,9,0,234
3af1e61a283a56131f55c718822c742e6e3a8ea8,10,1,0,11
4c1d59c59a11dee579ac8fb43f237102f587d537,47,5,0,52
bc94e092f2ffaaccb42c22f51a974baae8a862a9,3284,26,0,3310
b1a1f9a01ee1db78869bf708cad5f0f101eba1d4,72642,433,0,73075
affbd398eae3d0c668f34173f3ff6d5fabb7c438,2,1,0,3
8e9e854b013e50169ee28263be57dab48cc103f2,74035,433,0,74468
2cc02f0118db27fe912b512669154f3fd3a01586,869,3,0,872
460c25240eef6c9b507c2b4252517e8d007a5f47,40,4,0,44
97cb55a44d0d04e2e971fae230aa8183271cb821,19,2,0,21
5418c998be6d6346e757e23166634f2037c86c63,27,1,0,28
93ada381337b4a077a6cdf5d1914308417eece59,263,4,0,267
3a5b881c3489d36a2d65a360b0fcdd8a83079acf,28,2,0,30
4254cd5186dffbc55ae6fa5a8280b9087491efb7,76120,468,0,76588
b6e48764c543f2dde6cb3be093601ef12ed547a1,72768,433,0,73201
826fe8bb2ee676fa8b4f1c24080cc4b67fc561f6,14,2,0,16
7897c9dab76ee59784545947b8836e613498e892,518,14,0,532
5cebaf0dfc869de5512505b91e069ce65da71cf4,285,3,0,288
5485371e4548bb889a1279b016b02f03f3488de0,875,27,0,902
ddd61ee38b9545d4e1ed4630130a61cfcf6f4da3,46,4,0,50
2a04ccaf300559baaa3e6e1c8f9054834269e237,829,23,0,852
58e1531a232e86070cf744e9756dab9e66a7ed2f,829,23,0,852
b53cf95fa748bfc9e0947f9d179cac80d03d302b,73,22,0,95
14c50f722498e0cb25e16f3619dc1215e6c512d5,12,2,0,14
adb07432bfa5016c7d45f7d3c98ce0679fd6c4d8,1522,5,0,1527
998d1f7d4f598173cc93f8b69276486ce7f57941,45,1,0,46
e506a89a33b1ee043408e60cb3a82aa1cf863d75,290,6,0,296
4fb32ffd86a0a1eb577d5fe80081921fbc1b2e83,9,1,0,10
180ff5b3c4332195898d91af7452fe74b1ad1b49,1522,5,0,1527
927a36ffb27855fa358d003246b8f79215fd3e3a,2,1,0,3
1a2c8fc225e6b57821f053849c9698894c00f9eb,2574,37,0,2611
5991d8d512e0798f6e6a5306e189b5ff6016bf17,6791,5,0,6796
bec83d129c4519afeba8729322d7053caaae820f,2,1,0,3
ec266ff20bdd207ca1ffa0ace3669fa734733f93,1533,7,0,1540
2574147f7717d605d9237f6c802a5b55b487a1a3,26,1,0,27
90c07599563f8d620ba4e16c9666f21874d0d61a,2,1,0,3
77f0acd7919cbcde378775cbce42c53fdc0429c6,138,4,0,142
894bbf92726b187757f84abfce6791a339d86df5,2628,41,0,2669
fce69f49d8c26502a18538eab07cebbc368fcaa6,1924,22,0,1946
7c48ad9d4b913fbf7e0041ea45dedeff412d5b25,291,1,0,292
9a78ee23872d84191ab9746e76fa538d65d62185,291,1,0,292
6cbef4a1a25e88a939477c19ca19f0a819911ba7,2,1,0,3
68be7e9a04e4758a06150d8100e9ae94a91652b7,2,1,0,3
f4b35524a2bfe78e6afef60ece649de4273060e5,1926,23,0,1949
cb59a762ec98eb2b5e260d635c79bad9a7cfcbf5,47,1,0,48
9dd192355624c4ff6e7f2cd66c9570b6454942cd,2,1,0,3
4ecfdae3ca1096b44fc1c016fcc735047b0f77b3,5,1,0,6
195a80fded75997f5e2e2eef1fff7122270125b0,52,1,0,53
5aa4c0967710ab2695df91358a53ee12e9ac5c64,6,1,0,7
e074ec1338147cab2fa0ff2872abc22d744f3cb8,6,1,0,7
1df62846ecbe44ca28fa35c3177ceb82e7b74cd1,2,1,0,3
8dde539f28a222a95f2d6829b820038a3ed17525,6,1,0,7
2c681e828a54e4947796ac1f85bd64d4aaf5e3e5,107,6,0,113
d6ba851e393337f7e7cf7e8dcec24fd5f7f8d1cf,276,1,0,277
e2da3815018a22a95f47504556d162013d15e3b0,2,2,0,4
65663cadaf2dbd1fed880ccbcefc996d1a2c32c9,12,1,0,13
4cbe61ac0e4929f01055bc13c87e9514c3d7c95d,29,2,0,31
65726f7d67c24760d3c128f3a6adb138ef5e45c7,4,1,0,5
da1930c5d822e854e7c9bc7dc4f876245b4381f2,45,34,0,79
bd72e1b0005ed735a21a9e23896fb3bc3756c8c6,760,139,0,899
3e02a57a0ee94de039c8d69712a6aac0050a8782,121,7,0,128
407c91c9c379c5c6165671ef4b85142651789b26,1938,20,0,1958
2922dfe5f54e4b2f379dc824f7ab9634adfd3977,339,15,0,354
1db6ddf8c0b8672c13c6b8b190724649ca4da68d,165,6,0,171
9e0df9cb54508ad5bf0e6aa1ef6b15953c9ba42a,45,1,0,46
87b0b68114207bc5dfe1a27b040c31b9158501ad,104,8,0,112
841e84669d8722e024da76da6cb4fd501df6c5fd,45,1,0,46
d7cb9e04a034acd3b17a89121f9a87317f2aafdf,9,1,0,10
fe1bfdbbf60dadec056f5016085ae12404eaa3a8,45,1,0,46
37247ee1258275d273cac65f97cdbdb8fb29735f,396,2,0,398
8e0e2165062639212a9937b69cfdbe0bac71daa7,414,15,0,429
fb0b12d454077fbde6573dc7976cbeed61e6ecaa,4,1,0,5
f47202fb1cdd832df59b9355ad6008734893aa51,3006,57,0,3063
fc720efecc767b402dc7f010c7ba618f036fcab3,65,3,0,68
35cbcfd124b9f56b1cb962068ca01399b746530c,1252,181,0,1433
52092e0202e14e57a1c4da5dff3199e819ee5954,58,3,0,61
443543e61aac777e23f9f6db5eabfa5867d635f8,267,11,0,278
adb351b06b7f53b8ad74b0d7df0024590cd1f70d,433,5,0,438
635a88a01ceadfbc29159db3834baedb63bbe2b9,1252,181,0,1433
b0dd284caa1af13e15246424e01b30a9e9ca0314,392,15,0,407
d3be0122423144a233353923d5ef7f78d77c8361,31,3,0,34
334ae827080d1afd5162ceb9cf44e7b3e2007800,151,11,0,162
68820470a5e81d3c7202375f63ad57b0eee7692a,1263,181,0,1444
78263cba8cdadf26373fe6d4dd039e89ac0a0f13,18,1,0,19
401912626e265bc5cd3b1e89d71b9193e15aca7c,1270,182,0,1452
e9350fa52e620d769a5606276c7a653a532a1782,4,2,0,6
cd7f61d9bdbf17a870615babe450308237aabb25,2,1,0,3
736dd36c5d36db94a842824b9211c202f16bb586,24,4,0,28
c808d16eb714d7e833f72aa10339186858a63cc2,92,4,0,96
b76a80380c12e04fe7c3319fccd730e48e59cd86,155,10,0,165
c026a1d7095b1d1d727b5d5c5ab37bf2a6a11499,323,9,0,332
e8c9cdaffcfda2707125f168256b0618211c97cc,3,1,0,4
48323ddfe2e40054e14f9d535a00c14d88beb3cc,56,6,0,62
0b4c671fc3d04bf2b0953bb13a469b52160c5170,19,3,0,22
354be2f48e08b9cd20b40f0df4a144e70cbf19b1,15,3,0,18
ae4a6ff905710456653552f2328f466d90bf3bb5,2,1,0,3
756548dd0c43df7780163340396b90fac7e942a7,961,3,0,964
1c6797cea6f00e369c66d0196f6adc00e3315b22,104,1,0,105
efcc80611988b97cc2c6c1ca6cc9869ee9e5f101,2,1,0,3
2e46f071e4de0b8e86ff7d34d62a998537b051ba,2,1,0,3
3fc5447f28e92a898647d6a9fa917ad839913f84,73,5,0,78
77c1c7f8193f41390ab39c52c15d4f7e899bc0d2,52,6,0,58
dc8b937b3266584986b464007c9616b8b17dde08,32,1,0,33
bddad3ac44485fc47b58a6c3896f623ce77509d0,4198,230,0,4428
559da83a82a09481f5d78f305495481b85a13e62,398,2,0,400
3d47e6c5ba7324fc227d39dd7dba1af45307130d,4480,232,0,4712
8d6de10e6524f195343ab2ed3d8ff1746e03fe3c,23,1,0,24
27803ad1a1240b82e67eeb38f25b232cc1198150,5,1,0,6
19f00fbcebf9ae01fb70a6e2ce06b213740039a5,134,1,0,135
8ebf312edfd004c7fc2b1ee9c99e42e25cdb3ac1,2,1,0,3
01a942a89247bb2deb0335ec7127e1267dc9e1aa,1,1,0,2
441e508bca7f0bf0c1700156d5d7d71446b5f68b,1529,194,0,1723
ab34998704343d2a5672bea371b7080cfd34d5df,2,1,0,3
83a20b9aba8289fa2d675fd32ac34c5413435894,261,13,0,274
6237b79a2ea01c355c27bf09c893f61af9350496,1532,194,0,1726
0b8fd756a8a9c26397dff24ae04d8dc91d4976ce,136,2,0,138
7c275ad79c54470a2cca28dfef420e121041c8d7,24,8,0,32
99f8973c1903b1ddaaa9c354a5648ab2aa89c84c,1297,55,0,1352
ff1885ee30e6952f09f9b7fdc4730e3216ed044a,8,2,0,10
15e840d669fbfaf9e9331157f1d1b63b3ac436b3,1455,63,0,1518
6555602ec3303be68132c6ecc9d7d34d48486c49,150,9,0,159
b88c6a9c84874637166bfcd7830e0e9245ff1a3a,97,7,0,104
c927b0bb7decf643b5770162d7a8fb8876f13af0,1795,79,0,1874
459c410d62a4c7f6b92b792a1a826e8684514e8d,217,3,0,220
f1c4b2ff40865eb2ac58420d0f7f111b90ba1837,59,4,0,63
0203692b01c1bb13b2bf04aa1007395a2417c760,257,16,0,273
57d9ca5d0c40d2ba626908f8c0b9b762c026a3e6,97,7,0,104
aca50bf6695f00f59ac408295ffe8e1462bef2c3,209,13,0,222
927a6ea1e7259cafaafa46d9e94af6b9ea9a9b0a,42,4,0,46
3f7599f656fdf592098b327710b79a74d14fc245,1974,83,0,2057
25ad936015526eb3363ce38f70a3cd0f6f9c5a4d,3,1,0,4
f0bcbd39f1ff01766c4c86da12ee2472c4f33c3a,6,1,0,7
1e812ec044d30ceff5487b1989145b602e7c6f20,220,4,0,224
77ad5690933ba2b3e26f809217e8bb29095448c8,1394,21,0,1415
9fb3a596725f9c3380078a450550c27f4c174360,56,6,0,62
0a606025dc118743796e600167f027abc370f2d9,6,1,0,7
5fd528f852129551b2fd4d1ff069883f47847674,2,1,0,3
74f221a3bd184ce3f192464347acae9dde90d9b8,582,28,0,610
79df26a9486db4d6e2561ed61a66fa2a2beaed4d,2,1,0,3
e3b9629080dc5a24a694e971f35871bb91dc5dcd,62,12,0,74
b441b1b1b1b4ad7aecd91394c149b40954a376a3,72,14,0,86
89ccf5413ac88cb873429bffaa5522d681d70017,12,5,0,17
96d5cae09e04d8a4dd7e2535d90cd5509a964022,50,3,0,53
51183c62168ca685a0b5d185dbd1d77fefad300e,139,6,0,145
27be1721370d9cd9ce810638406c93f99193d2b1,31,3,0,34
ca7c5f7bb7735eb168c3702921a842d619c60e44,56,6,0,62
c059a5f389e1e9f21214b0a78a9ce6899f351f4f,346,10,0,356
05d3da62408c249f9cc09dbd9f9d0df165f6d993,31,3,0,34
464453dcee1d62db8acc36cd6daff97d3efd0cbd,2,1,0,3
f3ee458f037c505fb9552ce29b4b79d12184f6b4,31,3,0,34
fa5b72aff5365406f2f9d78ca0dd34b2e4a58e12,33,4,0,37
d561ec564d8a3ba39bdeae42f6a6bd6a53cca947,28,1,0,29
2aaf57e2c2a2781bc1eadd3cc04db804ca154706,2060,92,0,2152
b9bb776e4f06ca138ee2d878a3a8d8f3cd09a847,12,1,0,13
48e0977f1e883c33751421bc43fca8aa8d0f3218,90,1,0,91
1c07f16d2ca6ee46c3fde4ca4747586f88719225,144,3,0,147
bb9c71ce9918ca19bee906175a5fe6e8fde22ae6,98,12,0,110
7d89c96888f1f19421f4d6f813e29119929afe94,33,4,0,37
ba9360a3a1ee9720627c37675243af71480627c9,12,3,0,15
af34b9774c39b228394ef2105af0db0199a72216,18,1,0,19
35862cea9adfe12826022123c0dcb589850b957d,11200,327,0,11527
a09e6ea47981fe5714fd44408e532795afd43e92,7305,71,0,7376
08edfa9679a94dbf5ef214da94323a210bebb26f,40,1,0,41
37d2650ca7183a20293ed35c6ec2955dd8c63ea5,42,1,0,43
bb28d48241138b5a9897bc0b97883f7a600cd5b1,225,10,0,235
37739aced51306193805ced35b56143f20a624c8,17,1,0,18
b1b4f0bf6cf8b91c77f83fe118105a67539c4c93,34,1,0,35
d7066ae627d92b1f77b3cd3bf6320b9d6b1b9f46,7262,67,0,7329
048aedb25447910185fe8269ea37de7b9f6cc546,48,4,0,52
5f226fe440eca00dfd2c33e0fcd497a3f4703e22,35,3,0,38
a4e9cbe8417db1a07940780f9a8fe45eeb9b69b8,15,1,0,16
9f97f914ae87e89bebc758c78debd31dd13e9558,7373,74,0,7447
289d1eab51f645ed17edb3c3cb95f394956a6f8d,230,7,0,237
f9d85f2df0809919238a5fadc5f834c7230249f8,15,5,0,20
0aedabe295b9eb83802d22dc37fe385771adf3da,132,13,0,145
c0aae349120e7ba1bc3286d792ee7ecc80817360,16886,129,0,17015
b29385a0e4e211c067f45c4970a9eaeef4fc5f99,8,1,0,9
017f11f7decccd4ac398f9d81efe1b3adec81975,59,6,0,65
4cac6682a6aad8de5b2508315137643c07c332b2,91,4,0,95
0bd3096d9da098b955d2247e0e9ce71e1172a972,9654,65,0,9719
f1abe698da9d1fdb5c7d6ba670e0c5f568b9843f,162,6,0,168
38e4bbd7d5d7432a0773ecaaf3e817169203d253,14,2,0,16
c01e3eda9bbe354213a6df7ebcdd02ddd9ebcbc5,9628,61,0,9689
73e90049acd8e60547206b41d423aa07c6e94f28,2,1,0,3
812e9dc69444d6d930230bbfb50365812197c572,441,13,0,454
3585dda9dad2e7cb8c1770146f844288ab241312,208,5,0,213
32aa47254d9b345f70382b61d487a6e1f3da1717,2,1,0,3
13a9d8e3ed31a14ed13024844b556f3ea66d9ff2,17618,149,0,17767
e0ff001f445a6b13f1a5a40c73bcadd18657a2e0,25,1,0,26
0aac4950281711078d1d9e81c40b4c3f1822eb69,306,2,0,308
5f5a2c76f4f44913ee3ef7eb4823a7ee3c47c3d1,25,2,0,27
de1b76b20f08aa047ae97dff761a86d0f186e285,18742,175,0,18917
4ecf3a338a33d886691c4834380af9fed8e8d2be,2,1,0,3
749b1f927bc68da6543305cb4abc1f058077b2d9,47,1,0,48
ce61bae4ed3500d048c07a2ece235a589e9f3468,33,1,0,34
a8d808c8bcfce74aef2325b4ba8406eab3738885,949,49,0,998
7c82b105073add6f2a0006f6978f0be17624a0ef,327,7,0,334
faea68ec4db72783c5d19f2d4777c3ff0bd2a1f2,12,2,0,14
1dccf48bbae271a4766eec1b204880d66ff42a13,32,1,0,33
ea0298fb75a445587d640014c12cfab249df4f99,4,1,0,5
dd45470c2ca2950748376563687023b93e5f8e56,116,18,0,134
4c873a5635ded0ec20cce92bdcdf6610d0624785,16,3,0,19
980d00d2f9559ca68bf8670eda8c309e33f25887,467,24,0,491
a5377920afaa53d6b946595f81f64260f637afa6,3,1,0,4
b3e16272c46d02c79f2e08d2c76aa2758bac572e,30,15,0,45
721125de2cb7c9ea96a8f569e05351f68e298098,17,2,0,19
9662759bd651c047bf66374da137706ba4b72679,4,2,0,6
614966e109ac0bd51cc056d626b4183ec9cfed24,229,20,0,249
e5d4341656586b8113c9ade0ea103cd7513f14d7,1443,62,0,1505
356d55ee47e0e57b3e718bafa7f2b36276c4afd4,2,1,0,3
b02b3af69fd7dd704828f479ebdedd935dda46fa,2,1,0,3
43282a55624951528a608a0bbbb307e981e24375,23456,436,0,23892
456b429e0dffc1b9959118b9d0d6b478500330e7,14,2,0,16
cfae1fdc4498936f29887956e3a31eda3949a0e0,68,2,0,70
e724200ebe75078c269411b2a90c83042a22d753,149,106,0,255
16b61b6bb3681eafcfa925b2aa59cd5956c89e39,160,20,0,180
46c58df20b47fe8f3d183e98c6d729429e9e7613,25,2,0,27
b4d0d588ec1bc0b7349704e681b2c192e1aeef7c,4,1,0,5
c0bef7d62d439fdc879515bdbbca47bebaf88805,93,4,0,97
80178595c94c20d259d3a73738827cf8b50ee062,2,1,0,3
04b712a4586d6d2a441ca6024f339f393838a26f,376,126,0,502
f9a2eda9c7e10597cd433669a0edaab7534c9ec3,2,1,0,3
97a8845da09cf839aaa9aba7430dd5ea3a37ab8b,475,130,0,605
d5a99434de3bb261a6f55e46fb6b0b034d746c4a,46,2,0,48
7f9c333ab414817fc72a1ceed1b4db621cf465ad,378,127,0,505
99e3fdde2bd67621779cf807559b6c183ca924d8,32,1,0,33
23fd55839f84bf0b151e1d11cdf0504a3d7b54f2,9,2,0,11
6f5c814dfeb833d122612c977b7e4e2e48174780,48,3,0,51
411887a1443e5c1ffc2ec6515fe59d24a6654bab,305,4,0,309
e060dd38a370db610b40a537535294f11af2d0f1,57,5,0,62
9a31afcfe00a02099ec6b9decfe5a92b267b273d,4,1,0,5
b006d3cfaa7be0914a127930ae97471c572a3ddf,5,1,0,6
5495a2e6afd95cfeb311cf680123a47729962e4e,309,5,0,314
ee2841a1c02636934c3952953d06c4d8147da2ad,806,6,0,812
3ef7574e5cee88ba0cde28c0144157b40eff1096,242,1,0,243
36aca4d64d0237986b673e1ce66d23a447fb4bac,41,2,0,43
2ab87eb4ae10bc805717b968ad39ea394fc43acd,35,3,0,38
dd48c387f7fab8331f28f76106aaa6d8ba8df55f,4779,14,0,4793
f6ec5aab3917aae65b00791f4547875fc07607e2,5,1,0,6
01c66278eeb67f5cf7e6ccfe6d784a7ccb61da06,4128,2063,3,6191
423d37a558c4a476e31bae53fd2444dfbbcec1aa,4779,14,0,4793
1b519d418f2ffe77a59b7ec913e4c1d244b3b7a8,8889,2067,0,10956
37b57f54e47a5df87565c8ca98600ba3addb05f1,4,1,0,5
60a167757e6a62df95485944468c2aa6a1295bcc,8,1,0,9
3e97bd418f5265475a90837957845bec43030eee,23,2,0,25
d985ea0014e0c0afabacd460caecec379f3e3266,28,1,0,29
32948959e3429e8c58b3ec5f7fb331d08ba69e36,7,1,0,8
c9731c109222470caf780010bd48e46fbdfdcc18,10,1,0,11
0bc140b6c25f1ef48f8c29b381c3a736773bc6f4,10,1,0,11
f274751bc5ab2e9abd869e12d54073c6b77eecbf,7,3,0,10
067d668c52ddf5f9dbda609a51a289212e86e0bc,62,3,0,65
dd7df22b67abfd8cc016023e2e23e1eab47e7086,32116,2131,0,34247
033789254c79c5867b8f6dbd880c7929672912c0,274,13,0,287
f9e974596c85ad86ec4e884950efd69183e1ee28,5,1,0,6
33a20a2929a911774c1f26d5cd116f1990a1469b,47,2,0,49
2f466e0283f0986a18f0b257a9eccd0b98b233e9,22,1,0,23
0bc25644f26410224ce86fae6927642daf295d6f,2,1,0,3
001881329156601ebb9844a239f60b4b403b23ea,346,16,0,362
c1541fb1ee8e11bb506835aee76eb678af2851d3,33032,2133,0,35165
9351aa7a981d1e927a951b458aa94d32529568a5,6,3,0,9
927e5d39db324b88ad3fbed0fbc2172faccf2f62,92,4,0,96
28fd98fd6c8c14a93fa9a131815a86985ad731f4,3,1,0,4
d312d800735e47fb09574a1ec386424cfed9079a,20,2,0,22
a278f8a15a6b79300ef2298324eb5a76156c2a82,2,1,0,3
432d62630890464ff59d55f62f3184f80fb96f5e,7,2,0,9
962f52e423c4505211d3f602c6bb0b6572b462fc,1583,4,0,1587
2cfebcf4969ab6ca565fd780f8996aa07bfac65d,37007,2147,0,39154
9027cad9a41cdf84731136a8b85a13cb82200063,156,1,0,157
afa36ab01c7d83901c1a4f2606236e59361db80e,19,2,0,21
fb88ff3179af065fa4f9e09f6d9994ace5c650d3,34,6,0,40
d6cdfaea968f9c34ce5e7b12769438380f7ae618,4,1,0,5
d636a44cf5616236d4cdba86ea43e8450c6bcc19,4,2,0,6
1caee15958002ebadfde34dccc4a7aa0622e43c4,4,2,0,6
48bf8f74760e455a54adbb0d13cfaa783f747c9b,4,2,0,6
f43aec276f9f9c187662bbf87d65f099b73f9dc1,1,1,0,2
32c3efc8799a6c72ea69839f00811074cc1fb490,34,6,0,40
1b3661f315cc2d5e6f1205750d63e02baf830c6f,1453,97,0,1550
21310a1123c7247bed4a1191ed6e380664b851e7,61,5,0,66
d1851ec2b4deacedec35fd457bcee65c8a088a99,4075,10,0,4085
7aca1c37effb8702a5c9483a398b332ff49f50b2,34,6,0,40
eb2dc45ca5f89409e93a01ed6ebabda664fa332c,2,1,0,3
1fbf245fd022ce8215462de0c82c4c8a52a6b40a,56,1,0,57
7b8bbbf98fcefd2fa80ce79135526c5c292b6f4f,48,16,0,64
a9384aa5f8afb233fe8fb748b1519d196c9e9fab,0,1,0,1
2a62ba2eb86c6b53627e459ae200a8bb7b22b2d4,92,4,0,96
c3d118c3807191c7d1d9b25d524e983e9f817527,5788,1819,3,7607
ef45358ce67119c1688d35b9acc077a65dc6d4e7,94,5,0,99
2a74d24693f5e65a8dbbcf9f44f4ea600a4845da,69,10,0,79
0b75735ef40b40076a9fa6ac4cc8fe74081bee38,3,1,0,4
acdcd53d7e4bdd1083f57f7c8b859ff3ed26948e,36827,2153,0,38980
14e09a263f51d0b416e41a70791fc7e918ec81c9,254,81,0,335
edebb6e6ae30f0eb0b42f2728ba27436174737a4,897,60,0,957
f21b5f8d9a7e6d0f3193c417830218f9357a1d6e,97,6,0,103
9de65d0167b0ab9ad587c45fdb39c6f6bf788323,5,1,0,6
7e68743efe5aa5e96d54a9fc9787d11f082561a5,11056,2089,0,13145
db2418f6b02293268c5bb5c03d0186e118464a18,2,1,0,3
992237f22708ab4f68f736f1de2a3ac914920ea0,90,4,0,94
777fc493359cc9c05f7c1c2cb7c73c3fad2eb91d,324,11,0,335
c56b77c27141d3e00d9725dcd2ab54262ef1f767,37,2,0,39
ef1b838588a72e06592caf43a34ffc264b0997ad,26,20,0,46
0849e1141df9fb7853d38d0fc24aa60ccbe3d131,2,1,0,3
1e487dd85bab1491019bdd335e36e58db6c28998,0,1,0,1
f385ad435a19914c4a4d0cf575b15afd47c435c8,130,8,0,138
7934a00fc9794cf279da5219fa00e0a8864f075d,9,1,0,10
2b5da8992f3dea935c09ac57237701533d812ac5,142,9,0,151
3ea207ffb1abc5d09aa1678c8800935f8aa16f1d,61,7,0,68
3e4e8d9772767d4748a9127f6855ff0a0d7d2240,61,7,0,68
b97d4b76679678a80523753f4d682eb5388e9d84,8,2,0,10
1e9d5d7f35e0d33d645ffe068e82bf4d43318706,4,2,0,6
6c49e920e4a14825c66addd7bc88d9061bdb13b6,4132,16,0,4148
f977f8c5853835beb7611211f4a07fcdefde5ba4,86,16,0,102
49756a28c5d56273aecd52a17b05d80fefae868f,4181,32,0,4213
8ef42d56c8fedcafb395c1471b16dcef9a62477e,25,5,0,30
a0e2da83ef9f2a992727d031f019e0ea81937ee7,4,1,0,5
148f6799e4549f034dbfe87996efd09e5bdfa932,2927,23,9,2950
ffcf95c59e52519039ca372305959b7959661825,6,3,0,9
87257062cd5dacd091ce1001176ea3fd2ffac3bb,23,1,0,24
da578e744fdda5d21440437955db2e047d642440,0,1,0,1
5be1629c102375998a09ffbaf6b03c9de80b76cf,327,26,0,353
a41b07a15e308bdcd66a95255faef7db47480e2c,6,3,0,9
8d39401b6e1b91a673f05fa336549c2bd920d19a,14,5,0,19
e783e59db69121ee898d1f381797b5c7bd65e773,6,3,0,9
ec635b53fa9b64b8367ae443ac556645789bb38a,6572,26,18,6598
c08189470239497a50a86490669351461adabd0c,25,2,0,27
de2097b0a53c4788497cf6739edf13010f42ca53,6032,1899,0,7931
102b19c5495fabcc3f11eff7aee891912fbc8d28,15,2,0,17
55929ec60eb19f78f97a1fcd3cdcc91455e866a8,47,2,0,49
3a09b123047b9a96297139ead01d437a10ba6a78,4187,35,0,4222
c21afee7defeb38d4643e38c8303650899ce0c9b,1,1,0,2
035dd49666f269ed9f725c53d9178d59cd8d74eb,10176,1909,0,12085
3703ff47ba88666ee25bb35b8ac7fa565671aa96,6047,1901,0,7948
d07b6c50e9fbbc0c6e0fa7a159e80471e35e4636,20,1,0,21
b557381fcce2db0d7058abfa764855d4f7c10e3a,16,2,0,18
d1b4001d75a45463a269002c3891d33349ae1542,6048,1902,0,7950
c9340b73656a948a0a34f2985f42de2bdea227ed,6041,1900,0,7941
7f54a6e06083653ea838fc423cee88c6f3aa5045,7,3,0,10
850cd510f391679f57f0b1c624bba31af0c43fd9,7,1,0,8
78ad24ec14b3d8b15456566fdf6881c7d0852386,2,2,0,4
560e033e0e4bc5cdf1036d505b11c28658f8be36,6035,1897,0,7932
dc3d4495db97fc6cced8a932d3425bf50bb1b8bf,7,1,0,8
60b2df924a4f21b98b31eed0ddea65cf955ef46e,10211,1909,0,12120
08feead532a64c3c893f4120f3e7e3b2fee330a4,0,1,0,1
e875922b57b82d628146ff8c83d81f76e8f107b1,7,2,0,9
ce537f20acf8264711eb39b9916bc10f3d115ba8,2,1,0,3
c444947c462cf1000aec7521a05e25687170c529,0,1,0,1
14c543c3ef805f43bb00e858fa51ec17a9a583df,3577,176,0,3753
59a28f2bfd791751842be5077ccfc07c2f67ba20,1,1,0,2
8e646b02269ff2d8f3574bf2ced79cdcfaa8464c,10350,1938,0,12288
4625c17e1a2b8d4fb53a88a94848edbbb0cab69d,2,2,0,4
884317bd98b3dce13589884ba00a332f659f2e81,6057,1902,0,7959
2fabd7e988e087b40f8808875b5d94ea188a369a,3579,177,0,3756
369da193820253750644410c96c531ccedf8e812,9640,1918,0,11558
18a7c7e55a34190b5a1dd20b4a62940a99f14665,3596,180,0,3776
e8f0b5ede2e258653b74f586e27e97582859cc79,169,1,0,170
42b3077276fedc95a41e48b6db5b95b458c8db7d,5,1,0,6
957df35b37711dde81bce72cb2bc8ed2c7df8c7f,1379,37,36,1416
e1eb3b8d42cbbf21788b4cc9fcae6babb0f9c9f3,33,5,0,38
3e0ae0314856362969fb273f850c0a9f69f025f7,3634,185,0,3819
9f65414902c2d8938f8f91d4a985b2160ee70ea8,101,13,0,114
ef9e74dcbbed9b8743918b0689f01357f0d7d1ee,2,1,0,3
99be1fdca4162d8762299530cf93bb8bb68c458d,3511,32,14,3543
5c8d5891183783ca6f2e0d9376ee2c9f3ce0e61e,169,1,0,170
d707743e84125a2aa4b665c512dcfaed8db215da,482,3,0,485
1d22d8e65143edec6829f4a98f2dda61fff877f0,18,1,0,19
df14440b3016b9dd1a486a976f1e0290efd7e57e,3,1,0,4
a7964a8c5eb39b6d015b3095155b55dbdba0b503,2,1,0,3
bd630c0a6b6f5d92df50be0ff1553df65bef8bcc,2,1,0,3
2ce768b6fb0fa3c5c8f660514e2147080f0185f2,3624,182,0,3806
f668c5fd217f567a808ff564d5e03980b2f84c00,199,2,0,201
2f25ebd6747c25da30fa03efd8564d73b9a62a26,8,1,0,9
8c124b9dad3d7508d90edc8f0638456825ccd35e,199,2,0,201
e29259176375c1cf0b3f618f5750e644f74e2861,43,5,0,48
1640cd5849ef5db49a9af04391c58224635f11d2,2,1,0,3
e85f6cb019b769fcf21e648ca8e18f92212d209c,2,1,0,3
4c78f9d81aee16f9697dc13419b4528e19f3dc2a,220,2,0,222
28101503f9ed772f37476a5afacd30a0b3422658,461,5,0,466
4b8a301675ea1f00259ad40af2413bcba156643a,206,1,0,207
e26d8b28b6d3d594a9733a3fdcfd841f6dc72eb9,255,5,0,260
343106f5c6bf872a61416b3c0138f669b608bfa2,14253,1931,0,16184
5d88578486584d193129a5de331c98f29fb46416,2,1,0,3
c38342e2c332c142edd72c27db95cf11602a87fc,257,6,0,263
8e6d6dbdaaa98d60a3627c0d959578c752a5e891,40,7,0,47
ced3b3e5e82b8dbfc3a5108dd901bbeb3df46c52,456,8,0,464
f01f1cf8558a1ffb2ddb7c2d41d17c1c710e7c8a,868,84,0,952
a387856153e7f8d3d872d4d17e57081d5bc07a4d,2,1,0,3
d5bc3fda1b5efa6f7078e3fdac1e6729b0abadb1,20453,219,87,20672
7294624bb671e3f1e4cd0c368b440f70649c6e7a,18,3,0,21
c456429079c30146cb8dd2e50ee1cc74fcf9d099,159,2,1,161
4046c02b0add591938819f98d65e8261fc0b7490,12,4,1,16
5440e3bd9052c50c722cc1f2f7448e9428764a7c,4,2,0,6
4c0538307cd7439e414dde43012ce1f818842864,14,1,0,15
942e280418d0991776b403b0a9af9295abe9517b,12,1,0,13
b2d3d54de38a89173966aef2f2fd8c35d0a58124,273,4,0,277
996972551d7b006935689b3faebda773753e9e41,1647,80,3,1727
bac894ba96eb25e94e95c8200bd96d671f9049f3,195,8,0,203
0f6b2b5b83e84d1712a10b03340530a294fd362c,2,1,0,3
6b2e31c1b84937f41ee5a6728a799cdde04fa3c1,18,3,0,21
cccf92aa964311d32c61cfe2c1a1216535ea98c6,257,6,0,263
622daf4c73403ab439714a94fd4bf52529ef71e1,487,3,0,490
c1414541970a7d9676ecd3ee4bdf28a0a0ac9173,14910,1940,0,16850
dbf223587c03f5ff4910cd7d5e62b6abda0b46d8,487,3,0,490
2ff5fdf4dbc0adf5cd7297bbb5ab0610a0f6554b,121,1,0,122
18871ff0fc8dbe6953d94e6933e235df73684bf5,352,10,1,362
593581814fcfd4b43aacdbf687dc646e8832de8f,990,18,0,1008
31c80919b6a6cd6d56bc9f864ede419d2e5c7361,29,3,0,32
c273190276190a2bf7b20da515a18f44e90ea96d,2,1,0,3
7ba38e0a3d01809d58c387aa4b7304bbe9ed20a7,12,3,0,15
aecb120132538876c0489b8fe3565052034781d4,6,1,0,7
c699533c891830963916b60e691e185e54892146,16,4,0,20
8efbf421144ff820ab32af376b51d14cfe8a5bfd,2,1,0,3
6dd5b21fec27643efe0f3f84f46766af171ecc09,2,1,0,3
1917da6c031f329e39f2f394604624ef4ade7817,2,1,0,3
b9c10ac6bfd90113f8efcf7aa9691236541658e2,4608,200,0,4808
ca8bee915510b39cca5374a20f8502b60dc755db,2,1,0,3
00fe55c45fbcbc0bc28464998f8a57b50044f1aa,489,4,0,493
a4863fe86374bb33a8f2137471583893c6a3a159,12,1,0,13
05dbe170495e4d08b0bbbe2552ff135f10387482,700,3,3,703
d43339e437acfeae389e871436a154e7faa08606,489,4,0,493
f5c446697c46be62d900a857d9206b1b26bec140,3,75,1,78
cad35ae0c0bbcc906225267e973b8541c6c3acf0,2,1,0,3
85d6bbab09c9581c8d0d195b5116036e31647097,3,75,0,78
edc21e9b122f7d6be2fd3fa8498c9c3f2b154020,304024,1407,1157,305431
1ef6075abedcd7f32d896cdfe81dbce3ce9328fd,2,112,0,114
fce9b33b6dac0cc4da7d7278a55cceeddcee819f,4,113,0,117
dfdb32edc128f0551ce6696417437b1a212871ca,5,22,1,27
58e0e2cfd8a9d534e71ae4685a55258fc13445dc,24,2,0,26
a917c7543b1439a0a99820470262bb68a7f39e1c,746,10,0,756
b2aaa5a6e30e21f433fa6fd3bf31a3e50df63fec,27,13,0,40
3441ac22f27fb19091d8ac08985b10427427805a,876,82,0,958
60dff245dc351ffc118243a1a26050d9b99d0dcf,12,2,1,14
6e6b8bb3f436f1f076d44be43eace7a5f4843360,36,2,2,38
986aadd0c000d3b0b808595886c05fef57694d42,98,1,1,99
274204e388798e6bc2bb48695792d8cedf0a42c4,2,1776,23,1778
da47fe60341977e9cf77974b3b1d9d67567792cc,77,13,11,90
d80a86c372fd553c900ea0da7483ee5e7606051b,334,26,0,360
ffa38aede48e369e082e935d654414b5b7466c9a,744,1,0,745
0fb446db643f3c6244dadaf40f0c0d6fbeab34ee,10,3,2,13
f96692ec0235a0af728e920f8dd329057c09c354,9,2,2,11
6933cc568a4c24231527d7532751073c29ed27a9,48,1,0,49
141e86e9de6bfd2be876c9ca11fc59a890b26815,19,3,0,22
f82ea98a2a30cdd3cba74c865569b391def1e692,1398,115,0,1513
5b4422fba8dc987f5731e82fc29f7de10c36ad55,2838,61,34,2899
e89411f30bc4f91d6e3d4f634522f8535b540b01,31,7,7,38
509a9a7b4bf9b5051c4fc2df44471c5960ef06fe,29,7,6,36
13bbd772d426ed69f82637bd42928350f65e2630,1719,116,0,1835
75169cc5089dbf784249616d4f84339291ec124f,1228,111,0,1339
ff5118529682119ceb78e411db5b7e649eb5d3f4,1,1,0,2
b355af73d28ecc1691ce921c69e19513efeed91c,51,1,0,52
00b26f2e05545388d8e04e80c019df32df653c93,16,2,1,18
d240b729a01b3977090389d125444baf79899cf7,122,15,9,137
87334c2c136d8e721649d405cbb1c3b94cd1d4bd,593,9,8,602
514fafd788da7da1b28799dba17147ee098b7754,55,6,4,61
7585751a5f435fd9f0bcef911173427d811c0c7c,13,3,2,16
515b0180f4dd199c50e11db70fba8015290fef6a,315,27,0,342
dfc05b7e00d68cb2785b5335e1605434af885f05,4,1,0,5
a23e5ddeec037ef4372ed9beaeb916979aeb2a97,127455,2395,0,129850
55d836750eb094da5e6cbae585cef84d7468f210,0,1,0,1
cc107a11938c417dbc4a12b00b3f80df510dac19,90,2,0,92
ef40ba65f33c1f26b9e2bab95026309508fa83cd,517,1,0,518
b7371949eb059a3c7b4a6d7ab60b6ed4d5f91a96,1917,117,0,2034
98833ab4bcc76f1755edd9bade4f84ca9bc4320a,72,1,0,73
bd09aaa46919500264e7a5f16c960cb643b90ad8,22,1,0,23
b28b4c882a3631a5c6ce681be17267a3879b508e,1229,112,0,1341
cbb2f82700b957f21ef4c51e2e81b7fd6fe8deeb,1718,116,0,1834
c192a39a884fc00b391c009934e84070651e18db,2,1,0,3
453e64f783cf3d58eb376fd3074a17359ebf1c99,140,6,0,146
3bf3dba744ab7cdcbdff300e1ac52a02ce33b586,9,2,0,11
fe4efcb128b6060a67b84542b767a806160f39d8,20,5,3,25
7b2e77cf41f4b786b8733a59b992fad5b6c79a57,8,2,1,10
286e0603ca9c450ab02e0bbda8c1ce39ecbc7706,2,1,1,3
86ad80fff43812c0b29e391efddd9b95ca95e807,18,3,0,21
7f1784af45831e29a798cca553a74bd17f191d0e,24,2,0,26
f0cb111877017c98b2c87a130a880e9fce876de3,12,2,0,14
a4fa7b3371d5660fcceed94921b04ba2d5d2917a,16,3,0,19
7b5d064d0ec8d12d3c78042b888d76e1cd94d58c,36,2,0,38
fc9c38641e535baa12f74a03a581a132216d01a8,42,1,0,43
ba27d2cb4cf3bd4e6b4d593a3676412cafe1418b,7,2,0,9
3621d78da36d80c3f3e623535656f41e0a5bda82,14,2,0,16
e5a979dbecf5e182aeb106aecba664d761bd7889,389,8,0,397
0676fdd093b713d3fdd500ba33e0457b0d002c28,34,1,0,35
203d9aab567de14bb4ea7ce27e5c4b4ed2d6dc9e,2,1,0,3
216d84956207698ceb7d3fcb0c7a3ba7d7542c8f,16,3,0,19
bc666afc23c99f911a10ee82caa7bfb370962ed5,443,40,0,483
99bcc6ce544b2f79b76e2a80a821bae9ef70e167,814,13,0,827
6d30df7776d4a914c9e14bc2959f8f3171d41313,86,6,0,92
02cb0f433b9ff54afc7e406afb4cf3de56c03020,38,4,0,42
722821daa5fcf976e0841f431328efc003022ac1,583,9,0,592
6602f4e4527d9412fe6d6d38e3b394afc3bda8cc,19,1,0,20
72e69bfae8b7791a5c73cbb050fc2a8fb21ea57a,2744,17,0,2761
c16458e8fcf4aa4fa9214438512fb708f905cb7a,38,4,0,42
8a9b7123d8eba5b0a4438e96047315fc522c5756,161,14,0,175
5d74d1087488f5cf843d2dd819f8001ff5ac0a3f,131,3,0,134
2a1ee3e115df7dd2021dce5fd99327049219d6a2,4,1,0,5
513e3825e40ad00c824147ae2f961e99075ab49e,342,3,0,345
1ef0ea57d65b5ee2aaf238828b0efe179ef851ad,362,9,0,371
3f3f7c0b0f070078ecd2eab660e894c9017ec320,873,20,0,893
fc9db48d3982b36c1b8d24d2fc7560b6bf7a8b83,115,11,0,126
ff97f86ed6654b08da891b0552178694ae61773b,67,4,0,71
c6ccb29ba884c0cfa73f0605721d2e9eac5b2b16,38,4,0,42
d1158e18071259b3a4e8e199a05d31c216e9b571,355,19,0,374
fe424613685ab5eb90912dae68714fca4cbb4145,2,1,0,3
785f1fc64de04b91e5d98641c7985415c841c8b5,112,4,0,116
247173235aac8947fa14e624e79c4d3867e143cb,0,0,0,0
05a817342a97435df9024dbfb7acb792ab9f7468,50,2,0,52
d7506b9b5ed3eae827996085431bdb5faad9ed0d,0,1,0,1
4021247dfdb7942eecdd218d4a5a51f9f2360047,28,8,0,36
7b18321eead8bd76d95ed0763882d4cd2812054d,9,3,0,12
587d3748c6416c4c3d99a5e29c1aa065eaffcab6,22,1,0,23
2c0eb7fc1a603f1553556152867bc441137457e2,230,2,0,232
2846384ba57c951cae72a339fb43efb336931e32,12,6,0,18
efc8385129e574e9e023c2b1adbc25e844da9395,137,8,0,145
64431b0a149bf0467ca8f3f14c8bd3c53f5f798c,242,7,0,249
8a4dc1a97a56f16fd80562bff5e995ca8afc8067,2,1,0,3
a92c14358983b9643df5a4357e51210d00fa64bc,2,1,0,3
b6576369aff12ec0ceb1efaf06dcb19af9190f41,38,4,0,42
79ff04cb7782500233833f45725fb1d029313864,38,4,0,42
377b3edaf7fb82a1c4b2a8bdc153b4e1b0591fed,4,1,0,5
2618e11cc9112d7b5fa5f20b945e132ac297f327,2,1,0,3
5b9c4b8178ed613531f11c3b7a7ecc0a8173309b,54,3,0,57
8b6a7f9c38ed1f1b00b799d7da7dadde2ab25cec,62,20,0,82
2c691ef1e7a6248e5a68852a154beedc9b47c792,632,10,0,642
883c914ea6202eb091b92deef26a49135000359f,15,3,0,18
f7c78a18d789427a5a130991e776bf1ae3aeaa05,2,1,0,3
44e232d7c58d00fc41b2a1519188062ac5d86e67,184,3,0,187
6ac00d3e3a94c8935b4aa12f3790bc5b60a05528,951,7,0,958
e72154ff2e9b98ddf18335c3fc0df88fa912cae0,3,2,0,5
ae7dce508edb39e5cf503707712a0e3d93ef1e58,17,2,0,19
0b1b75a4fd005f869248e48f2f9e4fce5f96f927,1269,117,0,1386
fa90714aafa2730437335aa7bbcf724b1ffcc013,3,1,0,4
849fa18dc8580452a9bb4386784bc59b5660f7c4,2,1,0,3
5d372e4206ff8ad4f12d49dcc5aaf6927b43607d,4,1,0,5
d5f1c774086a4a3179318dca7da1430645bfef2a,1,1,0,2
87e9d9a5fe9cb04dedd9169c610adde5e6634a92,29,2,0,31
1e46a7f7aa1c6b1540787d579134ed4a5e2a896d,229,2,0,231
ed4ed2e933d6ecd4d9413deafcf4653fe5a23899,295,25,0,320
cb7298a3bb86f39a361ef232874dcfa2f41adf47,117,1,0,118
ffaa7230d3379a8ea28b548d932ea406d9b39acc,229,2,0,231
96c56c70a7abe7b13da49ef4b4abcf989a10e72c,132,11,0,143
866a8caebbf3c97f751ba0101706d1f7b87af94c,97,2,0,99
51bc1d5c70a011f074c39505353c33a963b03bf4,7,2,0,9
6cd9d18383943cc061074cd845ae5089839d822a,129,3,1,132
ad4c7de4e47d54ae423deed2afbe766a4a3c34eb,6,1,0,7
d34b5e4ec64aee1cfee515e52328c914312ad1f8,542,7,0,549
2d6744be05eb6e4b70005b9133ed19ed4e75c692,3,1,0,4
8a48f0a7642408fd349f4519c8834fc8e67fe495,21,1,0,22
bc6abbd4f1f48ccd2e5ce9e97a95719ecb6b9869,46,11,0,57
0cf2e158188a8b884c5cb7a77eade4633d54c37e,6,1,0,7
9a1f55f05be27080e938e436b2a221a734346ca8,4,2,0,6
e3952001ba62cdb87df8ed0157876a11d30ffc7f,2962,72,0,3034
dab98779a68e2407b2a3d2cd5d3a69417024f7a1,2962,72,0,3034
52850550043e9dd0275f5824e53b83ad83203ee5,3000,76,0,3076
196519c5069b0ae8552e4b28ffefad62794146d9,12,4,0,16
b0d10ccb87584032828af27899fdb15ef2ed98ad,2956,71,0,3027
e4218063ea31ef1656939bc88b541f9f2b55f14f,6,2,0,8
4528cf03d1f8db8ec1ecde34471b2f56e7a5143a,2,2,0,4
8ec19afa03c5db05a964004be4e033f38d55d9f3,6,2,0,8
e0c53d921d70b573e796804fe8ddbf5d236af48d,117,9,0,126
3c56ef970803e3c53ad29a50f7571c9738b66708,18,6,0,24
b10e0b88a4cfd9803f7453b5a66fbd6937aca48a,18,6,0,24
9c400dec9ca259e8c786010a4ddc2b96d353e035,18,6,0,24
7eb874b694a402814f5005f2c8a6cac1696916a5,2968,73,0,3041
fdf0b15a5169ee85e9fcaedf5bf8d41e9b3a0219,211,4,2,215
d57dc2c3b62506cacf05b363e82e36f2e8003be2,2,1,0,3
9fef51856867e21fd7e4d606afbbe1d3b63c4233,77,11,0,88
dd453de6f8c8ff3c378ef87bf2a357e897fbe2ac,9,3,0,12
a8d9df76705a8fb93c9f3a20ab8a3c9393d7b47c,2968,73,0,3041
abd969d34bf1c24431484ffd8fa465f3b9ab4618,6,1,0,7
ef94b84630e83e9ca2dfa2038711990de59bb4dc,3012,73,0,3085
29dc7e8a27c43f2f30e8090419f51bc286579024,2,1,0,3
be49cb89cad211608ae423dde72df571cc87778b,155,3,0,158
fba61c431d98a618a38a812779dccf77d7840bb6,2,1,0,3
b8aea6ef214a82393c853ffa987741b580f314e2,8,1,0,9
82b67e04470a274b9a4932a12aae32a9eeab1f23,13,1,0,14
6484747607fb78dae2d514983453240ed4df55ab,10,2,0,12
8df7620483be1e3847dd4d83ad6d8422899b4563,24,1,0,25
f908b0e46050e618754d9e2e924acbf4d656d652,7,1,0,8
fb1047e57e559d38515df9044119a7a2de7a5a1d,8,2,0,10
9febcd743dbd7d136e6d8482a90a735025cf00f6,5,1,0,6
eeeb11dc41b3fcc8552137b6dd4fa2b825db6432,67,1,0,68
89686ff9817d8ce5213e77510b009ad7ded0c0d7,3340,87,0,3427
4147e533e3522279347ee0cf885fffa7ccba5a1b,3340,87,0,3427
33ddbae71aa626f2eb1fa7583bab449b46c56413,374,16,0,390
84d60d15de58ff409c323e092a09993ec7123bda,374,16,0,390
303676ec7790ea9ec9f172c3ef218132456bc9f3,34,3,0,37
910f328f64260dd33162396d6de864606c8a570f,589,1,0,590
4763d5790939b35b738f997fb088c15467a44b5f,340,12,0,352
8d6f832592d4e6d34cbb6fbd63aed2d78a72ae1c,17,2,0,19
db1ddba7d611643821f77a7d0d031e1237dc893e,202,10,0,212
9342366883612c5f3c58ebf29b5ef5633b521a4c,3927,88,0,4015
a56f54566b2ab5b06ef6cb8bd72c547f2e3c38b4,0,0,0,0
3905865eb1dd138603737fc3374c95403c173d34,3929,88,0,4017
3a4ebbba7722c0806a7be1dfa7521ae70b033ee8,374,16,0,390
59e87864d5a741695e348515e69445ab018f0944,21,1,0,22
7c799a98c097f5002e812c7983746b98c78d223a,33,4,0,37
19cbb597f0e4d7cfbd447804598bfb0c225ff954,374,16,0,390
77d484d8c3487c7476880aba1db30c4b3e7eeb25,111,5,0,116
75a20d97141029c1223496d38d8b61a3a1c309da,24,5,4,29
19d750d83d3a9fcb0ed3f7001763971496c53308,4,1,0,5
5f42947ee8f291a8ce7c4a5ea8d8329546578d1a,27,2,0,29
96b4ae704f139e7314680f19b6b547d9d5b047f9,735,35,0,770
01771610d09fa18b11d847d243697896e698fe78,3927,88,0,4015
cddb825f3b08683e1f69fc665c2f69062e1bd14f,8,1,0,9
bb674402cdeafd0325d7acd7f63dd4525969528b,11,3,0,14
4611ad1a128b41d41739966e1510ab49f7b6b413,929,13,0,942
a68ecc091d34216be0a5e5b39713945dccd62ce7,929,13,0,942
b0eb04727e4e88253ccf72b2982ee0d3af5b2656,253,17,0,270
8e4cc9febd07d84b78ae20db0c059f0a42c547fb,1384,40,0,1424
d67fe29b84105a44ffc85cee2ddba920b9a0cb28,20,2,0,22
ca0b2e6173c0c9ea900383264a24637f9ed1b34e,476,28,0,504
5018a428826a13b852812e2674fa0211cee2399d,75,14,0,89
1144a550a378ca79fc7f644b893d766f07be2276,814,40,0,854
959591bc61896ea9231df45475b89b35789516af,18,3,0,21
f63c401862a3a799516733dca5f2f98fccea1064,2,1,0,3
87136585f334dff97a442d22b75e8a00b58b1c5c,27,2,0,29
75afccc58668e61ddec28eaa22b514f29894796f,2,1,0,3
39d3de58a11bfc221df2a2ba14a274073a55e503,131,3,0,134
7aceb26a52288cbc8a8eb645ecc139a19b011b54,2,1,0,3
e9f44c15748d4f735b7a5dd6f71925f72fad4f6c,131,3,0,134
c19626e9b86d393202d717b9b0c7981539cf7817,6,1,0,7
523eb24d961218f829b457c121d7c1abb06574f1,54,1,0,55
7dd8840ff77a8769352d6307ba3ab85bc18671fb,46,3,0,49
5271539dea0b991f5afdc511614e0a08f3c05e61,617,34,0,651
040264f48e8270b54d938f9cf5779aef6c13caaf,1,1,0,2
75043c3479d8eb2af99307df2dd7351e6e664488,8,3,0,11
538e08a010dc65560151eed41c8fd9ba3fdb697f,104,8,0,112
71726a8fe3f518a02a032af6c36a6f9a41dd86f1,12,1,0,13
7b838c91f59245af806c1d9339e80ff7f9b7fe64,10,2,0,12
1128dacef7c122fc9ffabbee955968c7e26f641a,2,1,0,3
e26e717b9de69ab501af261c96324940806217b8,1916,62,0,1978
cdf6fe56a55e311a42c42696bbc7e5b04ac46d1c,139,5,0,144
c8de99988dae09c010e2aa51a6198a09ef56f46a,1,1,0,2
d804f149977d547237db6792e6104be11736500f,953,45,0,998
f695d8d1655dc03d0d1ba644533f0bd7b3504f0c,1,1,0,2
12262397953bbe2e064b82a2e939174eb3e9676a,12,2,0,14
ac71a843973c8e6fdea2c2314cb531c02c6c239e,954,46,0,1000
c5c721ed18ec61769ce44445ba13cad6acc4b96c,50,2,0,52
bfdcf6a6cec0d30c246bcfc7ff069fef2ff31704,3,1,0,4
537825e140a25d5c2c2c708e1d25098cc9c0c857,50,2,0,52
25413716ff38d670e8d2d87c3563bb8298a93b31,3,1,0,4
0f5f15237e04b96ad4c7c2dca5ac3f3c4179795e,9,1,0,10
b8a19b5ff48926f7c288dec7fe87a6ca97e2b4ff,649,12,0,661
dfee09384dd32b0f36dd851cea502dbf7547844f,56,4,0,60
67077e02eb5eb371a56e214fcf0945acb8e20db9,4,1,0,5
6e4570d8e9dc7a304ec92c8adaae177df03ba7d4,3,1,0,4
b9a92ba77b9a90b3c00e6d4561dc135a169f384b,2,1,0,3
cf1768f0b835535c788b7efe3c9e0ee0edf8b8bc,193,9,0,202
f1d88f9d79bb9e8dc3442cb8a5ce8db98ac8ac4c,5,1,0,6
ee7f2d42c765b34077ae62102f6b48f0dd31f746,0,0,0,0
f46c4969c39f3a090e967cd7b5ce9cc09bbac3b3,17,1,0,18
705cce53a467b82007c3d1cb881af6d6330c5804,21,7,0,28
1c7dd92e87f32f5cd3cb4cca92bcdec8487f03b7,9475,145,0,9620
5789fe235a12c95dbb04eeb919bb94b4414b04ec,85,2,0,87
98c1c9e9f07b41c96bdd9101505905f73ebdf97c,25,3,0,28
7d9a807d2b7f9b3490fe6cb2798ad5bc27ec3f62,8,2,0,10
a06bb975d4d1015c84fc31db527995eaa9bc4dbf,52,2,0,54
4cd91aba2859d2141546f5a2058d16f7ab78fc47,88,2,0,90
d3c13f258556abc84f0135d8d005e1dd7d2c9cec,4,2,0,6
bac4e3b1a15fd732a07744d355f4596f7cd92c1a,288,12,0,300
09a9b75287166f28e369f43a3f6f30ca0ff9319a,2,1,0,3
40acb5aec99bb5b3c5d92cdb0bf3b1316838e1a7,2,1,0,3
25d43a42b4a4c7153e296a4228e78461f865cfd1,1,1,0,2
b70bc1fb5b3676e63f349e609db3d21601e8aed0,53,3,0,56
1980faffe062282b933f7c97b6efba9f8c397cec,53,3,0,56
95abfda34bae932d74fe66ab6b2d24030ed47dec,6,3,0,9
17f911ea93819b1aee5951bf7285215e6b83421c,8,1,0,9
7fa86cc1e8bbd4d7dd995cd8ee7f403bc1636db7,27,4,0,31
820897b469c1853e0225ec1260174e0fa1b68424,27,4,0,31
0bfaa83d4bd0a61930143aeccaab149a7f071a4f,645,24,0,669
734d202409abc2e6637bad49cbfc8d3d36da814c,0,0,0,0
7b12ec3e6e98f907d68f31f9a4979956727d14c5,94,3,0,97
65a48769773155cc7fa04ab3df8f84bb08572716,4,1,0,5
d828f91e92c3abf24a04c2d5cd11fcf52911b103,12,2,0,14
a9905468338492ccfa1d51e479101496573fd5ca,64,7,0,71
ab3846a2768d6682bc33b55270fe5b9396c3b69e,2,1,0,3
1392ea90f513d38d59e119f436ab41f5173ef335,190,21,0,211
589b0f48d4edd8b42dc538b78afa62ac9eafed1d,2,1,0,3
b572279ec9fcf99c9878f8bda18b9b45141f559a,9647,156,0,9803
708f67ad0e782d51e5342999b054309d79dc5f01,9662,159,0,9821
72cd7ee7a957b07b1e9740e43a80a99c0d198b8b,195,7,0,202
a74b83348e3a1e7ce7100305c00c41285ac893d1,9700,159,0,9859
65f67616b5d896fe754fc62703f8763478dc1653,420,4,0,424
7d31e399b9b4aa9bff2a554fa88e6e0377ecb3ec,9700,159,0,9859
410b7af4aee63d554340c5fe5b679867d6c092f2,9650,157,0,9807
8b7d939602a6abe27276a2482cacf97799e6898a,16,2,0,18
c089079a1c79666efe94813d64d481abc8c77d01,58,2,0,60
b0bcffa6e296fe4f013598793e8c5eb98b6fcc8c,33,1,0,34
b3608063d4a225c6e3e44bb3ece5b7479a8ea266,4,2,0,6
acb8ac7e558d36f4a6510ac4ccfa0487d4901bc3,16,2,0,18
5a8a8cfe488359086b24bea528f21d787da15896,15,3,0,18
9836b87f1db26b11f2138ad639786a5c6f53983e,11247,200,0,11447
1233a8ce06710366cbb2fc0005e556c4e2261a58,8,1,0,9
f8bc160d7d1276ab02814a2b874c5e43035b535f,11263,201,0,11464
5c427d6cf45d33a03c0abb7feca989a4df2333a7,3,1,0,4
22a08c8dd693efb81c566137a3b0db90c4eefebd,4079,7,0,4086
be345d0e86e38e5bd5b8c65eb25a33767768a181,8,1,0,9
4f10cdd73eb9fd24c5ff2d858792e3d9778cd9a0,8,1,0,9
e9d6270924e0f6090e4e0aed58b16e0ea48c15f8,9843,163,0,10006
5baeb80e950de0e7ae3c8bd7ccf6ac9a803fa235,16,2,0,18
24ba7630f0fa108100f2d2926f251147eca83431,13750,163,0,13913
7f1145e3104b7d80ca4a957ec319b5999e4b0ae5,4095,9,0,4104
da273c46390ec71437eaa759eb634c7c009041d2,8,1,0,9
6b7c08ca8aa8a5d3245493b69f01062042765467,0,0,0,0
74bb95d680ed2e5f91a73634b0013f5548ca1995,2,1,0,3
1fe3a688847dcbcd818c49061b3341d670780c61,15350,207,0,15557
34a9cd1183e6464b1b9eb13d886f7ce6f490ab6f,1,1,0,2
b9ad5e3cadac24d49f9cd9f2e514b3957eb52b11,5125,19,0,5144
9e9196142ca819478bebe75b971bbf93e96872c2,12,3,0,15
6e3147aff3da1646d5121bfad15cfb95253eb445,56,3,0,59
ae7976d3efc6724394b78132cf4a915398af1a71,280,34,0,314
8c72af80bd8e1a58dcf4e651a61a91f532ed011c,9647,156,0,9803
0a09a8b16dc1e34b8bb94eb5afcaf4a23b9f06d6,26918,4,0,26922
fa3e78ce17966b74342ebf5ac8c67ce8de832fb7,13816,169,0,13985
ecaaeb4d2f633b1d30b58090afa359a01c462119,13584,153,0,13737
5a97dc868070e71de00c67a7e2a03a4873922410,13668,162,0,13830
5d96e2a45f6b48f98b688aabde01ba16a0f48583,26918,4,0,26922
f37cf2781ffd5beacbc3f738aafd54487702d399,2,1,0,3
e67ec9cb750639fa01d21ef03c822f9951310f1a,45620,294,0,45914
9b28abe6f10fd30eda9c6a6c6dc39d85d284ded4,40708,172,0,40880
25c064d3e0f8b74fb96f228af8bf08ea4b2951e9,2,1,0,3
8ca1e2bcd28fed7bc4e6b1af5f1891b05443b9d6,40700,171,0,40871
6fafa9706eecae28ad5af8e36a883e7a09c7f93e,45666,297,0,45963
184f65d1c6aea93d8c02b52f3b7d95df1a257cac,0,0,0,0
2a88a0c5bc5b49d697e3180dec45d5196e33166a,3,1,0,4
ad327a8206bf9416bfb40e585b85afbeeba59c84,40682,168,0,40850
404461e7652467056f6e4a826f2f47acf389cf4c,20,2,0,22
621b3e7f54dbd80697f59af51f665748d793bd21,132,11,0,143
a9f1fba2ca03ff1876f2222d60294cee0a3b72cc,2,1,0,3
b585377b5a3501d5354aa68182111a50026f854c,40820,175,0,40995
cc78fff9ef861ed0332ec1374973f89a3a01c58f,27098,19,0,27117
d3a822939dbb8f6aa30f7d3ae48801ccc4aee131,27192,23,0,27215
8d2bcecdca23fa921ff5926c2bb0a098c063239e,121,32,0,153
38b2f4d96d01eada61f7e7b43d9e9f5e03e4da87,40,2,0,42
10cd7b052d842d9bc0b733bccf0b03997a5b0c6d,4,2,0,6
7d7245a53d0b1d6e1fae18a2699be62fcdf78ac6,72,3,0,75
e21aedd655ced6ebdb27ae6a3fe460e5b3b26305,31349,35,0,31384
b20e270995bc22cdc506eaa4bd094843f7dcb9d6,284,19,0,303
025bbc00ccbc4e7806be78b6c22d07949005155b,10,2,0,12
3163e378d8be78cd31ddb990a85894ddba03305f,10,1,0,11
c4e21a02fab22da3cf6bbe3c85fc87ca01476fee,68,13,0,81
53bae8d826eb31d8466012208e9a5b487767374b,482,5,0,487
80919402c9e1a685d243a0daf42a36a5838f6487,2,1,0,3
ccfa5fdf0dcae462c4dcec1a187bd72bcaddc076,9647,156,0,9803
daee73e034be51808a5879d926c2c85c8efb11a8,454,26,0,480
df2e0bb76bc199979a2c1cc45ec805f7ce3884ce,639,23,0,662
1ba48413855a03b4d8bb4bc57b0e1f43eebe2726,0,0,0,0
3a7c5f4d324004612627b116be531ec8d93ebfab,42770,242,0,43012
e09bd8b900e4c6d4d68aacb31bfdee3ea121f361,5,3,0,8
e55f3d39ca434bf67b6001d4335400fc76a793b7,72,3,0,75
295e5249baf800948516e845537f46c4f57369f2,31085,16,0,31101
ca1b4677df7f6fec07d55b9dbc06e78824f9de1e,101,8,0,109
d69765b901918120d958b82df6a63d664dd113d7,72,3,0,75
9002183082ae4ca5f749ce30eeed335f3e1a57d4,10,2,0,12
38fd13fc80d2a33d8a5f484207aa6709bd6a1b46,2,1,0,3
7bdfe4ecdb3b53e74459b5c63fbc26556c0208cb,32,4,0,36
cb38e1b2a465ebabedd52d15e416015f97ad14ee,32232,67,0,32299
02e59053e8d30fcff5d4f60d0292e37e6455a500,32232,67,0,32299
b7308e9d1ee95a48953eb7d85f771b5f16820579,4,1,0,5
f256dadba6d547640a2e7a8ede0f640cef8d68a2,26917,4,0,26921
b3ae5da885f596ee66c3bf3499f2d14196a438bf,27798,37,0,27835
e073896af0d7d58bd480df0676a1df108d3f4240,26917,4,0,26921
5d891f7e148e81c1b5403864c60270bbbfd16bb0,14,1,0,15
bcf1c149c7dcb10104a1fc070ecb8734acb1cc4f,3,1,0,4
67dd386d9e59055d42193026e42151978fe1658c,4,1,0,5
d6f1b8885da4dcc6bff34de80f1f01966072e7b2,30997,11,0,31008
9dea671e9fe194cf3258f940ed6ed84d0fb17efc,26917,4,0,26921
bb06924422fb1f45970004001864ac9fdf2816ce,52,13,0,65
0961511d911f423e13433074baabfc7bc17e3b89,67,7,0,74
9f82d782e24c6496251acd314b5e19bb34a7e200,545,5,0,550
fd961eb32064009901908ee673d2dca4bdcb470d,26967,17,0,26984
df9d1f8ffcea0efa58eaec2f4d9d53e4637c521a,18,3,0,21
3b896bb45b6748fb23fc0f3764ae99d5fd4197f3,52,13,0,65
1c353a2be0ddf96c04b50cf31f754adbadbf3acf,28134,69,0,28203
5ff1f006498c8b8df5c830fdd3515f54aac531f0,2,1,0,3
c076c93e9e49b80d78a09f8312fe6aa9933e76f6,1,1,0,2
cd81258ad05a12d47f10792c579037ef684b98b3,665,22,0,687
036680b1c5567641e44784b9f6631625ba550728,665,22,0,687
5d781f982b238d96e0d744936f87b186bfa209d6,3,1,0,4
1411052110e21dfd12a562263108161a3971e883,3,1,0,4
80b4ef89141ff215d6b3edd8a4e1a308515d2875,106,15,0,121
7233abcbdb6fb2273a1d295be1ac6bd6468fdb82,3,1,0,4
18865f82baf0fc5b4ed8afc53f736cad5d319283,4,1,0,5
54a696ce64ebbf58ad1dd530bc0c3814b9e21c25,44,1,0,45
83b8290b8123b4b26fb659801580331442a138f7,36,7,0,43
07c7bd25d979915688aa1b95c836e87c844297e1,616,10,0,626
e0f3fc161424326a357da230ceeedf1d394a9cee,90,6,0,96
ddf663f41b8c6a46017300b27b3ee6f60249afa1,15707,230,0,15937
f74928adc6a7afe9207a0ed398587b48b5bf6dbd,8526,33,0,8559
d283a7c94b928a1b5011bf538fc86c3ec8099665,27585,27,0,27612
11e81e6bc5df20905519a10aef946c04a285658c,16,1,0,17
9dd82c45bc6ca6a938de367ef3ae03ea77912d1b,8526,33,0,8559
23d533f93253d20c4fad700300e07d4f8785a3c2,26972,15,0,26987
ab6d27025bb76ecc0dcd429892f9814529108499,38,6,0,44
76a070c4b38f116669cbf92b96ce8d5c83ddb39c,1356,53,0,1409
a04602b03db11baa268d98a31674a2e0b191e5dc,9,114,0,123
e0d84d634eb5e0ab49da610e0ff2dae738578d83,12,6,0,18
0a34f1851f00780c48650f0aa1385b2b4c2452da,230,9,0,239
6cf00422b4bd9f7f9573e0bcb51c76f580c2f144,138,15,0,153
371d8cce5c628e0e3c31631be91239b3bd26fe29,1307,43,0,1350
74d3c48a62e298e3ced6c51f92cbbf6c25414077,9894,92,0,9986
919717c8fedf88415dd03f6875ff43e8b7bf5bde,138,15,0,153
b25f283d9bbee4e0f4ca7c3f7e6b415539f2ab83,19,2,0,21
2d65ac671b6400f06ef2c6871aeba5e691b982c1,90,6,0,96
67fd9eeede373e2c8faf7170fef6c0c1a03e0dbd,9,114,0,123
cad4e287a05a151a56731b8a784b11cc6f1826fd,37693,248,0,37941
eef66a2ec2cbb5ee151862e9e1ec96a22a940f66,267,17,0,284
fa078f1d88894b5c6d5e27d393be18ee10c97fb8,4,2,0,6
98356a85117b02e1032adbd6467a2d3e30c2df34,19,1,0,20
7defb022e7d198ad27516dabeb481c1262e44d72,12,1,0,13
b54aed37f37c2f44fa9bd9c8564dd2e0247522c6,2,1,0,3
682fcce28a631b6efc3dbdc55e161e8dde6fe780,1009,14,0,1023
c574d3b333854cce977315e4e05a31b55934e893,110,7,0,117
88054a17a3d823e759ae9871d535e9ce395959a1,19,1,0,20
4f6c7bd4da22198ac21dfd0388f7029494afcf58,28417,72,0,28489
4d22a4e53ad232d642ded0fd15adb6bf83b50a52,43,1,0,44
d3377dfd737a4656086df92c97a4ba4ffbc721d0,43,1,0,44
513c01288bd1c13f968dc072b2c77dd31210a610,27,1,0,28
a6f6da5d3a011e1e70328509d45807294afebb62,10174,222,0,10396
ed35b69528ba86af65afca3f6e9acb542afb1ae3,10174,222,0,10396
2bc21e97b335a758597e8e28423ee93cba017b89,10174,222,0,10396
c9e02e881213fcb9dc0e6f0c3e9ee6d038e29a88,10305,225,0,10530
6facb6d9de2ded393f3f98f968b693521ea0da8d,2,1,0,3
6ea3a2e2738fc9c0718d8fe6629226eb12725790,134,4,0,138
487960b8889c10da04cfe8f05422bff4b07e7b33,16301,299,0,16600
0870fb24356f954b76ade66c2ba42f24bc2da698,136,5,0,141
ccdf4f49d9551d884a04577c9b88108f4cc59612,872,6,0,878
8e2d2cd90021a2a9a6c11b4e1443f77004ce50da,10926,236,0,11162
b782308efd16d505ddf09d07fc4680e8025aa769,116,4,0,120
235031b3121d72f789f3b29e6e721ce662236602,17229,266,0,17495
b2e8d0774a6d52117b081d4fa564a35dc05e5082,10295,226,0,10521
9f247e665306976d11626e9fbefbb7ae993af6db,44,2,0,46
a5674761272272cce3dac67bb1b31fd99c3ae7fd,994,2,0,996
d553c8f49b0ee5e34f618b49115cb0805f8c061b,211,2,0,213
89a876e3567178e3db57b824957e9a0cf001b877,1410,141,0,1551
ab84418cb01d2a44544ef84399e8b01e3c5122d7,4,1,0,5
c8286f9f32af0c76ca0cc8ec18f9aa090320b1ec,31846,521,0,32367
fd14dfa6587166e5009145da173595b7a0aa83fb,31802,520,0,32322
1a73e65545946d716d830f681d4968e0f8180f59,698,6,0,704
72c1e1089fa35edd78ae4d1b899154c557c8aa6a,10310,226,0,10536
b8c998c72b9fb4b2c512176807b9d60723c57334,190,1,0,191
4956744b8185a7a5f2e545256e038dc7129996ef,994,2,0,996
af5c4784c2d625743f8cb9167e325c1af25995ed,994,2,0,996
5a9413fdd3508891e8e21df2ac4e6f3aef694cc8,2,1,0,3
c6eafb7ee35d97267eb1b869584c5774048b50a0,4,1,0,5
94199d2a52f0daf7f2887d8824d049a26e55397f,34,3,0,37
14fc0761e149854b01cbb4da56eca306d52d998a,56,1,0,57
53509cdf8ef0e4048dae141237905736510cc7fd,820,3,0,823
22422a3825afc0428cac4a9564bf638367673d87,36,4,0,40
595358ed22cdd4acc3a8ad5fac408386655da05d,27,1,0,28
c56c71b6539e5fee67703dc7827b920bc78ff554,2,1,0,3
aa2766a40a2ccb4c894ff3220898f96a83f6bf87,223,4,0,227
eefa03f9d3924b9da12b4b177a977dec644e3960,11614,233,0,11847
11a7fa62f07a4ae3499c4995ebbec9427d281543,223,4,0,227
e3553f7cf16bd866770e8e27b9278db1ea6f5692,1263,141,0,1404
0894ccdd7409d3ccfd9b2f18f724d067a168706b,4,1,0,5
a59ed4f7e4943fecbe912ebbaffc5dd57df1b8df,74,4,0,78
605b76f78538aa67f550c06ecd5495d94e889d29,31605,520,0,32125
572f9d3009fd9e4346c3b9c7cbe71b115f13c3ed,2,1,0,3
0d4d3b7d81b6626ebd235b7b6df044cb62fb345a,8,2,0,10
64a8d3f9be219b6f39170c72d38036135be11fb6,71,3,0,74
18222bb8fd012008a29168e8a93ffb658a5462ae,34,4,0,38
dec87b910b6038d48372df9451646f9db0bcbf57,1305,142,0,1447
d8ac87513048258befa26252338c426a912d5f3f,1352,6,0,1358
1d9f4d568dcd6fbc572a06de2eca973cf4421311,138,15,0,153
4fbe6a8c82306e8668d9a5038027b7594b143706,879,11,0,890
74dbed12900dcc0f5f1e50b96f25b217eecc7316,1396,8,0,1404
bef2f1a17084f86b96c83e16ae87a44800fc0319,28,13,0,41
5ba46cdca6fe164b46950aa2867ded974d955e88,508,1,0,509
f7e60ed27ead199c6e8623cc5aa587a6f9d319b1,1394,7,0,1401
7ccca06296f37182b03c01709e7b499c99a399e5,2,1,0,3
9ef50164c87b004edf32781c11c4a1da03c8e3a7,1594,15,0,1609
1026598419202ccb6d1f3052df0afd786ec73298,2487,21,0,2508
31867e37ae701743d70d9716d017974fabadf229,96,12,0,108
4b17bdc0d68f2ced9190fdf3920d6499b426b70a,22,2,0,24
eb8a163c2fb55597abc670e44a304289f89749a0,10,1,0,11
693c31279352536a650d89f208569cf84c810def,4,2,0,6
a8b267eb4236ed3b9e2467b3fd0944b05ddcdabd,248,12,0,260
832e497fa8fd6924909f32db11799d5c32510199,483,24,0,507
368478a255ba155ab21e7dfc0cec477be5cfadac,32,3,0,35
fe09c9f7407049252b6c8ce88a722b360c934054,248,12,0,260
b31b21f7c6d2374d49a160c3e0b34f6bf4e3dd74,2,1,0,3
902e34daedfc0b9dd2c497a8e254ffe6411abc5d,3,1,0,4
660584d3b9140e339c0bb5b73eb689e3971f0490,2,1,0,3
edfc9cb074c1e0a55b14c2b79ae737c3c796d2df,30,1,0,31
f323cb58bc6935c93cebe6427bf3a1af12e12b05,253,14,0,267
08d99e8624a2002987badd272c1309d4171b052a,172,5,0,177
b46da76b2e49fd260c748f2dd01a1d7eda6849d2,1647,21,0,1668
7c6da92f8b2a4863705b3f0096f3b7715114ae33,125,11,0,136
74d415fe2e38c3ec9e414e6879f0d540ab2f3f04,33,1,0,34
79508c0243a98c1b3ead3379ccf2571d6d3ff89c,31,1,0,32
1a4ea047e6ec7fa1b52e7e6d1fe61267ad1bc6ac,12,1,0,13
18286194ad4c8d921892cbcefb61d47ec7e39a6d,1605,20,0,1625
c1ebb3d343ef6f587e8f2e5962b5f6f75485f738,37334,667,0,38001
0fb490f8d2ac6b8e92375d7c86498f2591fc178e,1925,32,0,1957
40ab8521972fac1acb5782878980ef1325c3cc11,5,2,0,7
b5b68cfe784272e9cb7b2078e58dfaaedf14574e,16,2,0,18
90b106bdb25bd1bef7e666aafb6938cc5db951ee,28238,414,0,28652
577899b05400ff4985419eaa800ffb2a437bd7cb,7,2,0,9
9c2b35b47e095ef0e668d8ed966de3c41dd895ff,8,1,0,9
8da42beb2c40ec85d012442480ec93837de0c5d6,188,7,7,195
dd16200eefce9802c4d02248c6ea4c958fe323fe,354,8,0,362
b4156bae8dc7a905bc395c689618212f3040ea17,16,2,0,18
73af6d23db13885692dd485e772ba74268c9ee0f,2,1,0,3
0d53958787a3555a5be52eed6660cfc9a93c7252,192,12,0,204
3c079e86478c1f97d9de39d10e4effd73e562439,62,16,0,78
0dbca5b1722ff079692af4ab4c0bd95fd7da44c1,858,16,0,874
74c5a6c29c451b597a71d98e0383ed5eb8f28432,1,23,0,24
8103dfa219e6ffe271b7bf7c13ef33299f29e9ff,1,1,0,2
8ad33ac3707e4ddda61ce1fc3358fad59f3c4cd7,208,14,0,222
9c86cc23228d3207024bf3f11777e59760f20461,41,2,0,43
cfa28364f178f4e697d9a75c45f133022cac6ad5,751,18,0,769
d456ce494af13a4123fa7711f21bebcb1db2465b,2,1,0,3
f168b5066a3d3f1d6916495e3c7bc8c04dce2b7b,755,20,0,775
6f14cfbde4279ca7250e0540817bc75746e67ce4,4,1,0,5
1e6c2d09ecef1e5ddb058d62f6c040627306c20b,4,1,0,5
ce8f7c5e544e7dc9c5a88d306118614d7eb1bca3,445,10,0,455
89ef23a5c2443f107beaa616127d7b895442d5b1,191,3,0,194
a57d01d8cb022f6a9e7fa70a52e7dd8f5f256c2b,270,30,0,300
1c4aab47b622494a362eef082183c1ea7e478aae,747,17,0,764
9659f6be0a536961ce1e96c7c4a59865a354b7a7,4,1,0,5
96c08c3bdcd9dffb6464dd6fbd6e3817a8f2401d,10,1,0,11
c74cb3e81a1f67d57e5c56a470c872014622381f,41,34,20,75
ecb511ad97f1e93d6303d8d75d3b2c0d9f1a320b,483,24,0,507
72c1cad8fc6c13f4ce20c2f099531d05deb96b00,64,1,0,65
035d264437d6cd7410b8c912f4b086a048734c47,219,4,0,223
0450140fbf6bdec5cdc717548482501384d6e338,483,24,0,507
7aa938136b15d086b85ea795786defc9db01c3c0,1229,40,0,1269
2da26b23cabbc8503cca93ede616ea8ba9a21258,244,6,0,250
b41cb25767cda66b930679979a5d97f4b96d413c,97,7,0,104
7b0b35607d93a6ba5a60bba0abbc0842394d5a2b,30,59,36,89
45ebfe09e912db9346cb981c1a7d4adf89635dde,1762,55,0,1817
d89f594abd17fe9fdeda4bf62b77ed79491654bc,536,14,0,550
83d6d0f8a079f9576c17c40d8d0abed4e063ece4,8,1,1,9
775e36444b6ffbea2a6321499d8e127e3c8b95e7,5149,83,0,5232
8f6c258ff46efd2c83bb7033779dbd2da1b86d60,5285,87,0,5372
7e023802d97f8287adfaa17ec26857b886fee7d8,2449,50,0,2499
533e41befcb6424c1331e176396e7dcc8d8785b6,2449,50,0,2499
72bc6fd670f938814bb02796ea40cc2b610afb4f,10,1,0,11
776651b9859a7b08c9c9d4fe7d517397da78fd4d,1502,42,0,1544
d5ab9e6a7b5471aaed7bf1813575cd8766d7ae6b,4333,82,0,4415
bd8971751cd758b44b1caecbc57c61b0588d2f3a,8,2,0,10
d6f8e1375a5dd56b6f0766221642ea44e8fbb64f,12,1,0,13
3582c40b29716b94fc3ee5a13c5be7bf5233e256,1428,24,0,1452
7e114690fc5eaef139c899dbd99e87c46a8dde87,4397,82,0,4479
a1282da81ec5e5446c8228b7a343a2f4d43b85f0,8,2,0,10
0632eb981ab4f67b6c3dc69e852f2867d07fcf01,1309,17,0,1326
f308f9a48d9e45ce26c7f2ec6ebfe874aaebad3e,4305,17,0,4322
d8ecf95559438947ce004d1e0f30ce90e60a1f0d,0,0,0,0
ed68398d2640198f0e054fa59897efe81042a074,2734,82,0,2816
9f3fc0c3a14ae75545c12b14a4d0876a48e967c8,112,3,0,115
5170cf893e109a51d8222d8979cd4efa8b781ad8,5,1,1,6
bf0f8437774d2d8dc3b16039ca5ce7659228a8ae,26,1,0,27
4ce73e1c90b78044f61a92951e9ae974d460a14d,2,1,0,3
8d5f03c23771561eae898eac1b43ee5cca3e6e31,160,5,0,165
e1ebf4f04eddfcdb85f2e9971fc3a53ea8871a6c,160,5,0,165
2c35996776e9e7c97c0a448a2d9da145df2922cf,46,3,0,49
33a02dd519ffc4850ca36fc874515ed81f8a6099,63,2,0,65
b7e845a43ab4608d5eda704ed4938cf645b82c3b,11,2,0,13
e0e13460c9e78c20adfe30ce8a25725f44ec7e78,219,9,1,228
aa0a45322b98c2cd1c72c6a756c6b8dfa4282694,2,1,0,3
de7ca893a2a138348ec29daf0a092dd5823cfc7a,28,4,0,32
39f1a4eb50f482c79319424c6b0cd4fa8b1867e8,5,1,0,6
344749d7390016cb9e902b3feda19f4bd36121a7,2,1,0,3
df0ff20069f7a2450ee8f6876515467dc0780033,24,2,0,26
0129721554b96b1bf9a6c4199eb710aef58775c0,6,1,0,7
17d510e91baa34adc8a1ca704a79e941ac584b5a,4,1,0,5
af5d798ed0e4586d44c1c545e1328800df88fbc7,9,3,2,12
466f1d54db1afec5973c05519c68e3ad4f745857,51,5,0,56
ec5068a13ccb04c8933f98b221c97539d200471b,55,5,0,60
03f71fb0b1b21c6873b4311668b913b471f3b4fa,160,5,0,165
8fa68db9b71a260fdd9e4e9a4e2152c0d58601dc,55,5,0,60
dd55bf27cec967097bdd8cd5e0c5269672f17935,2,1,0,3
383ec7e9fbf6cbebf42696ef75aeab5d1f991542,4,1,1,5
abff0c684ccd37138dbf4822e2ac2e0a07c90cb7,55,5,0,60
17c7ec6515b84c48341c45c146c55f1beed524e9,2,1,1,3
6d5d4453493de00f4e85e1aba259d6d2d577a2f6,28,4,0,32
f5d446f39308e3e203a3441284eea82cebff9bfa,48,5,0,53
3ea9242c44f3864c2018c1f42dbd8bb867ebc6c4,26,1,0,27
f9d31dbc122599e7a8f22fbeed6cc174882ebc65,0,0,0,0
bbfa26e3be0d0abd08eff0b7b34bea19908c81d4,81,6,0,87
5c4b28d14c4ba9d0764f841ee2490564bcda5724,384,5,0,389
4d4aeead1464b3347abc619a6df756e5cdbf569a,4738,89,0,4827
a10402bc60c37d930b0d2475d58b9777371bcff6,2700,59,0,2759
4b160ecbf23ef75eadeccedd1defb1d835d0977d,29,2,0,31
2560d8acd1773b5f526caad4b0422d94ae5066d3,78,6,6,84
3bb21243f4029dec58f6cc2293ab61804cf07698,81,6,0,87
46c79c4fa8c0acb44acaa4752ed183db5e3b746e,50,2,2,52
bcbb77d2107992ece9247f5bd0a6a6180bf88b03,1080,7,0,1087
4d43e783b6a0e337ef0208b46d3d25e6b73cee16,4,2,0,6
01ba17c2192f7b743f07726cda72fe3a7aee174c,30,2,0,32
0c2081f50b42d065c1b10176894fc3893930e044,85,7,0,92
abe51f1da1b3087065858e0f4789d108b6dbd637,14,2,1,16
ba0919076b58abb5a1496882d15ebfbb955ba18b,19,3,3,22
2b64e5a41b57a97306154737c3923b74866e3424,7,3,2,10
fe3875944669d6f48bd703077b6f9f28045aa1f2,28,2,0,30
028e55ba002b7fddbd3e0720ca5b58cc1fa789b0,241,11,0,252
c6960bc8cfd918a58715ddb08a3910eeaeb43b40,3,1,0,4
e377c490973c6949e0d98bad88b87a91829b8fc2,8,2,0,10
1c26da5b1ce6a2d1e9752c3edc78f6de3e5fb3d6,748,64,0,812
905d5a27630b11c4156c061615d3d555994836b1,4,1,0,5
409096f7607278412e58329d17ec6fc431c3b25d,751,65,0,816
646e50b5c26f3e65cdb03b6c6463fc84fb36a6a8,98,18,0,116
b3375a4ce8672a590fc7108afa47f4f731ff9385,751,65,0,816
4c2ea98166818bf06eb322fd3808687a67f254a5,751,65,0,816
31f393e23e6ef3699bc8338db6cbdcbf09e5f8f8,294,19,0,313
62e58f6d65525ded63134b375c8c1a0b0464eaee,3,1,0,4
e205ca630d91ebe16ea8c5c4596cf14d498c5b1e,2,1,0,3
d82e8a601411cbf0259d16e751117fc7edad8c1c,4,2,0,6
80509bfc52cc5829609737012bfcc4fcb784543d,10,1,0,11
bec5986acef976e4c919dbf6f7f6ab4d4c539305,35,9,0,44
94594568f4746bb2374481034b99fcd18195acc0,308,5,4,313
bc24cda21faf7755c76f4e6c2190e77b868c967d,9,1,0,10
b9677a3774aa31dedf09c51fc38d1acad204c494,4,1,0,5
70f985b2bafa6150771a602041b63d3ae4900aeb,7,2,1,9
03210d6ff8e25844abdd731ab41515a5182096c1,381,9,0,390
8f1f7fdf6b6e1f08852fc66171b753e8856cdf71,66,3,0,69
00a78a237ddfd6bdecf3c4d800518ff53bf2e397,47,2,2,49
36ead64e06efe033234d42000282546256a96d0d,18,2,1,20
7be203f26889ea5229bb4edfc22d3b81636d84fb,59,6,0,65
fce9c7fa476a4fe8106f880bb99c031f54e5821b,1,1,1,2
20eac953b8283d6614d346a83d926d7bd4277cc1,4,1,0,5
bff4c68428da85908875b47023293b7cc7cb98c2,8,2,0,10
28dbe198748dfa95648462f9841e5878cf049404,28,4,0,32
ac8f5cb475b776b46d59db41d23cd3541cc5fae2,28,2,0,30
34293d1871290768956a829551f442b2813460ac,184,2,0,186
c198a857beb0fdf0c481a40a5f813ae431ed5083,31,4,0,35
438ec09a749462b237eca5961249e6664bbe9d32,1160,103,0,1263
18a91010a32e68c9fce57b26b67b9e93f0bf546e,46,4,4,50
badaa3efed88c13f579c7351fd0edc8826d40118,122,2,2,124
9d0b903883a836650bc72cb0b08c3d3c0e8ac8e5,349,9,0,358
980d6751afb1bc86367e7aef211f3cbec7ba4190,18,2,0,20
5149c286138a9ea7a3389ff317a28b52f67a1e77,40,7,0,47
396e1012d29de349599948b5b22278315782b197,26,3,0,29
46c19fd8bd57c87515c6bc4f7c623eb5860e251c,58,1,1,59
60babfc28bdcb672e5a20cc43b2524fb054e3c8c,1264,12,0,1276
da8473acfcd2b776cf41c5dff1fd15ab8c40e040,6392,168,0,6560
4121706fd15a20bd31ae222d2f81b9b1c79178a3,16,3,0,19
056d0c11251dd6507e5ff08daad11304ede89496,26,2,0,28
6afc6aa20ccef62e1eea6f2b27c6ac1b11b05315,2,1,0,3
f83471a25ab6a29744a3ded8c9e331c15f1b217e,55,5,0,60
7ac76f6f201dccd5135748103fddb7b5c88f17c3,292,9,0,301
2ca8df7a1a52493dab794da4770b96ade905334a,318,11,0,329
13deb806d22845ff7e33e15c80d444607c53e4c3,1310,84,0,1394
307d29b54a49997af84979f43cd368273ec55c81,2,1,0,3
a352aea7aacf2b218f6cce244d22b506690d7120,318,11,0,329
9c52b68fac0bbb4310eb270f82c396eb10681fa3,318,11,0,329
b0d2828caa16de7554dea39c79020dba211cbe72,24,1,0,25
095b428e4ef5ce6397b0289d7699bf8a8a197466,1,1,0,2
57f66ea06cbdc02288754ae5d4bfbbc1dbeabe89,351,15,0,366
4f3628870fa605a31efc23b01ed775bbbba8d1bc,2,1,0,3
ba45b7ddd3644cc724de601a60bc6798d4688756,2539,97,0,2636
60d12d93d7e3479a8221333cc68afce84338d916,81,2,0,83
250611e85266e17fadfa82d3d807152444d3a185,5451,161,0,5612
c25e3bed25366f39e0aa03c9e60f15df3e96053d,1470,23,0,1493
df4b6da8a011944a92661853d8006d510e715c15,1788,34,0,1822
d36fd3b34810d1c034c2b3c11f5f2373a3b36360,4,2,0,6
45374f2e7074a136631b6e616e725e4ceb1f7b15,2,1,1,3
c6318aaab0185fcdcd04d8994d5e91f3f85bfb67,3557,17,0,3574
7aac4efc374baa236a52bd780f4cd8869294390b,4,2,0,6
6cb2ce685389207cf8196adc255c8f931fb0d74a,0,0,0,0
23127373088be7b5c88268cd8d6e3ff62fec5f85,33,3,0,36
623cbf61be3fdc3b4f0790f608eef7a654a439f2,1470,23,0,1493
c419d9daeee5230dd177bdd503cc33f6d11fab2c,4,1,0,5
522eebd03c5043658cf34ed99baca592a42fcd26,1911,42,0,1953
bfc53e218e796db537110171fc8d8c973d81c07c,6,1,0,7
5fdba514aa3fbbbe07016cc635bd0489237bdc4a,238,6,1,244
1a70c7701f3e8b3a19e98310f723f80e9c5e6ae2,167,11,0,178
1c2579b32207d1477ff464c4a206b71d0e859bac,346183,3752,0,349935
53e7b747e7dad522877df092821d72105094ae54,53,2,2,55
cee2673f56d3f3ec1bbe3f795fb9311363ca858c,1264,12,0,1276
a4242e6174e1db1a5a6f307f99a513a0bc3e2871,0,0,0,0
c26554f797549a1b025a32cac2097cd5e9c44802,403878,3790,0,407668
3ddb136c71ae460cc7ae51f93e8a41be43b446a5,6,1,0,7
6b0be882fa25b103800a10f94c392f636e7fcf91,376103,3760,0,379863
44eb21a3f71a7d65cd4080f39124b3debd7b6b59,9,1,0,10
fc3b68fc75c729e1b8ee9b12ac31514722bd2d93,594056,3910,0,597966
a85e36cc15425c45203b532fdd55b37e84bd89e6,0,6,0,6
13932c0ef841724f7705cd59bd1cbdd9f0f64e34,6910,10,0,6920
2c2592cfdf8ee1f460783b850aad8aae8438ae31,819,8,0,827
ac42bef96405a805bcb09456b8f80190ddadee14,4,1,0,5
b4d36d0c6e6a7590fc5be18fb6b874822df04f47,2,1,0,3
d19af9857596f3b808c3d153b2b942e34a85d96c,65,1,0,66
dd529e821b19f86730302fa8716aed386462935c,404350,3794,0,408144
1fadf6029097af10d2166017c640d751c9a14a08,0,6,0,6
85255b12e934fe75dff00c66992976bdf9725f56,1,1,1,2
37b013bbdac1adbaa38cf78c83f0e67f2d2a8afa,13,1,1,14
fc4c6c258d51c7ba552723dcddd53923429a847e,5,1,0,6
65199f9910ab41565d6bd18968e29e7e4385c3ae,394466,3779,0,398245
d1e51f3f812790b288504f76a393a75c3ab24fe1,376100,3760,0,379860
d98336c37b8edc79b09081adaf962484511ae35f,394466,3779,0,398245
280d73f934a81c99faca233047a802f0b3149cbf,37,1,1,38
2c648fc7ae740a8912ab2c36c31ee00c39be02bd,100,1,0,101
1584f57beee556514da23b960198f2a921512616,185,3,2,188
5725c553ce951fa53ceadfdaabc89a51da94709f,4439,87,0,4526
627b5f90487da892964966c4bd794f5f9df345be,376100,3760,0,379860
c728e5d2158dde6ba4da125a33e506ade8b9bcd9,10,1,0,11
ffe1fc081a4a8aa5454ee64c5a9204be0a05425a,101,3,1,104
012c42d53b14b1eb3e829514dc77538392b0a48e,5,1,0,6
60d3162a138d378487682c84471594dc39ce38bb,11,3,0,14
e08534cbb30037691f7c1b56ebe4686f27e6e0ff,4276,80,0,4356
0f2e55b70658fd836bb16d3f749f99f932e45b2b,5,1,0,6
60882b9af552adb69b5f0f4468e16e79ed2998e0,0,0,0,0
348827ced2697caa20da309fb3c1476e6a3da27a,16,2,0,18
3d4bc90111b641c5d6b07d73c87c0b34fb61ef7d,2,1,1,3
e47f1a4d779fa2c005f56af5bbc5b845bcaac062,6,1,0,7
073da7f7b80c3a158615a6a0e1ee7442da95e85b,21,3,0,24
694adaf925e7bb1fefc1ab137aa926f294fc9139,2,1,0,3
9f198dd62d88e3954898a3aadf51a269ac5c0983,5,1,0,6
c52dbf22e4de2903ddcafdb5384fa4f3acb5267b,29,4,0,33
fac960a6dedb85d4c422fd10ff61095a153ffaba,1356,18,7,1374
cf7812027ed1823c2a630cdc893a15a70411d2bc,3,2,0,5
2c0b2eadde5ee747062a3f6ef1bf2d0e48ffb314,34,5,0,39
ffbc0ec2cc4785cd637430f2177ebbd354034c66,59,1,1,60
33238ace5894d036e0af94c194c1407a6857a1c5,104,5,0,109
df171350b5a89dab6185eb1da9b8f41863b78485,4310,85,0,4395
3ac3f1cf31370393712aa0e9276ffff5c500f14b,4310,85,0,4395
f5d188b8580069ef7f3ffb600d0ecd54e0ddc17e,4310,85,0,4395
cde8d4f9ed6e2996341e51503a4aef75a16601ab,269,14,0,283
da528a50fc2da80d1b5024e1802352cc7590afaa,34,5,0,39
f385f0de51be99b47290b525bec5d827da3a2a71,4312,85,0,4397
af902e6831d9cccb92ba309a678f26c785cbedef,572,72,1,644
818f1a5229209bc4a0bb603f5bb3be617a30730b,34,5,0,39
0114a9a1150ebbb617ab8f3079e23306db7ae9c3,34,5,0,39
b38960d9222899403a883fb06b194fe92fb04815,11,3,0,14
cb6625d8f9a1a4d3274797f8001ecd5c76e84f07,24,4,0,28
e830e5e2a7c087d27a7bcf0fa84016b4a1be18ef,311,18,0,329
c9c88fabdf7cae7e2a09f605af3bfd4bad466d7c,4,2,0,6
ae3821ecd611d4cc30e977a227756f02fbf96d77,2,1,0,3
dbb339d67b5b5f1b167abdb6f76e2c166ab6d044,2,1,0,3
c6652009163bd1849b2f682bbbc776ad9a494ca5,1,1,0,2
74e1acd48b795dde0eccc776a9236930671f0af6,18,1,0,19
1453be95f3061b7220bcac00d62182c360cbb86e,30,1,0,31
314dc2fc06e1084e376dbd9181aee8ada9322286,1541,17,4,1558
cdbb6271c62e7f655a43c8de4a29158c33e97dcb,6,1,0,7
287811dc5b7417321e084da75a49b840d423c4d7,56,16,0,72
31b8e6ce37a92c9654e4c3f683e23184bbba8a0f,297,10,0,307
f7026500ce43240a31a047e6d2a74ccf233b908a,319,21,0,340
21776e4156fb3eb1d1c7ee367a1acd9a49ed32b2,208,53,0,261
335a8938e52ba04a3d3d01f39db93491e6dac2e0,319,21,0,340
2961eff3ad16fda2264e99e94ebe5885e47feab4,81,1,0,82
9d568f3950097ced0ab083c76d74d07b4931b934,111,14,0,125
2bec73220df015c4cc121212effadccfd827689c,31,8,6,39
1f60b1181030ce4c7d194c8156dc69c61bd6d034,2,1,1,3
3b07090604312caca23a8f467fc029a022c1cf2e,1997,20,6,2017
9fb24d9255d3c34b57f410c43b91bd54d50e069e,0,0,0,0
5941b7e2295e10da07c87e9bfe13941839c95c30,17,3,3,20
13dc9eb109810e3e66949f95cf1c6c8c2fd3d321,55,2,0,57
2828af8bece01a7cc7b2c44070ab4d4bb144fd36,742,50,0,792
955c2715ffe64c18ea953c6b751b8c8b81ff042f,447,30,0,477
96eabeabbb05ab341cfff8e68adec5c088273859,20,1,0,21
ba20fd3c85b0c380d3c37ee26444328798b59cfa,766,50,0,816
b5ffb80059dcc460d8658f1be2eac6a9fcef87ee,97,21,0,118
2649505a58568d77ceb9914a7705570d06cfeccf,0,1,0,1
d81a8585d0d54d72926d4b61bcd8ba0b661157c0,451,31,0,482
b5c5599ec99544e2d7db42b8fb1d1de4ca419b67,140,24,0,164
4e5e7ef86f5153c4a737f3491f41eafee931a0bc,24,2,0,26
4547971d4e277375ea1304a673179ffc874a3ff5,219,28,0,247
e4bf4fb52aa5fb1191d1dd9bad9b791753416dea,1,1,1,2
e49788133c5f4419fc608027795d631860a70a44,1,1,0,2
7e4184380146ac280fd524a9d934b06ae533895f,4,1,0,5
7491fda0e848188b7ed39c03dd5e9fc9155fedbc,693,23,5,716
76de437f98a7de3f67f492c31709001971f8f868,256,41,0,297
6dcdeb9540dbbd8dda0d38a7d30f7ceb15c586b3,766,50,0,816
82467b733942fa35135daf0508f44ff93c8eac8d,15,4,2,19
183b6a4c44566b5e56a24406e2de027aa0d4df7a,7,2,0,9
dc6058345ac32c886fbd9363c2c0ce60975e7b11,23,5,2,28
b93982ff465999db64c07215e742b4b8f8684105,219,28,0,247
d26cef9a4d765ed25986df5e7d2ed2277d2f4991,48,3,0,51
82866b3e4695e07865ec1534950078508cde1d5c,653,65,0,718
9c29fd02817a4684d82826abd9cae1f179067fc1,256,41,0,297
e092a36f5c2b6e23c00953404aca26bdd3d525d2,964,81,0,1045
638dcae57dd0439894590b9228b166a61ff32f49,116,16,0,132
0a34a12d55309c35354d7b15e76a685c58bd09d7,18,1,0,19
12e22aee031d4e74badfc3ff94e2f6055496cdc5,4,2,0,6
c9e19b56acf750c01b32bedb0c2d478d9aead9fd,158,25,0,183
f8b4e0b47fc64f1137a126a625a7075286a147bc,964,81,0,1045
6d9e102b578a51bd42e38567f230d15d56586933,19,1,0,20
3d2464d51f744e5b1764e155bedb217624791db6,35,7,0,42
ce5c1cf6e4ee9e9ece6c975d6a8929f1fd262f7c,964,81,0,1045
9c0eea6d85e5d628ae5df3a554ceffc7ad8ab449,8,4,0,12
89507caec36dbd5091045ee2e85da8dbe0dc9d08,964,81,0,1045
c9101c6a704d210ca73179602e7679a70625d5f4,9456,66,0,9522
b1657e62fc76fc51b9be02e39f3a66682396ae4a,635,7,2,642
2046de4fc5a2c3ecd86ff0803a5e8dbcb7ff877e,64,6,0,70
8a722d6f938f9ba3babe3447c001b8051cc340b8,153,2,1,155
8825ef4b09bcaa15862f0b83d69c81af91e21a1e,169,16,0,185
722320ee30e52034a0ad82c7b516dbe4d14ce6f1,8884,66,0,8950
9ea4ce9127f399cb563759e77d420ec9dc3a6413,1432,17,3,1449
525762c1eb36323d368077192002e93920881af3,20,4,0,24
e65c74c50d1249e2c632cce0ae90f9440c57746a,31,2,2,33
4e9f03264cfeba4f9abe39ef3dc985afa2743ea9,8884,66,0,8950
c6944a6e1b01b5a719e8f6367a10b08f349f5604,0,0,0,0
21d710b5da6cc58aefa10b66a9781ab09913a6e7,4,1,0,5
786df4ec0d071a177ec8132a665fc60ad6ac303e,4,2,1,6
96782d517f83fc754c4bcfe8294b0c490459b78c,24,4,0,28
83411e6f0d4b963c5f2198334cb45a59775cc64a,4,2,0,6
856489a40f6f58d7f8511edaa2203a94c4be21b1,71,4,0,75
6800931ec1d0f34829dd1b6a6d04fe7ed8db77bc,0,0,0,0
fa347632fd2b31a900cdf7ab4b0e571c1f7f7c4b,8916,73,0,8989
6911cf6e3c9a11d884abf73352171ec14e7ac67e,52,1,0,53
ad27443ec893f8609cdc48ac917551342d69b815,25,11,0,36
70d95435e206966ae6748b5183a610f6c0629f2a,59,3,0,62
5ef2aa2d5cab0f7b183c1f1f5fb2ef13090af2d8,234,5,3,239
9425d852fdf2d8b2f44ae05b6a1aac33d72888ee,12,1,0,13
fcdb18b9de14371c2e07eb47d341f0bdd5cec2eb,8,3,0,11
434dfc411f39b108b66dc943db989bbaca77922f,79,1,1,80
d8d1ef46881d8c08e4ce719545d1043c902866fa,12,1,0,13
258a992d61d72de452fdbf0872ae6358aa64c454,123,9,0,132
bf051d7a8640b45bfb045088383cb77dffbeaece,7,1,0,8
a810b9aed8b245519b7ab4ab35eda5d6ca81937e,79,1,0,80
1af1ee262159a2b71a18b2e9435cc0a6be609414,7,1,0,8
6f800abbbea41db043eab901c9f79d6b5e4aa17e,821,3,0,824
6f273bfb3a14f5c190859d000cbf2ae847c16b5b,123,9,0,132
51921f5fb565c072e7703976dc5921fb22333438,3,1,0,4
5d2466435c227093f71bb31067bcd9caa1812967,336,7,3,343
49095bc321a8f75ecfcb467fcff9a7b6a58303e6,3,1,0,4
ee898c05ad340884c36cc5373e90e9460b59646a,2,1,1,3
7f0e33228ee928e0f88c5cde21a9a2b262accbce,2,1,1,3
2385a164161ad08efc83d53ddb2194e24bb9519c,9014,76,0,9090
e21e74c31e3e33aa099675186d7d5a6553f2c6fe,6,1,1,7
55874d86a925d53bf5db2fffe4ab11deaa28425b,2,2,2,4
f13cca6702f7e3760337b6b57bfb88af1c170c96,98,3,0,101
4294e6821e55c903d6499659a396143132d295c6,37,1,0,38
89248f1bb90340abb98700806f0e1f10ae063836,3,1,1,4
f281308339e24c165f336097805d6b6a34217046,14,2,2,16
037fb790b9a5d32cfb20d09433102696aeeac8d8,0,0,0,0
0543d95b7ecef4f8bee46c52f34f1d086fe58ff2,10,2,0,12
d2dc2715446150dbac64317b1e54f7b102ba0caa,50,11,0,61
ec784fd645b0c2e8a4b666a2cb76c357d0c2f348,62,3,0,65
4211525f54c461b0d5e2787a1468bc8640396a8c,19,5,0,24
565d4be3974697a0904407cc22fb798ae6f994af,9179,90,0,9269
faf75d400e833ac8be49daf6ef55a650c9d6109c,2,1,1,3
f18e5edbea37c4331ece71549340d6f8c1be2a97,110,3,0,113
cd14b9e3c23b4f0a32ea55ee3396106220a73776,259,7,0,266
a4c543e5c9466e2d05346efd7eb57a0b531e1474,80,5,0,85
6ea26c7c7fd95d17c9d441e5acf550a3675808eb,259,7,0,266
c5ff33f0c9c22ccceb4abd67a0caa60cc74e31a6,10,3,0,13
90ec776f4ad7929e60b9053083d4d458b58a2ef0,86,7,0,93
8421b7665a75916d09d8aabdeb6bc1d9d353b08a,10,3,0,13
2f655c7b998a717326810588fefadb098714066a,115,15,0,130
0645ad80bb853b7312c414e04927c43652c92496,6,1,0,7
4d64efe1d31ea810c18148c33c329f7fc3db4828,213,18,0,231
ea207c264a6d3cd675a9795f9203b1172ef00c4d,112,14,0,126
bbbe757167104920386b476f1a2302d21a4c739b,90,5,0,95
d43a1eeb7d3e187a15d699203d288fa6ff066509,6,1,0,7
8162620de6521a406e3ddd42e3a6d265f4ffa899,115,15,0,130
bcbde25ed366c2c8ba02f81ea91243e6c668a535,63,7,0,70
fc2bb95765c8b29f26fb8043e2ca7811b120ddcb,1025,4,3,1029
58cfc254b7f0a37007fbc8108e11d1881e268357,6,1,0,7
f3b29debfcfdd24ba5c934d68f033166dc3e058d,115,3,2,118
3a65feb83d9b3cbc028c5f4cd31bb87c3d1fb7f9,9,2,0,11
ed5b12b44e7377d04389916cead3dfc930d80912,9,2,0,11
a2e0c9b3d316663cd9444f0ad9b88490ab6f8452,9136,91,0,9227
e73008b8b1b2ac671a7367854110ae5f4e26833f,38,1,0,39
292c7cd04350792133fbf6c0356dc37e383fa90d,2,1,1,3
f2b9887255afedaa3db7eda83c3bc97b7145e6ce,2,1,1,3
1486850966671c692744a352fdc3772684073711,1140,5,0,1145
cfae9a60aa79a303003af50f7639713e2fe6339b,91,3,0,94
a6cb45c6c186035507f30527105546359fc4e30a,260,21,0,281
62f0838fc9148e743fb68944516437de169e5c22,125,4,0,129
12b72e625e012dbb7330521bda319c453d9161b5,441,28,0,469
5c1eced9c17aec5ec53247c94029d170e23ae93e,114,4,0,118
c39d71846f0c3c5b26b5361f2e783a1f7abcd82b,73,4,0,77
0957db38f1553637a76d07f37da752631cdaa9ad,38,1,0,39
c8d1f5793a3933a53b82ea507fa780630a3f7ae8,38,1,0,39
8765a5c6a75427b4d6ff794bd2881b9a863d755b,2,1,0,3
ac4c1d8d2b1b810450de7942007f5ee4b72f6ed2,0,0,0,0
147bf3380e18983e7c88d8eb11368552ee0d35aa,2,1,0,3
e8e20fd66e38032c7395e93cb1db7e62dd4eb256,12348,147,0,12495
3f5b9c8d51277cf83382fe0d56d19b14ac5282d8,403,4,0,407
c4cc9a9270c8f8aa5051202775c6d5396858f6a0,0,0,0,0
f1cd08635d2df20fde2935330198a6b0147f13ef,6,1,0,7
909b657864d56ed5a0c75e41dfa595e8e4d64f5a,5,1,0,6
fd11e09a4d52fb1eec952ea2798b5e1c486015f1,4,1,0,5
0efed817908fcff4c651cfb5c9ffcfec159234a5,187,1,0,188
1dbd268e108ebd5dfd625efc9d45aa05089ac41a,4,1,0,5
4d03b20b3d71148aa15288828321faee095946fa,49,3,0,52
5f4d299bee693914afbad947fcdb00bf8babdb5c,2,1,0,3
2f10e2c8d1fb2c176b6d8ab2f62f17311c8b3737,249,5,5,254
958af98d365aa4db64e413005bca3c5a9fd93e51,377,4,4,381
5d64ec12e48f573caa72f0294411ce2e8e9c5bd9,8076,2,0,8078
3c9fe54774682b564efee1448f67087c32c2c491,0,0,0,0
94e3bc603e007f616c1799e3871589fa5c80c659,2,1,0,3
83a559da38bced27c5650206b9dba78068e8bae9,4,1,0,5
4e50c49c6db1e3fe292e0dd3f4a32d0673fcf908,377,12,0,389
31b37b9f4c018045ec847a9c2294b8a3194c5b13,4,1,0,5
5b4b5a135c76ada0a1682cd0fd5ef4b9009b9e49,1144,6,0,1150
9cd0185f041445f470cd22e2fa74e640701a84d0,208,5,0,213
e54defbd2f1768c58dcd7bd13e1dd8a21f35eeb4,2,1,0,3
3c77641ca91251d5979a36c9ff662c50a28ba150,4,1,0,5
764e6b5ff18732291be692ad7a0c830320e99284,1436,34,0,1470
9d7c785108fff9a0861df067bfe8abf2da6f1c0a,2,1,0,3
f15ff401edc2962462af4ea264404b2526f7ec65,496,12,1,508
8fc12df9b867713f31b21c838650d2725161f81d,153,2,0,155
2634bff3185e4b7035eabf87db33c124abd69aba,290,4,0,294
5f722a52e630f9eaa34a261b34e6f04a5dfa6f6a,216,13,0,229
fe7f26e88b42e0da82ab6b378c5c1f5387bc5d12,201,12,0,213
72c91729aab8a4ae27cc9004a2ea033e3e400c22,54,21,0,75
647314daf8249328f3947f5d8cea81f051ead489,55,21,0,76
dcba69f4d40fdc1cfa46f68e14e3b2b1b55b9b2f,216,7,0,223
85cfffbb047fdaf02df24cb17ccf58bc72b389c1,18,3,0,21
f17ec7155b9c0cd18d5e72a9732f6c09ee2913c5,152,5,0,157
860fabb0736eb28f2f947c1d1cbececacaa769d5,243,7,0,250
eea30e97e780f40a14cf5579ca95ded550a67b6b,27,3,0,30
e1cce995bdb9fea57369003037254480731d5f90,2083,24,0,2107
81be7e049d9db69320647ea24b8541d52eea4003,13,3,0,16
5bd74e8b776da3f6db6c50e4bf25d3ae6b55761b,232,8,2,240
85b43df9ac537202c2150c974c4137d62356730b,2096,27,0,2123
7ccb1c594cad2680e169d32e31b22f95108e6f0b,40,4,0,44
d7b669e7ed6a1d30b3eb4fb39ba83f4b3e39d3d0,52,6,1,58
4620a75926bea25109f103f57175b9f3f5720f40,85,5,0,90
684a57842462a8309d2a331e91d004715c98c50e,608549,3963,0,612512
8c77e11974a852b39ec840f0d315fa5e10de6c41,2,1,0,3
11a75cae7fbc0aac52f979457c1854f6f6c6a93c,4,1,0,5
eca5bcfabea9fd123c91c660504bf2b86b7d5681,8257,1,0,8258
81dea2dde765bd87d066faed84ab6eb45d58d792,15,1,0,16
0973935f05034d42868919416eb583a757cf5b5b,1144,6,0,1150
e1d841c734b0fb300153118eb1176474c160097c,2,1,0,3
af0e6a74d09da6d5f54676527605c2de39c0dd0b,12,1,0,13
cdc1a13bf0d5607aecfbf355d853365cf33fee57,866,551,0,1417
c75831ea142539300b22f1918a2a33f3d170e1b0,2049,551,0,2600
fcb160009dd2e565def746ec280c523bd3ed6345,1566,556,0,2122
cdf2a1f7a211cf8501906ff60f1b6abb5bb03df3,20,2,0,22
83aac03c671c0ba848f9798fbd38c1d5f6470569,12,1,0,13
1f24fa727087f02ccf280a0ca358c38425223004,24,3,1,27
59bed7c0be3155b7fcb80b58a492680556259ce9,2,1,0,3
2b570a83ef13933321de678827d4cb10e521276d,4,2,0,6
8c6743c28c1b1404d79c0783640ab8ae7e98d6ba,2,1,0,3
31214c55a83b7f4a8ca0d7ba17e406bad3f97326,2,1,0,3
4fa64c018567c32cb9c7fb438353b80800e0fa6b,657,6,1,663
ea231128a530a4694444fe7194e7f2198b6c68c5,715,9,4,724
4d5d8b8a807244aba5fd8133d5b19ecfeea4a989,0,0,0,0
eff467ff4013b236c3a4562b9da23551eab4bfab,9212,21,0,9233
7cdb55ab530505dc4ead90f2e7e74232167b95cc,11,2,0,13
a586ccc12783f9ae881f5b93809a7937ad8ba5c2,15,1,0,16
c86972330a0a670390c12a0b5d93c4eb155c5711,62,1,1,63
9fd5a3392bb61dddf9cf0f73cdd66767ff9dc030,15,1,0,16
1dc367f4b97b8d349dd25035764dc0892fe4adb7,9223,21,0,9244
c840bf53339a8e3894754c0130fd6d916d0ca566,23,2,1,25
1f9f76a39beca46d94df031073d652fba500e557,700,550,0,1250
0b66e9e1f2bf26d3577777fc853450b4b1203502,730,560,1,1290
6c11e8a701ae75d1b1c362cbc03f0b18e48e736c,2240,551,0,2791
cd1c6285f5bb14849709951ab8bfa82391edec9b,4,1,0,5
7f9966b10a7242f7a8d3920ef41a8ef1d4fa3c72,6,1,0,7
cb96c09f40fe9243a60f74e6dff3f3f6a2f5caee,2304,560,0,2864
6a5ec95532e95c847a0d1375dcb7015caa7c4de4,168,6,0,174
3bf3ea633bfaef3fab7a27c9eeac7311247f2820,212,7,2,219
33ef8eafc38a19be7d43052704e4603e8ac2043b,3,2,0,5
b01547ef1128ef7dc14d123dc044bb14c78783d3,73,8,2,81
8bd20eeccae1dd2248dadfafff84a0dbb3f744b8,15,1,0,16
7b017a8d36a707aa10c1cc4403d515be6104896c,51,2,0,53
9498843867677d6d2de938fc140247ea6bce7b43,38,1,0,39
7faba33d85ec9f9b3afec981c6634d256d4ae09d,2253,552,0,2805
b606906f7a3ae82d736799d77297dab67129482a,2,1,0,3
ca40c4d66fa3ca6daf901de25a487d2a94397592,978,23,0,1001
ac769203231b57c1ac3f038ad97f20be4b99c3f9,23,2,0,25
99477f64f55596535c65d4985105ec07b00e08d8,78,2,0,80
59d909aa862a0d34a215be0cf71a10b0a69b1ff3,967,23,0,990
365b2189fcb6fff28bcce816308b1994b2e9f3a7,105,2,0,107
58ba0b619f694eca1cc59f23fee32c01bfbc2416,2304,560,0,2864
1675ae13b2a80fb10d7dcca328f33931bcdaf6a9,12709,576,0,13285
be0dacaa4c4bdaf6b23372db05a7af0c326df86a,2,1,0,3
7bd04183015632e42671c3a0b7361b32328ea6e8,9,3,1,12
6569939ac19124a0fc08be88a9aae092a901efa5,2304,560,0,2864
0221abfe28476230ed4c38dc95f9b7c21e11827e,8,1,0,9
143d28915c7204104b1da06fd36a5cc1b4d51c3e,70,9,0,79
1e593fd6e69e3aab5d010093d67b48cb9c47e176,0,0,0,0
da6fe5c8d5ca7c64b79a7f0d78046bae93eea20c,25,5,1,30
c0d7a39d8cd16d7dfea4c44a603badda2d3959cd,27,3,1,30
9a6b67a94d501d068eacf803d5f1b4002307df40,684,10,0,694
065f19295c7fd6f641de3cdeea631bc433f12a87,684,10,0,694
862e169f36b48b5c73a707d18ff980c60b598037,681,8,0,689
e27c9b281bfdd595b5b40965d58cecd90dd6f7c7,4,1,0,5
53133b832c25b28036069aef066c41fc3f9e699f,4,1,0,5
4edfe80795f4875cbe61c6a25b5df099ff692317,11527,573,0,12100
505aa4c2174003ad144493c0a8dc65e9e500d022,142,7,2,149
4c8aeaaea0553bf223cfb8d6e5655fab3524d01c,3043,568,0,3611
c7b1da0a5fdff189f70652c33f54f015568954c5,712,12,0,724
90ac803e2685214b42e5a1f2b2bf82a44cf1d484,13482,585,0,14067
b5ed8778b97788eb1c666b117d68c02cb0540841,9,2,0,11
b77caed7e8cf5f2c81aa75a9b717cd9fb6349b73,149,3,0,152
04485e65676dddde83e233f2851b89f01fa52f46,35,1,0,36
2c4f5b53c0db88f07cf7aebc5327e8256e12ccf9,28,7,0,35
282b4bc14c9ce515fbc46d2b6fa931a9424eb5df,28,2,0,30
0d9917be8f8c2f14758614e99f8a184b5ff55e15,8,4,0,12
af97c363b98ab62b56ef39b363d8af77b7bf1ac1,0,4,0,4
e397c4ae624c215ec229b969532c5cd741cfa8cd,28,2,0,30
c460d23ca9d20a73c5bc405c337e2e9f4da7ef3f,387,6,0,393
37170d7ae2ca08e58279bac63e7cc32c9ded1b98,12,1,0,13
7463d136cffe46d8ca58b1ab186e566cafae1be6,12267,580,0,12847
7174d6be9619fc518e88d88cae8885d596f22609,20,1,0,21
46b7ce5d1aa7509658b4fd9138c767b57b389922,30,3,0,33
63ecd8a9e5f158d901f88a3a9d052e36195e72ff,23,1,0,24
5eabf062203b7c0838502d7d3c7a50b18f7f50ad,239,226,0,465
9e107dcbf7efe2312d082e9d60e61ec0a646099b,17,1,0,18
e1765bd1ca555be177f58e176997f0fdd322353c,420,84,0,504
23101c9551cfef3571188f39db4088d634f56f05,204,3,1,207
fbf8aba4f295767aa3e67eba7eb87bb6152e650d,3097,569,0,3666
2142c4a622eb2c9c9ac3ca1894660ab9a82c809f,56,6,0,62
825a68c34439f9a270473f13789b73ebed57977d,56,6,0,62
8bd7a128c281711130274eca6440797c3d254a05,28,2,0,30
1ef078d055ab0c6dbfe45deaa969ae60f4c83190,7,2,0,9
fc2d57c0b79812cac8efcc0c37fd73688cd1d5c4,25,2,0,27
17dcca7f51b243f400bfcfe2180f5dbfdad821de,4,1,0,5
19a2d2dc5d850da8b1f3f634b2a9e2c9ae46dd81,2,1,0,3
d6c404589e630e0d3e4387c31981949e71db1d7d,86,9,0,95
5e3d65bcd8b92af77167ab30a90fb266946095ec,17,2,0,19
51ce9cb8f0081ffb3a83ea9a82f37f862399c6d0,86,9,0,95
d91c141f0293a4ca9028856a73d41bed3438afba,740,14,0,754
f9d39a07cd9f2fc520b326295d19fdf04aefe97a,5,1,0,6
c19589906fe74bc5d6805f2ab270345072d9f3df,49,3,1,52
9ee2bd46057ea4c838376cdfef769b06013ffab2,7,1,0,8
8e0c263d663f8edf5810c96aa326c574e47ceca9,213,5,1,218
71a92ded157fcf2792e22fd4e80ecc889dd3e13e,6,1,0,7
ba1924bed2f54e0741008d2b856a7fa809c36bcc,100,7,7,107
48b22ee81a1d70eaf88dcbe87fe9ca89ebbe3646,28,2,0,30
69cab1afce87183db9ba97d0ee893e65d30376d9,7,2,0,9
66645b62b0ce0a1d567461a49062a535f34b7bdf,46,2,0,48
004aae716c68641ab81a41dcb6a4da4056120698,46,2,0,48
9bc976c85ba644c5a50d781386249ff2a79afe42,173,5,1,178
435bb8afece35827fb0b842303356e3c9a8ca27c,40,5,2,45
59343232966d580850dca4882c43f6d3ad8f2cf9,46,2,0,48
67bf6d81677b474b80e5e6ff18a0d3ca186b9b1f,604,13,0,617
a3288fa927677321ae0267554253978f496653b8,673,236,0,909
31d8b85feb90f3b392cbdac7864abefea9163be6,6,1,0,7
15f0050d4db1899aeab01e19eacbd7eb111600a7,32,2,0,34
25a1c5bf7802da0c8ba9855698d45fcbdf5aad22,673,236,0,909
f3c33bb0c1900650b2e7774d0d9d29e1df2cda2c,4,2,0,6
fba96578b227d3e49d7138cbc852962519319763,673,236,0,909
199a4edaef9d894330d764009a3b2366009c6772,6,1,0,7
8c94b6743bde99eb65067a6ae4873c7c5219903a,141,9,0,150
3e047e895314f1cd799e33d00b65fbec64e6dd78,73,2,1,75
4b673b7b4e8b2490b5fa0b9fbce76f89b74a7851,13403,594,0,13997
eefc95b82e5ef9e27ef1dc987c9142851bb548e8,4,2,0,6
7272d691a66760a16aa3a6be949bfa8474fd4bfb,2,2,0,4
5ebffcde90b8553ea438960ffcd4cb13fc283402,4,1,0,5
02e64ba4a324b1d9e48b46200c6b42024580ff25,158,4,2,162
a0d3ca1e6ca24ecd0dd3c818eb70a7ad9726e076,25,2,1,27
762e6066a9cae37f990b91072ff57f373f63fa35,677,238,0,915
2f44108e46a921ae33b2d9749b4e4c1aaa154db4,366,5,2,371
bbf7c8b829eee2a5730cf5c0fc6cd4555ca8ec13,99,6,3,105
9b58e0418b3bc09fd0f104f9fa20f880200a8cef,31,5,1,36
cd94e071139056282d1f2524a8913bae98b69348,801,2,1,803
db53a1a4e4e72902514ee4456b35ec347f4232cc,59,1,0,60
08149b9a6052e85bd21cf2ab1879b4caffe449dc,15,2,1,17
0b260053c2fc138bf533e2a2dfbb3b9690816f06,22,1,1,23
72607ad3142e7e13c7b70adc7d3e6114e064df1b,76,5,3,81
821ebbcec1970a88193b8b70ed31739f0951e548,245,2,1,247
0e2cd10bfafb16eae69677f86a1bbe316fba94a7,172,2,1,174
e16a08a2790c93f1f47f27ab0b5494b04ad734c2,2,1,0,3
e7ad4a489afb2664f192a8494bed1707d5245249,280,17,0,297
91851f263c0700856139f19fb868c6a3eb929bc8,184,2,1,186
e1a78635881af188257549ab2183e475c716211f,342,2,1,344
beb87ebed25aac695150399b239ea4c1398cd97b,15,1,0,16
3993174422d35968fa4854f5c8db5f959ed82028,6,1,0,7
af681b1c0012a1ac36bc1487f63e054288723022,4,3,0,7
1ae8d8faae6467f1e12c31addb3e385b27df4008,81,4,1,85
cecf3c58e1d83d66a48e5cdc535eaeb1d72cd30d,206,6,2,212
54faa7adc139a2e98c18d937d092187096687aa2,57,4,2,61
5972785c9ff9ce2824df91182f53d19bd941655a,85,4,0,89
614ec156e7e5f7532063650b618111490f258083,4,3,0,7
139c6fc1d1a714abaeeff0f183f1f8cab3d8e08b,80,7,0,87
bfb8bb9e8b17cc82cbb60f7aa58b4fc042fb105f,91,2,0,93
452c240595a550852107f0927ac85434cfff5918,174,4,0,178
c4062ce7490e6ae7a432dd85004755f6143522d8,755,243,0,998
b65e33d1dcb06d6499c5e87bf1aadcd46084aca2,174,4,0,178
3fa4f502c2551dc066d5cc1b0c7cfb42b4cb26d7,38,1,0,39
b6993eb98d9ca2fd495a595244fd579e3597d043,771,243,0,1014
d36a32a7d76f718a6d94903f45afb83b066e7d01,0,0,0,0
46a7ce490b88ba8c3fa40789f8562eaf82e80124,10,2,0,12
2fd943aff8da7d4b9cc3fe9f2e3d6ea8ac95519c,174,4,0,178
8ac1d4e758b30e0abc064b3bbbea03fff1054de6,281,10,2,291
4ca5db88b45085213508e7758d353b67d5177c85,250,9,0,259
0bdd695072b3e697c53eb46f8ef4254bf03a7be7,174,4,0,178
05a5c21e1a95aea86607194b6701dde77821863b,6,1,1,7
4d2f57835ff2980e589c624378aec234ac466f45,176,5,0,181
10594aeff5dd2fba689dbf78213d745fcfb61220,4,1,0,5
7a4bdbad0d5cbf0c81140210700f10e05099a6d9,927,247,0,1174
2e90c9c764a7c82afe554a8ebc5f286ccb8f4d07,81,5,4,86
7376da38672962b7083932c7bc418742a4335628,20,2,1,22
9bdf681e049535b3dc7000a4476d61b35ed8874a,174,4,0,178
c12d29b99cc2e1481476056b3b07215ca23d0951,2,1,0,3
2f7278869b9af0c180b19046d7385802eeffa57b,14,1,1,15
44346431519d3229f6aab6d350e87cc44e255eff,1,1,1,2
061e8717fdd629261d1df3864be0fda7f154870d,6,2,0,8
8f05988ced6069ccfd4c942e9bc1ce5ee4d393e7,261,17,0,278
829a4c254f735fb30ceb89d914966165aca0dca8,3055,9,0,3064
16242f4ba4ab91c90db3da5965ee1d7f0facf2de,20,2,0,22
79d8c6bcddc6dff31ad15f235e780fec22ebfb4d,353,24,0,377
c0255d9e83007e5a54280bebeeb949ee49da5db0,57,3,1,60
9bd987dd05aa73c1224b78105966f12f76874f9a,4,1,0,5
e8b79d70bd008edef33e236bd1bbdee30af17390,20,2,0,22
abf9ca94cc2687efdd8d58cb659b5c985f5aa7f6,12,2,2,14
bd6b0178e6f973e284e4f255618fb08eb8265ffc,12,2,0,14
31763e098bf4a5f357593e340884bee1dc1aa1b0,2052,276,0,2328
c9eca4e0395350c8670097457c72eb57843c1c4b,2,1,0,3
aace4d4d042d72574d77b897bb3215496b2a480e,273,19,0,292
cd98930e187327ca4a9002b078a6c29c4c7ed407,12849,619,0,13468
4b1179396c86a6cd74b2be0cd868bbf423f22e3c,2052,276,0,2328
70e7413155c980ef687aea8747afdd18d6fdd699,275,20,0,295
a15b101e431a0f9b8d0dc004cd5ce397efb93598,385,28,0,413
571dc218222bc2b64d119b1b08cec18c5a69e933,57,3,0,60
cf541dd9f5d1b3f8325c03e0fc204345ceb31ac6,59,4,0,63
b669f63c9a8c8b218abc687152af8aa16305f40a,57,3,0,60
99bf739f43c9cec24516d96f58d3bdef26072bf8,447,32,0,479
b41a91032d0fb7803d53dd8bce533b5fe3c84275,12,2,0,14
fedb76910ffc621649f28a5c30a3eff08b35b97b,731,11,0,742
595667224ad118367da4679e860800578b6da591,3071,12,0,3083
8a370caf9b8857c289d20a679c827b04bf1233f2,3130,16,0,3146
5d1b426af5ce28dd1c79b9548610cc7fccc325ed,2,1,0,3
c2d3d09557c5384e2b720d098ab1a00806380a26,35,2,0,37
0ff8d4b9d78708f93b9d7034a27633a9efee6c33,3403,35,0,3438
5f3c1a4e8cfcae8817b90a52ca080f48f9b4d96f,10,1,0,11
9fb573a5e782b8de9ca3b72b15314d3d36d294e6,6,1,1,7
8970c02afea9b4726537c13ab555747f77a9ff2e,12,1,0,13
02558eb0fd2a96d6699a945be9f553aad085f20e,6,1,0,7
971b6b97897e9cdf9d46bdcdd473c295e955e45c,42,1,0,43
15b3dc2ddf14258ec8b53643aa850925c967a3a6,48,5,0,53
a43398f6d1157f24289c4d37018e8407f6eb97ec,23,1,0,24
99038837799b2b90a48e574616edb66e84aeb8e4,3077,13,0,3090
38f30f8b5e4f049d39f7e3d0d5e3630f22d32e16,1,1,1,2
a0cfae1af51bc83a2096bf3d2821302673689892,60,6,0,66
ed56b848ef38af77f9f04a53ce5957bc19585517,301,6,3,307
324272ae40fa56fb340f2b80bfdf1d7e79da0c3c,69,9,7,78
66fc8d90ec3570e8a4ea945c74fde29d180b953a,309,7,3,316
4f43fd556df821aee6cf184e6c2655db868be85f,0,0,0,0
28bdae0bea1827151c8e3ee89c382d2fbcf25f7c,285,3,0,288
fe47479c633e07de20568c286a5788aaf63deafa,0,0,0,0
b5bb928ea3923b913d6a227d14f73f2141846290,4154,51,0,4205
986b8b7a8409b2c17aa7ee2ce7ba26be9f5600bc,610,13,0,623
d12c034687317d732fee8bfee9f5ff12c38b1915,5,1,0,6
ab6b89add54623768477951267b7b209841a9b32,231,4,0,235
dd41d1d0f7ef9d657def5ebf8e1c9745cc471916,81,7,0,88
30de78596f933eac8eccdd137b9ce2bc4e7c89e2,121,14,0,135
b4f3da61e4d378faaacd6758ecced5c6f022de52,81,7,0,88
0ccde8f0b436e0c6c531fbf501007504bbd819e5,2,1,0,3
7062caa630e9d5a4c8b4d14c0abd167c185514e2,2,1,0,3
fcdadc742164c9ec040320754eff727b847d4d00,2,1,0,3
87cd68cb025941475cc502f6ae889b19c5dce343,6,1,1,7
1011d6673e2ac99be160e798920af9a13ce580e9,75,4,0,79
7e030c7cfa1d7d5df1897a9cdb01eea28423080d,10,2,0,12
be5577dc32730b629a5e1dec4ab58ef79195a635,129,16,0,145
17e4a53e92e8c38c25ddfc2cd7e357b989c1757e,742,10,0,752
3ff1453e430789cb807135822c544ae04a38a598,742,10,0,752
aa4a6182311ba7cafb3742f8731dd0f019d01651,122,6,0,128
05954745f7571742f4e356bc05d00464f0fe8777,77,5,0,82
56f63092bae3205d5b70df0100c9877a70da784a,4,1,0,5
b4287f28c8d9114d9420c66426ffa1de5ee25bd1,4578,71,0,4649
d1041c29855eb25d33b5cac02b5ea2dea8c59d37,191,10,0,201
ab5cdfc0da971e8b5c62554e2253ab4f6352f571,37,2,1,39
66834cf486570e828c52779b37cbaffc459d0261,69,9,0,78
0ce4525f477085ac70283c0e8ee7753c5c22c4ca,4,1,0,5
54fb1dfc5b62f9a553797e551bdaca8cdfa07ca8,14,4,0,18
f157c888d23dea8cecb60477067f362cdc3b0f3b,67,2,0,69
3a537cfa304709e929a6b6a4f8ca75393320b1d4,206,3,1,209
ce75e938879dd95061a335fd21d722aa633b5edd,14,1,0,15
d3ed7ff4ad8d403627d212aa7218fd7b0068996d,656,6,0,662
35d8a962074c32624176318d98b87efe73c2f622,727,11,0,738
9a3b570577fc89e411fef336bb8dab474b3e0b78,502,6,2,508
ecb4c1605da575d687470f4eef8680bc7c623377,21,1,0,22
13933ef1f65aab66971de70325af27a0af97e7c9,21,1,0,22
1733d00e79dd17b6a0916ab9912eb884a267f05d,104,4,0,108
f5d10eb1fb0dce60235fcc2b0d5e8ccff5752c3d,21,1,0,22
bc282f124e2bf2a0853348f7eb6c6a29568dedde,815,20,0,835
beb631fa899a7a0cb624bbe7bdb1e91d9071d569,25,3,1,28
58c6f2305bac2eda1f79b7254bcf8cbcd64f4896,18,1,0,19
6a9da119a9747d1a6f704df0a779127d1135be7a,2,1,1,3
9349a3dd98909dd41fbc22d894f87a5751cb6e12,220,8,0,228
803b00d39cb80e9ed1cef94ce795dce2a2e641c1,298,4,0,302
e96c2ab8a6a4f971932a2352af4474a012f12f43,1,1,0,2
42496130f4c4dc0f4f2a9554554f0f9ee232ef27,298,4,0,302
d8154c20344508279cdb242f5052083933a53369,5,1,0,6
19b4854e37fdcec99328665e517d8307ea76f55c,150,14,0,164
04311f40db0dd02f36ac791300cec636a5e2db46,298,4,0,302
79ac689f1002728de3d317613e58a2b13fe67c24,2,1,0,3
7c2a9555be2662fe92340bd8db58a774cf96f183,6782,8,0,6790
21063a7344d9981fcd0675041fee83590694a247,334,50,16,384
4a381e96bc9b2dfbce0b255434010660f3d193f1,4,2,0,6
b1f3d941108d24c287ebb0d1b80b203d222d8dcd,7082,13,0,7095
5ce05b6187669bf242298924155a73be251e3d8d,8,1,0,9
d76506a7a27c21de213ba51fb47660461954224d,7,1,0,8
4b002aa97a1be49958894bf8c10d55ac49657cb0,1,1,1,2
ec49172f96281b17770160e687147f15231836b4,18,5,0,23
529ad88821bcdf6d32a335cc694574a2524520b4,4,1,0,5
fefed7da1b1a3572d32fea02b7ce7300fbe06a10,270,1,0,271
15548496196eef3c87e19bac58f07f857cc81292,45,3,0,48
8d2483ab1f3d266c0e1147f4bb83a79556307802,6782,8,0,6790
dcbf996f92bd53fe8666d9ce85433d7947a11843,1,1,0,2
acfeafe65498513e7e00d8fd8eda1e163cfe7410,623,14,6,637
e10d0d9f834e1375b5b6cc87bd09ed0edfcd5ca7,7082,13,0,7095
a76ffb4f2005425d091d1293beed2b6aa6ac0fb0,131,2,0,133
10c54559d4f5b36b11352264876882bd782e653f,11808,96,0,11904
9ad4acf784185528c3efd9ac923a83ac5398816d,2,1,0,3
a8078a56e4604813a025f5ac1bc303bae1fcf4a1,7974,37,0,8011
b952849c4ad17213d62e29d3cf82bd7f3ee723a5,14,1,0,15
96715887a4096df64d6bedafbde8d2fd7313ede3,6785,10,0,6795
14e9dabc3aed75e08ce2b516b6c67838e34c247d,36,2,0,38
774570c408c61f08cf44aa6bdcbaaefea9bf2a58,301,11,2,312
b3b76456c2bfebf95943a523f766787ed6cb173d,5,2,2,7
de5a1d5ce5cf1f9b33138822d170397ffd6e1136,6799,11,0,6810
434ace7d889f21719399fba57bdeddc5201c1702,1246,14,2,1260
6078da287de6ba6eba4fd28d5f3aea1cc11309aa,148,13,2,161
0ae588931ce0f6b1d86d7d8679734776fec84c7c,149,9,1,158
e3bd249c73358f9848f1e5d1b05689682c681b26,112,2,0,114
4c010e3e06b4ed985d3a70ce68ad14429a071b25,27,2,1,29
2be7da6edc2c1b6de2388c785f1f7020af8c0977,1467,18,0,1485
fa88b872217b942b83157caecec0f53750c79416,45,4,1,49
a1773ee939ec4ca2cf026b2276fa80fa88103233,4,2,1,6
469927e18a44383f0d776413650467c473d9316b,1583,18,0,1601
304b238d2b1d99d7559a16f8830c322e78abbfa5,121,5,0,126
73bb38367f6810762ef833963fcb330ac6db1336,183,3,1,186
0e9c6b2ea57c56e8cb87f59cce25a98e78efac8b,45,4,0,49
8c55450f75b2ffe1095d88052f1bf9603a869da8,96,5,0,101
7ee1739a26fe63b397660b4f95ed51c9af67ce9b,63,4,0,67
1f99a921eb6b1c054cae899eec813cbf2219d2fe,36,2,1,38
837f7e706bd9fc3c6044d324928deeeb9ad32f2f,150,4,0,154
efc94414acbb21757b8182bb846e11f1727ed9c3,217,8,2,225
a024cbdfdf1881ce32ff18e7ce08cf29f4670be2,37,4,0,41
01dba5a98e5f113c9d60b2dff4f6addbfee34016,23,1,0,24
0f13b3915f0582202587895beeb29aa34eaed6be,158,2,1,160
2f70a609c19f38f8a15e3d9f9e1643096878c44d,3,2,0,5
0740d4d26ee298ecf48a69d24f96c0cdb5c30037,53,3,0,56
3275c357c12a87e63d0d482e797cc7cc87ce48a4,1103,14,0,1117
b2a8502a415ecbae1f62420173775b09bb7f04f3,32,3,0,35
784cd1c58d9d592dc49192b465308e25c056ed98,15,2,0,17
1a76d2adeadf2c28f736a61aa2790cc193aa3509,387,9,1,396
63c00d22160b7316e6c345558df3d5181c65b491,51,2,0,53
7c065f982afae56c08d79d3f161636ef9dd8abfd,116,3,2,119
fcbcdd67feffa4bbb63415d7c44eadf14926c6e6,52,9,3,61
0074d5b60d2dbadd6dc6811f4b0a61dea0dc1204,1093,38,0,1131
89a8ebb3ebaf420e3c5f9ec442c7848e452cd482,59,3,0,62
62872c12ae0d4d3ef1953cab1ae73dd53b363a9b,1986,22,4,2008
c8fb56eb695f2212d4a659b9cee4e45fb9dc873f,20,4,0,24
c776de6abd3854398d5fa49c1d7f2c5b2561dbdb,15,2,0,17
005da61c5dfcad402accaa3ce2db25aec4cbe38c,59,3,0,62
5156df3419780abc96110b2d23d773c937f56845,59,3,0,62
4f53ecc2f38863acc05df5853384fd2214e20d35,134,14,6,148
639e4edea639348a42a20a051671b02ff841b3a3,0,0,0,0
5094aca826da69c0579bd94ec791955706a99b3f,74,5,0,79
8e8e147e06f5d6f8c713e9f53aaf5d8124687cd4,124,4,3,128
bb9fd70a3bcebb33ee1758ad159b56ab1401d7ba,4,2,0,6
8e91927b535b28d978d00c1044b29d2f863bbb60,59,3,0,62
2426915805621abe8e67e9c9734d6a4afa5f800b,78,7,0,85
fc46ddd0c4d458f56203c210ffbc67396d058cb9,15094,625,0,15719
7c772d5453e20bd84047643dbe0e31505e59aa2c,8177,58,0,8235
d3216349a22b2345575ea37dac5691bcadc8af6e,133,3,2,136
d9ba31432cacd49079053aa776cfb272ef2960bb,40,2,0,42
ca72dd3f96c4651702084dae6451814bd21a7740,3,2,1,5
b398ee0698247d6770336f8e557a91fe6dd0da6d,3,2,0,5
fb24af86ccda532d6eaff9073127c544eee97b8e,77,7,0,84
758906c28174676307fe23fe675b72ab54b83138,26,4,3,30
0be81ff96b03b72c74a453cbb5de6b04ec92af1d,17,1,0,18
7e51333794b28bdbed375612e9ff6c350c031eab,82,9,0,91
3ecf8ed340dffe3103cb907264ee3043e6a653ff,113,6,1,119
64e234e8ae5866da986b423a82b5642bda48a3e8,11,3,3,14
6073b3c6b7b86dbb2653db4b732436c8e7f39155,1,1,1,2
efda692270b8bcefa9486b5bebe2b51a1103ca2c,97,11,0,108
8f13b4543ead709dbc50f1920cafe367b4c556b2,14,2,2,16
56fac3926fc1ae6e414c0d33574f5c3194723b1a,95,3,1,98
167aa26a09a994edbbbb15955f6de7a556d30283,89,4,2,93
e79b99e5a13d4bb6bb945df2359c05d6e5624816,43,7,0,50
d9059df069eef6b59138d5c6ca586cddfe25c4de,108,15,0,123
35dbebbc9e34249d4f282206bbb1471ec5d3ac6b,6,1,1,7
37eee4110abaaab73a6f33cc91a92caa557b10a9,6,1,0,7
a77357d571d540f089a6c2d837d9a59448623391,6,1,1,7
b2ccbc8a5df307ff2360544c5e19c987a8a33966,9,2,2,11
e70dad7a064a1b56db99a716a7e5448cace7a2f6,454,8,1,462
b9dd966835979289abd67c1032d57ca48da498c3,2,1,1,3
7cbab00e57c13cb1ba11937975ed94b5015cb25d,4,1,0,5
a164626dedb6c295e48a046d964d1c49e4a98f6f,2,1,1,3
5daddb20c1cf2e81b965b27d169a6f0a663900e1,1148,52,0,1200
658b467f2309c837f3aea389f7edd7b63ecdf6de,4,2,1,6
fa5014aa6097277e8956b804dcec8eb034b3816a,3,1,1,4
6d0d100a2a572327e27921e0af3c67427813b6d7,19,2,2,21
0ce510379c10f55da283d3abaf71effc37512f28,10,3,0,13
f6f40f9f8e6f0b2b93f317b9d17934a33fefc90e,31,7,1,38
60adc7ae0dbc3bbc7bf992b60c32cfd706aabc8c,34,8,0,42
a710619e1f5e31b5bb115196bf4815d5658651ff,7191,26,0,7217
1cc39dc739393aa7d8e5a66bf0a5696f2bbac574,45,3,0,48
a92d7a62c5dbfba05d1e847252bdf9b65ddb3166,40,2,0,42
877fe914624ccb0ff82a9a1922365d7a19f00d44,11,3,3,14
987ffc2ba3d05edb49dac4662207d458102d4e39,1,1,1,2
2d0d49256d281adefec4546d07c9e186ad89a7ef,4,2,1,6
33ba136c5f6806ab80d12b229f4d51d2bba6a78c,3,1,1,4
c67094ffdf34ee0e90eee0630c0c3040a461ed0e,19,2,2,21
f628f3b3b8338798711b111153f76f41c04c6614,18,1,0,19
197c6565f8dfb96e184382f74a4dc4f3def6e4b3,61,8,0,69
efd9fe0270d85ccae6828db7cdc8aadad6aff5b2,0,0,0,0
9f4d06eeab7bd965afed09d83388eaab206ba1db,803,8,0,811
eccd7f1e8865408b9f833cbe953239f26c46f5dd,35,2,1,37
53852bab14d3b9bdc548101e58a5fc5ea6b29cef,38,2,0,40
49a1b55b5f0d3f9db810d879de7ad8e566d74b5f,66,2,1,68
b5e120dff7622675585cc637f3446a53186a6ec9,66,2,0,68
222647c087e062d8162ffe283137cff235e6850c,28,5,1,33
af8cbe6d2de1110bfff9b3dd2d029d2ee5482d99,118,4,0,122
fbda3290810922e368423078b115e6fdc0ab81be,152,6,1,158
17fb5ebd6a3d7296f28bb077473b1d55a56de1ff,118,4,0,122
507e7201ab46aa6dd02057cf8d40780952c747fc,102,17,0,119
b05f74c69c95e85d9e21cf2301ff216b72a62312,13,1,0,14
5f08726a1816fdadc04b99aa5fc6a6a708c50b54,50,14,0,64
b1b078962bcad53477598a528a5f290ad8be8953,12,1,0,13
f4822d7dcab9abdaf56c3c8a5a1e1391c7e15c32,55,5,1,60
ac67f3b9d66532f1e202ad0ee92fefc2af0810f4,181,7,1,188
c3ae1102d694553daebaa836499b5da44446b7b4,128,4,0,132
9c40c129de57b66d672ab1fe89cf69c4e9723e1a,11397,96,0,11493
f61d4566c38ff746c59a605bc80d3aa81325660b,8200,72,0,8272
0eab2564a35fe1a6da8635e1c3f5762247ba0e26,11397,96,0,11493
531486e6ac334d95ccb182e67743c068c12a512f,11397,96,0,11493
bd05e8cead94559723c4d0aa01d6654edeb7ccf7,25,4,0,29
9f7aa5f6b2f280ef805e77ce393eacadb4f091aa,182,5,0,187
e17ea3ce12043cd2e3fa2309bef37b632b0f889d,82,5,0,87
e29283bf289f7b88d8081171877c262b28b9b984,6,2,0,8
4cecfb07de71b22fc206150e8e8bf010bfb44ec9,155,8,3,163
44377bb48572f45a5426d9b992c7114578fb5287,135,25,0,160
b916506f622e3a8135cd3d79c856c3c8de96c221,135,25,0,160
c1abc5afb6efc8e39754d06fd2fc4ea5bf5eea4b,182,5,0,187
80c82f66f7da52052d1bdfc1f60be9195d8d75b9,22,8,0,30
c9cc7f50ff0ff1f3deb82782fc0738d48c34f6ca,182,5,0,187
794011ba990a94d6575f2d333c1ef9bd4e2423c3,8,1,0,9
68366398badbb7cb75982446b4faf8421655624c,37,5,0,42
f089d7845b5f8353bcdd40adb6e0d16af5861ad7,20,4,0,24
dc25d5a0b263f72652944e0736d84d10bc2b7e6c,7,5,2,12
5633fd603cb2927675019f7085d163b3f629cd3c,109,18,0,127
6c6fc27af869767c10a1c5d6305737423bbb8152,10,1,0,11
5f4f327c4d5b74e3186d7b374e0e01e9d1b11996,14,2,1,16
60c6fd1678f2b04102c2c09e883f3d14eaabc082,6692,6,0,6698
cd8b12849198b6be51c526787341a1426d85f0fe,45,8,0,53
bc34197500d9f391754c5bc46cd59aa0a521ba4b,16,3,0,19
5893c89cf5f81c8efcf85bbd8eb81c4506f3538c,45,8,0,53
76154e1eb47d3e95c7d35690e077b95f414796bf,6712,11,0,6723
2a2484c877f23f9629e857881872320a850a4800,11423,100,0,11523
de60da8f11b96458513234b4750f508a901bf5f4,3,1,0,4
11087626eed28efcb74ed8a30e21dfbea5159fc4,14,2,0,16
aa0edf56992b7ad3e9136f8182c51b534b7605bb,152,28,0,180
ea43d8a3e35d9d9df5697e90b41707086b6c9586,14,2,0,16
0dd9ee56821858ebc15b60e5359a8c0777b5eca3,849,23,0,872
de89e73eb14c05802bc9781fdb577761c7c6b86d,6,1,1,7
746c84d69ff2e9bc94a02a02ff11cdcb591d70a3,44,9,0,53
b7d978d86839f5497aea2c1f9ffca8548408d1fc,6853,25,0,6878
ecfef8f222bcb3f23404839c0fe0ca2d6067b42a,28,6,0,34
e702f942412c69e3b4925f4be29f970d8bfc5eb8,24210,699,0,24909
01ff3f805cbe2e72c241ac1954020788fe250748,57,11,0,68
ffae1296acc12880cea2b9c3f0c638ee00593595,38,2,0,40
56d2d4a7dbbf3ba9c4a6347e700407dc38a3f244,38,2,0,40
4f977792e54e55e9ac6cb7c5dd9c34cf05c0d59b,3837,90,0,3927
eef3d36d8c43827647c9171377194f643e28473d,40,2,0,42
15af55a04df80ce968b4e9fc5f6f95159a34687f,7738,53,0,7791
79d8278fe008e610ae526fb7b53c72960d7579da,40,2,0,42
04a9adf699cb9d493427aade1f99ee91a71f2c3b,10,3,0,13
60168e43d9ed10df9a8807acce8c59c40de53343,7806,56,0,7862
90a60f223c717f5e3afd1ce4bfe2e5e426b07077,6,1,0,7
cd596e95b4a3898957fd82f8d1b65bea8ab31e48,6951,33,0,6984
5cfcad4c188f78b0943f6b3e8f6a32d244f98f58,27028,733,0,27761
d5e9997c8fcadaa00a59e174d7e416a2b4f1a4b4,6951,33,0,6984
47f9eaa49fdc0b7a14c9eb95508d41bfac8e69b0,12,2,0,14
31733a644aa8dc36658565537d061aeca8f4b540,48,2,2,50
39eeda7b87e1d2f848db62a31ba89f186c656ea2,298,6,0,304
42a98976724d0c33d908e4929c446d1e5ea1875c,27370,744,0,28114
a5d9f96821721cf570ccb326d0596f73abba09ab,5,1,0,6
f587efe7a65535dad0f7cfffd5fec000e6073d01,38,2,0,40
199c6b375fae63a5835c24eeb8fa646de65c0c56,5,1,0,6
499582f7f13011739dbb5b16d9a8e4a232aa9e2e,126,5,0,131
3a095a53f6ee99fd185afbf880d23bcb70058ede,7,1,0,8
cd248d7fb0cf9427fa2e70b40bd5e4bd9a40b0ee,7249,39,0,7288
e549b2dcc598e22bc60882bddc659bad6e60a8d4,21,1,0,22
fa2447a9f87ba9fc674da6013632367163188ff9,141,5,5,146
679c7c07cb5990a918c8d5dcae1a3fb65b36f33f,7944,78,0,8022
bf14b9be70ff2427baea719c2c831e078822789c,2,1,0,3
28f0a69dc38c0cbb146b90628ace44eb449dfed9,6858,21,0,6879
5618f76169e78670aad802d39031606174731921,9,2,0,11
d9319490d874e3429b9ac69fe2ab4ee5c16aa0ab,2,1,0,3
1b2ee4a9f6a2bde129d167c994cbb8af089cb07a,2,1,0,3
711d2c46a99579dc78f51490e97508c2612eaccb,37,5,0,42
44a09fdb19ec401324a90875f5d8f793b62cd2ac,326,9,2,335
b90510e4a6f0f8d30f021dcaee415c978951c49d,3,1,0,4
a4dddef5100f0e61ca0166dce89ad30165f619f2,19,4,0,23
a7fb86c1e9187a874f6a791620c73bd86993ee95,22,4,0,26
5a799bb78cd77ce12803460b3291cdfe7e6dfce5,7849,63,0,7912
473982b59f0231332fd4b6151e010f2edbf52ab9,7,2,0,9
37fb4691d2241487b2a6af95e8462daa02b977c9,7,2,0,9
c3b488852ef0b1f231bb1234d8daa6518e9b230e,8,2,0,10
3b923108bf6131e9b3e28f659a3354a303bf2e90,36,1,1,37
0788c6150ea533a3a3a5f2826ace212299c257ac,3646,32,0,3678
66a9e28d3dae499f23038cadd80f91d907131e06,76,2,0,78
cdb7da0e0ad88cca681b50e503c31349bf38bc73,189,63,61,252
d2d6fd430366d78485c33124708acf6f3818adf4,3682,33,0,3715
54b29c6d97a6b6e52166b44ce34698b8614dd8aa,153,63,61,216
0a659a808129a48aa18cf75d21b12cd0ca793c1d,282,2,0,284
2ce02965cff68ec16cc9a95e8bfdba7185a9563e,48,18,18,66
b330b00483fda9760ef478d4991f957735fcf820,275,11,0,286
2ed0faed4d94f018dcd025e76e181ef4fc28c460,15,13,0,28
b609d1504b7b4eed015233ee232b8ea16dccc55c,15,10,0,25
63dfc53d477552cffe1cfe44105841b7b9c28856,13,46,0,59
4091787070969159fa35ab34573535cc31c43c88,0,1,0,1
048dbd92d8ebd5a743015a2e04023c1cf8877069,12,3,0,15
375d10d3c23ca34c858b8ec28a6b2a1e5782a0b7,655,11,0,666
8e7bcf5fa085603164f2068feb072bf2b5118020,2,1,0,3
d69c4cb46bdbd0dd54e3064defa7c211e75a2541,61,6,0,67
93b54b256159fb0738d1c310405e74b6a4c0ef6e,11549,98,0,11647
2a1fcbfd5d95c94d844fc12e171ede2a58f46b60,438,2,1,440
97f755af4b1cbd639037a544af4d2e40c5d43906,45,3,0,48
502660356e768c09435b244a04394ad06846dc21,32,2,0,34
7d5a34c95faa81ac0f73b4281c4f6203f21600bb,19,7,0,26
9ac42cc1c42b9a49ce5ffc5516282771db1debb6,20,2,0,22
df3354939adf3acb027793bc7dae9e637f90c2e7,4,1,0,5
148c8843e6668a8f85b507b0d1c6a814e6660026,4,2,0,6
82b9a86da562022526e7761d3c09f9bc499a79f6,102,6,3,108
cdf4f7251a2229d69231c247f034e546bad37353,473,5,3,478
96f0e1d832de5b4b678ec20fce520be05fdf819c,3704,37,0,3741
0a0b4e7ca7d2d4490a679e70fd492b1e53ace250,6,3,3,9
d93be293d005dc87512be8de02e3d0d649f35e9e,93,2,0,95
f31d98ef4a8a00b6af733a75d8c13df8e8cc1ff7,473,5,0,478
faca3f43de8fc3ab7425059f7e14ae34ade33d3d,80,2,0,82
bb21a01fc4f220102b77d99ccd977ab6dc2dabcc,227,24,2,251
63203628065f5c1f2a2d33b8dccf3c8cbe4fc67d,13,1,0,14
0098365dff2d757573fa11e0f9e6f88d5620fca6,20,4,0,24
14c4c2775aad39221e6c9422eebc3e5e606fcad0,73,7,0,80
255daeb4eb4da60b7141499d797aa2dbcf19eac5,10,3,0,13
342df64ea14ba7cc3431d98aa48138b1f0afc555,15,1,0,16
261cc9c42a3c8278ca989541c61e7134841ac6fd,3,1,0,4
77bcf60ef18b2a47681e391b7d058dc4375ee6e3,24,2,0,26
9aca79904695c45b0660d7d485d20b53042919d1,577,10,0,587
e93cdeff15aee6ca0e0d5f8ecf3265ab6002e65c,265,1,0,266
073549802780732242f75c4772c962e565481432,20,4,0,24
8eade3ea6bab07e709710f3bf1c9d6ea5329c3c1,285,5,0,290
82525b8d7bad170bf27cef1e29895ca7559dc210,106,2,0,108
cbc8fcd2d60d03e1ef33c545964bd64a388a9350,38,5,0,43
3d538ec36c799e4b6af64351617a1f80881c436c,1,1,0,2
852eccddec3f98fcc9673735eb9c234773f6e762,285,5,0,290
7d206fc1a90d3932f306d9e2dc66e6f988a085a9,295,35,7,330
3957ab28efc18f0ccf056f6bb4302bc60728a89a,12,4,0,16
967e628247c52401081ecd450b3df73a3f3a5bc5,6251,226,0,6477
a0609ad1a47625092080c71790ff36ca08a7b80a,2,1,0,3
0664aeae0793ee1237c26f696c9784d78ab66207,375,3,0,378
abed57d025461d646086285b9ccd8e60a8f88651,14,44,8,58
6c7048f4c1fabdd3f50973645c69dd7ca70d4329,301,1,0,302
12b5d6318a7cd417495e5af9625938331186b6fd,238,3,0,241
7fd6f947e5e82fba07a8266cbb90e4a3641e5000,5498,115,0,5613
878f1e78af810ebc6ad7f5047b3596de60a7e9c3,17019,211,0,17230
3b8859daa0eb8e15e0f520e5ab5b69b35c82f49f,5500,116,0,5616
b46f70b421371f07cb2de3c635a1a6ffbee7d40e,5215,112,0,5327
bf9c5c282c03e1fbcfb740ee5b30f939ae2ead58,7147,272,0,7419
2ce1628c2c35a073ca2ff3f0471862335651d7f9,168,4,2,172
950407bba0a942e26d2ebc917d6d10341c675310,2,1,0,3
a68fc1d896f0a66be09bdcc06e6140f1a597c042,7147,272,0,7419
3634fbd686c7ea684ac66f1c94b0648109857e2d,7147,272,0,7419
cc9dbdfbbb6e265355bc88e47954f7f528c45192,5500,116,0,5616
3e883c15a6306936e738898c0451f93ab0878743,676,10,0,686
103f9d7809815b372a3a939de456768d6e1c5af9,117,4,0,121
d1f5c09466135b7c8edec465f338243c3e3c4354,12,4,0,16
1d6a13160e44d81538664039f7fdfd95caab8f8e,117,4,0,121
ff031c33ca5f392c9f037e82fa4db11863f44288,2,1,0,3
cf7024f36d57dd65cbdc199248ffcbb670074d85,4,1,0,5
932e093e6f62e8af05ee70603bd72a2f652dda75,48,3,0,51
76945466b73a2afe63badd1d1e4c8166c3fe634a,159,5,0,164
843129a1c599592981a38d3e1bb48428cc2a5aa8,1210,25,0,1235
161e33677c0512d705db3fe02bb1f849d4cd1782,169,12,0,181
a3b0ceabb0b209009c84ba3b53074a2b9a982402,652,33,6,685
f052865c6d652b14bd81e5a3586bc4f97912a6a4,32,1,0,33
ce2a924233435aa812a1f17bf818703438941c4a,519,10,2,529
f7825eb339d6305a8dc4b6a9763c7f613acf7955,2,1,0,3
e687726e86ea3c414a5606ffdc0b68570dab7962,250,7,0,257
efb5a2ccf29b75fa5c530a534bcc2544d1203504,5,1,0,6
4a059e259e4835c57f84fbc8d53a57f2c02aa5f1,279,6,0,285
0697f941af1bfeb7735bde3e54f0a3b0e2ffe6f5,1409,101,0,1510
f1e8a9c1d2e91ebc9c58c5139c874c04e18e9b3f,317,7,4,324
65fa375063c935fdec292757f791f65105acf33d,624,38,0,662
9ce22cc4806c95eb7e7fff5819890a2ee837902f,4,1,0,5
339d3b5745277a8c1eabe0908fef5e9a7bf5bbe4,28,6,0,34
a672a84cf9ac6db35392d1702708ed6f666c7907,5500,116,0,5616
8c3d639f2ff8ea2aca654c9ec513165d1945067b,67,1,0,68
2a320899c92a305d80e6c6503aea845e35e493c9,37,8,0,45
13781f67fb3f0138e9bc532ab7d59aeec252919f,2,2,1,4
45ae19b24515e69c8ba7e4dfebcfb911b6874c72,5500,116,0,5616
66125f5eb9b12a131400960e7e7734cfebc172db,0,0,0,0
2b419d0eb6b2260a68ca36269a889fa1290d6538,17709,236,0,17945
839a490625df57d4280dd9d8f29fd97c4d4de0ed,6870,7,0,6877
263b6771e120acdf93ec6a38da7503d82ea02b91,3044,7,0,3051
3912e15df079876b68b3061e38c6f7ef41c8a4a2,6870,7,0,6877
e3a0f8e2f1f7a382d407d072f7b2169f365fa0b2,679,4,0,683
391b5c680ef83c95aea4d1b9b562a15786234fc6,216,7,0,223
2b484e03f4fae661d814bf996c39c9781178b7b5,159,5,0,164
7313c585c7c29ad4111e13b03efd804bcf9adc58,159,5,0,164
283c07f26745a90f546faf88dcaa0b229d85e251,13,5,0,18
5e9943a89b2be9acff322cd83d45b46f1c72cadb,2422,16,0,2438
8bd4c97c374471fd3bae3f7513d90e14a4cac9cc,7180,274,0,7454
a44f80d624ecaa618dd1094c5e9267c347509fd7,16603,1,0,16604
21eb8737eef8c84bf4189f3e8f8b6b28bd603fc3,0,0,0,0
c0f80f0a24400cacfb5d30b053cf08c67ecbfa5d,15,3,1,18
03d852931b7f9af210c6cd7b737b497771156bf8,16610,1,0,16611
24b050d74e03fcdaf4e52011b6853047cf198ea9,142,12,3,154
db293002cc467022a616c51e5b02af87c56120b6,16724,1,0,16725
bda038833747ecef0721e70a7ef938126854222f,47,17,15,64
73092afdfb4e892a5fcd9f1bc4912356c3d32c61,1860,136,0,1996
15ba54b14bcf877be364c34cd77b78fd1c072a83,0,0,0,0
44d0a9a6099cd8fb75f151ba44d6a1191419b6e9,6,3,0,9
4f2777e15cf3d1a6fd664d94d4968c5130c4272c,16777,2,0,16779
157a3447d4fe99dc390880a01c63ccba957c5a63,6080,147,0,6227
58b43ce888fd83afb13584819c94267daab9aeab,444,10,0,454
f630e51c0cc4b05158ef8c422a7d2a196d7684ec,5712,144,0,5856
9ae41113af7c5db87c7f906888c8cf753dd068c8,45,9,3,54
462ea1cfec6376d4812f368816604238ac75865f,22,8,0,30
9050fe6002b6149ebdbe82760c478fb87845a5bf,40,2,0,42
5ce272fd2ad8a2bef9057c184b9f1011ee4a5741,0,2,0,2
a480634972cf0eff8cb190b7c43fa81cb270e856,16839,12,0,16851
e1f2d4414cc9dc26d16250f2ed2237c39835620f,40,2,0,42
06ff6a5756cfc2b032120c83d36fb8d6698a1628,22,8,0,30
bfb7057413496cb5d7a2649dd67ff4daab18148f,258,1,0,259
af35812f1dbcdc75bcb500a4d72c21f5f01c7b11,2,1,0,3
2de6bba345b895b68dfe4c27fd1fa98d137223e7,76,8,0,84
0b7e9dcb20d8c2d9660cc3ddb8c2ad5c51d64a6f,4,1,0,5
65315f5eb992eac72bca81e69ea19dbf1a2888dd,16839,12,0,16851
10487de715c0bfb9f731da5a6a10f0b4862d7b5d,40,2,0,42
f97369337c6c7073645f004acbfd28dd94134dca,655,86,0,741
617c23ff6ef78ce6eeaa1f5f2342d2dc56aa36ee,40,2,0,42
996ce1901c4990ee179ff6c75a8ad2f3f28ff7c6,16841,13,0,16854
c032c90d942d59d2ec4a7073368838c4b5d23ff2,0,2,0,2
39be78196fb970e5ccf2e22d54ece80a165450da,42,3,0,45
34a1083926dbe25ab4c0b206494a9b6e483764cc,1238,39,0,1277
c20c467f2d352ee5becaf95a53f838bd0fdcb943,2,1,1,3
57af1b52920357773838490f49429effc33d8ce0,1238,39,0,1277
6be616c303a8588d403a26564bb84bae028f1bf3,5833,159,0,5992
39f217e19abe0631f30e96d96099f3a8e690e3b4,23783,196,0,23979
3568a81ac89cb619c9597515d80803846102e12c,67,1,0,68
69954d2eccfefc7652b86aef12f46d3b5188e645,16904,15,0,16919
bdc37bb43ad2e75f46ea5c24109b155791b310e1,6,3,0,9
d466d823a115e5d54e502d6afc14571362cb5c97,212,18,0,230
cd1e68959b2ba867a8e0fbe2e79ca828eb437e28,18,3,0,21
cc839cff6272e851057eda65b135a9ef5a77fc47,2204,25,0,2229
3906146e5a5b7aab8b4b3338ecadc54ca9c559d8,19043,39,0,19082
e5183c63e0ad1848f05715a7945d3070babb36ba,26,1,0,27
59db1a64a3af1692e2bc03f4d8913f93c74d3838,6,1,0,7
17e5fa283bedc60f98eba7005437bbe9d462c6e6,556,15,0,571
2cca491de6e2af7a7a55048ee25d7a6aa30bb0b4,357,12,2,369
498b13b58c2257dbda6bb55546b7ea2201974734,19,2,0,21
175843c311124ac0dc5ef29ae0daba13bdede953,23784,196,0,23980
1b08fcb0c53e91bf2afb741ec44962db6ffbd32e,24,7,1,31
201e8ee60780ac57d866ac3d9d655d3976a41cbc,251,4,0,255
4b1e984d16587701fc6e11d282e57d8f2a000c67,701,8,0,709
46f848a6711861ac6b6ef5fbb3dd9b2c51f7e3ff,20,1,0,21
2acd88ecf3ebc976dcbbb85d938826480d42452e,164,4,1,168
cab62a7231b6a4db1a3a78c884a4db407ad6738f,40,2,0,42
d4710477e875e761e3f0f8cf7cf2ec3b2c866bb4,701,8,0,709
085a770baf34a6a7b67886a9bd7b2155897f374b,1140,8,0,1148
4e361291dbd2a5ecb3d117c531860f402b1dc178,34,3,0,37
88fb014a877fb7486b80d6b92f716bc53320d4d5,699,10,1,709
c433ee82b2dce974524fe9aa3e7949036f3934c8,84,3,1,87
ca6a086cd159beb339b450ab5bede89244771de7,28253,193,0,28446
9534fa7834c84bb3a330dac2bf6e9ad3f96b6c2a,393,12,2,405
42c3ccd85337849c4dd8ad3c4c8aa7ec6eba4024,2967,44,0,3011
b18b63bef186bf7150f64b2ff3988103808f51bd,22,6,0,28
9baa4c90a21763542551f21bb2b8cfeb7cd43f07,2,1,0,3
f91fd465834070c936299d964a692078a83e8cf1,5,1,0,6
3973391287e6d557e542dbb60333231bbdb83c62,42076,536,0,42612
27521528f43f2afbca84f0b7476d273a63aa3e79,355,5,0,360
39ca5a50c7c4a80c7aa42bd5126782098836b09a,645,15,4,660
c4488122a649e78f3cf35b733e8e8b684a74b00d,244,6,3,250
9234113b87cc7f698ef21bc81dfa0e43eb3d4de4,16841,13,0,16854
7e23a0e7444686dc177e3969f0f8136f7a94613f,4908,54,0,4962
9d260adae669c9c25e3cd737fa074347d5fc9d5d,333,7,0,340
6276a0aa7a5cddf323e24d9eb99cea1ea5354595,2783,18,0,2801
7bddabe354c25ef10de9cf5130564b36e4478c5c,2783,18,0,2801
769a8db975e7a10759b9ef338e66d3ef72ff549c,2,1,0,3
b4ce4a22fd55c93c80888f4677f9955a75650ecb,2781,17,0,2798
fb1a124e5a35c8dc3c9fe34e98dd9c9d7afbcd69,16,4,0,20
0120b4301cc3086b162a835dac770e9b5ad7e2e6,900,31,0,931
23c1e44fe5b35d7d0046009a70bc24bece83397d,2781,17,0,2798
836be66b8839c68147ef0bc59494ba7faad8d677,2,2,0,4
aebd5f9cb7d452b7f132b92de9a9f63226eed3dd,294,13,0,307
fe88a6cf1cb4b3b2825ddedeb9247178985c99f7,258,3,0,261
1b8c5682033442d1c9d15c4d25773bef2ff3a344,2,1,0,3
1f3680954a089d28713c7ee9735e767b2f275b63,368,26,0,394
70bfb2ab6d06e3525af5cf805f4568ff8c2a0cd7,12,3,0,15
c8ca882195de8d213eefce18e053a8b4b84dd173,198,6,0,204
ba54b26512a200c63d0dbc60f19e6aab91a264db,2781,17,0,2798
50676828f8e56172e84fec946eb979565fd6a5e3,32,2,0,34
f0a233b506e86afbe92836231a4f40e369e8fa9b,4,1,0,5
a1501bf33e8f05b0bdfc44db4da2b43810df8274,469,13,1,482
441a25c36619ff5177b6600310d469c7d8b5a0c3,3592,26,0,3618
ae373cf82d03205bd8acb98688b348b75892ba5b,31,4,1,35
d47df0749acb465c80f20646cae28c712b417408,7,2,0,9
28b7506e718aa56c465fb284ad739a87d00cff64,110,1,0,111
5a07ebcce9c57ef634a76b562c03f8b0fb1ea11a,69,1,0,70
8cc3e6a42dd19d3c4d5e0bbf5e4c94eaa9cd7921,362,5,3,367
b3fbef466f4acbea263f3b71b5493085944eb7a3,116,6,1,122
9caeef152beb35b9ae8ae2b1faa99434265cfdb8,43,6,0,49
37eb8da23d36b6e2c5e32bdd41b544a957b5e3f4,3661,27,0,3688
fe24ae0cf58616a9fe130a0b49458665c9b95cd1,476,22,0,498
780a774cafce69aa7a081c26849914b100728784,224,2,0,226
43587939a5cb33997667f414900968e658e47fe9,630,22,6,652
5efb552cb426c8bc8d3827cac5db03d6f325f885,16,2,0,18
3c0f187e26c73e45ceff0f28395319e08d0ff52a,476,22,0,498
a16493f4359f9275ad1626d0a727666af6ad9fdd,940,11,2,951
1fe191c7b4841d56ba1aebc270776a990f52e5ed,396,8,1,404
239fbff7a073bbb152a9e7eac12c4d9d90c79af4,657,25,0,682
76f1f4d998c3fbe351d019e0ece44d62c8d93332,655,24,0,679
44a061541e417ec8c4717f82f7b40b94ba13bbf4,125,6,0,131
285d8ab73a2bd440762b5157a20bcbc1e73502f5,23784,196,0,23980
c4c7f20be53581f2bb043157ceb597539f35e0ef,32,2,1,34
37887550cbf0bf58191f618340593d3f6fb3323a,85,11,7,96
4cafe24f6d6a8c2fb13bf79d90ecd55a7ffaf170,204,8,7,212
ab83321e2110918dbb0e41d19fba754042795f8e,56,12,8,68
455d284276fc19cfee2c170fc3a43300bbc3754c,12,1,1,13
ffe86862b05a2296def9ef64fbd3ec89a033263e,1,1,0,2
32634b825969badeaab667ef328d28f53f5adf7b,15,34,19,49
77894af6eb5d0c0252a03f17b7e25d2a7478389c,3,1,0,4
f182396659365f4f41ff9e33bacb852570639079,655,24,0,679
d9e121ca1bc9189a327a4888c84c3fd5cba65ada,23188,85,0,23273
72486ec468c89539129063a2ab7718d6a901aca0,286,29,22,315
5e01a69a007694d6955842b24b08fe50c4a41fe5,71,2,1,73
1dbca990d64dbe6a524a3bc22b902d2a697d4280,278,3,0,281
3114d40d3c276b722885846c8cb2be3a40c27deb,420,52,28,472
1917c69395176db0763fd3b952c1d8dcf595df54,23,4,0,27
438957a05aca46e0b1857bc8d5b2c05164849aba,12,1,0,13
1bb089faa8cc0b6577d76dcbe6342bcf57cce619,5,1,0,6
34209f838c8eb3806d090f8bfe8b6028a821e91a,545,23,0,568
22e294256330d81c776103ad410cba9d95a3965a,11,6,0,17
d2c54291febcf59d1213915d6e9110db1dbf396e,23187,85,0,23272
a0b6e5386366d22f2a7ef3003c0dd299465c6451,1816,117,100,1933
18838501005715a2841f0d0c3ef7d9dc3193cad9,22934,82,0,23016
f09f9e5f9554887674703a8fff49d44d7bf06e65,46,3,0,49
098cab57f2f4d45d34775589939df9943a02c1b1,136,11,1,147
310b56234249f68c97cc898b3479128b23474b0f,46,3,0,49
416b0a7dfa279f0921d2d2946c7a20ddb1c655d8,25,2,0,27
59719977aa8bbeaf6f4984a126fcf3cedd528b2f,8,2,0,10
f620d775f5e4b10509252c6c07f1e4f7527727b3,3,1,0,4
66fb45be7a7ebee817b60785db4810d7f94b7271,332,13,0,345
5c9cd45dcd7b0da8bb468ee35422ddfabf572e24,117,7,2,124
a65018ad05dbbd2e75f8f85a4cfcd1ee08034af3,6,1,1,7
c97145f866acafa60b7f4b2752fa4bddc477605d,6,1,0,7
fdc77772ed1b8b8c780ac0e733736b9597cfae26,1735,190,0,1925
5c33c6bdba36b992cc787cd5c8a531257cc2d291,5,1,0,6
b2ac175e150dd640130516749e4b5c68be25e759,24,2,1,26
0d0ebd671625804f2598c5a606b3e14963392dd0,545,23,0,568
d288bac0c40df79a11df41260c217ee3c93d5032,11,2,0,13
49e98f7b1135078162bfb109a85f07929eaff204,1003,29,0,1032
f7485d3d0f4510015a30ddb370b41cec6a95eae4,106,13,8,119
386723d5695e535022cd459b64ea007564da56d3,6,2,0,8
ddf376bde6179bde5dd6745f0997b990fb111c7a,3436,40,0,3476
8c2f298cd2e944d7912afa6d2ba5352d0ae35503,520,10,8,530
26629a5d884bd68988f015d0b7b0e0cdbd15352f,63,1,0,64
405ac0dd027fe95e4d6f6be4d5f2563a01642c49,3,1,0,4
a2571706ab049a61e016358e93169c5f4a50dc5f,1004,29,0,1033
a5c952ba96c8655f0f0e21be03453ff8376e69f2,83,4,0,87
0888ecacdba6006b77a0248607e0f81813accfc0,578,9,0,587
05107e37a225073b49066ccd5ba0bba70bdf6fcb,520,10,0,530
8b2ea4df6d977f0f550886f2899e628bb757a77d,59,3,2,62
db0974fd824c992a97ae08347d19f730834c7af3,26,2,0,28
600b87cf6c1845cebfa04826bf242871b1a7637b,143,9,4,152
10dfe0bf7d98109225dea7a6347b473bd4282477,578,9,0,587
bcd0651cb7146738d8f5bde0595a868fcd4110dc,163,2,0,165
a02d6f54f4e0969ee63bc75970f2cb1d553104d7,714,11,2,725
a60c7e2e5bb965d07f8641e521fa84f3dfbfef9e,236,10,2,246
abd8b1b263c863af8a5b507e64fac0e629b87ddf,25097,214,0,25311
72370828a633b3ca2fdb319972335827f0799728,8,1,0,9
adc2cb89e38c337b5b814c435d0d9c04a742e6a8,1021,12,2,1033
14162f8f782f7ecdf4ba770d170ab3b49d807279,2,1,0,3
113005dd84921f6cc47a2c27491853ca698330c9,225,8,2,233
0244f90ebcdd6cd9a9ebfe1c919bc3fcd49b9fe7,344,9,0,353
28bb3506cf457f7943a5e06d0fa0a2aad2f11188,28,3,3,31
b3697226ac0f503c521b4fd362de58f5daafc351,357,9,0,366
d3cf9db7ff8e50c1ecf6b3c2aba27a26666b4dd8,1040,3,2,1043
198171c2fe8da3c994e40993d51de7c412419b3d,444,28,0,472
4cd93b0ce74a2da47bac783d615384a71fc8e92e,9,1,0,10
2a74c8d42b59bcee30a0990fd8769d40f412a726,170,2,0,172
98bb1dcfe4878703404d725617f0036d4ee29e8d,76,14,3,90
87c02131ff62582da0ab21af0928b77ba9b71ec5,0,1,0,1
cc7961eaae1dea969fc41a938574af2c4f5f9bcf,154,9,1,163
da424eb0902b59ac40da9e89389da4340170c417,62,1,0,63
f15c07ae71338e5d1a6bf2418971a3b6953e939e,406,11,0,417
c78469fc63c869bf977ea702e391791b369ecc85,130,6,1,136
b4cf1574be07067fc7674863ce22d198168cb44c,6712,85,0,6797
ca17cc4333e749c35ecaeb8c3af55dea08c3939c,6706,82,0,6788
07f0a23e035a7d206e2c727c3b38d7673627380d,9,2,0,11
738d23bbd4ecb23c5b154312eabbd0d3f69d821e,406,11,0,417
5a9d8c917851318cd999af61fd11bae26ca0e92b,2049,22,19,2071
d2cb1a189b68b7f889a0a7686a2435e077567b44,7,3,2,10
d82262484ece95b6063457dbb7fcea9935719e59,72,4,1,76
9390921c6f81f0e51a5965c5c476f239bace2684,75,10,1,85
f17f0717e20f413b4a94efec1a085322608bbcba,2056,25,0,2081
f23d7a6be0feaea46e95c17ce3197e652c3fd534,406,11,0,417
b3f4edfae05ddb5d3e113d1174b9826b1218300b,15,1,1,16
b2ecadce6f1d2fff6d5e943fdab51788dfe8da27,216,8,7,224
fd9a03e504ac96e3eae3130cba93a93f9fb4f4e4,75,10,0,85
8e6f1e590f6402abccf16bf6516ac912e158fc2a,120,4,4,124
841ef7e1fb538dd887144ca7d112416999c66d99,35,1,0,36
a201bb26657fb5e06b972ec98fdc9044291dbd15,11,4,1,15
6702be4b34f16dba02b13eb86d762b228d3d604a,33,4,1,37
2d8292cb76392e79109f5f8b879e7caa6be1b7e5,1,1,0,2
01cb0ad270b3cd764c2b25951073392bf1e7cc1c,284,13,0,297
a4aa55ab7cde1ebaaa640ef5faf162b1b02c67d6,13,2,0,15
0ab4bf0a62cdf6f72bde6ce3182dc446a0e2e810,1,1,0,2
1dbe7ebb0850b80653ba29bb02e221916433a0fc,2,2,1,4
6671f2b4a81da8a8b49a1953bf3c0b927316dbc2,406,11,0,417
7a16f1235675608ac67ca0b3a4d6649328c29171,9,2,0,11
a9756cbf0294e3a316d871d2af2e18e547ffa782,27,4,0,31
5ce90ea0c5b35b1fbc71572c76f97f36cc7e9520,160,6,4,166
e19115aaec9fdbbb739af39a584db5d3f4d6f105,21,1,0,22
a5588dd427f464bd377f9abebd1dc0f7a8f753ff,21,2,0,23
5c1eb3cd9b7062ca100af81b72d9281e8dd64850,23,2,0,25
869802dd2b203769ed2a2afb24f4b7377d5b5047,15,2,0,17
a448fbd4e78c3d43613a1a4e4ebe608221b33ad0,13,1,0,14
892edcf64095f9c7ab738188d6f31564eaeb9b6a,2,1,1,3
b15a7ad5c3d5dd0163f4f4f0c6a4d95a86f63749,7,1,0,8
c706479e2591da861b587e79f52661153fdf4eae,37,2,0,39
ae900526d1f822d923bff226c1adb312d56feab7,256,12,0,268
f7b348d887efc2ebd11a1eb2e979f094e9714c42,29,2,1,31
b9782357387c7b6a4075d64fdb51b838f961f24c,6882,87,0,6969
995e3de426f45d066908bbc9b3591e3a3695cd01,34,1,0,35
eb3c8c8cd9bc0089a117589194a220c937dac4af,44,3,0,47
d63e180b43d9a029a170532ca2cf059b434f850d,102,1,0,103
7869bcb3d19b8d467ee1f7f0b35d6d55f022c881,34,1,0,35
9d060b531a600f057478d54c47820c55eb074012,22,3,3,25
7f22f53a5204fba3a840a4fa524daecadcfd9365,357,3,0,360
1a993045d50a18c2db87ef53e11e81b2d136536b,2,1,0,3
304c8b2b8e0b3b9f447b5eaf6d68ee0cdef53761,56,1,0,57
59dc750c0b38d14d91a0629645e3afeae9f60d11,14,1,0,15
5555fecb4412aaf0a93dfe3f3b2714c3bf8ec391,7,1,0,8
329993766cc4ce46be1b14c2ead1a4752edac024,8,1,0,9
746c81c0702a8f0d67ea36dd30d6e1dcbb317058,2,1,1,3
d3ed3d4c093297e5a5c6d5b5b63c7063548312f3,18,1,0,19
9ecaa482178aee4196d9e220319c40bbbf7246d0,5,2,1,7
52b9590aa628c7cba3a930de2dd3bd05410e7865,473,19,0,492
3fd9093a8fd038fdc61cf80e9fc25a30cd039292,16,1,1,17
9a4f6741a258e66ffdddf32fc32c4b52995e84d2,192,12,0,204
32baa03e512ad626e6348854fb61049c7fb70d75,87,4,0,91
4702071ba6e52121149d0d0a67d4cbb45e7bfe63,8077,125,0,8202
e40c88a8e4d65d10c0b5ff415925511582b90e1d,6,2,0,8
c7d9bfb183d01d7075c3e06a14d91942d71b5edd,192,12,0,204
2b48a19d2cc02468900f0426a93c4fa2a758e845,192,12,0,204
ff277b974295277b5d7dfb1c06585f84d4919b46,131,4,0,135
88723c4f91b089dea101db4cd6690e130d8b9611,111,3,0,114
23eccb67de4210ee054de75987623df091505d39,134,6,0,140
a8bb642d2de555f21f869dc86cb6e1cda86e4cdc,836,11,0,847
9304d6209ef8b152ec582adce25d06eb46862d2b,660,7,0,667
00b46b278e4fea73144b78d6983da0f5aca8d300,13,1,0,14
4b0664316c95a673ac26c047a318fda79801787b,7627,108,0,7735
840b06dfe5b8badbdfd6613b9590fa22ccc72b28,4,1,0,5
96f8a84c71da9348af76ad6aef3f1b7d632333d7,551,15,1,566
eab1fc1737cc5ca415ed3452078bf86240fbc34c,1517,40,0,1557
dca39add756cfc72936e6d9cfcc1374ffa3ff4d1,91,1,0,92
5adb656913245b3596a6ebd8707deb4db1157e2b,1264,32,0,1296
e97304b3d9963aa12f3409cdcd0bdea8801f4f4a,9,2,0,11
f04ecccbe4eda71e065a993b48c7ee5c8c51b78a,1200,30,0,1230
88ebdf3061b1710eb273078a34b56a4a81504724,91,1,0,92
1fc4f6e8d8649ee9ff1e2bdd002796839167ef41,87,4,0,91
79b1ddca69f3d42ca3c34317b8a353c24f41a619,164,2,0,166
07a7bc89eddfb95ef4e15cd0c5bcb7cfd8200e86,4,1,0,5
d16e795ba56498d46d42e7dfd06d407a12e09b19,5,2,0,7
d349c41c832c96104544614b4f71b85288a3ed53,1202,30,0,1232
d65949ffbc4408de59d16fefac644881eff1c77d,6,2,1,8
e03e97969d96cb1594763f0ddf559a3cdd2f2629,83,5,0,88
1780c19da109bfd5ac1e73a02f6741e2c0342708,6,1,0,7
5aa8a494ea9f7348066d33642f9b03969b83b1ce,30,3,0,33
aba12e3d7ec7d5e17564c01bb60535275acc3c64,0,0,0,0
9db297273738cefb9f971fb8b8dec21f824c1fc2,7,1,0,8
983ff3d8293d334835f6aff45e16f55892476b06,101,5,0,106
a921daa47b97130a58b8ce3f12e09c3e59d1d258,4,1,0,5
9bfb77700008f35340f7bd80b8dfa34a36bda668,1608,41,0,1649
d5da56ba480b469db40d33d665687aeb10bfafb9,15,1,0,16
cce0781aa16828c2f1c4fb22af432d1a944de28a,12,1,0,13
5a147bf74ff2cb286aae7bb5a604e3f192547f0e,8,2,0,10
a6ac8b347386da3d25f594348f921f4fdf5030c7,9,4,4,13
5a9abd0882d9418d045c38c1eeea255b88dfdbd7,31,3,0,34
b795b2dc5024d90f4df6c3a4ebb6fa4b2c92b764,13,2,0,15
f1ecf2c34e9cd8aea00dcba7ea5af72effec29c4,803,12,0,815
51cb7ba043374079d4a93f89e78cb2fed70b9cbb,2,1,0,3
ed3cb48e6d3d27b77adc1601e3633bb63122d9cd,6,2,0,8
93abe56f9c6354da6007f917444f4aa96088ec2d,27,5,4,32
d62070e4a835aadcb764cc50ee9a3f0da60e772b,7,1,0,8
bff04f36b9b7719b879b97f383192b092022a53f,2,1,0,3
6550930b213199858b9bf3ceb7cafed1b73ff03f,7,1,0,8
eeec15c50fe9eb913781835af128749312d51786,36,2,0,38
efe66753ebada48179d2a2f81b9b1f3a8349a96c,388,12,2,400
65e02ee830fa8e95eacf9d91ce120074754f83a5,2261,211,0,2472
86ac8e37a9d6ac7dffdd5f8850f41b42f98ba8b2,147,11,0,158
77496bd5db623ed28f94eb0418f9319103e86951,1,1,0,2
38b84e12e1fe9088d5bf469787b9926653b7f9b3,146,11,0,157
ec3199560348d731b4a9771021864a17611acea4,18,2,2,20
ef4c07cb41fff86040a932d3c58fda837b3e0e3e,17,1,0,18
b8b84b4e603dd3b9183171fd586edc37c60f4227,29,1,1,30
923535c1ac95a333109bc5b1d2c7331f985e77b2,6,1,0,7
03c13a2424486b9caced50d62f134e081ba105fd,6,1,0,7
4ae38eb8531e64a14f6d92acec02557fac50c3fe,6,1,0,7
03f585c6dc9fe496e53c147d2f410aa95a7accfb,1346,41,0,1387
2e6ad2a4ea090c94da8bd3579bc101b7830c4025,60,6,0,66
a7f029cdd03641c39318f77d6c3b85d5f6ad0dc6,25,3,0,28
4f0c0db23c5c9db1c12dbc3c05716427a87256e7,146,11,0,157
3cb825a6322f9fa32f9b1adaff9d48efe174d357,38,15,0,53
d674f1d8ddff3af22d4cf5041feba91a3dc7c709,1848,69,0,1917
bf4b29354f8b083bfac74b10b724fd95f1dae789,77,1,0,78
fa8efc99c83e00125c16b99068006ba8d48f5265,332,1,0,333
9068cc49b291faf93379c78f89780f998bcbf5e1,252,18,0,270
e03a50c62450e5946f8984647647e568f02f0343,1034,3,2,1037
840a2696c2d8eecb8dfd249bdece76fa5980242d,787,5,0,792
1f4308c37434bc81429d854e63f0cf2aec7198c6,1645,2,0,1647
b81922288f44de103a34209ab17237c3678a49cf,12,2,0,14
927f23168672ba148f1d91df4f23941103e66e8e,787,5,0,792
c754e8420ee297cab8a516b29d92643bfb105747,309,5,1,314
f5646bf81fc76c01defb135e5c6050b105061839,17,2,0,19
b7298d8546d2557b8285b9cbc534a3248db631fa,3,1,0,4
5756e1c4c849c845e44ca02e2c8feb66bdf1516f,2068,38,0,2106
f262bf949b8f3c5054c50f76b242cbf24127c472,2,1,0,3
5a1badaff30da6cbfa10e0fd2378d1c712d7d2c0,176,6,0,182
2cdcd88d88bf03060520eabd62de1c1b3aaf7fa2,2679,5,0,2684
fce53448d5beecfbe4d8e493c4d8b9d0a0159c5e,148,4,1,152
32efaaddaaa721fb403c370c838f45330e49396a,8,2,0,10
91551b73912e617d09c8e97263bcbcae206c4bc3,150,2,0,152
c36ab26da4fc9e9b34b3f3f3ce57dc2ce3f714fa,59,2,1,61
cc254eae4552a7f21e95a80ba44db631e149ad6f,268,10,1,278
d9b653b30833ba28d03b8a9ec40c8615a005b5b5,436,2,0,438
b82472a2738827ac1f13dbfe39bdaef4f14a922d,42936,347,0,43283
30c5b11d3a2b43557caad7fa69e9ca1d6eaa982a,2,1,0,3
bf400e34ee4cee9e976ff7fad55a5ba37e76bf78,43,4,0,47
6ebe1f8c85f7c861a21cf14db4a84f0816b15817,830,9,0,839
c15915e7944f8c8a7bf09297dcaba4c164b75a07,180,3,1,183
83d808e2b7707b651e17c7ba60efd3e823ee9837,294,7,2,301
48294ff3fd41916743c968358b7c926d2b3cd37d,192,11,0,203
7dc2960fb8d18e4a577189f22550c20e624708c2,40,4,1,44
af26b308c142c4b8146162f8a11af2d3aa73bb19,70,5,0,75
aa46809d86d2e5f0ce76a4f757c8fe169845b083,4,1,0,5
f135498cc2473eda9e01832c34cf19ced282477f,2240,50,0,2290
ec8d594412b48d8b25b379894bab741c27e0de5e,33,3,0,36
90e1e06942369a70e8371f8518b49127f0a46077,3,1,0,4
5a58a5f1e85d549d8035aef6d08bba2326c4daf4,4,1,0,5
f958879e735a039723c8ef0a2fb1e55cc7551937,11,3,0,14
92b3cf78cd8ff90d39dd4c06ca9e17bf1d53afd2,1,1,0,2
0b9676ef7b191f98355c722c705793e0cac41cd1,19,3,0,22
04353deb58090ca694963d956dd9eb571f96b048,2,1,0,3
3c31f88738a27bace0799c1bfa21743c14e22fe8,133,2,1,135
fdb890b62abbb42982a4f9042cb0dded3c3225d5,2568,45,0,2613
20895e834c7f19eb12cd4381aab95d2d6c5b969c,61,3,0,64
5cb5d7d6d71dabb20ec4b39a6d08d6035735ca02,26,4,1,30
8672ff11017fbea30515002b2aed19201f5a267f,2071,40,0,2111
e5aaaba27bcc123a4db5dcdf35200f3fb4f52963,0,0,0,0
efee8365924d6e521a790d5c4bf6d69153b515ed,34,1,0,35
ae52a94fc693ddd6e34dc44616bc78d84a45f8e4,20,1,0,21
a3deba92c467f6699d1597e2bcf21a20ed538b47,4915,102,0,5017
6fb01f45f59d01b0eea6e07bd191f21db6182d79,67,3,0,70
5fafe5b7ab83abda21356022dd1b04613d400454,26,5,0,31
263d63ffd378dc38890501254c1fc18eae92d9d5,69,9,0,78
64ad399a8798219e15d4fbb2d4cf7a552381c10d,39,5,0,44
d1909c56ef255d12d171416347aedb5e617a1c7b,89,26,4,115
7de14d5bdf2bf8cf18db67731b3a23b0c7d3eeb7,39,5,0,44
b4043a9576f56bf8d33743520e8fc7224fb54d33,4,1,1,5
8bbae8eb074ab259f73525b359b2f6149109331a,90,10,1,100
201a391e2c57a8a3f512d8141441ad0ee0ca732e,64,1,0,65
64bb9bc03bf68324cd1299871d295d830d43628d,2330,219,0,2549
e76810d85a6942faf60911f3f8eaf86f50c1954d,4,2,0,6
b1f5c4b5085fb991e50b9e4d3c7ce3b17ed582f6,3263,230,0,3493
5e1a3246585c8da829e4eea4d06ab471e5d3aef1,8,2,2,10
60a4c2091dabc1dde2238ac83df2fd8bcdbd5214,4,1,0,5
d3ae903483d3383d12ebf45c58271347873b7952,12,3,0,15
effa47742bb5e7fdfca74068c2cdb7e33ce943b7,10,2,0,12
15315267d29b899c2ef9f60ff2386cfce7810e4e,6,1,0,7
61e16689d945f9f2d594a76bbbb2f872f8fa2a20,1864,6,1,1870
9f5fd884d37ac3a955c55f8da29d36afafabde20,94,6,0,100
b84f27e634407e01ce4f20fd7341ca98383e5f81,164,3,1,167
cfb4f35b34b4779a63dccb3553e7d5597e0f1ad2,26,5,0,31
bb9301c19dca518d7c6176b1596864b765e95273,3,1,0,4
25c1933906c0db48424abf7510547565ea7324fc,205,19,1,224
88134cce832c53e8ad36c93bdeff7fd4b3dde1ef,4,2,0,6
598b8f5bc30646728af22215348f8b8f1776ad9a,34,4,1,38
08fa8825c01517167f99f1fdad944895fc3fb4dd,44,5,1,49
b4148382264107fc3d50a27ce748d79afe50e67a,0,0,0,0
36d6a997d400cfa15761f5881d6e49779e088fea,191,3,1,194
d7f86d503fa40c4a89521e0b8fb9b3ded5718f84,4,2,0,6
7405bb8afd8b52d497adb9dd0eb25e139ed4bf6f,20443,629,0,21072
49bded27a0f4f711d2ead40a9ed86ad3ae3b0ba3,11,4,0,15
ec64a0f8fe0703e8c427c3f714ffb117333dc384,6,1,1,7
155d1cb40a7eceaf43dd1badd517a62e3a23e967,20447,629,0,21076
1637ac08d99f94a4060eb39083eda91e05a34b4e,13,4,0,17
623009309cf33d8b2eb46ee31959ce02c3b8da27,68,4,0,72
e3a124e84a3a1f3c802a58eff94bf48d17c142ad,2,1,0,3
6b214859b6fb24a3587f0341db95c31249415655,16,1,0,17
b46a9ec333460451f2bb2246205b53b1fe62e758,33,8,0,41
687f95be247afdc8830574f327e7fc5bdfbfc310,20487,631,0,21118
b6ee60328677f4bb3a9e8c017868bda0e43e848c,5,1,0,6
c3a095b067cb349b7a0f2ee6884c1d3bb51c6392,32,1,0,33
d58356f5460d947eda00aecf8a685e58fa60ce41,28118,875,0,28993
a064e1724b7d7f261b0339999da8b580b7e3d3f3,26,3,0,29
ce7863fb359183d81a6f3e331338802e5214dbed,248,4,0,252
5017ab8a6a49bce1eb7507dd643e4caaa395437b,1,1,0,2
3d1fd31336d63a0b134228e37c4ba08809970c79,20,1,0,21
eb5dc36c9da9da4b0d4209ac9aa3f656b1b418c0,20524,632,0,21156
184c0ef91337e4a73730da67c1220fb28710ddaa,25163,703,0,25866
e3ab28c6280544029ca1877e8a26e06ae1cf7601,44,5,0,49
878c7cf1d61ff7a60cd1d16038ef174e086eac3b,175,3,1,178
2491e385d9685b8ba68046417cbd8cc85468de10,19,2,0,21
4b91025c52b17f35fd32c7d5e74f41befd3dac5a,208,6,0,214
7dcea314dfb876d4a8fb8e49b8f327cfb9abf3cd,64,3,0,67
b66222ffc44ad5d28866f24ec4ea7b409c34749b,28,2,0,30
fcc8c01c8b3f918fc1fb5206c4e047493a9842f2,33,8,0,41
faaadc437db848df08b94de2b9db6bc07d694700,100,12,0,112
4857b9d1f0a55bcf6121f442730ddaee97700d88,293,12,0,305
914247d16b663d7b87a191326b1adef075cf27f8,1,1,0,2
879752e3d178844577b9ec6433a3b736fa8eedfc,92,5,0,97
ecef2571c04ddd720adfdf16717cad9648f43650,7,1,0,8
c6cf2660512e95c6a9fce3537533d7937a29131a,153,4,0,157
91c3c5b58f3851179c580f19007910940806650c,614,3,0,617
71e2bd87e9b6835417fd07d36d52b34f1cc8b3f4,245,9,0,254
05e479b472d2ee96c244bdc5d25a9a9478d64e0d,80,1,0,81
73946cc7f46a370b1322355206f01be480acc06c,15,1,0,16
0f12aba4ca1aac482e04c215b36b2f0a103c6887,5,1,0,6
ef9ef1e0e5cf2fbc565bafb48b3fcad2c1bdd23d,7,1,0,8
7c5d2d673a0a647fd5f4e79454d1fdaed4d5e8e9,26265,711,0,26976
4d096f0edf7c3b43275feee175f31426b89a84c4,15,1,0,16
01c6026dc3053fa94868740779dd19d50e711350,76,10,0,86
4ee37a094ee15299dab094d85bd996b899ab0df6,30,1,0,31
35233c938896d968f9b6ad710d4fee0426eaf9df,27,2,0,29
4123c644de12a4754386042dac45496746b527dd,94,6,0,100
711a3c089abb1b594e0de3941e5ec52b24dda851,3,1,0,4
1519837e54c353e85357dfb0eef9407794ddf7d1,164,4,0,168
1366fa5b933c61a4d304f0f9be8364921c8682f2,105,2,0,107
021fd7832921f5c581afc6d032b742b230bfad8b,81,2,0,83
f1cca9748aefdfda611f6894a1283aaea5843b7d,77,5,0,82
ecc6b236ac2825546b103dc62a1beb52c7d5e5a5,77,7,0,84
a28730a38976ab4277dd10eeb007215fb46fb69f,15,2,0,17
e90e2fc82c9d62f0e812f07ff704e0ed33f403ee,16,4,0,20
cc85cf9399ed9baedeacf088f6db66556b5e2bb8,23,5,0,28
4fe044cbb37445686e4919cb201462a6cbc9c4cf,150,5,0,155
00341ebde1f439d7761ccf4da5db5729d7fdf1c5,315,4,0,319
50c988fd16248d617c0503b2f17e1ecc6c455251,3521,38,24,3559
304c933445c0e36baf5abef605ede804e0bcee68,19,6,0,25
e12ef4ca3d511ea6ec1ac2475c007f9b1c403203,3,1,0,4
a56f84d7d8ffdec8f58dc8922a9bc06e3f0f792c,21392,647,0,22039
e10e69820599e2049460d5c7a5c012b9c616a944,3,1,0,4
4f5f6c7927c34f4c6eafc2f9a1d492644dab28b4,14,1,0,15
02eb816d4fc5aede37763496994a0cb59e29c037,241,8,0,249
8ee89652ada983c318d02f84404949fc044fdb7f,518,20,0,538
760e9cca47d0656d27e9d90828bdaac687bfa9b1,294,84,3,378
2fc5b5f4a967395d9042519e7c622bfd8f3ffd75,645,34,0,679
86eddc629e3e5282c30c762e146cef477c00ac83,35,6,0,41
791da5aac9ccecebce7085f1b7e1f46d80d7773c,1898,14,0,1912
5e78625ca4f81dd0c5bddd7f1f34f5623df81733,94,27,9,121
b77eaaa2061d5f921db897a2cd78116d35847186,19,2,0,21
d0f24c8ffa0424a136549e0db15fc965d5027fdb,25,4,0,29
0d1ef51c8aa098adf3612ba09c1e2b648febb1b8,16,1,0,17
d595921b3484263523341d77472a45e30856cf11,1318,16,2,1334
b757e659fe8e0096405c7d26ff63280caab1ce2d,19,2,0,21
bfe64f3470d904ed6ff8af77e068dcad87c8c8c4,167,7,1,174
05216b3ce81154ea2b2214be97535cdb490b731a,13,2,0,15
c6e49cdd9e842755d85c5e5ad662f27fc5d08a2f,8,1,0,9
a5eef7ba31ab7f1ffbc8b7ba6a7fa2f120fb6844,2,1,0,3
05bd14f0b8e315d742ec51bda5f05776b00fde96,1,1,0,2
1365b621ca6ca605ccc88114f096635168ce884e,24,2,0,26
99037a942ac25a4410d87e1e34fe1ee62f40ff41,28,2,0,30
f755e9a4a7dfb6b044fb6554e4933c96553d7382,528,10,0,538
45cbc0b472dc414be769f2da983e1183fcabc4d2,14,1,0,15
64e4b7337b781484a6f32579421ee234a2628f93,20,1,0,21
0cc39ee3da882ff40db1a5705fac712e79003eff,43,1,1,44
2139947207c05bf7f5edf5dcaeddff27524d3753,2130,9,0,2139
0d4454eef91d9cfd9fa3d2391c68725a2c47af44,16,2,0,18
e812eb00ad914e3fc0be0aa12cf789cb1aef7872,1997,5,0,2002
b267e2071b749021af5c63391e29b8f4b1cf9fb0,15,1,1,16
5789bca0be052bedaa9fdad8a5c8d151b341185d,128,8,0,136
711ccec2a386e451bf34ef0c76c15dca062b32c9,1,1,0,2
001c2f691950e79477ab1dda66b1bf7580dd62e8,63,6,0,69
1bf7ebabdd6f68cef2e651319ae0fbb135b5f464,3,1,0,4
cf650417b29761dae5dd56f4e655ff7bf13df024,30,2,0,32
34ba1e55486b288ffdaa9d7f439bd8289046ccee,136,9,0,145
29a406d70f321d880057ac8e6d3d08aa7bd16048,7,1,1,8
9ca8d95a1d75d614a4913cd36542db1df9cdf712,2,1,1,3
937c9ca14f4a9756f58b3ca4b978dff6301bcda9,752,38,0,790
ed87ccb7482f1ab9caaaebd53b84e1b5bf0b5c33,4,1,0,5
b4668de0daffe5d26722ce951d7159cedbe21fdd,227,7,0,234
8146044d3811851880c831c2fa505f6082013221,40,4,0,44
0836b2a7c9d932efa9f7273cd851f5933ae866ae,133,2,0,135
5b354e92a2918214f2122275a94d77eb61a61c5e,3808,145,0,3953
97db8d4a2f5f6a878136bd20fffda8dc4abb46fb,763,34,0,797
9fee6c0de119d00352729f30df331cfd16c773b7,8,1,0,9
41a5236a4baa52f30661ababef6f50798a4a35dc,8,1,0,9
e55978e924c2d81d551ed01c4fe3a2043cd32479,1189,3,0,1192
8aa435fb91640c425f287ed57569917426121226,30,3,0,33
15b3a3176ca69508ffccad955754f5e5865c65c2,61,3,1,64
36c11f2c34b6042064a6f44c8a85aedafa2c9765,1194,10,0,1204
b051e56d408c785b5de6fceb26fbd2ccff1235cc,782,39,0,821
b572171eb37ed4d089c9d0ca7325d2a39a12db9a,230,4,0,234
17c54c7602d5b0f51408030261376f305d420432,7,1,0,8
b618f719fd2817b887736348c25342377ce6d6db,384,12,0,396
2ae12a8bc6c66b9c784ae376eb6679f0d12f91c3,14,2,0,16
3e77c9b33f9e4c00908f9608eec1528e8088cae7,1,1,0,2
3d97f083f94a252a59742b81a5efa5e5ebd2d300,460,21,5,481
1614e747e033853873a6d47db8eca831a8cbb23c,46,1,0,47
1b0e97fd1dfc58877ce0a3609ffa514fb7dac5f3,1164,51,0,1215
e936c08282c7c415ed375fe10057dc336ee62655,16,1,0,17
3535cb592fae000162b5358d7730a5159e6be1b6,32,3,0,35
bb76b5d1ac17a4561c90bbfb450f03e65bc1f3d6,213,14,0,227
a6e8005eb19a85c9d23853aaa8c39a3841be9871,23,1,0,24
dacf7136f050c41dbc06b46983101398653f0171,89,1,0,90
f164c39d51c8bc459b8e5f00f6147cb833e4c48a,191,3,0,194
65f5856a7ead14728831e7df58fa0ac344c5c7e6,115,6,1,121
d4dc42cb7c12a0a17732b076ef46093de1a39cc4,8,2,0,10
de6156ab2118b9e1cda34515b1d9fb5b8d26aa1f,1166,51,0,1217
083cbc816d7d425907a9222f436c8f1d2424e7f7,384,12,0,396
da5c88bb939079ac5a112307a43ac00e43ce458c,56,11,0,67
5b7ab08aefacbe0804da94c8160b7468df9b6cc2,115,3,0,118
21b5aad5d2f67d44c316228bddb2c1d8e540f873,11,4,1,15
dd5268d8a90e2224630b03650d54aeb610cd2839,52,4,1,56
0a2bfd40cc8a3f6cc0985edf2f0d7e42d33d7791,7,1,0,8
a81992f803b2b720b1e98b7cae0d6e9bdf075a32,67,4,4,71
17989cd256a67026dc7ccace9738f80ec23282b9,454,22,0,476
252ad756fe102515c574f37958e0fac63dd83308,5643,43,0,5686
04fffc63eed47e857d8ad2d025dbdb998bde9b00,5688,43,0,5731
a25a9fb8577770994c1a1e1cd7c334e37c2f4c53,2,1,1,3
3e7eb51844c3e73d9cad90928e7958bf70945c6d,773,40,0,813
647e37ad34c5e549928f638a9d154b1670f320ee,6136,59,0,6195
86fa5cb9995ec97f65965aeb336cf48c85ed82ac,8374,105,0,8479
29b400eb9a7cf6e5e88b0d105876e45b5272025a,39,4,0,43
9138b4acb6e1764d37ee90c3bf6dd8871071fb00,23,1,0,24
c67c864345c0d7c7fe5c3cf0e0792fa3676d52c0,62,5,0,67
fdd48fccb68b4c349e4fceffb2dca10bf1b13bf5,458,7,3,465
8bfce2d17323b9ed89c0a33313f97bf4f199da28,306,6,2,312
87c59545a6b88e1382244112371f1887e36ac73b,20,4,4,24
55241c077216fb832d38c384705fe7771234597e,17,1,0,18
a73b768a84c8ed689af99aa5fb0bc7ccd87c6b18,55,4,0,59
f61b9db34bc3ee5094508991c28fd7153cce7583,45,3,2,48
185e06ccefde02a53e038c1c57e305b22979e365,113,15,0,128
98163466d2c1252dbb291f6a5f75f054949a4c43,136,16,0,152
7429c715c04c870604cfb71da6d077624f03acdc,136,16,0,152
a3d8feec9c0d1fe784d7be116f56b84986ab344c,53,3,2,56
ef0930b5c609dbb55a56ae5eef0e6fe7dfbe29d6,2,1,0,3
b337fffc15783bbf66c2863f1e9fa729e44aa5e4,4,2,0,6
2d291efa69041fb377a771fca473affec60a4de8,63,4,0,67
17fd3222c57001f584dc38fa2bc3cd6178b5f18a,238,24,0,262
8ede36482b082bca583ea5be036a75d637f39173,12,3,2,15
8878cce61a3b0708d67b94da6f7865fc4fa63592,399,12,0,411
fc7715f404ece2075efe430bdf661b4c91d15c44,1332,17,0,1349
714169914659415fd87efa1e823a5ae42e86f658,1669,1,0,1670
b7cea7d6efadd056c6c3fbc171266e11edec90eb,2,1,1,3
60fc9e5c661665fee6607fa0a29801c33704c7cb,142,17,4,159
f070df05a833bdd28626c137dbee7bb05c2b0668,38,1,1,39
428d97ab3daefa6a5853c9da7c675677fe972861,5,1,1,6
63e0b29f0f5133f2997891f1b6dbb16c8414027a,5,1,1,6
e5481ce96ce8f98ceb7608e90c1c80e969b5ac75,38,1,0,39
9022debf1329044f74ca08818077a9d8c9d53d0f,18,3,0,21
6c7fecbca48753d20ba993e505c60e09ae751277,83,7,1,90
d2a1be311bc7fda8a6f7584b89cf05f1549eb445,142,17,0,159
1a9b83570836edfd8f8105b6a002d294f8123a17,44,6,0,50
bee93d940079617778b99af5a61c0f6b2a36c693,306,6,0,312
1edec92601c03b405187539b1e52ddb852df454d,0,1,0,1
b20f3bfced87b7bd89c14c2dc9ba03932a1a8012,7,1,0,8
ae895d39ca599e1146fcb1933f7f1973ba753d02,11,1,0,12
a4ff42cc3c1e17082cc7b006d667bb3b8762128d,90,8,0,98
c3066385a7415120ce5785cf8f00d92a04f3abd8,209,6,1,215
aa5439e4165fdfeb624a27af721de105edaf9cd1,249,25,0,274
d7586450c4b4f8e7fc08b64e3e0a94335df8f756,461,8,0,469
515bc4ae225b5d7732482c466f140bf565d0f56e,337,1,0,338
039e63f2be95b3b8b6871df33a1ddaa32194f880,5,1,1,6
72eadce153ab6526d9380301830093d29a7b24fa,14,1,0,15
a7c27cf595e4a6dc07ffbf7e8db50295295bdd17,90,3,0,93
ee7120f6229e1fedd9965702a340b0beacddf219,25,4,0,29
dc39f66ac3da5378470c5505a8a479064b50cdc3,2,1,0,3
f7599a0eddc74f61e64fdf9b570dc82d798ae80c,18,2,0,20
86e954e0c6a63175612ddec3efbaa08a59edde83,299,12,0,311
67924302d1490adf689e12725bc7b66a7e6e8c3a,1709,10,3,1719
ac31f136a70e9f3ed61a271c6bdb05bbd10f9eb6,110,7,7,117
d7b9b390e5a434d47f5b8ead1c89b2c91ab0d68e,14,5,2,19
c6ce103498fb37eae75c814ca83168aa67d8c1f3,65,4,1,69
3f96bf4568c4da71c4fa27ed77ec52821dc25246,229,8,0,237
94eb9709703a7df18244e05972c29adbf4f32cf5,114,4,0,118
b13f138be8ccb31f46e3932de7074926b44c052b,0,1,0,1
f3f4b56388e887d89826dbcd88044a24aeb736b3,0,1,0,1
06ad60b362768eb497bc931caf9605ef30f91dd4,241,2,0,243
e3b62d4736be186f311546dd435edc5abb7f57a9,12,1,0,13
ef129a996fed79d1ed5171aa0fbe34e054069560,62,2,1,64
a8c35ebb95f23fa8e7cf24f90c07c01d2d1fbe03,2891,14,1,2905
eb2eba861a977d271eb7b9ed45b1f5554110fac9,3,1,0,4
5d1c6a0aa3a284dfa8974f9a1f1c2cdd6e7d6351,39,1,0,40
d1e6d9f6f98f779b7a7088e1c92eafbf53814f04,0,1,0,1
2ec68718730644b621fe7844daff7cadb32ffb05,11,1,0,12
0df7420f2c82c939568ada3a1a7ec5753e7762c3,0,1,0,1
f658d79704a3cd795303164294e0fe38f070c6f5,554,28,21,582
43f286074a97ba34697760818bcc3f251d19b892,81,4,2,85
5e93321ecdbd505fcfdb3d459465f196f0df89ee,3,2,2,5
58329328e83bd6e0bc63d8703d985a68b497cdbc,3472,31,0,3503
a7950e8725ff7b4389ac67f37c95164d3f1c37b3,87,6,2,93
ff0ad55a1aebb8e6a38343cfd67a8d2a9e1b5dc3,86,14,10,100
9592cb5b405e59e071dff56d97b729f919f1950f,3,1,0,4
dfe3586c74109c6121b9e88afda529862f1ac1cd,12,2,0,14
de77b3cc59ca219e088750448e4aa0c5d4fbde4c,12,2,0,14
d277f88dfbe7a7ede066ff6c0ec59927d3626987,6,1,0,7
2337247fdb67704e923640c070ba61f6f4a9085c,236,8,6,244
e6caa03a0acbd85462be68a69ee3011d50b7a6fa,308,7,0,315
b2a182f23d608fae6191099367eb64be1297bec9,308,8,0,316
c260e8a9e09a4702390494086d712ae50acc245c,14,1,0,15
a9157a321db7f50219fc2f2b57e5e3b87713473a,2,1,0,3
549ac53801df53287a0605a30d84dcc4cd21535f,18,2,0,20
badb19e947d3cb0579f330c782882f2dd770c10d,51,1,0,52
638968fa14bb032c9ae3edc20168e0596c9f7c73,67,4,0,71
a91702457491e3486941435df38aeb41cbbeb793,52,3,2,55
d606333fa24a2d06870ba359f3ee424aa870ab34,36,2,0,38
f8e2c378a223a2f2a0032e696e26a687234cd4bd,7354,197,0,7551
a85df60bf130b67b2cdec02ee7c6ae27aaa9f974,24,3,0,27
5a988e4a81a0a40e04167f62e41f6d6755513190,8,1,0,9
1ec6f91c978c095526559fba898ba8bd8cc4f648,13,3,0,16
40e924d5094f8940a3a74ec8c8bf03d8e462056c,6,2,0,8
e77ea5f802f43f8a607bfe2638234471108d11e9,308,7,0,315
d57f09140fb0c66ebcc9844fb2297c253ee39d54,815,26,0,841
efe8ae9fed1d9c90cfbf9c529208fa5d0d4063ce,1620,59,0,1679
e92594b49d7687bb6a43dd6f4473d6889ced6a50,22,3,3,25
84777c2737834430b525c67c43eec242879ac951,2,1,1,3
635085db284a961eee39f255caf0c9f728a7f465,1,1,0,2
217c566bd90100d59aa6df7b0736e918f369f83d,112,9,4,121
78b27a1f897100a3797cbae2070e534490aa01e7,25,2,2,27
0e8f2215baaf1f91a3c52c1da59e7e3f3fc8fe5a,5,2,2,7
9a843733fe1de08b9bdf34fe1a96988f235199bb,4,1,0,5
37f7cdc09d629fd36f412f5fd45780c33628a281,264,6,0,270
475f280fecc55a289fc51a304aca579d5846e888,13,2,1,15
80a37bec719101060072c9d42896c29825bc1ebe,120,3,1,123
5295a581c6ede4489fc595d471685f5c0fdfbcfb,10,3,0,13
b807a744a88143ce6a3b26a0c879c91863f95ed9,52,1,0,53
d2bca94a7009c52c32de471732d77934add0e9af,97,11,7,108
99099535206f6656dbd0be2a623bb787b62c650d,280,12,0,292
97a04e928e6cf279601b7dad40765ea7b5ee733c,17,1,0,18
eddc168e995d646aba218b8f73426ecc48456c46,98,20,13,118
098dbb203060ca6e810c027f8dd3dd5a6d26d33a,688,15,0,703
8f65761089e49d3d865d1768455a7d28422d8f53,2,1,0,3
52439443a83528c2d38709e03371fbabd7d5a4e1,53,2,1,55
9a99648fb6c35c6d9cdbaf9fc6754e7ce3663e13,2078,19,3,2097
8b09b4b5b4810784b10b6e228b7fa52289b6c538,10,2,1,12
c3b1805b2af7e766bbaaf0b9e31a381720fa3688,64,6,0,70
a958d90ae29a07ec49906d09e28c8473af32c5f6,632,15,0,647
559f5b673d05c573ca53afc79c65c04698268e23,64,6,0,70
d33b1127081da9b9235c3d96ada63928e3a19924,432,9,0,441
38e7aada5fd5165f79e01341be3edd6c94c64750,64,6,0,70
0f0bc4252f88bf10d0b85a7eb339eb3462fcefdb,47,4,1,51
c340d8920bf00374335e080aca7aaae08d7b2fe1,18,5,3,23
89a4281fd5e7b7951299190ef6746f24b41fc253,8,2,0,10
464bbb2d8ac833dba30e66d0ae998906ad93627a,82,1,0,83
80f6cf0b4f1ad2c8f8d695341f6fc79407df1af5,1034,26,0,1060
2105fb694f553d4f0d0d0562af76c630f5cf6c3e,1547,35,0,1582
ccc5356d52adfdd2e3b5d4923c6035d6068e9ed7,2,1,0,3
df4eadecfce5da7f7a9196d15f440120da49aa40,17,1,0,18
a381312f0bddc99c14413799e3bff25b8647a864,64,6,0,70
2c31b8da8d27dfa93a91d97792818c1a17c4d18b,12,1,0,13
d7debac944bcb1a4131e22c39f7b93bd4b925160,2,1,0,3
6b5e337f71f60eab9d81196dedb105a6d364134a,17,1,0,18
c5421ea15fa4f65f56a9d9090ca61d36be9d4c7a,86,4,0,90
4d525b0e2dcadde43402acd2935409d8b2c27e11,3,1,0,4
a2a79b68e1953ef0252ab059613ef65641f43344,1391,56,0,1447
8505d14781f480b45d03711fd665cea9ec573b34,1559,35,0,1594
5dc203d1ef795d0e4f69749d4a23f94df254ff05,61,1,0,62
1b6d92a17539097aa70b8100bacc3fff4d591484,12,8,7,20
28372293be7fe68939d4f55a5eb013d0129c0517,1715,4,0,1719
526fe5408ca1405457368f686ae8af941595448f,21,1,0,22
087be1686416465da99abbbc3ab271b1dd135a18,2,1,0,3
81b9aef177e530692d8b67924bd464892b0fa3a0,453,11,0,464
68abaa85c249333454aa7d83066e687a2f4ca50c,37,1,0,38
ba8b40ac81496370261381f6c305c521d97c1422,217,31,0,248
325f95c6bed9dc80dc63ed534dc7b5df91d958a5,451,20,0,471
9f9a346dcc90beb8aa5cede89ad49070a1e86ff2,16,1,0,17
81f97769b08b5d2023c9311c7943045ff1c7040b,817,7,0,824
a5365b117b40e1f97fb98a34a65e3637fd1649d3,3359,28,0,3387
9a929021fcc88daf483665baa0d3a8f0c5273ca8,2,1,0,3
88f5ed2c4a3d4ca3fbcca157e1c292dc742d4d9e,133,7,0,140
f02afcdc84379c1224695745817ecbc2d496abcf,1670,21,4,1691
92241f9f8a21dc0bb8cc33f74ccc8aa8d6b0bcfc,132,6,0,138
31f4b8ff84fdec3fee5ecdc974a96e88cd2af851,32,8,1,40
cd2c6b840fe0bf58686527a74948666225c4661a,1254,27,0,1281
e0c0c9394f97f8f25e09e8b64af5fd9494e1514e,355,16,0,371
afa17f6dd4fda6f04fadb51411268dd0f186bb7c,90,1,0,91
079d1f14a50c0fb736e614d294671ab1e98d5488,172,10,0,182
15f965c7ad8088b2e53467d7e0679e61cc8aee94,13,1,1,14
e2e3b03c33b81a787638f797b359e2afd27d5029,33,1,0,34
668e60f6795133f828bbfaeacedefb4718463271,118,5,1,123
34d63e3c23e26964b16f0122227dea0f70376c39,17,2,0,19
e818a64d28a74cc867f97e1c2afb605dc5e0a49a,41,5,2,46
48d1b7fdf20604c27dbce500bd15ef8c6cdcebcf,12,1,0,13
90a65d7a7691043e13c3bf039df3239d98460102,29,3,0,32
8e29e1b85f7e02d534da3656bc56b12dabfb6282,32,7,1,39
ad105d0f82f39812f85abd8d4bda604bb67334d5,3,1,0,4
1ba464718da41e07114d78f94b30f583f32e8c79,255,8,0,263
b012f2ab8341ae1153702b5abcaaf5b10f516291,715,25,0,740
bea6b5d25e6d573d2dd475107cda3f1fa87832a0,192,11,4,203
d4d1cf2126c923ecc30f490241ffbcf3db5dfd97,64,4,1,68
52900468393006ff5c9dc57e1bda3221dd9292ff,175,1,0,176
578af41bbfa2f3b3ff4fd1ac7e37c5797ef16aff,4,1,0,5
0d8070bba0b6ebf8138b14db9d22f6693ea5e8a7,4,2,0,6
f122b6a806f1c185ffbdd22d8b0a382f4abae2da,116,4,0,120
d05531b8f5833398f8870f8741273ea19f48e63e,5,1,0,6
07fb979fcf277ea00ac4f97f7d5c0caddecd4d48,87,2,1,89
daab91ebf4c7fe5fd766324ed0260c20bb5525a2,12,1,0,13
ff64c4d84390d59a67d914f5c40bfa1d8b2e8bf5,213,1,0,214
418bd08c7728a4b92de1d439f841afd225859513,5,1,0,6
535faf7d69513e9fe9a92ae36e3507603ad610bc,175,1,0,176
c98eaa4f8e4ace4461ea3f4621872c4ee3b1cbc1,238,1,0,239
292b0c4c9363ef2a3807588f695db977f550c824,175,1,0,176
ad228a23cad505ad8ba36ec7fc1c55362f908138,79,1,0,80
4575b27a266422818bee05e6af0b16f2060f9a2b,5,1,0,6
ca9c8328e3582e2f9ce0b44e15ff933920266473,142,3,0,145
225be2071e7cd2066f5df2002efa308de7ea82d1,14,1,0,15
c5c39b593b96e29b935ca7e2dfa8c8ba54dc5370,163,1,0,164
68f749a44c07d99561f846817d79b7edaceb255c,100,7,0,107
c5ff1a4b2a545aee23e695032ef00d8de738b5d9,12,5,0,17
8d5f50bbfe1f53a5f50ef30c502d458edaf75f7b,210,7,0,217
953bc6bfbcdb90a95ad94e4e1267b80429554824,18,4,0,22
2a2adbdbacc480c288e298c12ccb0e8aa1b0cab2,100,2,0,102
ce82d2631344b6ea15dc520607044859644f484b,100,2,0,102
c0fbc26a8d9310b115a3596b58a8f106069f6d1a,18,3,0,21
a8b76a49f4e00fe1c2298af1a304f201ed8459dd,6,1,0,7
84fb0b05a2c15d59abbcbf5b70c734f3a1ba184f,56,8,0,64
9f91ac5e3b3412cc2166d65ad3024fb68d6cb20f,226,6,0,232
358c4f1eedbb1199ae8db0a873b7918046bc7272,7,1,0,8
41c21e8edd04b9a429cc18edfd3d8491cd7cfbdf,21,1,0,22
d0fec542529e6a294273bd3b618ffd0d3a1b30cb,136,9,0,145
ced1f865225fa44430225dbb8d75f11ece8f14d4,30,2,0,32
45fb573535ee4ae0964b2ecac0b5b0fe2a71e77f,17,1,0,18
e6130d545da46771c631db1aba1bf133478cab98,6,1,0,7
ac331ba3cf693dcbbfdbad2a079f5cb7a87d7f62,9,2,0,11
19fbec74207c167591651efab39f50bb2dc86dd2,6,1,0,7
002240da1c7dc3f261a8290f81dfe665bc986c66,100,2,0,102
afee3281afc5749ba0a20635f7fb26927d708e55,4,4,0,8
568f6845f32feb4730f1feea0c4d3f2c7e22d982,1,1,0,2
0dab6e67379ecaab9f607b05bb023ff34af54481,100,2,0,102
ea48af9a06882fa513a48fbef6f3a2ac9255dd55,19,2,0,21
3833df36670a368918192e38652191941b3463f1,6,1,0,7
65f8413307d7cd5918665bbfce3903d70f53daee,78,1,0,79
cb276f505f0024187cfd657f86a3dbb5e5e70cfb,192,11,0,203
6adbfaea85554ad7d0e1403317d99f50fb22e8cb,735,12,3,747
fb5b82c0e5ba3101a7fabef5aede0df413c164c7,333,17,0,350
4fa32fa4164a55e407ea7f0829367e7400b66917,2,1,0,3
59eee53768fb5511b6bea65c1a9f20de76f9cbe6,30,5,0,35
be5ed2d01f3ac051db0886a1ec3889e4976e7ee9,335,18,0,353
368ac25a06275bdf0bf8c28c8cb8d53ddf7f2eea,54,2,0,56
63be76203808520e1a1b05fd9d53c0eb7f515b54,510,19,0,529
fc10ac96b3c2da1874fa1482256f7cee43159573,113,2,2,115
fa4e62d0e6a68d91d28690ed7cae5ba88fdc15f5,11,1,1,12
29003cc6558ae8a84972afbcb0aebdb41051fd0e,30,5,0,35
1b4f3b6f8100d6726bda289ed7df1b8af49ce364,240,16,0,256
265a69c5672e061c785d9bf3960ace3fc13d117d,88,1,1,89
56e0ece0e2e01ebcbe46a2cf5b63ea95eedf74f7,631,23,0,654
50f9fe2aa11321449299eb079f005668f4720ba3,84,3,0,87
ae840770bc5dc556e698959e51e0403fb0edbb43,23,3,0,26
585ef8576414ba3082452093dd5a698ca217b5be,36,12,0,48
fe8cf164461070b0d5354fc81897e23afd3cab67,95,4,0,99
9ec7d74e1eef296739804ce15ea1b638a33ddaba,18,2,1,20
888f6361cd130da610c298cf38c59077056640d3,204,10,1,214
dc39045a3712fbe789d768b5fcd42ba4508ce685,44,6,0,50
f82bac39f06ad345ca8d6cf2783f8b688fdfea7a,16,4,0,20
3efd1ad2200bd89badc278ef3d394dc0a39eefe6,1539,5,2,1544
d91ee04d626c64e3974c9f3514992693223eb677,1327,57,0,1384
8c0c02045061a33619a3c54dcda5405819693a1e,240,16,0,256
14003a9f4e1f25c75e07e5f4c02829e84d22eb76,127,1,0,128
9ab80ab21ac719c6d30781d0da5f7c9b70f3a6d6,1,1,0,2
b2e43ff166ed66ddb83a2fc0ca5e56b20b664b53,3,2,2,5
ffd6c0eae1279c86785fd1c6d5f3dfd0e4968118,4,1,1,5
ce4fce38852f80aaf52d10e6faa7ad8a12eeee84,71,5,3,76
79530e127fe9d69afceaa374ac3f0c5435368b81,10,1,1,11
509f09c953ccae500648ad775a8e85dabaaef0c6,2,1,1,3
a6a602491dbebefd0cd5ebf8499e797427a6127f,3,1,0,4
d8f190e34687cbb2c6afe856279fcef703605f88,8,1,0,9
ca754c856acb1894fcd59d4c54389d214cae9a94,452,8,1,460
d62025caf7caa3e1f238804d5d9a14cd5a6cd3d1,221,3,0,224
2b5e05455e9e0372a4bfb490c985f39120189176,456,22,0,478
d3a7c61caff2ec25cf4ec0f4dfa0324cdff724bb,539,10,0,549
ef161c0140d3badcfecc86e859157a0a1c6df0ae,128,2,0,130
503389b041894f997809ed91f2ccfa1d4b3232e8,1139,10,0,1149
fe24e76e09c15ed9cf6340b4bb3d87549a19cf09,228,18,0,246
94863ae06c4daee5b2408f52b39b23cad96c2a4e,4,1,0,5
8ea81223ebe49bedc949b63079491db910fb085b,147,2,0,149
ad4799b1acdd808ed748a10f1f73be4da3289ae4,74,1,0,75
abde823255579fc89cd0c051913edcb3e3a3c6de,335,18,0,353
43b51eafeb42f2f75511b879d3c17bfaa400f653,42,1,0,43
ad903ad586864841bc289ed7e2eecc77ca414295,7,2,0,9
bf64fb33747103107fc06423f777764b31f6413d,9,2,0,11
22de6d05e8e329f1d1be8c781ac049c334ba509f,233,4,0,237
f0913b1547927401a8a8d7d36920ca8324bbac3d,0,0,0,0
fd17bdaef9f07f468e733f0cb5f1bee47e4acd14,251,5,0,256
100d7ff10d5e734600df7a8f3801059287dc5f2e,949,35,0,984
3bb7eb1293e93b1d4ef078f4c0a73f1afe245e13,4,2,0,6
b577a72e4a27512eab14e4109bf8c2e88134205e,3,1,0,4
9ea00614e257bfad64d6befd890772c1ca1b2394,407,9,7,416
bf0dc7801a807519a1475926adc65aba46e02740,7,3,3,10
a4d2af71bc27d38b7d0849868be9ca50fbccaa54,4,2,0,6
cbb851660d4b52060dfd5664b005ada7bbb84cae,761,5,0,766
94f0492f70294734efa66934c72036258edb67ae,1314,14,0,1328
62ad1f547160f179ca920510ef34461fa408da6b,61,1,0,62
82f397d1104ec616c6ed9b58110fc9a791b82bd0,7,3,0,10
b8f881eb7472ec4de889d8b63e1876265a7f95cd,85,7,0,92
b0f302a8fbc6a01a7bc1693ed3af76014ac92b32,335,18,0,353
eca461280428b127030d52017a7011ae4a501592,1484,17,0,1501
e068e9bf069bd8455f49844a054339da2bd170e1,73,10,5,83
744b3068d8b613d8c616cc1febabe29c4a2e739a,9,3,3,12
0d6947364ef444cafad089e82929ba6e4f61e299,99,7,0,106
fa7e517d203406bded1d00a6b403af4cfd40d91b,64,1,0,65
a8504b6119927613fb161ef059ee2d81bbcabb7f,5,1,0,6
f940e2b90d4c2286091ea614ab8a4722ea585bac,14,2,0,16
d59f440c9869892804732307a6c6478c0f3ec47b,407,10,2,417
3b4872180da2cd86b69a3af9b97c04630df67e1b,746,29,0,775
8c794653e17e5a0e85f4b81a10e6fcd20f2a23ea,8,4,0,12
de37c0ddfe57482e42033d35aa8975c7edd3c8fb,1675,10,1,1685
ebbd269fb627b420ba3844af6d23e910d20ca180,406,11,0,417
802b39296b0c2579b15bcc882ba9c9e9ebcc96cd,0,0,0,0
b1c6ddb8203b31bd8802a8fdc16794753e29ba17,27,5,5,32
8fdac42a280886f015831bc96122279d6bf6047c,406,11,0,417
758f13f8eac89a754610f65026e0d293bb29a042,16,4,0,20
ba1f084fecd0d149d7da5ee2a987bfe8f8fd83d6,14,4,1,18
c28210828d97981010803a40e68895442e29a0dd,12,4,0,16
b006dcc84a1d7a92629f198d05db274fcd72c282,1,1,0,2
6660e3e7997fd40e70cb6b1fcaf96948b4cdf92c,1,1,0,2
b0008b83f23374310aa3b0622983689c1ccdcfdf,2,1,0,3
63f74b6dcb1b7d2e8539e8d1fbe09c78e00fa858,12,3,0,15
89dee0612c5a93476195ad573819393163f6abe8,8400,245,0,8645
5cd9c176f07f5d43db91ee403a3a54426422f83a,1,1,0,2
352f402f333b28af29ceffb38d8d92e83cbcc82d,15,1,1,16
398e29fc54cfe86ca00a24afbdc498d4631c54ab,20,4,4,24
9cb7192435d9b9d7c395e60701f7cf088809ec83,44,7,6,51
c49950863ea84dbfc7b2b49698bb4db53d54ac09,84,5,2,89
16a693d5a99e5aa6a542b1b757c2b35943c24c18,49,9,0,58
ed2059235659b92711229b068830ff289d7280ff,555,22,0,577
cdcac3aeed537fc756c0d6d61610198ab0f773b0,109,10,2,119
61b3f3b7c30961b358cc3cce6c58eb63908313ca,242,6,2,248
f0618184fed97d5b11b58560a289d73b404b1575,2,1,0,3
9bc95fac6fa7bee711721d5ea346f5af55e22750,49,9,0,58
f3633781e5b5186f107aa9f0904f3d1fdd92f50e,418,19,0,437
8f1fd70a2848ac2945cad704a871092fadadc387,335,6,0,341
07db01021fec39231e84be6369b2390eb67c80fc,180,17,0,197
c8c4e927a9a75e136348754e4c750165f3a6d06f,8400,245,0,8645
279c7514e682b76b6a5ccb07c4bfd6fd7f85fef9,413,26,1,439
86d54d62260e00a7ca7862b71cfbeff250587796,8864,264,0,9128
8df4ef6b7c011186c55752b79f34280a44a61631,41,1,0,42
0efb774fbe4eb78dfe34f3b3abb4de8b40eb2024,196,16,1,212
0cf74341aa68ec76a7e704ccb7b20ef55fc3b291,81,1,0,82
447b2c23973efacc91f02026777fda33f1bc004c,11,2,0,13
73fb17cf85d46a6b484045908d3c0376433fceca,6,1,0,7
b489d2cddf86386d38574db853d5d6cc86e1c0ea,613,20,0,633
4c9f4850c923357d2c48d95e6e53b43f22dd05e0,36,3,0,39
5863ad35c6074decef22931c4f9511c6a67271e6,9077,271,0,9348
63d1a9ba42d1be0ad66b59dd011b49e1eab5a406,116,12,0,128
438286e17a3b59788c2a356a37b3679ee9d72ae3,36,3,0,39
ec2a73039d8f3014a7f512e75d598114d99482f7,14,3,0,17
4db78699d311d2324e8519a84d3fc6a1997a4a61,15,2,1,17
6f7eb23c82145e2d4e7a15a7c633a47d3de12193,469,3,0,472
58312422b7d2c20d3cdf82e27555b9a080bef006,3,1,1,4
db9f93ec143be52f1d80d3ad088df69c4de09802,21,3,0,24
fdb1800db7e44b10fbb5e0634a5513a82b418469,16,2,2,18
5bef652b3d847d5d9a728a4d64efd48ebb83d45b,8,2,0,10
face2daa5970f942f881660f4f003a46aa33675b,20,1,1,21
7ac091f378d84f1e1fa2d19a3fdb3e366646b416,28,3,0,31
56e11fb808e2c65f192a45d883bbed3a263e33bc,105,4,0,109
6f1009e456464331619da413775ba3ad2b904d40,46,6,0,52
3dcdc4c54fbba975ef4e9975f3c5288935a98bb6,1401,45,0,1446
6cc4ed859593352850cf0a62eadf2e7e991bc72f,44,6,1,50
42dfed1c18a3a475ce568716d65bce8945d8bd98,101,1,0,102
16c952ebe6e425fbe70f35470e8001efcb4e04ef,259,20,4,279
2bf988e41b22c25982ae44c8436c29ed619769e3,259,20,0,279
79ad3e4815dbf2d67394fc711db55809c3309cc1,5,3,1,8
919da534c8bbf91dd10b8b91b89c308f86ff2349,239,58,4,297
4c1bf1a32389c2f3bd7f9af92a0d11813880a9a1,12,2,0,14
28f1e7d64ded07fa4763a9b35a48efda8ffc1697,193,7,0,200
aa93db27c647656e5bb96250a4657a64c435ff2e,193,7,0,200
43d7e3233176c3a65b9c181c210b840c4730c66e,4,1,0,5
b1de9253a0f82104bc08376e4ca442b127e52494,6,1,0,7
7c2e0b88215864c39d53d46e5649b5a5aefb9750,344,6,2,350
faa1150d111bdbfc25045082f24bea07568dae3f,42,9,1,51
ce263252564cf1b423eb23d624ed08918381ed77,6,1,0,7
76ee1a16b725618e47ca60b80920d61737d6fd31,136,13,0,149
09d307e240a234ca280ac84182aa329484b7e3e5,27,2,1,29
64170277f39c37747a64e9c5fed0ec805bd02be1,18,4,1,22
8ea8180c90aa8b4078f420671c7cf6a4556a2e9d,65,7,1,72
1885d1944db5ce725cf4e0d5714031f13a5764ad,2,1,0,3
ad9d86eb78cb1b423c447b4e42e263e50652cda5,12,1,0,13
467141deb6bd8da3da0e83ca1ef5783021dbefe3,540,3,0,543
54a8d01a46b02ee8c20c92945e471c9dc08dd61b,10,2,0,12
5bedf30f1a381c53ba00472f0cd0844d6e9a85f3,2271,67,0,2338
e64a49ed5df0c6cfafa20d0615c1fc36d3ffb3ff,665,23,0,688
86624b21ff0ac05dac29e9f74e291380b550ed5d,552,4,0,556
cdb9e8136ae7d5a2b5103003ff3019befa05a938,20,1,0,21
036f307e2747183dd56a078508724009b953aa83,542,12,1,554
fcf3946a74ab911da4d49b17f3f98bb156b3522c,816,4,0,820
f2c74b9a92b8d4a9177f5a8911aa467175e2407a,65,1,1,66
562ee65101d9292d55ae255ba2f87b69ccd7d3ae,306,5,0,311
5f71d7391415df39a60f8f05731224a41da4893a,149,3,1,152
2065ee035e5a781017370fae265b46c4640b5c10,331,2,0,333
261248fc5bd931291ab7a110ce851bb850770c97,395,10,2,405
37d5533bd3ac10a9cb0487eacf7820dc2324f88c,1059,28,0,1087
25d63fbf0e003b3ed4be8982deb0bfcc5fecc590,49,2,0,51
1ea001645ea0a3a40451b295a72caf0b42529c26,87,2,0,89
10bfa1ebcd5083f67972614d1289bebd60fb6b03,32,2,0,34
b14eb64db7071126b06ada48a03d5964bd6eb8a1,45,3,0,48
40ac8fdc05556ed7308379c96ce4008cab6cff2c,870,29,0,899
d73323c15ec532cc57fadfd947362c80c8074306,69,1,0,70
c13ab4caea9913b8b83d1e2deb2cd3c3a4d83997,153,14,0,167
a810dad1a649849ca74600ed575dbc3bf817bc8c,8,1,0,9
cee11cf53936f3b36a5d5037b0740788abae59ff,8,2,0,10
623e36a5884cd010797b2c599d1c12861c0a7c08,64,5,0,69
d53e550a101b3bbbb7e1b24abe2c0ff47e831aed,22,1,0,23
c9869c61df5daaed41c93622860d207874caedcf,357,20,1,377
cae423ca04914167f4cafc9095b7fb35e36665b4,33,5,0,38
73264f315ee201e3326c4adea2b0475be2420fc4,11,1,0,12
38a25431195bb520248101a3cb6c052552cfd3e1,4,2,0,6
4c78dde75f054bcc62a5d692c720c89b811d901f,9,2,0,11
64a1f69ed5285cd0d57c5c74a28034e59e86df97,573,2,0,575
9c9bf07c82992cfca82fd15df946b6d91877f310,7,1,0,8
71bbe62e9f0c161211dffb77adb332ecb3e822ef,64,2,0,66
1b36ff431b395d14ecf1a667c509c744e5975a50,107,1,1,108
ee0bcd9db8717406876f31ee34b71a5814fd86e4,6,3,0,9
93a6583be4289aa3af34cae9b361366ccd4a3e80,64,2,0,66
08160c408c2db6bdb18e0f9948a7a8b572e5a262,45,2,1,47
49d8bcc6b75d1c5e085c742e5700e3fd32d72078,117,6,3,123
2a65f56d1b5f2ea30d21a0bff98ec022859f5b98,8,1,0,9
f71661f1b0b6659deea06552e0331d9024b35494,36,4,0,40
7786daccecd979e6cdc33b1abd103e0263598af1,8,1,0,9
e8e93988d04c325b0a9c53f75d2ecb36d9e5a0bd,25,2,1,27
29ba56025f0a75e5314e9914b3973ba9e2db20f1,2,1,0,3
cf8b4ca6bab7db6a4b72622b03f842be46d75c6c,13,1,0,14
c1136f5c8a944a649a8578744e66fdb6a22b2b0e,42,3,1,45
065816e74f37f084a288b12a4de7ad59f0c1ea20,8,2,0,10
da8dc20f8374039c7e2a9db91ad23d5e10b4216e,135,9,2,144
5c5541b252e03f7422c9743055563217646f468c,7209,80,0,7289
13d9427612b6618c5e72d0f30bacbc33219f242f,7,1,0,8
0a56838ef1eef608be8fec00bc163f37cb347e91,54,8,2,62
b3c34f99b92751115f92e3e912880669bf2b7a28,2,1,0,3
8eb53b31228cfda444862b21baee4f6398a01a4c,2336,23,0,2359
fd58316c773a85ece5934d339fe3490efb88fe32,9545,102,0,9647
f8fb36297fe477aa53f95cf5996c0c542f34f3de,32,2,0,34
34afbb7a0884c43a77b99de80b7e7672e4356b05,57,4,0,61
0f66548fe1505287a137c54c3692a0c0629e861b,8,2,0,10
8087cfa23a8ddfb2ffa944890f326920237e1b83,7,1,0,8
f1eb73db015de3ae1474d79f728d98262a997cf0,601,8,0,609
ab396f4e61136a2ee1bc548ad2feaaf5ff5e7d93,6,3,0,9
c8e6176af0349503e91980be045179a38642b896,36,4,0,40
7a5516dc1281d5da809a80f8db9579730510e42f,52,4,0,56
810ad8bb5ff7aeb756530213b927ba9dff28164e,79,3,0,82
da4fdbfe8d5d585d52da89c0972bafb7529496cc,3549,19,0,3568
540caa266f9a9f260d4644b31b89a72acffe79a6,1028,16,9,1044
b602932c9ac131296fee123096e9e8d7672acdb1,478,2,0,480
fec22135156a9fe5c30a7928c7d174842b12e52b,637,12,0,649
d7914a045437668f13bdfb9c8dc67da310395c27,138,2,0,140
dc44ab329bf06b2dabb443f5682150e4fea92946,866,42,0,908
b9c4bad8714abe89522cabcf5cc9ea46d1a73884,15,2,0,17
ea9f0c49ed7260e7d52ae57c6045536a58ca0af7,54,1,0,55
cd24bca5e73cdb4cf90971033fc903355120685a,344,16,3,360
e6488d351259fc4afc6bb6f9711e446862660664,8,2,0,10
650bf8c0682f1464906afe04e1cef52913e21254,3,1,0,4
9398ecf7b4628e068bdfc45527658c25d8a86dfd,14,1,0,15
f32d6f9666b928b17d5143e15e4898fd646c32e6,64,2,0,66
c261e2502e935c1991dfe061d61606afb9916a35,99,2,0,101
ff49c02ff312bddc329bd09fd155a53d8f63cef5,64,2,0,66
a9e143b3ae273b19e750b476415bf2a9bcee4f49,85,3,0,88
0d1e1a83338051642275698d07187bcb6fad593d,1573,15,0,1588
a85c9ec6b56cc4f4ec37efca2da28128307367ea,76,1,0,77
da4e51ec0e212a1e9e9c24d87f38753f08628c56,28,2,0,30
2ef413b0ebae1f647e128999a6ce3fa4dd1a6600,26,2,0,28
feb04fa7ddbd4009754071932896f6b2dd1bb528,48,3,1,51
4597f61ca6b4519de4e3dd6cc0a5761a0c497941,135,1,1,136
0732fd2f75ca944eb5c468fa82c258b228d98b1f,4247,30,0,4277
bbb738a87a37431a7977a95c48204c0e305b780d,119,4,0,123
266fc5bfabb0b42b0e69dda0ef4861f2ab6171c6,4244,29,0,4273
2855e8330b90b9dd464752dc953037e4745e5fa8,717,6,0,723
293f0ac563a56ce42570dccf9634dc9e42b19b87,24,2,0,26
4949b97b99c31005773a1b8e6d2391060f69579d,119,4,0,123
23ee83e498fb8ba3a98cd0099c5552506e71a3fa,34,8,2,42
34dcadefda94f29c13c32f4ee366f7d6d871033c,3,1,0,4
ef648952f0b3713d8c3c1d4d6485d864bb831ce9,24,2,0,26
1a9ecfd50d95b2f1ca6e8c81dfc80667baf03f50,364,5,1,369
920ee850d58f26442766249f09fe62ab4ac0e61a,6,1,0,7
417e5c9e693e5a4e964026d1a8461393728725be,4036,96,0,4132
f78870330a1545c3cc8008ea48c2d991aa35f2f3,206,6,2,212
6e80ce0b0faa97e4eaaf8809f806da9f5179ae12,2,1,0,3
88682941a1f8cb9e0ba465db6d6b31d6d4613535,129,3,0,132
6255d8839ab4c28d4b2c31a2dd41a794f6576712,3,1,0,4
fcd7b78b9a8caf53da2ea75ebc28d65044eee95b,6,1,0,7
54a95f0c9de8e36d9ac960383594b3d2d42092e6,2,1,0,3
f696e29a0ff434a9417ab96162a49034f23fab06,19,2,0,21
a4b1736e4ddd7a2fa2e53b4245ac4de4752589f1,103,6,3,109
cb51d4a8e11eccedbb4ffe9aef39c21297e812f6,76,2,2,78
9dbd6159f4ca6b8a34d9aa15d944b6e03bdd73f6,29,5,0,34
892762b9d09a70c2adbaf1c5bc911ea1bea4d6cb,731,9,0,740
79e087a7c59cb1079a816365617b4be43369fc46,2,1,0,3
733b746d4139ca3aa85caf005457d285d950a815,4,2,0,6
cede03e107ed7409bdced23fc34abdda4d229075,1140,12,5,1152
3c0905b683a92dda59005e22d95efc8fbbaee9b2,4836,106,0,4942
e70a1e6378315e462ffdcfbeefd8debda071d63a,4,1,1,5
c4b37c30d1f50123b6042f53e00d211563307cd9,181,8,1,189
48d230f3d44dfcd7db82500c1a6a85ec5301e5e8,3,1,0,4
773d8b3ff929ec0bac8139749bccad86e6a2abfc,1410,4,1,1414
392e646aa85179cff2d341d97952556555e639a5,10,1,0,11
d003323f7ba7a685126a3f2c167678aeb1499cba,39,3,3,42
12eb35e1e7919dcef489eb1eedb580d7164ace8f,39,3,0,42
4636287deaab80a3308a30c54b3a808ee6b164fd,443,8,2,451
1545303573760b09445cf9e60a54e28809277335,26,5,0,31
df8fc40804ac558cb042c6e46fbf875d042c526e,186,15,3,201
7dcc997072923dfe7343ae4e361408be1995fcbe,561,14,0,575
4d52ffc6d4bf2d1c5bf49f0436f1d2eb78fb3420,4,1,0,5
bc2523db75cd012875e22fc5cc99a23198126cc0,467,10,0,477
f7e36e2eca8743f478abd9871a7a4ce53bc59e98,2,1,0,3
9e8ba9942969f2e4b71f9e0c6fedc09cd6b73fce,816,20,12,836
75aa6cb53c7afdd3372b3797ca9f77469f39502e,0,0,0,0
1327c2cebced065df12c6bbb54d621a426621d5a,1027,14,0,1041
43979b927dc944a2abb4f8d3bb0d2876d3adfec5,56,5,1,61
76a05227022b4770c4a50051cb75c94faa8fdc5f,8,1,0,9
a3422bc3a414ddccef9c7788ec4d1ad41ba5d36d,10,1,0,11
e8bbad4050bd6acdc60a26a312748dbe29c1f36f,55,2,0,57
615a9f065f7325521f3b3d68a1d0113886f8021b,4,1,0,5
e9ee874686e54a3dcc047bef47183c72da5668b1,1420,8,0,1428
5884da0ae59ae61b300bf891eda3f02225814bbb,18,1,1,19
a8029e51229b976bb1ad67acbfc94d306071d90e,4,1,0,5
13e09f15bcbc680368c61676e8f667810382e523,0,1,0,1
101e746f24911ff7865aeaff22ce076429cae457,6,3,1,9
158133192ef7440b4b30a6e30631f820afe52861,5,1,0,6
63b264f4619d384cd26e7dc365fbad1fa2394844,149,7,0,156
8ac3f00cb4506a351dd20bd6693727a6896ae96e,41,4,0,45
1ae38d537ecfe03c8a7ed23a9c8d62c4b0b45394,101,8,0,109
e5b4efdf9dfa6d16ede3bf29f26ad69447e26c0e,39,5,0,44
317b676bfda26628dbc120433d69cab531f76fe7,21,2,1,23
9a4522ee66470e3fbf63f6f33fd6b77a0f4b69c5,30,6,1,36
0cc6bc3cf212dc6ce24a20806f9c238d0ab756e2,32,3,0,35
08798180b6c5e8ed15df52beda4525d0bf0a4fdb,41,4,0,45
edca9b0ef918f72941283088c3f2ae466eebe087,2,1,0,3
9a846a397f8f81917e6907371bee498ef9912c01,378,26,0,404
7155ce0a0dff464b053bd8fcbdc05cc6f5f7b778,1856,39,0,1895
954d117f2067ca1898f45f53f2a123dc2b4138c6,31,4,0,35
36ac3de60774e1f36769445389b5286721a5ce50,6484,118,0,6602
3466f238c62e171c84018e0b0d91f43eccd9cf23,2037,31,0,2068
909dfe3e46a212c42ec36a214bcc4b1ba9749c7b,10,2,0,12
01e8e8b743149799e1e406a3d74c241f1204de51,10,2,0,12
da643e135e349ead0e1d56ab82581eb121bdaeae,7,2,0,9
fe6653b1c98d424527053ffe9e1c6f208d9e974a,8,1,0,9
1fcfbd58b9146507da2cad9a3e41d08e759650b6,2,1,0,3
8677d1fec5d2f639a93e0ffa3f90636bdce902c1,14,3,0,17
05d40bdaeda07ac87fedfbf2d177dd8b3c73383c,10,1,0,11
14a4b28929ee89db7a78a82e0c37690e74ec24a8,1986,29,0,2015
d7561f89ab11578c63ba59491aafa4096cf5ba96,35,3,0,38
ec37e93855994e244094c700e2502fb8c6e118f5,2,1,0,3
badce631b236ecc68c9740279854530614d09e3b,12438,174,0,12612
19900b2ea12696b575378c02bb9b3f3cb1761edd,37,6,2,43
6205fd8691bb709c2f68c3cf54060a8e4519abb2,16,1,1,17
ca2f3cab8d7ca8b76b558d9f735cdee53a5f2e31,23,2,1,25
cf6845a0efa15e969b239ab41a3de6da39b41e6b,559,13,0,572
46e7326bef58ce6daa3813160c06bc5c56bd7f23,695,6,0,701
fe4db24c8612d85f8f324956a5ae2f9a44138f35,24,5,0,29
79f9df03e60bd57863f7719e500c72d1d87a23a3,0,1,0,1
2c80d236d3232a6ae07423ecf439c819519a2a11,104,3,1,107
1edfd45f13272f80d4667c7dff4b14f704ab9c6a,12429,177,0,12606
480bfbdb772212e3fbc979acca25c9136c36c681,130,3,0,133
744cdc163c6ae86c65bdc73f72160a0c74787cfa,12429,177,0,12606
fe16a2cbd44af58ac71dbabb4b76b1f557a84a77,96,5,1,101
a476e6fba6b28d40fa48cf5bee1e7e7550b172df,52,12,1,64
72a765688095a0555047318a9d1d4fcfd17d4158,12425,179,0,12604
7240acadec0e6f7a55dab445dffea64f428dc7f7,99,7,1,106
3f3fa5f0bb87cc3199d55721a2b7a847fdf69f3d,67,4,0,71
e66bb5de63ed0dcbb39c29116a3e9dab756d4a05,46,1,0,47
8600b6cdcb41bb5cb9ecd1a704c4723bd36ce5f0,67,4,0,71
72ea7f173e8cfdc8b41858c84c7977ef8c2bda03,13,1,1,14
c80d96d0ee290baf769c55930c21102742261558,133,2,0,135
1422baa6cb6fd8fb1894a42e499ff476a61bfe2b,22586,425,0,23011
57909d6ae78cc4e240090f2d8f328362c6d0f428,34,1,0,35
f704d3614f51adbc60bc9b89ee967df7c0cea9c1,4,1,0,5
a4e12b75722ae6495f31382cbea350974c943b6f,562,69,0,631
8a1e802c36258f88e58c3bba6ce9709dc18536d9,22586,425,0,23011
4026d700ad0b52fd546a3540752fd75c4b6609a4,8,2,0,10
c6f6a5606902d1eebc90e38288c61a3e1151c3d8,22621,428,0,23049
ae42b7f92e0cfef3e80de8cfa4ff3b159fbcde99,1,1,0,2
ab38349cc376694d029512b33a625e5f3407a769,133,6,4,139
5d8c12541be7ae04a49aef723001641e44854bfe,27,1,0,28
0d0f8e77b8ed6660c7263bd0685f54b1f4ef9b6a,69,3,0,72
ca4e134176a6c39ee7a8e9e687def6e96980fbc9,12854,233,0,13087
8ba9ce2fcd0cdf1dc786d2896cfabd2f0ed08308,0,1,0,1
652226a617d523507a79ed541e0f2c4db34b12ca,73,4,1,77
c9e0ba96602370017d1d3d61b223e121d7730a6d,40,1,0,41
821e667dbbee15f57731f277670eb9474ae359dc,11,4,0,15
29eef8601b1813e8cbc489ca7d5e312272c71329,631,73,0,704
b350f42f9182324932df9666dacd77f1ec735600,46,2,0,48
4dcb40c4259f06de0aef6b6ccda42a16c96e0ab6,21489,403,0,21892
26fc513fb8dc38c9061ffc0a1dd91c29a2f8b834,180,19,0,199
8049e0386223e0411509525d901e14ad2d6e85dc,17,1,0,18
9f52d28b3c76b4c3dca44df4768d0cc630c8570f,272,22,0,294
c1d884f723e0a2191c2cc56b98650ad0e28ed578,39,4,0,43
a2dd038ecb7094aa8c78bdcabdc97d73a12b1eb6,197,14,0,211
4cfd48a92f0d70a2e645fd580556c7d7bd975e27,12,1,0,13
cadd8258633ef20b0c9912f329cfeb8bcb952587,23644,451,0,24095
f6d80929d28eb5bf61d8dea9aee70353c6ee6d54,47,13,0,60
afabf669748eba9260eb669ab7c036468d1a74b2,7,2,0,9
ee327fc97752d74563192d4aeb5869d771692afd,26,1,1,27
e4786e790a9b2444be36455b6aa0e9aba49e000e,4,1,1,5
cd4b5b6f21b2cc8b474ffc287b7a59e8c71846ea,1098,13,0,1111
b2675f09a023fd556ec4f32287927f8b8f65f239,631,73,0,704
d2a80024f0ad42ed6893f2166c461a4eacf90277,107,3,0,110
797c20aafff882b0b75efb6de988ffc15319bc14,738,76,0,814
8fae51fac75916d5d763b57c9c54f34b9d491290,165,12,0,177
ababf68ca66437d14a504c9a3b305a0c5d4d6f39,56,3,1,59
2f0fb0d796e9a57b661926fd2ff74fd1e77a7611,5,1,1,6
08ba1c144ccfb769903b8d81a93a99d40447b866,349,6,0,355
9e8d9d2ed381733a47e19957accc4a3e883f2e20,5,2,0,7
90c6934ab5e87a7a5858862571f04a206e0ba44d,4,1,0,5
1f1afa70799ac2238678a253dad8075a2eaca6c4,15,1,0,16
4f707860aea50e3729eb37fce2e152dd7e6ee0a2,21,7,0,28
6473dcbb7ee454ca97af9ff93a5d242cca430381,5,1,0,6
20ae37f87cd4144f3705cedfa9096aee3c05c3e5,96,7,2,103
11572b46b8ecced033d0e365627a49ce1ffac51c,171,7,0,178
2908e83cac61bdd5582af2d3a15d76778541e0ad,311,9,0,320
5fe6840ce7d48af68d8229bc27300897d8eb95c1,1979,25,1,2004
3cc84476eaf6e625fd7526061ec3f91e48b2c0c2,7,1,0,8
6570cfb65c96ed6a78ac6e67c7511663286e93e8,5,1,0,6
63be32516a35f17b0bb3bd64d81c9fc7c5c685d6,10,1,0,11
7e38415c7b47160c47659c8c0e55ebb6b8f15c19,14,2,0,16
c38fd50ca66a96754c186932eca45f02a9ae5fcd,40,4,2,44
e4452bdecc1397b837482f8fa4c1ee818cd9b3dd,4,2,2,6
b17e17e183e7c50f5e6130843c91d15a3b41e17e,5,1,0,6
e318b1fdcf31f7cfe50aaced87574a62979b27fc,129,2,0,131
9e7077b6a507da86946db7c62a4f0f008c5cc35b,22102,424,0,22526
1d6283661c50d32469023014fa1e2985e0e8c9a4,91,2,0,93
d45fcb3cbd9ba2db7b02fb4fa8264d16967ff00c,369,12,9,381
8701787d94a06980b6022e3e4b7439542a4de872,19,3,0,22
079c55af60087640a53ad6cbd25c9547ba17b11e,40,13,0,53
c41f0d745c637bf4cf0c468338f015aab5672086,1287,10,0,1297
e09d16c2fed97554ea501f81127a7ec4944a8c98,6853,3,0,6856
6bff5adafbcf8c24436ff0ac4a6400607f13e880,6,2,0,8
276845b797e7907f1c04410edfa672ba281f1a01,197,15,0,212
f60a4ade1c661d5df17c3247a113770a74ff48c4,5517,72,1,5589
e135c44e826e6f9ed30bfa32ef87a0c4ca0ecca2,0,1,0,1
6e4d0a9614f1afede8f4bf133487c39b53e75305,244,22,0,266
f784fce3845c7a8877873c38e7c358dccb7d5dcc,553,16,15,569
f21cebef11764f39650dd02ee3deb9926a16dee1,169,3,0,172
f0da12e7e3d0c9b6e6947b6bec4b2801d9938873,20,2,0,22
6c5ca0a1638392c3a28b3ffabb6feb577a207be3,5,2,2,7
adc2f554825c6b3d7783bfe0fbac5ca6d816b0ee,46,2,0,48
62f70f5e66002fed44e4f24443146dd45863cb00,59,8,8,67
64d1a90a4564eaa3b63d852ce0024ba5d983c541,192,6,0,198
437ec72dbf39c645ccb981e7417aea3229336e82,2,1,1,3
c81164ed9c14a497b5da5b523ccd30312e064e9d,2,1,0,3
b114d4daf0697688fd89c3d8a8f95ef00ba6137c,2,1,0,3
b8da419161bf961db0a97e15c6d9ee5837006ad0,114,3,0,117
95abca70c9d79f0e246d2a7907819fe464703807,14,2,1,16
efbe4ca72e3b7671e87350d5543417949c3b828f,4,1,1,5
0758e5757f264a7c6ca1d60d79971f2a080ef0bc,3,1,0,4
7b3933479979a51ffe12c32e7b6e284a1075eeac,2,1,0,3
d64e8b99cc6696ab3d439277dbea16dec590f131,3,1,1,4
6592b860e15dbf0c65ef9967f255c6734f49a7cf,2,1,1,3
4b43701572cdd17a3e33fd5dde7c908f389e523b,212,5,0,217
34c836f9e552c759d6bdd08db61807f01d67b4b4,125,7,0,132
493e65b2307ce707d6777491368234bb97f43bbb,17,4,2,21
7154d0c905e973c27b7a123ce131340d0c62a71f,221,17,0,238
909741a4bc1e9162a29b56c900892f42b5a01a7c,8,1,0,9
2bf5c25662e981b2065cb3174df25f8b640ef2b0,6,1,1,7
e010448394873e393fbb3de5ce8cc741ff86ffe1,369,12,9,381
a298fb2b0174209859e77fe57e2f7564552b3998,19,3,0,22
a12688dc49c63fc0c76ff86a5fa44ef5fdfd3682,6,2,0,8
b5299d6ab488fc33429a2e321637eb06ea8413a2,422,17,0,439
40c79c44dfb305fcd1a4b25fa4c9027ea78afad1,422,17,0,439
cc87df26132b6aa0512d82d71ccec385c6152c36,427,18,0,445
36b1fcf63317d6f909768f35a2c9768b9b594f06,122,19,0,141
22a03a885fd4ebd9eb5d7027778841fd6af8e051,422,17,0,439
e1e53e3cb4f3d91d35caf38b5dfb62af597e8f14,315,114,11,429
6a54747fa209f7df448d0bbf7fc5a1590ec455ea,394,15,0,409
0ed6b8d82b1787298a222cded3db0a14b2697bde,47,3,0,50
ddc9dd6f9a1a25d879386ccd63da5ed5de45309e,303,43,0,346
7ab49ac55a7d8257321cb4e9f59eac52f38f960a,11,3,0,14
e3bfcbc85b40ed14867b3fbef8342a96df50ceba,36,3,3,39
6f4420f31a063f33095bb0d230638ceaf8e25139,52,4,0,56
0b11cca69c98f03b6066370afa3887c27bbe184a,474,21,0,495
c90fb378814f63c9ec6c57ede55d600dbdd995f1,4,1,0,5
1c97b3efc6f0802a4ff052145aebe81533184557,112,12,0,124
f1cb7abb9cc2d081bc7d0d4c6dbbf9daf7fdc65a,48,8,0,56
66befcfbf410b532cdf908267794a2d4b47a694f,52,4,0,56
d5a87efb74a3c95c09c6d5203581dafa3541b2bd,304,8,0,312
eac03a721fa18d9662d029812a69f5be70f76285,6,1,0,7
310a1bbeee67b9f31213530e4de0c9f1d4f0f1af,124,3,0,127
db0965cb45d8484dd602ba94fa4cf2f58d48c02c,34,2,0,36
c8479bd1f33a92ca701e45ff8782a8d0d485abd9,8,8,0,16
3d34c9c99d0d55c843b2ba64137c425f8ae41e98,13,5,0,18
34ac237451e84f09d6bab23cd11601e5461e1dc8,429,19,0,448
71bff5b43b50139d256f8848b2285e9c79841cdd,5,1,0,6
7f607890c3beb8e09bf7488137c14862f262dc61,27,13,0,40
0e1c08adbfe7c69f5d28c28122cc32ad471a6ab8,124,2,1,126
818442c50c114064e1d034c081cbb35267fc3505,17,3,0,20
d0303d8faab5d121f20faf39f9ff1c5ba75735ca,229,4,0,233
10bd22043f911a918e03a20cf5a7cebec0ae4b4c,2,1,0,3
03fb72d4723f59c0cd0f94c65dc6ca92e5ce1d23,1519,21,7,1540
f223004879d37152ca471147ce840651834872d7,388,10,0,398
1071a9534b8a16c349ec98405748b42759c7c16d,5,1,0,6
fecd199e7112e8fe2fbec889f303c0e769424053,254,4,0,258
eaa893a8e9afd2d5f722926189ace24dd94d45a0,2,1,0,3
df37e99d1a7927e9aee2128b9c76f1bbd4a70407,41,11,0,52
246e4ebca973bdbdd9a1b05f2feb4b67240d22c0,118,1,1,119
81a4592a3a64a59005e67519cf5aa9ea0eeb1635,124,3,0,127
3b3943af2e384fd9328ad346173688082c132a2b,14,5,3,19
e06a9fba461268ec55440744b32a779d1f88a24e,2,1,0,3
bc103ca32519be797cd27de4643b2811ff847174,518,12,0,530
9a6e2987a35bc880ee6e47d457c69928d1705d8e,12,1,0,13
3cfd12a88d400bbece9a0edb2809910d6d1b0c6d,13,3,0,16
0ab32df0f4ba81533217afe877033ec6cc6e164f,18,3,0,21
c6f3364e65a05bdd208c560d2ab49dc9c8ef7c81,2,1,0,3
70ffb81dc605c8a49059322ea96308c00dfb8fae,554,22,0,576
4895e461b29478891aa098b93c5eddbf223ad9a7,319,6,2,325
9e39fdf210bebc72c86435dcc3a2af9d4fc46b04,323,12,0,335
3eccf3d7ae0166fd54ab744fd6a812b610844ff9,131,3,0,134
3b8fdbbb8a0dfba45201a99d7de271a834cc1975,33,1,0,34
b46683f0bb2819c5d6ac13a2430d3442def52364,4,1,0,5
560bc9ec3662c74cb47681c27d9a6f8f48c2a147,28,1,0,29
e54f2376bc9f3dfead80d0506f8b1efe26914c22,22,2,0,24
dd076f919a4e0d67a59805429b1a09ed1b3c3ba6,359,23,0,382
05bcece98fa9d45f376c319b9c1126a7f4ee2c24,292,20,0,312
def2a8f60edc9397d022aa5e60f9f66b3c8d9c45,810,27,0,837
2de60d0c0115397371646c3f517abb2115787906,55,4,0,59
5441ff67718ab0338d7b33c82b995990e52bce5f,197,1,0,198
ea44375ad99085c422b1a1ef346b203eff6a7f67,810,27,0,837
0f70312be9930ac57fe17f2f974bc2e5f2735aec,197,1,0,198
54f98f71ecd6e4663d313ea07d06a941578ce42a,351,73,0,424
0ebc9be6d657c3ddb629c1eca8d030d45150cf29,18,5,1,23
fd99990d7e702fe6d2bb58af7b127ad29e3adcc9,985,26,0,1011
86da3215945c47b962842b02ef453e18e73aefdd,199,2,0,201
24f622e8e1751cbaf60c87e8357c7a13281bd8fb,6,1,0,7
866b2c56e1f2457a0ea93926ce853d91f9c11fa7,12,4,0,16
5ad28e7d180fa34c58de7bfbdbcbc9ba924819b9,301,3,3,304
7df6d5dfe664c6374c66d14f4ed78f2a6cab89eb,130,4,0,134
f44de87d46b87bf12080bec436a456fe697b0073,131,7,3,138
f58360dc30a7d24fcb9d5e572aab0a6d7643d25c,1,1,1,2
993e12c63c1610abd84035302f94c4f00b6809da,1087,36,21,1123
b00316dec8f7dc7e33be7d0c11343b04bbde80d9,265,3,2,268
c8247fa0413859cbf571f5b37deab617cd0e5420,197,1,0,198
ea19cb73c71998a9645fde745d73d21e3c04e408,45,4,1,49
64cfd3f57e332aaf30ae7d0f96a19f0200812f97,583,10,0,593
28088089772015e1fa6dbf93635ffafc4c97ccac,30,9,0,39
868eb073320baf4aeea9279b4909804d237ec8dd,42,1,0,43
96727cf10796868b31eb3b62bc10fb9665701a8d,1072,41,0,1113
790b41122da64a8e9a50fa49dd0c5946ee56fcdf,197,1,0,198
4c7f5e353a165840899cc7abe669c0569e0c5ce8,80,2,0,82
a6e50cabe3383adaca2d1ff267acd268990db3da,1381,46,0,1427
6e6026ce75901e86cd72cdd0aa45df296435899d,62,3,0,65
685870b80083b7ca12f746e5d7e6f44018e18a64,456,2,1,458
bc51f4a577cc975a1e6130a694a307eedec14407,580,15,0,595
cbebfa63d8542ea1344d92c8cb1894689e8206ee,16,2,1,18
afd4cc69fcacfe768b7c0a3450c388c87042137a,247,117,0,364
30a2fde8618545f938d7c1cc05cfb77082117c11,6,1,1,7
e088b7a2a4770980b4e9671628292330f842d64e,827,132,0,959
428f97453319246490e6bbf250277c34470fc734,1,1,0,2
b17fd0267c0404549c044da9ce22c43a00f31cf3,2,1,0,3
33cfc3ff697207b2b30cdf126d8e36b43f0a0419,632,198,0,830
e96fb87abd4c1c56db8e21188fff155909e8ae15,33,8,0,41
4ea0641fd4333f81db82d0c0fb831ee286382754,1212,213,0,1425
3348ce6e36b17a726bd56a8f42f4c43e2d3d0fa7,49,4,2,53
5296bc939f185fa28379c26e6bd8f672dca3043f,707,5,1,712
5c4ff1b57bf750a7dd20de5f94ed8a8d32217f04,1212,213,0,1425
2befe25fe8e3bc212c709e7936be949344393095,42,2,1,44
b3309cc8a7ac234dc1f19a9ac1fd70c139dc31c7,14,5,1,19
3d49318e9aa14672d26030658ca04de266a50f57,220,11,2,231
bd968d11005845592aaf5d34ed36a8d1667e6315,222,8,0,230
1a9e04451da7051123e33d4ecccfc0740f3698ab,2,1,0,3
61c70666f9353983e10ed4a370816a532b5d6770,1212,213,0,1425
625d827af507c2bc25116fcf8a451d42f4977f41,18,1,0,19
aa3344bba43e3bc3d680cfd660d238d802b11d63,72,3,0,75
6f61e4d1c6db670c5eb0799c0ab4875213950c71,113,7,2,120
bd188ad0e92911ba81b28d5d1ceebc3bd789cc9e,128,9,1,137
a54e4e80fea01dc3c42bc8ff68472a6669639c41,669,57,1,726
4d08ab4b41a958400301e4e518c5b8102d561d1e,1,1,0,2
831124ff1af876d8979e51d1cf7fe900952b61cd,389,22,1,411
c640ffb92067c0ab49509e61ffff1469ec59df66,280,13,0,293
f1cf4c8336f06aca45c897fd8f6171a386bc8697,1797,222,0,2019
f097b8cc0bfe30078bbd7b97ebdd6b94d35cea8d,8,8,3,16
635d824fe7832b29cec323f0071deca23d740c65,91,2,0,93
84eb4dafadcad39d20974984aa05e44845eefc2c,228,2,0,230
d6713fd2c2ec3e2330c4e5391f93c8f7f90d7c7e,77,3,2,80
5fbc3d981ef9fd1092ec7cd0d35c5dfaadde1be1,4,1,0,5
db5cca632322195a9e134292fb0f75492c34e28a,3384,22,2,3406
5ad43e01bcffed64da86d5c86180eb054a83afe6,40,3,0,43
8acf7308ce5f159e16fe7d98e8c09a24b042252e,95,26,0,121
190443c5e465f0176f760fca166119a5be89b66f,83,2,1,85
fd5dd594de86a49dc9c22fb9821f1e3d874158a5,1803,223,0,2026
d9c96a40fcd37bfbc509f68c0e8d66de55ff46ce,4,1,0,5
2c40381196e02d79c428fdf372b0e02038928c85,18151,361,0,18512
cbbaac0ccb646f1cab8a01dc55e82b515561409e,33,8,0,41
fabed632ddb694e2b9cf8dff2bc9bd771d7adf1c,110706,1271,0,111977
a10a2c3438d227db670bb219e4746eefac3e071f,73,5,0,78
fba0d3885331a8acc5b7580d783311f22e90cbe4,33,8,0,41
6ca35a0f1d4d86069ede53c3151ff314974fd937,234,11,0,245
fbce9b77c4efc2ae64375683dea956bb7014ccb2,4,1,0,5
73b055c5d7640140f3bbe100b29972b75f4799ea,2994,269,0,3263
27adc779ad886af1d10e387e79cfd035bdb05ee8,15,1,1,16
7d419049986cb768728e86539df3632550998753,28,4,0,32
f7b0fd3e3d4e5204eb6b490cf522242a1b1a78cd,8,1,0,9
3e95bb6101ab0292055dd8af1f2d0b513b7352ed,10,2,0,12
893f9082f235561ffba7a34a403745fa0d6008fa,188,8,0,196
b5f25406bd7cdfffc8b7d689674b856ac6ac0136,16088,135,0,16223
66230532caca7d1ba9156ec29f3c463c182272de,16276,142,0,16418
7cc3280c47528219d3342c4afc2e9b203cc01c1d,1993,257,0,2250
d2d69d489149b606ed8f60ec47470b6709f32715,1,1,0,2
c59038411df6b0988761b56e659d2fd8ade22587,190,36,0,226
5f35a03aadf2db8655976085f37b3d9e3fe6710e,18,9,8,27
fcdc4cdfc45c4e0390f690c90e2a5535b2e73aef,19,10,0,29
b5cf34c2715b5fe9d3cff27d9206e4d386e548ff,43,1,0,44
5685bbbca75dcacfc05125041e71d17b91ced008,62,5,0,67
9ee4bcdb2989fcceb349f82c84879187bd9a6598,1,1,0,2
c6c9675cb4782814ef6f204eb1ce1687dd1c6252,3302,302,0,3604
b1a614384ba3d3693c382c128ee626940ef52fe7,46,5,0,51
42573cda0227a7c990ecf49a16c8be203b8c874d,20,3,0,23
c123935ae8dcf8212ff6814a23ea84fb99f3f9a6,2,1,0,3
e072ed2dc885eb350847ce1aa2dce811fea1ced2,75,1,0,76
09084816167c821bd552a78f416ec094607cab33,126,2,1,128
7200307b69afabe39e1537ec6d0c74783eb02353,170,7,0,177
7fd5b14773e65f6d5b31857587fe0ac51aabeef1,1,1,0,2
bb2a6e9a84179b315ece22e6973cd97a91886a53,10,3,0,13
227675f0ca389e7648bbef4fe219b5c7350441fb,9,1,0,10
788cf2c84edc4cb5e151d2a3988e26359ba0a4bf,1417,35,0,1452
8d72d710c70605fd7a97f0b5a1ed317d29bbd0ce,16294,151,0,16445
ad2e461151fb8fa968c5816899c4661f3c87f669,163,8,0,171
52a2138d8300a0f28883b472451113643bd0d15c,2,1,1,3
6bce7933423a2841a3f7ce1c929cb1e6c5632340,164,1,0,165
b67df662bdf46f88528fb216a15a83963d444a5f,13,3,0,16
a5bde6d91531420b4480ca9dd01d35bb5ce3eff3,13,1,0,14
3879881175cb290de179e6d1f666c8f952241d45,675,19,4,694
0229dcbbcc25ff5c2fcfdc89e52fccfff782eb72,229,11,0,240
55d59844cc4bff6cdbd72835a3de1a0cae8ac92b,131,13,1,144
13f26d116854851a6d64163afe4c8568aff4a8fd,452,9,0,461
b688905141f0b1d1730522874d90e137b5e42e26,105,6,2,111
943d8b7c6058e26797199967f029b52bc5f42c7b,84,3,0,87
0f4ec002084516a6152f85ec6d6e6d2b0713b2ba,50,11,0,61
c333bc75ce7e06378abc5d39913c61e40a40216f,38,12,0,50
d2f87a6aa0d7e75c549063aa7564b96be5cf001f,0,2,0,2
fdce35550a30eab7828fe31bf871a4cfd740c03c,40,2,0,42
501a36c2ee04c8c9cb388378a43e54f215e77148,3,1,0,4
ad77a757937da87dd990bbd09eaadd3a69a496de,40,4,0,44
915df1cebb39d3354b009c4303c508218dc6e9ea,14,2,0,16
b8225e7236affb622345519491601ced5aa8d164,197,1,0,198
c35d8e645ef7b4e51c4ff3bbb6dce88cb623466d,5,2,0,7
3d1f8e1b53b72f808000586583b0390a339f494e,60,3,0,63
069c8482413cfd231839ac2d4af9b049f6bb77d8,247,26,17,273
5df5d4f537a6a69b9646491462d6798e65aa2b99,17489,179,0,17668
c6ec9b3ed652bccefb0ca68a4cf55c7732096f51,295,11,0,306
04411e1d7b7ae17cb5c929ce26ee7f08ee6ba76e,277,28,17,305
d52856d8d02e0b7d929a2737f800ef3a874497f6,194,9,2,203
bf8510b6a5c1a2db93e13dd887919add4006b505,13,3,0,16
76bb66c56445ff66e8ca80440d4bf97c29e41bd2,10,1,0,11
b758a93d8f6e07839bfe52cfd0ffdbcbd6e862e1,362,1,0,363
93669a357fe7483510f43fc0786082e0d71a27ea,4,1,0,5
b91b754329930b7279b88688df91a4b556e74a05,1796,55,0,1851
ef7254d575dc17e2027ddbffb90279c0c3ef47df,23,2,0,25
5c04d784bfb709a03eba97d827da9fdc3e499a4a,71,3,2,74
c65b004998f78a5b824fda7e1fdce348bcf2cbda,91,3,0,94
7d64ce31f820f73b2e077cc30999ffd29920afa3,10,4,1,14
58786122536bf52785206f4c3594ed1900ca6ee4,17922,183,0,18105
4ffa290ba56083dc46df89c17622136289b2fd59,8,1,0,9
b627c1a4bb3c5d3534fbc893ed5dc1956a36bec6,239,6,0,245
1e0120986f8b1934bbd67e343f189e1008195bf2,34,1,0,35
3667134924d0c6c6211e74979255790c2993f23d,725,37,0,762
06493e83ea21fe92f5fb3038d5eca6bf1caf4be6,2,1,0,3
7128277ef6d1539756876e41c7bdde2f94d2ada6,705,36,0,741
ef4921ec8d696c77006b90e4705d614c1d841b7c,15,1,0,16
66cc422f69a08726926223802c58e8d86cde0987,669,23,0,692
6fcda7504c3f612241132b8ce7062afcb73e909d,2,1,0,3
e7f9fc5c6f77aa3f7c891780b3601a6c4b696c15,1834,50,0,1884
3984f97494678fa560d4e5759b341cce37ddbe98,5,1,0,6
d5f230332924c90ce207a9414a064c279f22fe4f,13,6,0,19
a901356c65821c0304607a747cafe59cf7660709,5,1,0,6
7bc33c131f969a7881e2d14dc4b1afc86124a18b,382,19,0,401
b09544e410cc30980d3e251afe478f5e46b7a6b4,5,1,0,6
13ab77292f101b8a9f607ea16ae04bfeae3a3b1a,17933,182,0,18115
e515d2b1d01807a2c18e889273fcf3bf46bf7292,2,1,0,3
540912ef979a39d11778a1008e54ba4bc85cc03f,30,9,0,39
b153aac13799454a79f4728ddcecb0611d995f3b,5,1,0,6
14934dd49fc49bff9e92761fa7f4a1afe9d2a541,30,9,0,39
eaf33573cd2fa0663216c9b623d82303da902d89,5,1,0,6
bbc439203f93bc177dbf773ac8ed3797f8b47251,6,3,0,9
cf752c0fc4fa4093d524b18380b971db62a3856b,41,13,0,54
472be8847277f71813733bce8ed8a905b9e8f9e7,6,3,0,9
81370181ebae9a5cca2d312745dba607d5b702e0,264,2,0,266
53effa9f01c5e503859647ad48ae2a34ab5a3290,18605,205,0,18810
9b34292caf0a8e8720db6c2cb4f55cdf2fa86507,41,13,0,54
1ab7f0ce2219c7ef6abba47d0d4f9500bc9de157,113,1,0,114
bb692a96c59123086e22a6802fba2ba70afb5604,31531,288,0,31819
4a36f93702f9691549e51ce18f42b085345a39bc,596,19,0,615
1d1b05eb753bef6c377cc94aab14c93a863f8261,474,17,0,491
171ce272fc87bc24dc9d38f15167fe8ea20bae99,34,3,0,37
7df0e97408e0134c82816d2f974412953948eba6,171,32,31,203
b14d31b3a82d0538965a5f271d2db3d451f5f518,38,19,0,57
898bf2542aec7a0e6cb37b92de7c9692ff5ae5f3,15,2,1,17
37150ca068fe7a9fd5d495b37cb2cee8423decb9,18248,222,0,18470
6ce7bf2edef4369d604e34d8c42c5bab33cd2a60,596,19,0,615
26b742ba196980048772fa92e55d744963df8bf3,34,1,0,35
b93a04690afbcafcf41f5fb51c5ec3e6896b7873,72,2,0,74
76ccf4fd6018bb6af2e0b03956020b0965c0f52a,2,1,0,3
5c45947546f610e5727fec1f155a8c0c21a5e55e,221,17,0,238
29627c7e613e1e2053ae7d479adf301b8a65fbcc,584,25,0,609
8d5fa32eb6d52a9feaa9e4b60fabcdc600e17859,25,1,0,26
1293d36c4585533489855e3a7fe9e7b03fafd893,584,25,0,609
1bcef5e57da3bcd602767bd8b449fc240fac4136,684,37,0,721
a00ad9a16f20219401fa8bfe79fedad3a9df7949,258,7,0,265
f493065a366d9f362eea9ab9940696a418665e78,19,2,0,21
0959073de55ee60fd1a208e26802a6d54232585f,474,17,0,491
85cc1d04e1a32856906c64d0794f39afb5d3807c,71,2,0,73
0592488a8cfe910b66b9fc8c730b8cdda1b320de,238,24,2,262
fe245b2ed533b4f44e56e0cdc8e6d9a1cd031a28,2,1,1,3
9da0ea19aa30ff17005ccabd2267f99ea7775abf,662,28,0,690
8230ce3c104b318b26e6e7381e0cea1883f6ee5c,662,28,0,690
e795fe85448c57c3096e71a45b4cb8e567500d0b,917,61,0,978
8d4c818e7fa268441bd3fde0d0aba5e91c838145,4,1,0,5
12af4fd51d6c705a30d22d2bf5ec58e90a0f1e3a,197,2,0,199
216fd732006b15396dcf59a4cb9940aae774e3f8,72,1,0,73
ddd19aacd1c26bb015ba049bb36c1e18a3b68bf9,666,29,0,695
e0e2e2083aef68303c03ffde89a42d5729831b84,61,2,1,63
5ea5e58f6cf92144925290da9d0f300cf8771bec,261,4,4,265
3ac38407cc0898dec723bd73057a9c68d157f557,19,2,0,21
b47d64e471c69f4ce6ca3fc602db2effa03af2e8,3,1,0,4
bb15b46fd9bb4f5bf1a440927bb29956b90cf9ca,322,44,0,366
2ae70e238d8cc255d94c1a701b68bd48b6bff016,723,30,0,753
71caaa6c843182e0b231220253e76301cd3fc0bb,4,2,0,6
d6de59ad86d0f0a5fc5c4814e40e5d468686458b,266,2,0,268
c36a3d3de1f0cbbe7ebe4e34b8afaefa58445d5f,1157,61,0,1218
367e93dfba0709423aa417f75faf250cb84d4acc,18682,220,0,18902
a86a9a3fcca988292c02ec2fdd7a69fb262cc79c,174,1,0,175
59bc538dafc78408c7b10f9c1e503c83cd549608,20771,294,0,21065
304d29842c1b6a3c373ddb4812bbd5f2355c3f19,1331,62,0,1393
b88532383197ad3325c5a99582ebbaef4311a2e7,238,24,0,262
ff95e68e0580b7a26bb9f1fbb6070fa5b96d348b,25,1,0,26
956f1839abe084cb9f903bfedb47d40dff8d57c1,3,1,0,4
00ef2b7f3316a15a5b2f2749aefdc420f0610008,2,1,0,3
2e786a162a11b4494af539b4c21f55c6b5aeb5bf,58,4,0,62
9d701888068bf9403c6289c4866bc37ce665979b,22,11,0,33
ff6deb59f24760532750f163c5c237c61855f340,61,2,0,63
15d51d9ef66f86ab418faddd12ea4bc32044c061,22,11,0,33
b87567962bc2356ab1e2bb6b80eff77c5e8e0055,25,1,0,26
2e8d915613e0f9ac8e28ae747b88092935252556,162,11,0,173
de0492b8f68f80d35e1cbd4dae170b3b0b915f2f,56,3,0,59
2d8e9e25f691f0310d4a0689f5b20f17d3ff5a99,13,1,1,14
d8015381de78f5f96e2a23a3e52d4d89c2c9288f,254,15,0,269
2c9058d1a747c80bd4353bdee61b537c3e9ee1d8,315,21,0,336
32581daaa05d96f660b18658825facf041cf09be,57,3,0,60
6d4ef66a223bcf9c2260b11f25d72ac49a08f057,57,3,0,60
bfec5bd945569cb9f442a7e4ced68eaf33593a0d,205,5,0,210
0c3edc713ce26ec470b1d56cd564b430ee64580f,50,4,0,54
a1244a7b223d112ae68a257934b9e946662234a2,13,1,0,14
b6a9913e75daedf028224745297ea0d74be2c436,74,2,0,76
56059e598afaff8608d22b434d64b5b3bb04b305,200,5,0,205
33b305dc91811a649f945822608835af2f16936a,1,1,0,2
4478c3ae051c04ed60eeed256e00d825b00829ed,2,1,1,3
efd86af3e11bed71b5a5b16ec07e02c656d9de1c,47,12,0,59
860197c7c3ee72b1113035e92735b17b4916af21,381,14,0,395
18e7380fa5d8efa9e1eca701522f8461cb267a0e,197,5,0,202
a36a46e3068cdf6ad277721853917873b6890104,2,1,0,3
7e3dbe456f577956f901cffd2f293de66220054a,2,1,0,3
daf073bc1c3c353b90482b62b064b379e269b59d,53,6,2,59
5351d4b80ce11cfd99c1bec3373b0a0cb0277fdf,114,16,0,130
e0a94ffdef4e6f744d1576e445f1f9cfd89ba6cd,50,2,0,52
07c9447e296c02282f3458a4246919202136e5d5,232,13,4,245
ee5e46b7c395e50df748a60c11cea7aabd711459,49,4,0,53
87a966ea3fc63ff38b5d6967cfb1523de59d39ce,133,5,0,138
8ea18c55ac4b32e801b8c716c6dc0a612186b520,18,2,1,20
e99e495fff93e68d31fe1582f3c2a838e3ecb164,2410,108,0,2518
b393b43e6b08881201af520207d5c75389fc328e,3,1,0,4
656a5f23d936ba490370e8bd88f618723a751a1a,3,1,0,4
f416a4e2824296264db07ac7dd05f00ebe97d5f7,15,1,0,16
a7527768fc7bbf2692f135dfb1b7a5b008c01a41,2467,114,0,2581
6bf208dfc90ed77fdd9312eaf2e01e105e466e14,5,1,1,6
0c95176f88f5df2268a6a3d601b586c78d433734,20,2,0,22
6e9c01c9c3c993c2d87347b9720e8e07685c8bbb,98,1,0,99
abedfb461899fdff71c248c256d3c6277bd2c23e,9,1,0,10
925370b69510ce39f60421320227d3d9426cbed8,22,1,0,23
dd2394a9a8ebd86ddd94ebde7e0aa8204370475f,2,1,0,3
b88065ac06d272476c42108031021068a8a45608,4,1,0,5
a6d70300ff9d02688063ff4e373343e91f1702a3,6,1,0,7
51c0883699287ea4cd05f1ba60cd1619af168917,12,1,0,13
0a554af6050d834cb3adea8476c3c04d29215ec0,6,2,0,8
1128ece23fce862ca6d9dee6b41b5d5402395626,3,1,0,4
0d5953bf04d52b36b77eb1c1520b2e6ac495c8d4,3,1,0,4
90d3f50f67370d784aecb89e143af7509e84a9cd,3,1,0,4
d7064e69ee8feaddb1ac252e0f39155849315556,2,1,0,3
9215f023ff9a27ff81f155ac67ad8dfbc0f0494b,6871,6,0,6877
8cb274f8d0cf392c610ec55a36d5ca6425e7d8b0,3695,162,0,3857
b5ed0fb5d783b18f4b6e7211a43457996e7a430d,0,2,0,2
2e207b8bc981498f897b9039a652bb03da5d89d2,6,2,0,8
884a9ee9a6b16db9a5ad8098421bd8c96f68fcb1,9432,133,0,9565
d5c52291c311e6ded30aaa0513fd62962696d43c,28,1,0,29
bb7c2ed08475b0008027ccead1c4a5f59d0b3892,20,1,0,21
5cb858163b253f831e0be9ac1c67993ed65ad01e,9446,133,0,9579
a1783c39a89741d4921bb49d18f82c7d84161a6e,6911,9,0,6920
ad34eb406f50d21e63e42749474573ab38e13ea2,57,5,0,62
fcd7dc2b2314aacdd659e52bce4f6259a63f3d97,6891,7,0,6898
81bfc65a76246748d943bc8a4f46556d67000c4c,0,1,0,1
e2e4877950005d192408eccb3c60de8452bc9e79,9389,119,0,9508
6f8e15529c66cc3cfc497676ef63bd5bf1a9e596,19,3,0,22
0126685313efa3cd344e3220b81576a885acc190,57,6,0,63
3b5482bb4dc5a2771dac69a1ecfc82e3cb458a09,76,9,0,85
432b447cd6fee16f8aaeb037b22ae249fe3d494f,11112,162,0,11274
98cb10bf11e7a45ceaa0c7543b545f530fcb72e7,22,5,0,27
1448a116bd0c36209fecc2af2901db5d466f0e0c,2325,6,0,2331
c7c5ad3ea28ef1e390ee6b2815e3aa1e31d5d7d5,8,3,0,11
7d29bb87a4368cc2de183a48bf97b2b755eb15f8,306,13,0,319
afa6e5fc5d5ed8c6e855754b587b10d8734ec7b4,2375,8,0,2383
119ff3df238348cb0c0e0a4ea44cffc0f3f7ecbd,14,3,0,17
5bd348eb6a90dfe5b4d91609330874425182281e,64,7,0,71
a697c49d474d9a6eb9b5db5350c5a91a9cbe731c,2,1,0,3
67872f6f3762242c1ee1c456cc5d89ebb1251566,166,1,0,167
427f4415539935c8233327aae304af7777ec27e5,14,3,0,17
360a056c6f3bb5dfee90930e981cbc80f32e7f83,2,1,0,3
518416fdf967d03a7853cdfd9f74681b36ca54ce,166,1,0,167
026709a224490d2519a438fe10776239caa29fbb,4,1,0,5
763eaad9424641c7812e73ee34454c25de5b04cc,398,3,0,401
a57c96d4a3efd44d301aa8a7fd6c5d9add6eef67,398,3,0,401
750a2df4e2c33664a9a62e333e74ad935655893a,3,1,0,4
ff0527289b311c9916801c57f7c6d5fe4fa16869,130,2,0,132
69f040e909ed00264562f190bf3ea78b30df2f54,3,1,0,4
7d59f3101c07a2472bc225e57a1d745d43189807,595,12,2,607
02c42cf3d20455b91155668512d10cc290e6ba69,902,6,0,908
2bc7d780354d23ce8ab43a3324340166bb4e9676,258,14,0,272
f010d9045e62c9186a3ed7c5f622c05eae4b70cf,258,14,0,272
17b1cb1eaa5f5e296e6c337f6d67f1db866599ba,719,6,0,725
fcc296fa97f2d77e43bdebad8c1130c6d306b328,9723,144,0,9867
800498901001cdae30f68de8d651eaacf9c4abb0,275,8,0,283
50d1db03212a2d083e669fe54dfe94c337ae3670,4,1,0,5
3b3375a6a0735b8f7d2975f4a0920b33d06f792d,466,10,0,476
38a4bd6bd02938763d5d1369d39fd6409b855697,15196,218,0,15414
125f3401719f6852e5e2920ec8b2fc0712a7b375,4,1,0,5
d5649fb52102042dd319f263062137387ab63801,262,14,0,276
63b55ac3b8eb23d55310433906f138ba416a5957,449,3,2,452
cd3a322632a3d3126340437d016a932e32a002fe,4,1,0,5
a5ea4035f9ea70b4dfb83b5b5aba9e3b42e44ac9,3773,35,0,3808
47f924b4107bea52597f0da90343ca9a51e18272,83,2,0,85
9e79a221c43d43a5a137492784e07779983901a9,48,1,0,49
f5c109d19ba3eec18a10d4163c2ba4d14dc6b961,202,1,0,203
f6a66ec464e88a5f27b2be32a9dced7d17e67172,2034,11,0,2045
de56e07cc90f78489eb3b2c2d1640768bd8f092f,191,4,0,195
1119ad4081628fb80427425c539bade3dfded297,17,11,0,28
f74cfdb77cffc8422d4bf70ed9752348cab11ca9,293,10,0,303
3d3dbab38ba0d939e45e1fb398c7a7f2903d8816,2,1,0,3
a620a5e5199f3309cbd07566d7c7dfac0d65f325,15,1,0,16
daeca6143b699ba0893a03850d0c8375414e1efe,31,4,0,35
9e44c19e9a11d66bb0c3c183012ca33cf61f1c28,24,12,0,36
422cf12950be9eb1e8e4cd096661894f9081ca62,6,3,0,9
2e96ff347653b9cd4568ebdffe201f499056fe3e,5930,70,0,6000
28c9c99d977fe9f7642286a5af1525ab1c5ba102,59,3,0,62
9623635194f689f54cc86168bde2e74074e0e893,50,1,0,51
1f50c8b3863ca2b6c219f1f802ee2efed9359f64,21,1,0,22
6360706d82cfa05ff5042e2f9d9b39ebd5b86913,5,1,0,6
e84247786374892e7969bca08be950a63f0317cf,2,1,0,3
7900d9a3d84875d4e8624fecbc259f06e84b6d4d,35,1,0,36
61832171309426e3322af94bc0efa267f9ba04d2,35,5,0,40
d85828e1a748e8abcedf61fbb362b5d3cc6214b2,14,1,0,15
0d3b991c2f316c7c9e704f3c7ee38489524f45c2,4716,75,0,4791
bff729964e6e146165ca22dee63365666ab0fe90,2503,43,0,2546
ce9baeca24c904362cff623ab7563c1f4d30ec37,16507,219,0,16726
dfa1e81086785103988c516d5ca3eed0c15b671b,86,2,0,88
4588621e5b6348497aca7312da3eb851173ca2dd,262,14,0,276
28868cc1f411da9fdb473cac1be2a5307ca6bcbb,2,1,0,3
821f09b719c9a84fabb16babc88c75a65e92653f,6363,83,0,6446
747f73e8557898fd6c3442438d22c3119d0bc54c,9,1,0,10
58ea303ace4349cadce8646cb192b3d085cd5047,9,1,0,10
0f8ec605a2168902a9f5b704b8c00b559d1d35a8,19,1,0,20
757fee9906a08d978863de2795f23a607adbd827,19,1,0,20
82595752e264893370d4c0d339b5f9c11ea69013,2,1,0,3
422a66c9327891bbeaf668c29bd5c6511d39acbd,0,1,0,1
6930234acc6270ff15aa55b01339910af2b391fa,983,4,0,987
147bdb31b57532e8eba10e8d5d51b9859c6d5d69,5,1,0,6
8ae2f6cded996f39fba5d4651633d1795b82b870,9,1,0,10
b6cb95d9cb5112572e4732f4b2889e810f4388ac,4,1,0,5
a3980b4086c38abbeede44387e1f4929e4a31cad,12,1,0,13
ae1166016031d5ab5e886cc0bf25cd807f5c295e,224,1,0,225
733db843e12ca09d1314f3646a35b4e9aaace2df,2,1,0,3
6f133e82bd6d99153c26116621724ed5cf8e1881,3,1,0,4
692643aeefa128a0cec310b23693f263ec4444bb,11,1,0,12
3eb2fdd263121b69ddb51fd1be116c5800d7ec87,57,3,0,60
8879d9f53744b1ea62aa58e0dac7cb8239d3b930,6121,74,0,6195
5f28f2ee5030263f7fd3f4c19f7aeeb295d9136e,5,1,0,6
e5e01b6222284750154a835c5bd30d9760f08a8c,2,1,0,3
7f4276e09239df5b630ae545790ce32ef31f0bed,11,1,0,12
652c73c9791cd3fe8204a5ea7709ee800a334845,211927,1746,0,213673
0cb433942b9400cc599ff3b3d5a41b3b24092a8a,40,4,0,44
3981c2736fc9614189224172af125608ac615689,11,1,0,12
1d48e61fe946c67a2d84760d32ad642df13a5223,236,6,0,242
e3122c65a1e272b90ee9d86fc4b5d5c284ec5ffe,108,7,0,115
2c9c0dbeb51ab92f4eb6e878046c9299ce4fc4ea,229,8,0,237
c6d5cf96ef12dafdb8ac5016e318b65ff5e310fd,2,1,0,3
d7c949c1dd94a6f633b705bcc169c89d09ee47ae,148,14,0,162
3cc6a8d81d0d887a54e65b6d61ee3c6fb47649fc,283,5,0,288
d78c99ef25f139c48ac6d63f492ce9d2fea5d1c7,56,2,0,58
7036f6dbebfaf36471b45b69272883c67775864e,282,4,0,286
f4524e7ec04744e23fd0f6371dc05a1597f3d7db,244,9,0,253
a505f32d107a9d7d632773fc3090b45b8307c081,851,7,0,858
681592903b17446aa2777974f8b9d77ea4851183,518,18,0,536
cc755ee77ac2e11c3b0d21dbdb733337e6fc753c,0,0,0,0
43b5b4f4c614342fac4219bb54d37797ed08ed05,507,5,0,512
b00c4445e68b7f62dbbef97741a65e0e12b65c71,332,9,0,341
b91d0832179ca8d224ac1a30c23cca1ebbd2c644,6440,79,0,6519
3ac6781b0f9ab0307dbd570089e9541b85f20e21,193,3,0,196
108f339b82fce0c27b4b961f579cb45191bc0ce3,272,6,0,278
bdc11c9c4765a53d7c34f9e444d1dc51a3b33b55,4,1,0,5
95895d0bef8adbb799bbddda9d8959fa9fafdea3,1546,23,0,1569
8c8e825194fc470434cda8c024bf84d307a58a86,1806,7,0,1813
bf0cb763add43cf2e53baa0b19d1760ccf044ce0,3192,34,1,3226
c943022ebf7cb0896ecbfbc01c437aaf3a0e4087,0,0,0,0
e00e5b05491b23847ec9a8504d8fa7c0a28835b1,342,4,0,346
9ceba429368e07d5ded37ba3e392199c2ef12537,48,1,0,49
73c5e43c6c161aa18aa9e8ff2b09e582c7aedce4,73,3,0,76
44df7eba8c0c55629e3bf9a2c3997316ac53ad41,52,6,0,58
52903c220d74eed2a1fa671d75109c1436c746e3,224,2,2,226
4499cd6a9e2271c937eba8c0db0ad20c82beb548,294,6,0,300
b10c704d7af75d1b1a8d1841102b8fb4139988ef,305,7,0,312
4047af3a837a403d320afc88ed71338d5f03b46e,14003,16,0,14019
a60daff4f36c9c26bfa4ef2e2af6f52f6ed0f9fb,2,1,0,3
5dc280b19e25d5c462ae39db7bcbf0f414df5ede,131,1,0,132
273b5755279439aa8ee41a3cd441cfbc77954d9a,6,1,0,7
61ba6bd8821b38daf218a3cc00990f5bf5ba646b,6528,81,0,6609
e76df33308b8d45ac48d1fe2f682adf52319484a,19,1,0,20
e8d523f976a89e9c746fcbddddbd6f6d1f11a157,84,2,0,86
3d17dd3a558eddbd07e7f3a30181d9e390e60acb,38,2,0,40
eb61dd7d990229ffb3bfe34360f836afef791f62,126,5,2,131
1ec6aaebb3ea91238e3278b87e47f6e5d8b9aa91,6455,81,0,6536
c30fe95b51841d9bbb87aab76b5191506295bf60,657,5,0,662
a6ef8ae5287d5a703b204c3a0838bd705897378d,83,1,0,84
0cf1c1a4784158daba62852803c5bb89c016bee0,262,21,0,283
b09addf0be82a66a09a9b1cbd980ca3b4f3bb5f0,879,6,0,885
006a4288b0775bcd6432640e5e7e9f52a6fc81f6,341,8,0,349
e81506654e5919d9b94c7b259382b1151c8d3ed4,879,6,0,885
4b15093fa62712bc4b2e1d0c85b2f34b8c183195,2069,28,0,2097
55c6f606473e46b8eebe283565eb67721f6475b7,458,11,0,469
da0b38ef46bc4464c48d8c62449603c142151811,768,21,0,789
6d1b59f275e4ef4c3a60cc9f06553d9dacdd3df1,124,3,0,127
cbb4e7e8a13283c39a1757ab713ca35595511df6,4,2,0,6
a773cb35722a8125bbc986a455e84e0e2325acf4,2,1,0,3
d9f5618f0dc9f4847d3de0ac94bd58aefedc52cd,256,1,0,257
03386874ba6b5dffb0c7887ed27bcd486e3313ac,17,1,0,18
09fb55421dc52d1ba2127ccbf8a42e6edf2f1848,14,7,0,21
78f43cb8667c142285614434f637bd39c6e53797,256,1,0,257
6959a0ba4aa3bd7e2babafed9ae005b8bf1006ec,14,7,0,21
b92a276554be6a03a8ef3ad9f06f76e93e3aa7bc,37,2,0,39
fdf82d3db7c7832f2f2133661d8519e89bfa98d6,772,11,1,783
dd06abba19140048320322792d687146ccf46857,50,1,0,51
98fd8ea42d29c09be3c11b3378e1be070308f417,19,1,0,20
04ad1973ea8192df0e89e7cd183e0bd3f6e9fb57,8725,93,0,8818
30423ead1b53b2728a92e8e7593f3fe2ee468071,385,11,0,396
bf6127d8b16816374d02d5d55e7398cac2f288cb,402,15,0,417
a2555fb6f2210aacd03022c48262471106aba80a,204,5,0,209
71ca167707960a967ae3490426383581596db27f,360,13,0,373
7b8a97fbb6a47bd1fdced5e6711c2ee87de304f4,289,9,0,298
755a658ac4865b293ef20dad147f5c0e5700eefb,145,27,0,172
4baba99045b420b2f567edf9d18c5c111da77d15,510,6,0,516
f3bb3579a6ce7e3aad3e588f50c153cd714363f9,31,2,0,33
82c5fc9757885318dba9f3cfcf432dcc52aef994,19,1,0,20
417f9f4cc2ef3be901e8cb02a361d30ea42a4b50,9347,11,0,9358
40485d3e7c8a3283e240fdf3ae20b2e2db82b55f,42,1,0,43
0f15655dc94d410c95877fc45783650c7ff7f497,390,13,0,403
28d5d3f9e044921aca3e4573c84360ae86dfeae1,2593,16,0,2609
12f01770ead9d3c27e4a7ea38f5e185310f5a55d,29,2,2,31
1e452b40d4818cbbcd385e0cf0ba306fe1d68f8d,6,1,0,7
63a45b0d778307b339eaed4971b5af6f8007761e,2,1,0,3
a2f40064d405d733ab0936fdc0fd97af8fc3d19e,374,2,0,376
83e31291a15e7ffa7b9e2c5ae7fdc37cbae843d4,272,13,0,285
9609bb05fccdaeee7acfda3d29b58322316e9a55,322,5,0,327
e0182a1d7473820d8cadead9d176065ecac4328b,93,5,2,98
e0516f8271181f5b34ca36af65c91379e92db51d,11294,52,0,11346
65e5e61cde33af8d2a1421d2b2c13cd2a32b00f6,9,1,0,10
41c9ede25ff53c1b27d1ea31838deb4e5615e36c,6813,89,0,6902
06da5f87020fc4ae38ef70fb23d37da934ea8a39,1089,15,0,1104
0c8833020c2d64024c144c0bf83147c77cb2555d,124,3,0,127
cd8964cd40828b4a63da72e6bd26f6cc4eb22a59,276,5,0,281
04dccab44cd3449526b3bb4e3cd43256e4af7b37,19199,151,0,19350
e5720cc9050dcb5bdd7fdec85866d4fa1e2159da,289,9,0,298
2ca742008d363713c450b52b678b5f052884b4e7,2,1,0,3
b9726d1535021e1fb85f14ecca54def27cc815fd,19126,233,0,19359
36e7b5470bd6a4e0f8d75fac0ed47651fd413617,500,15,2,515
2c864d14149e2aea1fabba66e0d5f1e19fff4cac,272,4,0,276
1565a9dcbce3a035d408e27c1177e4949973d852,15,3,0,18
5f75144cb7cb140438baeab63e4851d14a2ed1a6,62,5,0,67
07ac4611aeb2b56feef7c8c9b61231a4eff5a51a,14,7,0,21
fe0f39da3454f94d3f34e0bfdb10033acb86630b,8102,57,0,8159
67a1de2c588941853ab345c6cfa8cb4d688573a4,1636,23,0,1659
4bcdc6281c02a77fb0d7911ad383b200adf8ace8,36,3,0,39
9c4ca483eb3d0ad8008714f7c7021967a2637b84,95,9,0,104
0b0eace8178fc5691409bd67f2d307565215a565,1310,24,0,1334
6aaeaa4051267b4200f4f8ec47fd59f58d373a84,4,1,0,5
3e4790ce58e84b0bb4a8b0e78d490a0ead074106,1119,4,0,1123
ede70c449f5d5bfec19659248f1612f1d433548e,55,1,0,56
107c2d440631b128474887a3d317851ada80f582,1825,24,0,1849
d5e8263711263346bdc01c476222b1835d4b496f,0,0,0,0
07669d70e134e389efbeaf925767506bec9c634f,178,1,0,179
f5ae18925675eb09f37f5ccfcc0178f9cdc582b8,21633,240,0,21873
c2f0828231445b780e410493eae74568220e8d37,85,5,1,90
9400b59b48cedd26157a38af4f113ea84010064b,6813,89,0,6902
dd22a567307b35ffc546d39b779121beb9695b66,234,6,0,240
8e95a740e1705d8631beb036a7a747580b3f647a,1884,21,0,1905
ec7b419b5bb643f2619780dd88d26b1a3259ca5b,41,3,0,44
e6f9bd2d877850392da499e662f3ed06156745af,1306,4,0,1310
26c3a39712bada00067b5e775cb582f1cb233e39,2,1,0,3
ca312333da7bf4563a49d74014f55d69c5f68caf,2,1,0,3
555b971f26f35df5679461f1ea89c12ab529c38c,2,1,0,3
b430a31f43c5ad8d116de003ce0376801e28efe1,259,15,6,274
8fab01e6dd34e237bb0bfdc31dc68095caba2c3d,90,3,0,93
3078d343b876b55b079ea5eed5f9a0d38d58ceed,300,7,0,307
6e07822bd0b8276399004ea8346ff1c25b734989,38,2,0,40
c94b6345add8e89d1424fb5c10d602bc1b39ffa3,357,22,2,379
30dabde9242539b40c6e1d4733a377163a8447b7,785,34,0,819
5eff188fd2e912bb66e1c619b921a68d3878e0d0,123,4,1,127
944a71ba2942d0ae5ce864f27d8e4f54a3931e30,171,11,0,182
bc8a46d4a5d00d77f7166918a0c1dde9f8d9fc56,172,4,0,176
131749fc293799d5f90f73be095ef27d8ade8041,10,1,0,11
c262416d165e8371ddcf9a0bea05c24e01984dc4,9,2,0,11
2b5ae3f00aab702ab9ed475ff8e9ad31c1912bbc,22,1,0,23
4ea20e0ae853c7c934caed41df27b589e1de8c77,2,1,0,3
22b0450549946d7e6e8e411d38d6bfc352f75978,41,3,0,44
8142cbf96a69cd5131cc6448d4faae1eefa6a0c7,14,2,0,16
89c51064c8bba42e39e4088f2f18ad26ca15339b,21,3,0,24
239a9ac1a15dbb264b9043255f4cec5ff886c416,38,2,0,40
205fb7c6a16c48a5345da73aa3c90a4e20fbae1d,423,12,0,435
3ef025716e7f6ffc1d0c46933e95e4dcee08c4de,61,1,0,62
f8414ff643f7ff4df685b5444eaa362e7217e132,121,1,0,122
9c3238f34b0f0fbbb56cef411b5067dd325500a3,0,0,0,0
346ce3e1774684f7f1dfaa432485279e7111572f,5,2,0,7
c61ebffa39e1b6902563779de29ea86fa88f6196,3,1,0,4
7e53afe1bd8fa827f9cb03d755facb3297470523,2585,44,0,2629
3a009db5b2f107a25e8022cb92a490e31f0a137e,38,2,0,40
44e84296bdd89f3a824a55ffdbccd1187e2c6c0c,2,1,0,3
649d3c63ba9cdb5c91fd1a3dedd9497478fe943d,38,2,0,40
500997d5b101d61c3ab48dcc7fecd3dae2b75baa,159,7,0,166
06a2f27fac2851c0949f536c4f9e6903d0ae02f1,38,2,0,40
99e7b1918fa8ccca3abf82c01a13e6eff397fd33,4,1,0,5
ac10a76c993eebe110c57fad628e4cdd784b8594,17,1,0,18
10a351587d828fe3e36f58518f681ca18a5c9b65,21,2,0,23
7ba91bb16ac5d1731fde020fe72b9487d2d191d3,2,1,0,3
8e5c0edc703644924fe2bb51c4bec36788dfef10,1781,9,0,1790
3addf5e602cae307d557ff35bba734efae4f71bb,1464,12,0,1476
acd8ef99043911e7af31cd1ce6bc55f7d9484096,192,3,0,195
39636c667f4431deb7fb8365bb8f93906e8e4f95,371,12,1,383
7abeb31c8477a5da6c4127eaa313bb051292e27d,21,2,0,23
7469f4b678d2ea8ad331ea5a47cdc69e4a6e6815,7,1,0,8
6fc835c24baeb48166ee508d31f9cc4c31278bc9,2538,34,2,2572
889d3cb872e9780c31c6c82ce20a65bac7ee772d,60,2,0,62
3c3fe1ac68750d78bc2f3eb73e409a6b4f049464,384,4,1,388
14f394a207858d012ce4ab7000e422a77057fb7e,185,3,1,188
d33355bd92d2d93aed1ef921a2b647ac899d1dff,21,2,0,23
395d8a2cfa2fdb2c7dcd577755d230b86e688c35,185,3,0,188
256685123f323444c12b25c55821c3b0b45662c1,21,2,0,23
6a86e83fe6c7fb11fb608bd800a78ee28aa51205,3,1,0,4
8593e784805ebd4347819d81e322a183c023b138,3,1,0,4
121cb28d3731fbd7849f854312dd9b632c8bf338,132,7,0,139
ae092f3c391cec1a93606d28e07be9b7e678f02d,135,4,1,139
a52213d4f748218d9fe34afb4b8801d3b488dd4b,12,1,1,13
18b3cb26fc553d834367bfd4c9059f5c5e74de6d,287,11,0,298
7dc8c829eb5566631b5a70719c7a5e026918b81e,910,9,0,919
2e0be1884841794c36b581c4fd63e130f5008959,1071,10,0,1081
b83ce738c9cd6585d53b500b94e388d3ea387b47,18,7,0,25
175cc61cb850fbaa0e4828ac98842b6dbdb00478,8,1,0,9
9d65e61c15712db33c744e79dba6b56f06cbd130,705,16,0,721
7a866d90ad68e65d5625e90ecdbdba9940619bd7,1194,11,1,1205
160d5f69dd565963d109a269499d922cfa4dab6b,502,13,0,515
372411b98f1415989b8d913d83e7247363c6c186,22,4,0,26
412e48b55b4cb1e5169be5a43380244adaf8f87e,1,1,0,2
0ddcc7b13b6fd93e1242f58ec13d5f95105562f7,14,1,0,15
7ed317d9989fcf90cd220af254666f6ebe4270b5,252,6,0,258
950cb5e1f37915a1d19febbcba6837a53e1568eb,3740,27,1,3767
a7d03bce7393b47238867accbc1d6738eb5f449d,229,8,1,237
111e26073b1640ce124441beac00208380f8d042,47,3,0,50
6447567fc6f8f46b9b087b2c92c47f3f77d3ce31,0,3,0,3
ece94014bc593388bcf4b28572036ff99b88b7ba,95,1,0,96
50f02754e6213dc34e89e8568aae057c42f29062,21,2,0,23
50eadba41dd547462087efebcbe868904342d9db,199,3,0,202
effdc8bd7e053001074dc3a8ba71eb91aef56500,46,3,0,49
128a8abc984cad908879691db2ae43a389589dc7,1021,3,0,1024
df37d57cc70c084db352700c88f3f2e4a662d784,87,2,0,89
8017922a68d157b4c119eb020b7fea56c7801741,31,4,0,35
357b556f332c7062bd782a7fb5f135bf4fb2e565,29,1,0,30
e2b59ab5104c8015a5359bed91479411d6c6bc25,14,1,0,15
6ecda1cf33dada116fa317e4c53c54b81d7297a3,416,4,0,420
466bd17beb4433c02ee7914eff26a7c1ab18b4f4,2,1,0,3
b2a70e00850872ebb884a928d2d956ec521bacb9,206,3,0,209
d1de28c65fffb0f8cdd166fcba076d844d9d046b,4673,24,0,4697
afec79115154b314643a43fc2f7e0ad1efa8ec6a,4,1,0,5
9838ca94f6404933b2e0626c9f5a626abc3699b9,32,4,0,36
b0faf1c73851ed487c1b261aa1d587a2433f3792,647,14,0,661
9159dea63c131ad54a4eaf75717b790a133aa4d2,28,1,0,29
959722236c3e4790e183753376e2e5053c6a2391,69,1,0,70
9dd3da57bdee3f6fa14bedf64b80d1f22ccc3260,2,1,0,3
5f8d27570f7d49af48c4e2c5e18d396138d25953,1429,9,1,1438
cf7d61657e05498b46c9244c96ba3ab23cc2738a,1204,9,0,1213
009b11e378f710abd0cc84abfeac2ae288577a5f,627,5,0,632
25a82e1c8cb9b9f47d6d8ab512315847310df3b1,10,2,2,12
2a5b195bd705b17334a05af5ca49911a295e3b02,157,5,0,162
370aa7975cf491d87ad65b1bb983afb916e6f38c,3,1,0,4
54981ae2a55f7962e8811693be2bd1000d3b60df,16,1,0,17
b1da543a0e586844c33e61e747e9d8f9a6bab747,7319,98,0,7417
8436b5e4c0ed16308cbc34deb8b3aba7d7ff9b36,450,1,0,451
c4d61d5c6cecb149d025347a427256c606c812e7,177,1,0,178
be6cc89e902c812f4576df186d1da12509c4e888,653,2,0,655
33f4dc9c183f4a09c6f512ae5339ef3846822550,60,10,0,70
39c398116993182ffc210855f3fb95b0d0dc0d39,457,7,0,464
23d0bd16f85c49d5afcbdc3fae03a89d36ff63cb,1455,4,0,1459
1803f1ba3b054ae67f692b15d116b58ac1b575f3,502,1,0,503
c179e822c9e5023d3874063bb74108d1205144fd,350,10,2,360
3b273c83f31d59be4cea0f0209eba4ca0db338d2,336,9,3,345
2beb09f141905b6abd8467c62855ff852649438f,457,7,0,464
1f3e510b5c3841f8be2e518d7bb9594165c52867,36,2,2,38
a8c79d2fde2e80a3fdaecd5637c14323502b5b97,7529,44,0,7573
26d13f1df577fbc30ebca3789266180a703736d3,247,2,0,249
49aafb8c822b47499649916c201728590572a4e3,93,3,0,96
38296308e3f77e6057fb2cdc76d01ac2e99e9391,247,2,0,249
c22cfc415e4d2ba447174b2cc10bfd3843ad66d0,457,7,0,464
c9acdab5ef510f068a0db7602f2c174d21ba03a7,109,2,2,111
79dd4cb4765f81559933e56d7e01db8895b7b7ed,849,10,1,859
3f3cdbc2a98f07c9ba57001556bb4863ff44a68a,15,1,0,16
e390fb7e870be8bc3bf7471c2cca73ee2d624eb2,215,5,1,220
65f8f2f0cd29b4a3bc9c672d8791b24c9f8856c6,412,10,0,422
588696510b9f373bc28370907facb54338aa5c9f,14875,35,6,14910
38cab8ef89c12aef536ca2aee13d454c7e744b87,1152,8,0,1160
827f700993d5c0ce1bfea9ecf97a672da1463ae1,973,44,9,1017
1920ea1c570d16aa633492208e4527c9b8ad3cd6,678,15,1,693
176ac005005e2fb281a2434aa75d669d90b15d2e,37,1,0,38
9610fcc1c7e69225723d5cd51bc416d2be40324f,396,18,3,414
945639aeb1a4f41eef5baf9632692d3dccda46d8,431,7,0,438
ecf6cc3a02c2b2bdcbec6f03293dfbcd0f92e22f,406,10,3,416
bece29fd00eb1a7ec9859414465e04e42ec67f23,1151,31,3,1182
88b8394b7856cbac82659199ee3baad70168b300,344,6,0,350
bfed659a4d8e7578cc4533349b9391e7114eb7b3,321,6,0,327
7f251dd8749484724e4a0962ad826dac854421f2,158,3,1,161
5588435592ec942a3d9a52bef678117f02bdc721,241,6,0,247
02bda73d8ea0111aaa3609b9262e042b22cc1d1f,520,9,0,529
4e10abaed97f51cce98080646c7ac717643fb266,54,1,0,55
36156c4176abae794b864557397974ac80dfc5a0,158,5,0,163
b9b90333c530f7dde3889055eff276b07331da23,1145,7,0,1152
18f6c0a601d3504109040e2e0bf71f6dbacd07ae,56,2,0,58
3942568ae5887df2d8808d2d654db72809a58d0d,11,6,1,17
da27d88ecdb6b4d97e0260b2095432150612f078,79,8,1,87
3dc8c0d6075beaa82ba890f79d635d65ee67895f,393,18,0,411
ab88eea6e225f6369cd16d4bb84b6f1b575fb622,55,2,0,57
2271442dc8a89b3ac606e91681d0710e2c6677ec,253,3,3,256
4b58d4e9c171739b446cf488fac947a55c833f15,79,2,0,81
4402a2ea5e4f5209c99e387ef8342041ee0fd593,7,2,1,9
84bf386d53de8ea3a888afc1b34352efacc3bf93,60,6,1,66
779658fef350a439c7782c7bcd54d94bfff7b3ad,45,15,0,60
438769c98e27b082017fe084e0caba6bb92381dc,752,12,0,764
8486ea2560c17a074c9e9d23f7c4318d914e9fdb,252,6,0,258
2bc84281d67960edd79619e22cfa097908faa364,15,4,0,19
286e006f6ac5a81391dc222acf7fa4023f71e543,15,4,0,19
830ff906dd47281e2b784dcbf59b8ba24ffd2d56,17925,240,0,18165
7a181a964480541851f4aeac81019b5153dc56c3,43,6,3,49
f18fa3a30f5d0551f02e7e16ee757ab2e22097c8,143,3,2,146
49824190dbf5118fbb5bb3288c6568e4b732cd9c,26835,74,0,26909
ca2f7ea3aed40beedee4cbf292dcc62532c754a6,12,1,0,13
fc45ad4679259b6513d7a82007d3e15928783da7,4,1,0,5
d7baa2a0582b6a8f847596b12bd65ab233a8bc1a,26835,74,0,26909
ed5adaa5827e653ef004e1fc3612e30474791339,4,1,0,5
9b5dbe4d4b54c1f0eda54261628b6ccaacdaee2e,57,16,0,73
e149ae3955502f29a90e852e5dc2ad0143e82f7f,45,15,0,60
747cee4c6af449cc5990c38db8f51e300d05feb0,722,6,0,728
a03253e0b04aca82b10f7a14e9a249092470730a,32,9,0,41
5a95b42fe9e48b165da717214d0081d647ff30c9,61,17,0,78
934ebd612ab07f9d6a40ace36525e38ec039d50d,2716,17,0,2733
a0586844c2e5fe787d5bbdf9eb9ce47e6586e3db,96,2,1,98
a2104320a8f237c7b6a54e0acc2970a3266f9478,86,9,0,95
b89370c2dd8c3f66885a7664adb6dd47fa57b352,6830,3,0,6833
f1361e84c445e3a0400ea0a1c5021e25ab4e9e7c,460,2,0,462
fc566a6c0d48126335d410488be19844e499b07b,37,8,6,45
0f834fe3a11a69763475ce2db3a30d3cafd3c8da,257,8,0,265
5e4b82f5670d27045230307f745812a078670acf,96,2,0,98
6abd82f6c3e01d7f022bcc6f12995e3171e3bbf3,43,2,0,45
b62bf8d50a9e18fbc89fed18244a7c02989ba16a,256,7,1,263
b48ee400dad131e4aa8619374e97ddace7545239,7326,15,0,7341
b9c36005affc9c65205c2f6e8fb8648f2a71eda5,200,9,0,209
88866ba7fcf65dd553686cc3d8c19736053d34fb,95,1,0,96
da57850c8bbf840a6bd3d175f95af09d4dfdfbfe,277,9,0,286
70384ae8b294b432ee082039e2187b7c3287f627,70,4,1,74
d2ef71cb2bdb040832c3aa5b552d22effcf1683a,2,1,0,3
11c717828ba6b295d07b00e8f08e6ae6b90d4780,7371,30,0,7401
a6de8f4f01c1e7529025011c2db953fcd8ef624e,96,6,0,102
db4a7dcdc3e49046a0f27c09e0845b297465af70,6,3,0,9
2ea6d5171b6212962f393b51a93a99b4fb6d3dba,7371,30,0,7401
4e3b3c459dc9b2f9bb08faf6a953446d96ed1277,576,4,0,580
7bc9ae52d6f240627684e3a159967a96b7c47178,172,4,0,176
1079754e2802498840ae321097c0677180061f4c,150,4,0,154
8e479f32ec2b216a1f694f606fcf8a8744539fe0,188,3,0,191
4b54764c5b6056a7e1eb6841c7054a7062aae724,378,4,0,382
df6b2530366bb67c70d069706ed6880ceff65faa,8,4,0,12
f5cd9f57d9e0272482fe7cb336c8d17620151555,266,2,0,268
7a87af3bcb56350b933e55c931e9f48b42caa62b,91,43,1,134
9188835c4d648c03cf748fb016fff081f833d5e9,8535,45,0,8580
cf656c78b1248f2af0f15a423bea7cc4ba8acf80,312,7,0,319
2fca33c3952efc511dea241281b62bc5e7c18c39,215,3,1,218
e4d974b0ca5885fcb0d463935612415e48c81db1,97,8,1,105
80ef1f41b06b8b2a1b5cf6dfea5ea82dd810604a,3,1,0,4
5528a3d265bfe98a627917196861a8d288935f23,75,1,0,76
cad116ffc9bcd4aa45e615d2260dd1433c77426f,524,9,4,533
60d01c33cd7b2ae64b3ed31c13d4fef38b89afb8,58680,224,0,58904
8ee699973ba2476b91372d99396b19eb150ec96c,222,4,0,226
a32f0068f059a7113882612e09386d3c026dd9b6,7439,53,0,7492
d29cada77f8278f000f402f47fd9a0e152237921,804,8,2,812
6b34b50f933350e39011f7fe8b442aa4e12bd46c,0,1,0,1
3664ceee1f81a6576579167143f5b190e9a3d9ee,7322,14,0,7336
de3e2f082e2c7214752c1cd167858f0e52f5b89d,40,4,0,44
442db37bd8313770602ada9ea5e88581d7b5f40d,50,2,0,52
dcc9191761fafa12fc5134fbc875c86822b595f6,378,4,0,382
15c5a7983337b9b4d07aa3d9fd2c76ee3dae5372,6,1,0,7
bfb5cce71ef28e87a93827a544cd81a72260f321,245,3,0,248
da96e1c0e75229049990fd39f816d4abd7c56ac0,2,1,0,3
ab68aa2fab626358cc92ccba067be0158adb50bf,82,4,0,86
c0808f3dc9cab809b743d3e1cb92adc29ada1fe4,794,17,0,811
730239c98ed5327e36a8b385562792322f221658,27909,155,0,28064
41d21d3130587bcd020600ad181625c5761af92d,95,5,2,100
c800a490d3dbc44af6fa031e57a5145e982ecab0,8,1,0,9
f301c689c025ec4a2ac4a191b5e6ca58eb391dca,8,1,0,9
5d2835d95cd36cd529b5f7b51e37279ffa52edde,99,6,0,105
3806640da12530d12be2ae0dfb003898865f3f3b,140,2,0,142
323fd3e95c6b70ff9fbd2f4e1b8b1105cf838cbf,94,4,2,98
1f7c575cd451ccda945aca200f672906f2f48f01,111,6,1,117
2bb26d0a2bd65525f315a321c8428e09013a3aad,640,7,0,647
655526d0ed185e9e6797e9f75b8224073de8701c,4,1,0,5
2c9bedf1fc83ccd92d2884183052385884bf1127,4,2,0,6
5720b462caea80c316f3fa0039d8a00f7556dac7,117,15,0,132
7932975983bb4eb1b56be231371e3e6e0bfbbd1d,91,7,0,98
3c891a25763119a496703240e0e5674fec35b65f,117,15,0,132
2becb1601eddeae87331aeac9df19e90409d4c58,2,1,0,3
a570896f96bd3fa37812f7a18cd15251d2f63098,66,5,0,71
71bae58fbda36f83ad4d16428547c1cc21fba194,10,2,0,12
416911c3bc147920ac1fcb82e26467f39d2c2026,2,1,0,3
d50fa098d02547edbf94fb3c8a276a7a9e4fa770,6,2,0,8
b0a8ce98431a0900358df9801b34e77059f0e483,395,7,0,402
e9374a3938d1a0ca67326d24dc1206a2ebbe36ca,347,6,0,353
d741c77c474280b20a7731ffd71bc70b168ba1b7,10,3,0,13
5ea1049e4572b7db3f0fa2ff9d95b3527a74bd18,94,3,0,97
ee6080d1b1532bbc06537ef49d20c57012f4d027,498,6,0,504
6a5b5e367c738d16c85a861ade4336e403615f95,87,1,0,88
7252d302b8c40762390ecaadc49d08e9f6842f04,12,3,0,15
12d933ce8813413eb3427bd9de07887d3033e47d,23,1,0,24
8979fb25f96ac58e9819460b535d5ce510d798ed,40,4,0,44
35c39e33edd7fa7dc50ccc433b810acb238e4c51,2,1,0,3
55dd25d382bc58d8525d526c28d90ba852836efc,40,4,0,44
edcfef4065c0743d5c4f1f41ab695119a4f2ceac,2,1,0,3
7d4fd411b980efaa5109985f6d8e412e3e72b15a,2,1,0,3
f9ef4deb3609d919ff7182bbafec0502332049af,2,1,0,3
ce7d19f6ff4d31222d15eac02eb2ec9901c41acc,52,3,0,55
45584001abba710b23394e41ab03d578ce322b03,291,6,0,297
2cb2777b88e3d09a8e4a37a0c14b59ac35313aaf,810,28,0,838
76fb5fda9901525b168b0e1e827468f740f39a89,435,22,1,457
7da855e937ab3495cdb2cba316441b15d31d68e6,132,3,0,135
68c9d48e1c60b9791293a77029bd1ffe0fc2aaba,154,4,0,158
72bb1e7e791865b4c86b4935e99f6e98dff00b21,13,3,0,16
dda3b2b41945f52270d52ba3abfc04390cb8007c,132,3,0,135
263beacd71f136abc207cc36db90ee118d2f00b1,583,34,10,617
d7a6cbad34de085f094f98303b7a9ce395c51cf7,494,5,0,499
814172e04c5b803d167e7c3cec3d2de82621e28f,49,2,0,51
bae5f270508f6f7abe0f02d5bd74ae0f86bb487b,140,2,0,142
9014cd9eccc74957fc90d430bff8f18e4949e270,31,2,0,33
a8e897e543e365e8e4002250c15aae4aa6a562ec,4,1,0,5
17401fcafd824427e5531754bbf8afdd99cde365,31,2,0,33
60e0fbeaa9138d5836261657eefd927e30ad21a8,19,2,0,21
47588b3fe5659fd9b86e075b3263200c833be27b,3153,84,0,3237
c64685c1e8fe02af051d105a0b05dcd695e9ab4a,728,39,0,767
0fdac355b5dfd557ffd2a4ac6d98676e0057e988,45,4,0,49
13430c4488c67f302fb6c49f6af474135a67b048,15,1,0,16
1591f67511b89811e8ea00f47b00215151794620,7403,40,0,7443
33b4c50eb56945bd755b404162549a9d558eba46,15,1,0,16
1740190aae1097285555acae77dbace9df93a8c4,46,16,0,62
4cca60893782af9a93c754080694baeaa8ff7e9b,65,21,0,86
988fda6b409beb3d0d682f8631b805b5b3a8682d,24,6,0,30
e18bdd877635f49878f6ee6386496921cf35431c,0,2,0,2
a3436be37009836c1de9dc9d2e0d9b92a6f89eeb,40,2,0,42
e98046c59e2651b4bd0bc8d7ef1f53528e475b06,821,14,0,835
bf0e7ce9fdc4a815aec8fdaf08255690e1a28bf4,271,9,2,280
180f167a8f93f4c84fc7a5e3b745ccf06ee186d2,226,5,0,231
cdf4db77131459e2efa09bd38ea7dbbdc80b9aeb,134,4,0,138
1772487731d65ae9b90984819e7969c2b005750c,134,4,0,138
6a54c930c13f10485bb25013e7cbfedf2bb28f70,6259,16,1,6275
db147c63bd05866a78eb40d0af24faf5ddbbd46b,435,18,0,453
a21f1b0d229bd13d33dc137bd06271f6df1a8aae,23,2,0,25
1dc8e0a0b0dd4dff51512569f71cb6666f7b0f43,17,1,0,18
611a1845cf62f30c03f9ca82e2778f4413e326e8,8,1,0,9
9e37eab2488b99ab0b830fd637c221dd292ba24b,207,8,0,215
f792732d739823c4bc646a01b3e58c7abcff08a6,6715,32,0,6747
44229aabfaa7ee39b7ffdadc94b462a8584ac69a,60,1,0,61
4ba784c9de77d10381be2403035e3660a4ed21d4,5641,5,0,5646
df6577a39bdf7a47af5b9dd3817589bc472721ff,7074,49,0,7123
4932d31d552b245cdc870395c1958a9612456e96,15,1,0,16
02102f53218b3a07e40039aa4ac6113353024db3,9998,9,0,10007
799d25fb6a95361416e027035cf96b0fe181903f,66,1,0,67
26dc72a5bce057d61ec3fd9774ff80a6cff76d80,4,2,0,6
45db10c950642fd2cfdd25273104e5b30544fb5f,14,1,0,15
c10ea48da8a4b2dc3c21b2e638578112072e3210,132,7,0,139
0d143b6bd0c14269136411ca390597c9f2c949ef,5,2,0,7
585bfd1afe59658dcbf6f62d2ceb0e51f80a6785,9169,11,0,9180
27a10ca9cc24d12fb962bf0cd9cecd2b048719df,132,7,0,139
abe44a8565b328919d4b274774081cdbc2d585de,2,1,0,3
1c61e177b0238c495607003fd19f25ff26716125,6,2,0,8
8c2480079b44a3be76605ceb9eeb077be12010fc,432,7,1,439
900b87c12968f680edd06e5a19a37792af8b7ffe,13844,105,0,13949
2fffab1a985ba388da6c10255cdcc16e5be524ae,59649,305,0,59954
8d2cbfe774e5f58484e393149d6a1339f1ac9b5f,22,4,0,26
70dd9310d165b9c9d3592a8cead12406834abd3e,276,5,0,281
02078856a709bc636e66a529bbb6c659d044622c,476,21,1,497
2024cf9cd4eabbcdd75ea664f0d5b5ff1a3e8890,138,3,0,141
35d6e62e39b89411d4027c57735cea0f494ceeb7,192,18,0,210
b97f70c78860e997198f6645bb0bca819dc7e779,437,9,0,446
d40a9152c36b5eaf0cb8c7b5b690072361a11e0f,77,5,0,82
868a56875a00f11542580a8c5c91c04ad2475f37,57,10,0,67
17cf2dee2a3b1e9b18b742d0714bafc3b9477ec5,90,6,0,96
a96fc4763adf120ad7b90fbccbc37c67e52fe5ad,514,10,0,524
4f764fe7cb417c15016a890eeffd9bc876b5ac37,434,5,0,439
6127121e275841953cedc43f88f8a3c36b2edfa3,18,4,0,22
80976f87952e1f22a50524d6705dae7b8a3816d5,192,18,0,210
f81242be865e850eba1194518215be15b96d22dc,272,12,3,284
50ede863c4728da560168dc5271e987754b9ab6e,172,4,4,176
87ff6385e49dad04e8cd5e4ff809320433d410b4,2,1,1,3
535009a716121b6a3cb1e721cc33a9949aede93c,2,1,0,3
a344e879746a31716bdf8bd13da4f3c700f65039,22,3,3,25
4f5604c73cf362ca0c61bdf37eae7969fe144b7f,8,1,0,9
26089d0dc68a4b8348569eb98e8165b52b578068,201,5,0,206
ef2ad949087d39a28f6ced00828df0376e00b966,515,12,0,527
1f454b2c59e66c0cd97912d3478ea4df0f60e9fe,92,6,1,98
1105d20bffa86215e4604deb925412cfd7eeedea,19,1,1,20
23a3a1104d6208e7af8240ee790a8f274bc9c539,5,1,1,6
eba175b7acdc1afecd3a917b55349cc9d9904740,136,11,0,147
edad9bda89b9af5704c57d9e7f72fd96836fac34,182,22,15,204
607ded6bde649b982ed8653bfd913ca37df525c9,2,1,0,3
8e65216ac7b526ea79b4ad6517b0e86251984ad9,2814,10,0,2824
68533c8330732f3547249a7c256eb1bff6940372,524,38,0,562
c0a35e9fbef83b456770b7dd69aca10b3c4046c6,329,8,4,337
386957d6dad02ccfd649dec82a3e17896fbfacd5,329,8,0,337
903cdb50158e14312dce1bf39cb459d5ae13d57e,6,2,0,8
6c762f4e8698ecb79006ddde4b22728b66676038,6,2,0,8
f2fe8cc5c78e84a0245e179b5117a13055d4f7ff,14,2,0,16
abc044550cb6286c3ac58e3af32173b79be7f318,14,2,0,16
d23fe081953a37cb3f0de5263bdf88b31ef7dcd9,76,3,0,79
71d2ca7e3e913722106900821386abc193a64b67,8,1,0,9
a52cb2948dfa775009f5a179dab06349abe3a6b6,373,12,1,385
15944133b6f4ae733fe8458aaa0eb71cae95f581,19,1,0,20
92e64a72e28261b521ade0a4457ff1553a76a152,12,1,0,13
7aa1a21860fc71d2074b6fdd58c8f32b73b90938,593,8,0,601
918bdf219985c6b0d9869541a464062029bcf98d,4655,78,0,4733
5ee3246fd8a520c8eff14dd9e13fbf7c2bb4759e,632,11,2,643
6e057bde75f7cd144a56acde06bebc3ad9910119,4,2,0,6
204435045decd9030f45924cc37fb4c94c00e0f4,45,3,0,48
0aa134a797b45394f23bdf13824f69c5cac8f4b3,7371,30,0,7401
57dc0ab909f03467b29bd464625f46b57a4876b4,12,3,0,15
901d8402ca86d9cc3637a17ec209b45db949a232,25,4,0,29
4fd9035642c16e395d5d949cab42ad8486facd92,723,8,0,731
8c9587799da5bed23e48ebc3d324ad65f8c1790f,41,7,0,48
3572f22279a6f4bcd03c6eb1b203eba03f22b0e3,316,2,0,318
3ea27ebaf0a052f041f9303476d6bd6f57564957,535,6,0,541
90aedcf9b0182fa5f2697afa9a6f6c3e3053da4b,1078,16,0,1094
f82b15a9b3feff13b8fd3bbbfb8b8ef09d47de3b,616,6,0,622
1bcba2f44dfc35c6132927c00700310f99d69df3,547,7,0,554
f66c728ba1a938759ca806269aab3e11789f367e,38,19,3,57
a07f127dd833267b7ac458420b902c0cf74acd1c,43,3,0,46
7905ea1b4899effe05c525664542b43de2251cd0,699,3,0,702
0f5a7e8f75ef449018260481a8251cc5eeaebcdf,84,19,1,103
badbf669fc484b15b6320418b96762f5071e4aa3,434,18,0,452
0d0b8399407f1c952935e9b75104db52f24d63dd,75,2,1,77
845fef2c99086e851d0d47da8f0ac85e3c1793da,23,1,0,24
67b7fa1267e9d007d41227a8154500e41d85b05f,151,6,0,157
efa974b6e3725645fe3f22482bc3af0ad620351b,4946,40,0,4986
7ad26cf8c9e488c6b86404956a72e56435ffe7d5,423,4,0,427
7d6579a21674b73176b4a543ce220c28e9e22ee9,120,8,0,128
0b1035b6b79aaf4eefeb998c106b9d4bc0ea3393,97,2,0,99
88c14c0936f3555fc013d12e1dba5c1e84bab957,34,1,0,35
322dc9b963e35a7ba1ddc679dc5993c20a23539d,316,4,0,320
7d2cd7e8fbeabdef5c34a1a924a71b55a7ffb954,75912,355,0,76267
1070d46aba80ef7d96a59fddcebaf4f629e3e5f2,394,2,0,396
8956697567ef08df99cae2af9a3869badc7e4c6e,208,2,0,210
0b22c1a964cdac322d9a10bcc4e157044accab69,1933,18,0,1951
874e17e0ca5bcb1ad03a7b418c7f9bb0c940c9e4,8857,66,0,8923
58a7b6d2b0a1efbb730a987e7a75a48ee2240339,21,1,0,22
ffa58634b4e35570cf50346a2d153ac7474c2d6f,8,2,0,10
f3c3de35fbec3b228637cc2ab598d2ad825d9e62,217,10,0,227
ef09c72bb6c7eaf24713d669c867abab83484556,15,2,0,17
90e3245984acbf44e553333d37cb0016c78ca8a7,44,1,0,45
c20f710d69f978e2df4dc86c7fc7b7577f2dcc6b,27,1,0,28
cd761b2df5e51ea5ca9090224d99486435cc8ebb,53,1,0,54
85b72168a025da969b9c9ffff57afe5126dd22aa,391,18,0,409
f46bc829ea31897732afb117f570edb9b6eaa834,701,27,0,728
2a6f1b19e7231d629b265465a43f4a59506448da,620,21,0,641
ca746239ee98996f6cc1f3b18a1eec9edf69d809,70,8,0,78
3e1599a036dcf405c9a123898179903ce33b6e70,391,18,0,409
c87fd80b3eeccdf7eb554298f7b03f2239d505b8,16,2,0,18
1568318b549093a9382380039e93f9493973ff66,40,2,0,42
86b4807bf90310718261a2e33bd18df07743d78e,717,28,0,745
d7b6902fa9426adc021dcf40314eb705cbd74f97,235,6,1,241
ae8147abeaaac85dfd578afeb204955d4203df74,373,3,2,376
4cd8623316b2ad371ac6401c546f360b30b042c0,110,7,0,117
843ee7007b1ee3dff60f0a9c49c3fb6e83e43cf6,1417,46,0,1463
104cb498b617ec1e14825d9e91d6d957dce8283d,78,5,0,83
9894a24f6b1e2fb156bc6d245d63326d1a761d19,821,26,0,847
6c3a6b415ea638fd22cce59f518efeb88f0002a4,2,1,0,3
5359de13b1f64251aaf6fd2583a2bfae8054e1d1,1,1,0,2
197142d5f907cfc8fce3b13c58385946e42b501e,44,2,0,46
6682fd35a245c379c0e06414351eb57da338c424,1,1,0,2
2ed83e9b29995c9adbabe6b215661f1087c69805,133,8,0,141
fd2f04ca33cf5ac31d8f57501e2c5aee86007781,1,1,0,2
4bee0442208aaf25f64ff92505d30580d18a63ff,3,2,0,5
cc29e8a0c40f43f8f2d8ba2b674e2c1490c56363,3,2,0,5
1f1d17767cb7e2c9832d769cec1d41c39be25528,16,2,0,18
9ad30ccf381817de88370208948af61159361bd2,6,2,0,8
c6787f981b0d4f1da7378c8a51adb82805cf783d,31,2,0,33
9d81787cb35cfa6c36230295cc7c4814f6326c2c,8,1,0,9
d0fc598d3a9edcb79c9452e81a9223d835ab6432,55,2,0,57
dde3df9f625f96e6d77144e988db9d45335dbda5,36,3,0,39
efe67fd15a3a81e3f22dfb3dfffe40a011c143d4,46,1,0,47
4b527aaff924921f49ffd5757337ec00ccf708db,120,9,0,129
08482d3cc590b4892b82a3c9e7836685a3f14fee,237,8,0,245
e954179734d0f9b443be9f301f8c6b1a462d4c76,130,7,0,137
9a8e902db7ff10273d81a165dc76b21b6edc7f17,6573,24,5,6597
37bddaaa15416f876451b2c981937e577ff1ca1a,237,8,0,245
3b4818755c631afe68dc9322131cbdd02c2fc1e6,7094,112,0,7206
59b48e059104c5a3f170b8f20cd7d48920b2e610,4,1,0,5
6460955bb1c9215dfd857ee3a6ba8899114c8798,84,6,0,90
32c43a2ff169ee968662a4f17f2d528a2962bf38,75,7,1,82
bb4dee08548d78086a25b4e6b96018aa8b6312e8,616,13,0,629
acff0237d4c1a52a7d9a52f4be10585c4817a9d9,367,15,0,382
4335882c1c3a34b8541d305a91a897b88b9dc696,10,1,0,11
b5bf5656e1caffee2977219c7ba5a42b44acfd83,3,1,0,4
42351716a6495dec2123c22493cff455d5d49fbe,620,13,0,633
923cfdd8a2bb1d3013aa1a5706dad8d875a77adc,3,1,0,4
c89c58c46fe8f9b5054c25ad584dfebecd8c654b,2,1,0,3
047c0977f33980e95e37fc059d5e78d560d0a18a,84,6,0,90
9249ec24063b261ed126a6c8fbac0d56f35dab45,36,2,1,38
3b978f68cb395def070117fc818aaddcc63246f0,2,1,0,3
4627b64a278cb2177eaf4da820a1ac3a4fb01b0b,20,1,0,21
b72868680e94172fb8e506a1bdaa6f35f114df94,626,15,0,641
81e97652ec8a1962cf5664b60238bbd8e4dfd46a,4,1,0,5
96459660e1b5bf5e470a0b3f5bb018a7270eea0c,132,3,0,135
b81ede56bcc08dcbf6248872c2470539f0debb1d,19,2,0,21
82460f7ee79525ae227d371d5c31a832d7d37f88,12,4,1,16
01b152a4433fa60796016f304f4cb7bf18dc36fa,16,4,1,20
b5500cd71a69804c2d6fb44e92217865ccfedcee,32,1,1,33
4659bd4048a5079f048a09f56ff93539bdd2610b,2762,33,0,2795
064fba0ac0b483b28381fb02333ef2895af65809,2,1,0,3
09803018cdc672a335c893a797646de3a4becdec,2762,33,0,2795
9ee1267e3475924f7c58bcbe23ebab2eabbd211e,32,1,0,33
007fff20a7a367f5e7f45753d9e80040d80820f5,26,3,0,29
28330ad7493e1fe81fb887b4dc8c362f7e5f29bc,6607,26,0,6633
334f720510955f608805592ba58dfcfab675b674,7487,37,0,7524
527d566bb67e0a5bb28c9477f6acec5d440fc480,292,7,0,299
1a52fddc504549a7853faa47b5edbe2043100da8,18,2,0,20
d854cc89d9bca8119350dd1ff8b57f2d0410aa79,300,4,0,304
491dc61035148a666b9a7e71d8d46ec7389b473a,1712,13,1,1725
857686f35b9b1a86cefb8f222d508f598bf46704,300,4,0,304
5cb47b7b042b9fa273f1bd87d71dad120c48cb61,36,2,2,38
f1797aa114eac15a6a8b8ed7e64e7e3e14c6ee55,4,1,0,5
9f270c6aa575a982d32dc3fa8a677386dfef8748,21,5,0,26
8672e3bc6cb45a97aa6644aaa1ed40b7554f3db9,108,3,0,111
80ee3c38080b93968fd0345b2d9468b407bec7b7,119,18,8,137
f821ea6bd356fc32eb189782f50cb523dcebd1c9,133,4,0,137
36ac7d6eb3c30f24545c910fc601ebd5307ecbca,2038,19,0,2057
e64ae48290cb0f5263580008f41195776b583835,2,1,0,3
7856511bcf4cc74e36c4d1350cec63dcc7678afa,213,4,0,217
2674ff1ba7a2b48a56229a86bd68f7bdec352348,10,1,0,11
cdc1e848c3017547f0c1c07598a0a2d99367b938,19,3,0,22
6ecc6d8e028a24851fb63dcec24bb8c470308804,213,4,0,217
e348cd55d561adf8fc1ed5fd25d2840dd93ba183,133,9,0,142
a47acc3875fd038047c276e889b282b1b54ddcff,20,2,0,22
87b81c56cd0eb24f2d8d1df789aeb79888f1ade2,29,5,0,34
ac9b3bb7da404c9656dfab942d1d9b8f53ccf084,12420,103,0,12523
dcacc0645da1239c811100684d5f8cdc4392c251,34,1,0,35
f185ead3c0b21b068ed07d8a83fdd647506bbe09,14871,147,0,15018
c831b6177bd157bdbd29c8fcb304e1512cab3c0f,324,8,1,332
f0f62cc58f7876cd1ed92782a500beb331d1042c,165,10,0,175
9c023faea25cb45d1411bc50e26abea3b051743c,61,1,1,62
52831d0575e7a069bc579b4025e1e7816b070c44,1,1,0,2
509a859ad526044dde0d42d7365f918cadc7ac5d,4,2,1,6
14e0356773c0a8bd41cdca6adc0cdd069b0f2a18,34357,186,14,34543
14011bb2ef0e6fa1a5af53ddfad5f6826b21ab54,9,1,0,10
d4b29c2afd957470ad369e518d9c3bff4cdf9fc4,33,7,1,40
755179f5f2f3138ad10356cbb77b8cdcadcd1f44,1205,8,0,1213
5104700b4c267e440038a701afd61ba98e5f95bd,34357,186,0,34543
ee8be33254d627338e4a6f230606c21f3c2d7412,130168,241,0,130409
23ea4aa3f9562e742098a1677493c466846c27cd,5,1,0,6
75a7a3d52e1c2255ff44dd2eba0f486229469ab5,163393,427,0,163820
7771097486a56f2e14d0901f13bc4cd1cde5fd2e,165,10,0,175
f3781c8395fc6545c310cc8173cc49d9d24d9302,117,4,0,121
c0d0419f9a7a918b60c91caacad77792f49f4e6f,4,1,0,5
0d67b082a9dd96f70a84a4e24bae5263b4540c44,117,4,0,121
f65b58340c9074dcc35b489e7e13651de3008efe,14,7,0,21
87f6c279abee773c39ec16acb0a35f852e9091ce,21,4,0,25
09b72aef2dca45b79b35ac778abde8ec42ef4171,80,3,0,83
d66a4a993a9680e3cb0dc2651d3d19ed3ef54991,22,2,0,24
028564d13e0aeff2632b0672cb5256dfff1e9498,133,9,0,142
a09a605115f0bdb86d007885f5788f9992326d2a,20,3,0,23
38fdbe32272bcd7ede9052f00f56e82407062206,1377,32,0,1409
149882337003359ebc6e1c0502ef005bd4206f81,22,2,0,24
4a555ecbdfecb185de3b223d39f18b3ab3813fed,22,2,0,24
3edf53821cf8718d543e9dbbbcc970945770d138,128,7,1,135
082bcda160bfcbd44e107b3de2d7cd57629e2508,1,1,0,2
77c38b44dca0b4a6bd5bc6c3170ecf83c7d52e9c,69,11,1,80
1fb2792e496f1b2007f365999a0da5cd5c583ae6,268,16,0,284
b9467dd58c3ee4133ddff5653393d9dc46283ad6,35,3,0,38
0d9a482c5e15d8428725a1ee94739e0f34fa343f,62,10,0,72
3336323ee61b3d56ed87188821d7b27584777631,149,4,0,153
22453b071b54c557d9b0b31351a8a75ac4ab4764,35182,345,0,35527
af3e8034a4903a81cc1fc95508d2c3a1f0b57bf0,35238,351,0,35589
1842fe83f78859815ad570f9f1513d33d867c385,35207,347,0,35554
204cedef48c198102b0472b7bc362083cdfdbdf0,6,1,1,7
c8cd7109b0a0ef5de5e4f947c1565ee20ba8957c,164106,449,0,164555
fadc62c52b788bc53d5cddf6925f9fd89b05abcf,1132,14,0,1146
01bc068ac6ed27d0748edb6ca876c541b017d66f,57,3,0,60
8a5461060028fc4c03169398b695b96ca361f15e,2,1,0,3
e375544d8bda37c23c6c6879d1609adb7200eaf6,343,22,0,365
f44e41fbb6ffbd8d0613d3ae448122f95e16f67d,72,4,0,76
8632c164b0da2f59fc534e88acc2e6cb3e5c7183,4,2,0,6
85dd1b4c4c953d090fc0de3c9d52c16352237b85,5,2,0,7
619aac8034e93011498c4f32b6be5e7081934feb,35273,350,0,35623
11db539f011cfb0fd4f7a561315e0fbfa7de7adf,35216,349,0,35565
fc10c0383339617da5f24511dffa28433f4a35c2,2,1,1,3
e6628eebe81a385dc3dc78b1490c79a47e9c9e2e,36,5,0,41
59934933ecfb940df7680c5d635e2447081409f0,14,7,0,21
9d1a7c051ecf7912ecf27ed9339f44c5c4a3ce82,7,1,0,8
8265835dc9d81908210950a54c6b3d2cf10bd444,4,1,0,5
9c9442f702418400cfc901db844b115bc14b8f7f,10,1,0,11
35e7842ff3a4c3dad9f28051b234163ccc61544b,14,3,0,17
c129ca42ffe2e4d14ad09b69467bf48ba592285a,59,10,1,69
a0328def46a86f7356f41aa7260266a701983e85,1,1,1,2
b6aaa1e3310adf1fa39809f6b06958fae908c163,35117,332,0,35449
0f388ced769c11c7c568d3b6d9ed9cd1970efce5,0,0,0,0
beedbe223da3bcf83eee9c863ff79bdec7b77abb,58,2,1,60
c9fa94a294e39d83ba34b5575df0e191a6b284ab,72,7,6,79
98206d69e182eb821283d38afcbb340261365797,7,1,0,8
f6deab00302a08fcb711b151685945346a200946,146,10,0,156
7ce0ac63222a97f124ca3acf76f265a5af1c3689,8,1,1,9
37339617f0445c27d52d80bfdbb15e8931093493,72,7,0,79
12341c4f9c60fcdf00e1e801144126dcfa0e4c4b,9,1,1,10
84356d31ae75986f6d7487a4db997606e4b868eb,1,1,0,2
1955dc26452d0ca420c411d772a08711c3e2ccef,7,1,1,8
b65a28346fa22c22e85b4e94f50f73c3eb1a40aa,16,1,0,17
6c89fc12420578d5e2349c6bae0aee34fa90579d,128,10,0,138
1159cb1a5536b01ad3f468cdc0fe10a61da62a6b,45,1,0,46
6ee6d38170a121f6c9ba7b1e2a45d553ca86f2aa,26,1,0,27
3de75ae6ba5c50be62109a4ba19cf231e2e88c96,35284,351,0,35635
8d525d95fb3b48c82ca903f221d33af19e19706c,7,1,0,8
b81d3c626ea7e9eff3df14ed732901fc79046e1f,73,4,0,77
212a6fb5d6ca3b56fcae457a3841f586bdc40187,26,1,0,27
e637569158dddf0b7010f7a353325a44c6cfc87f,35292,351,0,35643
18f13dcd98ee9d85e81e8ce873ab19b58efa9dc3,35292,351,0,35643
b07b7d205f47ae5b8442101ee3cc7e56756bc71c,41,2,0,43
38f1cf9c874186d63d66588c7042ade47e312a2f,54,2,0,56
e6652c246d5633904097800e1dbeb9f846d7357b,18,1,0,19
436c5b8c497d4852143825eb951ca4acbde36701,2,1,0,3
777dbbbbd16f54d36c72a1cdc91c2f6e5e5810f6,22,4,0,26
6dcb2ecbc562ae746eb3efaaa5c4f3869797002a,7,1,0,8
dec74f696549f087a12eac55485a94ac55aa0026,29,5,0,34
e776ab89b5600b0ace761763dd8e4e394c936175,2,1,0,3
7df25da0615c76030773ba90463e7280c727ee45,10,2,0,12
8da6607f1b7824abfc7e5cf89a1e3910e8e3cca7,265,2,1,267
81f812a657d4edeff80abd86710c66ca09c9c5c5,1,1,1,2
122ae3931dec3622260d22dbfebb0bf205d7d11c,26,1,0,27
c3149bfe39ed34fbf9d1d47bc8d8e83dc1ab9697,14,1,0,15
096c55c99e5fe6968739359f59cd503454e2f71f,271,4,1,275
966d219cde55a2dcc211ad407e2f3ed9e3646033,54,1,0,55
5fc44bef2f0b5a2f3a6c78fb557be2ffe9a6d8e7,1,1,0,2
02176e65eb851bdd47692455b0a94bbca39272ff,40,5,0,45
9fa1ffe82c02a5343129b3e73c17ef6fe71ea205,70,1,0,71
7c9c90855b342f04fb1e98cf825321c1ecad5487,5,1,1,6
a3ece6b2a8e84223945d44a7dd3d7d90afb75e16,378,11,3,389
e15dbedb91fb78cdd975b2779eb13e0c210139fd,34,2,0,36
b40e62bb551793defa29e07d51c2a03f2a6aceb4,130,9,1,139
c1da778bfdd5307c11ad0c8796c5147f35929354,36,2,0,38
f4a5a5163abd10ad4e855d0436fb3824d2b9fe58,43302,387,0,43689
6b0a0c4ee63a899d2af2bb42da2c774e7d4eb921,21,3,1,24
7a24fe0f6e54838b95d1a6e8774901b57e8575f7,24,3,1,27
deb58b3ab12954b0a591a7885810ad9179de20a7,10,1,0,11
f43adbead3654d6e897053367f537d4cad58ed5b,5985,103,0,6088
a55d0ab76a6413d1be3fff721aa365a00be960ee,24,3,0,27
5d9ddb2b365e21740d3169dabb9cdbaa4c73878e,6,1,1,7
bec1a2719a08a77a7910cbbf16363b132925ac59,4,1,1,5
6ae9ee0971a90d9f5fdab53f5afabbe9df2716d7,153,12,0,165
d5c527e427a39183f10ccdf3ab2fa36d21bb822b,4,1,1,5
128ca984caf35ca5d1522c7d13655feb89e7f26a,6143,115,0,6258
8e07489d3153908a59de3cc2748a5ddd500d891b,17,2,0,19
f8e06844765b7431bee5956ca7e72c5531f4ece7,21,3,3,24
4c1dc635857857645f3bbd6cfcb177ff18c420c5,135,3,0,138
e95ead076b6ef54634877a7815894486aaf98445,99,5,0,104
29eeef26e5e3a8996b8821f59a82701d83134a6d,6142,115,0,6257
70b41aea85051f54a58e90b887ebf3cac0ed2d48,2,1,0,3
6b85d8da71ff6498f99d471725f92881afd2f6c5,4,2,0,6
4aca5d71327a0864fb01e7cd6251f98141650749,2,1,1,3
e83fff315e05f5267e2a50c6c2f4f1967ff3ffe6,2,1,0,3
dbb43471cb7c0d4174d7a8dfea52e6e042634357,543,16,2,559
f6d9da7928fbe08fa9fc30e419c8394fa1fbd035,6365,122,0,6487
3a41aadbf3e9fd44541fc3f2fa2f02923cc1bc94,23,3,0,26
d985c5d794030fd46912fd64ff9970fe4270a0f8,46,5,0,51
aaf96635d0d75224e8dbd663f0cfa2786b43021e,34,1,0,35
48a3e2c23dcc9021eeaea8ad128247421ce8835d,58,3,1,61
d5e9a35bb5b30ed27e5a423d7b71f499e34a3c3a,203,3,2,206
1387fec8dc685ad0e7e42cf035aa2286d58dc3cb,4,2,2,6
d31c69f663c1e3ab047e795695d2377f89ecb33c,260,6,0,266
9510e281eb334d8fb58398c5d1ca147dc0418659,260,6,0,266
49ff20c657be74a0242491ecddfa1fc917fc30b1,67,1,1,68
cabc0d0d773b1aa116e4099ceca663ea6e923c4f,8,2,1,10
41e970b973bac286b5438176ebb33d56fdfc175f,122,6,1,128
76edaa87e5cbd5229d3607fd66779f5fc836a593,37,1,0,38
64f31d19154b973024f3c14c0313057e0faa3bfb,1,1,1,2
0b2c9aff1806beeacfd23d9c3b0b155c0eefc736,2,1,0,3
856e80f39a0bdc12545d2de79017d875b44bdbd0,53,2,1,55
965f720bb926038852ebe69d2f2402b192d76da3,255,5,0,260
76699b9b2be6fa5a6426080fcf7be3dfd0f75f5c,12,1,0,13
0521c258370696abb89174e6bb05a27a3acffb7f,2,1,1,3
e282af27077c5c242f9e1bd9d499827254657867,255,5,0,260
98b7657351413c672fc894cc117a61ecc2bf50d3,6384,116,0,6500
9251e67301bc2cd2b618f00bb40310fb83d80136,8,1,1,9
1d1fcde4051059637f65b100f0d91c06d3666ba7,29,3,0,32
877d830b7661fdf1db738c6a8c04416e8ea60c8f,5,1,0,6
d6aa9966337886583b756d8c7d6bec61e42c1031,29,3,0,32
68fdeed736f6b1a488a96390e7e4c21b058de43e,110,26,0,136
e27fbefafbf0f89d1c7727b2c31406d9d6b7050e,335,12,0,347
634d8ee1fcc656fd99009ff742bcc5b51d0d2549,49638,484,0,50122
178ec50c07fa8e6cc926d3c7251b46c6a8097eb2,6306,114,0,6420
06783ec25908b91d263e68a3bdb0dd7a9b2789fe,2,1,0,3
ed7b53aa8c05002c93c8015735b0f1de22514d29,48,2,0,50
7ec1c440468cb08e88bcd39f744f6caaaf64a402,2,1,0,3
8261ad1f5d04a57ab81357fa6e3e51cdeeee2f01,46,4,0,50
bb71d3e8cdb1375c611d3f2a847d73b421f82522,257,6,0,263
0df78e8bfae2664f9137fed93e23b8c8f8ae8118,6,1,0,7
5e47b4227d5499068b59a38053336ec43a093aaa,3,1,1,4
f07f3595f089b504ed7533b99ec3469f2d94074e,8,1,0,9
90d925498b3e9f441e909c7d907cf93387d17813,328,8,0,336
8abebf000129883276f8bbfc27db7a82b2d4fd99,49907,485,0,50392
99b7815c7efddcb93bb51e21d3c05edab0d576ce,1,1,1,2
896fea81e1b4da456ebcbbdefd1677b55dd7dce5,328,8,0,336
841fffc661e5fbe06cfc2b2776d83e302489c49f,2,1,1,3
bc82fdd8faf1aac05bbf415e41f30ecf11ac8fc6,8,1,0,9
c99965cc53d3d4b00c5c01b7da784feacfa969be,3,1,1,4
4ef3db5fbe7a3382925cbd321d5eccae5605f564,18,3,0,21
d26ff0d91d4d55c738ac6be0956e1655ca0b002e,55,3,0,58
64668b17ecbcdc753aaf78a062619933b21839c1,383,11,0,394
53b36a43ef5261b5525e4d640c44d9ea5a4f60e5,21,1,0,22
2dc811fdaa0c1d743410036fe29de6d30dece339,11,2,0,13
9780b543335d9318ed5852affca462bf6b2d1675,2,1,0,3
e4174499398759e32bfbe547decbf3205353b8be,56,1,0,57
77ed85dfd9f2751fc8c9aa2cfbdc713a59711f8c,926,17,6,943
6587f9379837df6a7c8f78553db2992bafbebd03,56,3,0,59
1577e020f949dddcbf63bf8664caf1059ce8a86e,4,2,0,6
25d67fa214fbf8187518a59de5102b0d0b886385,926,17,0,943
a67b3d26eed0ef0557e7d51c3cdf6d6cded4b42c,6,1,0,7
85e9576a1357162202db6ba6d3f77ed10fb27409,383,11,0,394
315a6860daa259f997c7ab892ca6c3aab98130cf,626,15,0,641
8597a424adc37616ce0357521e0052b8be74ea4c,55,3,0,58
d67fcc13144379e5b298e4f98ff6900c4d7d2611,18,2,0,20
eb62b8f18f3699123bd1dd47e7e29ef175a026d7,2,1,0,3
2560710dd86b78faaf98da8053a0319e5ffb9fc7,88,6,0,94
0f5c68966bde7a3947f042ea6b6cced19cb71666,6865,127,0,6992
afcab34d009aaa9ebe3917df63e92c9504eed819,42,2,0,44
17f816435faf97f09ede639b75166a6a98db7476,128,6,0,134
cd72a5699d76207cd84bd494abe1c69f41040095,7,1,0,8
0f3246344e545d8cc1d96e2017c4c826b475403f,2,1,0,3
16322833a2a0403b12ebff1cb0423e4151dc85f4,513,18,0,531
10817583cbfd2bd65bd5741660934cbf23deb748,17,3,1,20
d13d3b9840ba10b856852071f9a1fc00142943c9,2,1,0,3
cb1e731a43d7306ae79061da68a2161754fd8914,42,1,0,43
8912913271fc9495473c96c85a3abbf5d9b1b56b,5,1,0,6
659f7d03fc4184184d4ee447eca3bad1786cc0fb,16,1,0,17
d95c23984655112b56fb215353a3fd7db673d581,4,2,0,6
0ad39a386ae553943a6ed801d7e22e06470fbdd2,21,1,0,22
d121199ef5d7d2924da803c98af13dab37d9eb4b,4,2,0,6
f555934ffd4b44dd2b23fb439bed5f80cb1bf733,41,5,0,46
53e88c0bca61598e4824f3e8831cbb2b4afaf1bc,8,2,1,10
f828b5160bcc3d05188032a7b54df410a351893c,446,12,0,458
4439241a29124d8c9d5266ec1f13443650830063,7369,140,0,7509
9e4aba580a02c12634e898d162b182ffd17a4006,634,22,0,656
ad00af5222cab91d4dd7e18cd99f59da10a08158,14,7,0,21
324b4f28cde21c885660c4156dca2206ceb78319,42,3,0,45
b56fc8f34504bcd25a6feddd194235dcc8abc797,4,1,1,5
00b77989aa62a623ee0d29ed149fb3c5a07751cf,64,2,0,66
24dfc4b57cd4e95b185fbb094060bc6797c4d762,490,27,5,517
a747fcbd9a8788f8fbf037a427c0aeb0f94ba715,554,22,0,576
086a639863409093015d8f0b79e63cbae23f8a6e,23,2,0,25
d354ac1db8818729919703cce19c59955e7b57c2,28,5,0,33
c57f80aac0e2a1fb1876049ef456a435340d447d,16,1,0,17
68b2a9c84c01b2e10a80344b5f662616e47d0efa,65,3,0,68
b2278dbd6f028b61e1cdfdfd205d4f0f994e2c37,4,1,0,5
d1f0f5bca783098252cf04a06b9de95290ad64e6,111,7,0,118
8c8fee410bf6dcd630b0bf2610319dc9fc5e1f2b,8,1,0,9
068d3079ebb0aed42cf313bfecddd6a83d0ba573,2,1,1,3
9b9e2729b85f85cce435762e6fc1eec753614ee8,4,1,1,5
85a023a2161908db0a2038382b7f8836391ae893,9,3,0,12
b09178b09f8d514129e7de186d1822801ee13f50,10,1,0,11
3ca02f68fa0584b307fd5dc8ae604c837e5c0a3d,2,1,0,3
7d67c58ad192f7e5065edb75e1b437396afe8b06,33,1,0,34
b3cc06087ef271bd78d556b61c2641673904f617,177,7,0,184
50cc53d3d242e66ecbc66cc27e72356c362dd375,6,1,0,7
50acba01a59c45c211dd2e60c3bc28812624e627,12,1,0,13
aa4db6f9d1295b675488b43ad213ff89a30f01c5,2955,133,0,3088
806e4c3dd7c9489ffd1a7aef37ae7305829218c8,186106,644,0,186750
fb672cf0997cc298563764574a9af6b292851128,14,1,0,15
23a374addb12afc45b83df627f572f2cc01529c6,5,2,0,7
3104b296a7e3ae259adce9faa3ac71bdfedf6da8,14,7,0,21
cf69de73e17984c273c2bcb81034fc320ef36850,558,16,1,574
c683960f0e52441ac627ea1b26b36dcec0534412,10,3,1,13
ecd51ad4c2c273bcc1d4204f3c6015aa94ad8eab,186102,643,0,186745
cd38f1f3fdc067628c3973382f406bb458517316,184,1,0,185
50cc555b426c258f821540d432618bb68cd327af,24,10,0,34
e3af84085e215fbf1163a07e3da48b289dce9428,24,10,0,34
302ece0ae8dfc3fb6d30ae1d36bbc26d9d7094ed,2,1,0,3
7114564a8c45a5a9ac229ab39fb3e621d2f69d7a,83,6,0,89
b4051f4f9762a9b4a2141eaa37436ce6e65fee38,24,10,0,34
9b5827a73a51af9fd7d32a5f775e29773a7afe95,15,2,0,17
ea1c5369554e52dd493ecf25e5d5db5315f26db3,8,1,0,9
e33614d243d48e46ce01cb06da53117ffe5356af,48,12,0,60
c321c7431a8fc43a43dee39f13e9a4f5d98ef7cf,2,2,0,4
2bb64051c8bf8771107208baa776ce1c2e821534,6,1,0,7
42ca5f32961a07a81c95f720958e733f4b855aa8,193187,750,0,193937
832d174e1e15a3687fd515db6df30d602b8cb1db,11,4,1,15
1daaa66c773780afc6498dab9c006bef33fa4d41,13,1,0,14
4b85b4f02e7eeaeccd04b73a4fcd9381f3537755,1041,27,1,1068
95fffdeca2dbfda9440ca061faa69e10323514a3,216,7,0,223
9e0bc3773f06eba1684d3aebcfb4abfa06192f54,13,1,0,14
07d5afcaa48fd35b27844dd857ed9098f3aa52ea,8,1,0,9
c54ccd81258f2304983369b87d77540f84b21302,4,1,0,5
59d8041ddfde708de57d4297da68b2184f176bc1,224,9,0,233
aa793ed4d5e3245c8b667408b5b357e24d418831,228635,1072,0,229707
4d55c09a96211af13286fff343ec141ad62ca691,227,5,0,232
a062f6b0aea55bfba2aa1dad61189b9e0b3955d9,228,10,0,238
0454a82c24370e3f1043370be296055a6f4d590b,236,11,0,247
b80fb8f5686ad1ee6f85a4a027f5ddd1fd361fb1,4,1,0,5
8563843ca36edf4d06a8fff19734ce305b953ce8,185,2,0,187
d4d6a41f8a4316586ccc8fc02a60ae995c890584,730,11,0,741
b3648c79496a0c7b84f458ae4ab78ba25119d83c,25,6,0,31
effcef7918dea09ed1abb10d10590fd084756b5c,9,2,0,11
31ad82764fc0709d2385c4f6167d378dec428578,219,3,0,222
361ca50a921a7e2f142ab2ebbbbb9f7e3aa3043f,730,11,0,741
0fdb7a7a5743490804ebff6e83dba4b6d2c4bbc5,8,4,0,12
82bcd13f99becfe0259ff358172cfefacd971b16,0,22,0,22
501ded2cb660da357071199e42cef9e09dce97d5,0,11,0,11
af3bfe9995b94f1602436f9b567aa98bd3dbc84c,0,1,0,1
ddc25fba03ba7e9b9b0f7cf7e7e7bdd27f5ac709,175,3,0,178
f9a57a6ae3b8346d54994e6dad73ba23e4540a53,186983,671,0,187654
ce70dc1d2ac49fa456f2d0723723bcc1debc0979,200,9,0,209
e4567ba59f1bfefd0955a7f547ac7cc35168f1c1,49,2,1,51
6ea64d83a910c7160cc5a75cd72cc2dda783122e,341,8,0,349
43448c723c9026d361a99aca16b064f531fb8156,275,12,1,287
6a6c4f9d86e5d89800435c1dea5e6f2f6f4f5109,2,1,0,3
93302659ef5a0c29cf91c821835ce8c8b6ca9750,37,4,0,41
e6d41d483d324c3815cd2a84d1c8772830723bdc,467,24,0,491
92b6ae8fba3f39292d0196f46fa9caba9375d64f,46,5,0,51
c46cd8251e012a10236a339ee709cb7426c345d9,3,1,0,4
5ac48e73bba3bf833415f04f1dff151d9d2dd9be,288,19,0,307
60b59b1371678878d53fe369a11a759d50c442d1,16,3,0,19
4aeab7c1639b3e64ce5c3404466792641e8ae93d,17,1,0,18
8c34c30169936c373c0a9f294ab567ef4ff1a083,0,1,0,1
64184a9ac0ca1896a09ba7ea9cb5d5fc7ab94bfc,546,36,0,582
7c94bba2b7c6800a58f534c7cecfb19a79b01501,81,5,3,86
bf0a937e67f5771cbc3979ae483ebf04b629d791,755,13,0,768
5a0708dc1227ebecefed3468fa501cd467b486e3,234,15,0,249
df3890995f50c796a06e1d583fccef45ebb15b52,241,15,0,256
5a2ea6b28d373a9ca25ce58357cd0a0fe159668b,234,4,0,238
6f003bd3cc9c5e42edbd9be62035292a35c7398c,16,3,0,19
a8aeb0ccb050f1b17285067a8951e1e2c9c1aa35,68,7,0,75
6b20f7bf32dbc4b874d133d9def39d7c06495b46,42,2,0,44
2aa5695bf1df93f7dfc2b57e99c8224f9ba09b68,81,5,0,86
fa08dcdfb4b770e695a0d197727d21254afd8c3a,228592,1059,0,229651
873fe869b5150819e6994e0918b905a3ece4ed57,9,1,0,10
fd6416300ed56cb6764163ce4ee1f8fb42d15f19,8,1,0,9
5c09bb28778944b0b9cd0ecf482f95f8aff982ff,402,24,0,426
edbab57512cd15b04e841b5c40dac718f296b7cd,188,16,0,204
53700907e78732866bfaa45ff0ea12323f4d04dc,113,7,0,120
f567ea4574b6912d2e914f5a37094779472bea40,978,42,0,1020
9e9655fc435ae3356942710ef77e653fea876873,5,1,0,6
c742f591165aa91bac2e891ba57275f85561c752,462,14,0,476
53056f9f01454a642f46efcd5b1dba1ecf629806,114,7,0,121
8b5260605a8ce26829cd5f3cc301f12e0d4d5bf6,112,14,12,126
59e61a7296ee7c2334e957f7642e6e87f6c89045,72,4,0,76
698c50d9ff8388fb536612ad89a6f3f106067794,581,22,0,603
2f820cb07023d27faf60a812fef4759e143cb8dd,14,7,0,21
7535cb916f23a3044bbbc1b911d9b6fde673b6f0,14,7,0,21
2f7f6451e20c7cdd81311bb35f057806e9be2f86,2,1,0,3
128008bbbc41e83ccb805b38873f37e3915fdf45,2,1,0,3
bd15b48d4ffe9bbcb3e05272fc5a9c6ee322151c,4,3,0,7
faeb185ff0dc3ae0557f0a07a7b668a6834bd6b0,454,17,0,471
029e5d8f5ebf975cbff5802ada21d17470674be5,15,2,0,17
5372a600a7c5ba82d9ba2380ad79d3758a3c8936,6,2,0,8
394b0680f6c4baa80a03432fe9003c6ab8693b6c,14,1,0,15
01ab21ffa7df1a32f61bb0589bdd4d558cf7b893,0,1,0,1
4b0bb6df0a5adc77ce6ae3fa7a1c584c61d84aaf,74,1,1,75
895d335ce539660974f024f752fcbcde79476977,190,17,0,207
a9ee4f536b78cf0a70fc3ffca4eb02ee91849bc3,14,1,1,15
f30905b8894fb902d38582ce5abca2ecbeadf17e,278,19,0,297
3450b09100e3f1f75d9292d11014ba7ca8ce906c,278,19,0,297
4a625af8c09f6ea580e49b24594dba3e9d097d46,261,7,0,268
0b85bce93fb53228a711c853e2c439a660892b5d,156,10,1,166
2f0c2a2e58253e565cc201961bbbb007119d7f52,544,17,0,561
0e9a778864d5679c04f89cd99e5e3ecf4846ff07,828,11,2,839
1f866cb7e4e6483181f4371154be9b3b34dccc87,28,2,0,30
19eb0e95e04ac086f23c930ccd2f64d90835929e,68,1,0,69
29c8f10026f106ee85fdf4e279f5cc24136f2944,456,5,1,461
67182d4aa2a26b93313ff66555af84755c44cd33,19,2,1,21
8cf77058af9cbdef39f782913ca3d4c392020156,10,1,1,11
2ce49330aa11967f23c3499aba20c606d18fbc14,97,4,0,101
aac5e261160aab8d02fb6c914aed0a21eadd74f4,63,4,1,67
8223fc9a4c12d1b3b550dbecf8f2e29c830c9795,18,2,0,20
6e3664a381d5923a8e518a18b86700af5a6a0b85,2,1,0,3
66b4911cc3c91888558bd2c3c119bfa53a251190,1599,38,0,1637
672c4bd799f1855c5225b4c120b0bc90e728cbcc,10,1,0,11
f8350fda659a81906d7c306e3d40224b5cc0344b,241,14,4,255
845ebb10e5b3421e4f4b8d7b4f169c9273b8e9c7,198,11,0,209
102c222df1189e7efc29e09078c03bdc7dc4113d,159,4,0,163
a7b1b816e38b04f6bf9f253293e04c2295dde60b,172,2,1,174
da9734d50c87917333ce1f166ac7a7fb04da315a,682,27,4,709
58ba142d08d3ccd34e0aad92817e7db4f42678c6,76,3,1,79
57bc213337faff84cbc1db968f653814a814a05a,792,44,11,836
584dbf572917cb99eda4428bd367a473fbcee9b8,13,2,0,15
df35401da301f766ce28937fa8daf47afc48be20,45,2,0,47
27157e554769f11dd453f30211541ff20e314b88,1862,57,0,1919
b753da1862542d364a3edb4e444fe9127f9dc100,32,4,0,36
9bd7e6e18ecfeeae1454398bc1d08af12e4306e0,34,5,0,39
3811939dc633c3bacd7a123f67ddd9cd77a07364,89,4,0,93
fdd1e3259bd5029ef8d7ef837c3510c0928a017d,89,4,0,93
52f20579cd8a319456053e8c1558a69110d6388c,145,4,0,149
9aceb57964f105acddeeaf49b0da6ee70904ecdf,4,2,1,6
fe150010636f3f7ccb4320a88c63411f15238d1d,5,1,0,6
5703d5424b9b1ac8a7dba5a91c089bf46b822b79,234,4,1,238
599cc9bb9626a623e3338f0c5a248d38c96dc791,2,1,0,3
faf49805432d25e01ba97c9ca80a9467e3b85973,158,2,1,160
64f148cf2441814677063513e75aa1b4d011c257,121,1,0,122
5a287c47dd6670ad5758897bf29d33f513f57f5e,637,21,0,658
7684912b570c7d11c714092e66369ad4171bc4f1,121,1,0,122
f9236fc3cfdb60454050cad42fb1a3d4cc8560c9,12,6,0,18
6fa10a74fd30fdb96a178372a6c97fc4e11bdd4c,651,28,0,679
d79829c76a8f63748781f4cce3d2d1e05822b643,45,2,0,47
e1778e175231b411bf93243cbd93d3fa925cf222,44,3,0,47
d998f8b611a7f2abd92135f11be3ea085faa84a7,428,8,0,436
401b3a71cbfd6e15edb294d0b379eac5c8da7fee,428,8,0,436
226b1a02b3b24f7d01f57737dbe0fdbed998ea96,110,5,0,115
e8a2dbcb09f2cced814779ecb37227774d752339,1277,47,0,1324
8712d1b227c1445929ddb6643590c28384a7f3b3,133,13,0,146
b20595a1cbcf83f33c9e0277887bfab10a8a4336,0,1,0,1
f1e49aac0856faf99157fc1f26c2fd031c01bae1,16,8,0,24
e0038a223f1f3e3caa52c144b12af004daba44e7,0,1,0,1
6fdc7e21dacae7fbdf416022f95489115d026179,0,1,0,1
8767f84c23362eca6b849016814cca1690b129e1,2,1,0,3
77a74f68a79485a2d791af04f82fa67b831a3af0,0,1,0,1
1ee791632e0eee4b50e1f15c6530acd073a99234,0,1,0,1
307a0a84b545119163c8ca0e1a8c388acbbdddc9,6,1,0,7
1b0d50ca2fe5cdc271aaa585a5216f4522f85595,6,1,0,7
309f83e50adfdaa39ad37783e401dd4e5ea5e41f,7,1,0,8
7f4bdba8b23f42b999ff00d9657fd6b343a74fff,8,1,0,9
530c0429e416f701d731297e0acb3766a9584fc9,10,2,0,12
7e9fe0c1460fd703692ce02f4166e88279594190,791,38,7,829
273f05ab4a097fc944544d8f1eec22eec13bf51a,180,4,0,184
dd3f59e11786cc4d04d99362516e3a65ce6298aa,28,4,0,32
d574c0569207ac801240b57586dbf14a2c9f7800,16,8,0,24
846d44e1b82e3dc7fe7e9efaa8a3f43134ae3574,0,1,0,1
c27e7754278448356e417a36ea26ee626dabb307,106,22,0,128
d288e91b2b9e7a02203d34efc8c06ac6ae080544,16,8,0,24
64ca1ffe6b10eb5018e4c4fb4626aee51e8075a1,1,1,0,2
45778ff4b13f11db7e2e8f16b59fede7bba911d4,110,2,1,112
c462888f361f0edf7c201f4db513d493712e332a,10,2,0,12
35a903559dc267a8b2523fee12aa7a241f45ed3a,7,1,0,8
9806abef930eda8c29105ceb5cdb3ee7c43c990e,3266,92,0,3358
c8ebfaae2bab1ea260932bf21b5fea8a8a1ed016,18,1,0,19
e882942dc51f6586efafbb8bb8fedb05c0696063,2,1,0,3
2bc353736c60d1d90732a358980b9f8aaee005d3,126,56,1,182
98061615ed76eb9c2d7fc5e03d432d0a10e7c93e,18,1,0,19
a880e5ce0ed6ef0fb487bedac920b9a963193c5d,75,12,0,87
9d14a16aa24e0122bc98fd8504ca5e543253a7cd,137,8,0,145
cd2dd0924fcc7d0d7f42acf07dea10083c0db75f,46,2,2,48
238ffaa90effa217d1a3572764230aa8a2844317,89,8,0,97
3676fc2c8fe8b89d2d6a711de7ac401043e6df32,15,2,0,17
8e066126fb4b8aca34a4d9bacfcf66653f0a291f,182,20,2,202
4ca1f519ee787ecae2bd86270841dbb3fa92e946,113,10,7,123
317918a059615b88d744bb2b1e2162cd692957d0,2123,58,0,2181
6521cf818e57c0fd8c271fe5c156c6c047596fe5,12,1,0,13
3f3ccb7fe72acb4dc790377c01f97553fbbc1c85,4,1,0,5
ce7bb30f4a995f53ab8ce86c10821445ad933200,2207,69,0,2276
7480e53610fb05aca6b3515e2134644a354bca15,2207,69,0,2276
454197f76fe8914a16700a5dcd6762ad23b72e62,19,2,0,21
83f72e702a1ae666359ea62ce434aec7709fef3e,2,1,0,3
6b5ded8c42fe75f04d0e60457abaad90f9762ef5,259,3,0,262
c76dd9133b5387d0e81c9a186f43a2ac559c4375,232103,1104,0,233207
ecb5d996d298c38088151ddbe097e4e8a63318f7,2175,62,0,2237
53c62e93636594d57a11812ef41e119bb4b550f5,2,1,0,3
20123ee543fd62de9ca0fe5efbcf802ad5112aef,11,1,0,12
f842d92a3253be78a3229213430e27c00fd92f48,6,1,0,7
3032ed49d0dfa7c7a8e7ccc8cd389ab045fe3437,11,1,0,12
ffb86d8cdde0e76d816bc6b87f8d2711707b421e,77,4,0,81
90efc0f7bca93293d80ad47c8a63e22d6cf22b6f,19,3,0,22
4f8a5a0e69bc7740ba58d72d7ae5d7834ed37795,7,2,1,9
2ba8863fbe93310f33c7c28f4be7f54ec4a7ce00,2192,64,0,2256
5c5d2c303c7359f90a985764edeb5f023584c78e,3305,106,0,3411
7167be0ac55628be924a47560c16c11ecde66d8e,67,3,0,70
0b82fcdf54cf298736931085aa3c1a19be640b39,24,1,0,25
7b87d98c52e462859138005eb4d3f154c7275cf0,3995,110,0,4105
36f8073678dd53801a05ea8736e6724ccfdc119d,17,2,0,19
6785d97df2a9add9e8f2c00de4cb66601894907b,10,2,0,12
7d5942c34effc66b09ab27f13c4a6b59803c337a,111,2,0,113
b77205c5cda60df36a0e647fe099951f668b323e,10,2,0,12
3d4b8326637a243bad274c415569af1f9511cf7f,147,8,0,155
b3a1963d6fa527c62d5530b9763b54282467de48,4,2,0,6
391b582640883d7484fe1ff8baa2eaedbff2e39c,257,3,0,260
bc847fa991a6df5436a27cce803cb3eaada6b431,957,18,0,975
2399a050e70ea63737c0270264941fced714a65b,18,1,0,19
a71b70d09ae4aebd1b01fc610e376a62fb91574c,3128,78,0,3206
ddbed7bb4a3e3d3394699f64da10ef1967fb3470,9,3,0,12
7dbd03eb57556660c787eb5db159bc3e9f066414,16,1,0,17
66ccb3ed353623eabd6296153efaa9049ea9e1de,12,6,0,18
a8e9d1a8293fa87062e56b9498c2bdba9b439e31,5,1,0,6
ab56de42dc2b5b21b908a261347a399aa43de2bd,17,7,0,24
e7cecae228b394fa33ee095eb5c843d32c211095,43,3,0,46
dd3d39ee6915d009e52fa1e0677a91c385444444,269,1,0,270
daa5402fd7d7044fcc71d20a5aea32e1f95e75e8,2,1,0,3
34ec25a25d3020469733289a66180c0d69b37eea,2,1,0,3
7adfe4d8d5dd1860dd2f6c0abc3c8dcf1a7fcf51,16,1,0,17
2e5031eceb76fd62342666dd8fca97b211d23f6d,12,5,0,17
94960752b7a7c72cf9a1d9e63363d7a950a4f574,975,25,0,1000
504f244ec87189f302d89d4cf577d342e294540a,1003,29,0,1032
e44fee3071f66bab88c86c461156622a5b17983d,3225,96,0,3321
a499895a4864f69dd8c4d47bc7ec80343edfbb77,207,8,0,215
c0875ca5eacd1c9d54d3dd99d075fa053dd8e8ea,5,1,0,6
52d884ccc4d9c063fa895c500daa93b99f12db5c,76,7,0,83
fe56516d2d1cbb1571fc6148f47a984194b13899,10,5,0,15
c4d57582a7061426e259c76840b90585f3a57150,1191,37,0,1228
ceb19e283e176938f16351720f70020704c9d3cc,2,1,1,3
13ed1e678826f4cac6da13a24170859a4f49d606,3,1,0,4
bec2e03afb27237b28b9192373f43ff6af142ac1,48,7,1,55
56f99a21f1f5ed60aa6732ed74a76a80b220490e,179,1,0,180
ec4d427c7c498abed9e5b2847a442275c196dda8,17,5,0,22
132658167159cf70d59d73cd7ed49e2f12b1e8ec,31,2,0,33
9c10a2ea38f87c1b7ffdbb950537149f21059ea8,43,3,0,46
6b046d677509e2311f091d8a996fa228d6aae80b,182,1,0,183
196d93723fc6ae09cddbf47e91238fdcd9489d75,128,57,0,185
fa1d69961345021a6208737d2d092477b4b31376,22,2,0,24
2f30732e59d119a873d51c8c28344b54832c799a,20,5,0,25
381aad10b3aa95cce463037c135e309827a4851a,353,60,0,413
22a0bd2f3d44759d7f5b7fe36e3bc3542021ab64,11,1,0,12
2d97fe37da1b94e426a8834f446fb375506aa814,31,2,0,33
0ef6ce3d012ebc03228dceacee62eaa1a6347bc1,51,7,0,58
8470b5d41dce754e51b392acbc1c46c9024e8d11,7,1,0,8
431f405c4cdeeca43407075c65ffc9bfeccd7a11,22,2,0,24
4b14f0d8e3e68b7ece3cf5086a3acfc5ee56078b,2,1,1,3
69e38087fcfab801e4c4764a5de4dd68a5d8ac6d,8,1,0,9
be3bcbf984cb72d103aa20fd21b5fb5d4d19204e,38,2,0,40
017e6394d2c0679322dfbdd51b39ad3894cec349,435,68,0,503
65abc0ea33971d93b8bb050ce315553e338b870f,4018,173,0,4191
9c5b4dc04e4f3f1f128c8a5832496538db1ba8cd,70,6,0,76
a6e07bd309e5fb1aa585c29e803e5091238813d9,18,1,0,19
a80da12c9cb1204a2e3adaaa8144db79dc453f06,8,3,0,11
2414c557fc8b753ec6fc5596a3c22111ee81bdab,0,1,0,1
406b0a787a1081250206a9d92b3db719b0539f66,48,2,0,50
aa9d815b25a1d133dea42ae9a86b0d5e6f70ae23,64,2,0,66
d01a34044686556a9d5558c7bf33b09d460d105e,88,4,1,92
8846ca5d1549f7b79d439adff45832169eeb1c17,2,1,0,3
b4a5d1fd918bb0e8ecaffede555500f4300d025c,81,1,0,82
03ead65da650ff4eb9c925b311f903494c207d41,505,80,0,585
71c9a3a92102293bcb9ba130932337435bf57e0d,0,1,0,1
7f198376a3636e0d98ef39cff7cc51d6bd686331,63,1,0,64
5a4558b770ad292ccdddd5788b4b84f63170ffd3,21,1,0,22
ed641f07eb62667ad4593f370e30cc67c784d342,0,1,0,1
b95c249188aa5eea9737e6af944b1ab4f4d6b5ee,177,1,1,178
9e9ab331176e72c935ee0b6980343d9e1ba0d1d8,377,18,1,395
25a08005e388e41c1c2d9708c8c10ce8733d4e44,64,2,0,66
d389f03f86f2597dea9b9fa28fb6b2f7add2fce2,64,2,0,66
be8db3e74c13273a76ebb9a04f8d08631a052e35,336,10,0,346
c82fe94438ade7387b19af714296578ee243b5f5,500,79,0,579
5ea5e46d250f87bc23aa294af62f7a1ee10d1582,16,1,0,17
66508744d50c5bf84c1e2133d6a519d5a795cd4f,93,1,0,94
212ef2a0f17b602b11a57e9d072e8e121dd2bb59,7,1,0,8
9c189f151c2cadb07d80d6e223bd3b41b6757f9c,8,1,0,9
60ba12a6baf0feddef3ba5b9987c797e4deb1ecd,20,1,0,21
d1983e591571a9287113825920658050bc2d1a5a,1,1,0,2
39d1cdfe1fb90fac7e3a2c87b9151f38733a3d22,5930,211,0,6141
3e0a2096e8a6d68ba7f7992ef1c6274548400917,8,1,0,9
331828f78d34d617eab0c6ed5c4c62aa55942d54,135,5,3,140
2e549860794192689f0538784a8e088a8cd76905,417,17,0,434
19fa0c49b5373e71f86c5824b11bd91de9f17115,336,10,0,346
7aa702d071a65cec3c6a4f9612f78665eb1ecfae,135,13,0,148
aade5256894698b863d48e6420e35bed97aeed02,96,2,0,98
381f940b36f915c74db3373a88e83f4dd6f656d0,32,1,0,33
37348009dc87451eab69589b8eea50b45a63ac8b,1053,96,0,1149
d4165782aba7e12b02d5770c6114e0e9866cdda6,96,2,2,98
e1fbb6709336a2183c26099108958e30cbe67b80,5522,211,0,5733
f678b9c15dc2d953f1365ebcd24ab18ed7dc1adf,2,1,0,3
3a159137d9d639bf9cca8533e92525734b28635d,74,6,0,80
ebcdf0257cb1ea07b335acd4850086c79fc56b0d,184,3,0,187
31cb73a3f5279e2036b89f195a153baf11b63b6e,3,1,0,4
e2d09136e77fbc3a8471e68b85d5e17f48ecc12f,153,4,0,157
3d8ee1ef84d363b9ad6708b22f47ec02602ba8bb,1139,101,0,1240
64fa9d5a2404cc61b2906bd3a61ec021693a131d,85,3,0,88
5dd2e45bad021a10212981de84664790e0830fde,17,1,0,18
83a9948a12935bd7b954582623baaf8774973592,74,6,0,80
faf7565bf2dc069bc1f59220da3e416dec21eb46,29,1,0,30
aa4370840f96649a6424e587bd178fab60037a06,2,1,0,3
2d4d9031692e859f181836c1c058517bfb81f1ca,32,4,1,36
b6de5cceda22bcb5464c00403c611ffc8aba7a76,30,2,0,32
2ef985ab54a33e6300cc008d1f24d300b2e6d0de,19,3,0,22
f6c4f052a7e26a83671a678306d483b79e839600,104,8,0,112
33ef8e489d74a76e32aed9648ecbca0a82f498af,104,8,0,112
63778b440a51132b250e8f1875f6bc3e3bbca5dc,17,1,0,18
4b23e6e994f70b01aa784ff29ccc0f1686451b7e,19,4,0,23
83acdd48097fc7230da9268bcb6da0cb7914e3e0,77,1,0,78
6417753beb73ca6dd8e8b217a1db0abaf8302380,598,21,0,619
b9138ca293183d3a4c5600f129f6b56219ba7778,2,1,0,3
78ba328fe3ac4815b63a6c3f82b95890fbd93a76,6641,232,0,6873
fc2359277213a143fe0715ae103463a9a983e506,10,4,0,14
e8d8fd038a8ad564df4ebd08cf7deca583433992,95,6,1,101
ddf76e77a136a2aa48cb146846713eee2108714c,19,4,0,23
735d3806ddc86e803b958c953b6934173cd8839a,1188,42,0,1230
ba10e1b254a44293628f13565b8909a7fdd08d7b,3,2,0,5
b7c102d7f2f8453c32d5869ece2ee7fbac892a68,304,6,0,310
f93051836ac2119410b7f143f498369116b01ad5,8692,61,0,8753
918fff9bc501290ecf5da71356e0db76e5ddf199,304,6,0,310
e04b08ca81e38d606ddedbd71689c731132ffc49,3,2,0,5
2cfee0e5aafb9c96a1fdded89b9986c3307d8e75,9739,99,0,9838
5427583849027206a80f515cb09f5aabfc00370e,304,6,0,310
35483298afe280a060b12d3fe0de79fcc462b036,4,1,0,5
346a0e006ba0ae5f89c8edbdc74c028aa2f5a2ad,9643,90,0,9733
761cc2d3247ea05fdce3e36d0c40ca407920cee4,0,1,0,1
9aece355ef984f5de7c007c70787497671e05166,3848,87,20,3935
a68b269020c29b725985bfbfbb295d7812df1c3d,304,7,0,311
bb2fa52bde7a45e976839947b448f96978fb71f4,271,12,0,283
d53a4ff03b2c443d96cb762694b169f744fc02fd,209,16,0,225
6ca9c054c28b34090b3cb317c558acd51ab592c8,271,12,0,283
c88f1a5b370ba2f67ebc103a3f84f4833c7ecd27,30,1,0,31
0f8a585b443c5c28bd4ffd33e24cd8f1c3463068,20,3,0,23
b81608ad0987d56ed275275a8b5dd5abcffad49b,27,2,0,29
724a0f25609d231365d53b0b4c83aac97cf090b1,0,1,0,1
2ee5e2c2a99310267b4f91862d0c62bcfb003fb8,4,1,0,5
8c0d9996111a4aaca819fcb346b84cc479bd3bee,36,11,0,47
dd888c92269d16fd92177b4ae14394a0014bff5d,3,1,0,4
f2db65c4f1187fe666e5c6a848764c67aa30e49d,51,16,1,67
134c3c79f1b1145d95081ecfcec8416a14f93c5a,11,2,0,13
1f51582f53a173f22d093b1361e3824c558ef2b0,12,6,0,18
609271d511c2c17ff798277aa2e3c350c3cb5e17,381,11,11,392
73fd59a5431917163af6819023bf6079179424d3,9617,90,0,9707
cf50a7ed9d99224f25729e8904488b460667649f,21,2,0,23
822eabd609d3819cd80fa557e48bbe8a08609248,14,2,0,16
0474edec72a386f0cc0c2505754a40751075ea97,2,1,1,3
516f1dfe943f7e9dcc45159e1009b79c9dd0b1ce,0,1,0,1
a66481ff7850c91d2567e7a3e38172c47ec3a8b2,12,6,0,18
6e15fbc23ab9ef34ae53eb8d308f8f483e57d394,4,2,0,6
6b148a93205b9c73e6e8965cd5f6d4f884300653,4,1,0,5
eee5c31f6aa6be7d47684d141dc27cb197e6d28c,4,1,0,5
2a05a2e6a5e987ec0a3ba4f157788903fe238043,4,2,0,6
e45292de1c10cd9478adc5caf831017611d278b5,4,2,0,6
2419d04b87a308cb49c3d8dbf0f4fde856cc800f,308,8,0,316
9cce20ec10fc215871d2f17bab65ac218f8035b6,22,1,0,23
b653fc1eae743b5761e8a2cbe9bbfba906d70ec6,180,6,0,186
c219a867d83e97b3683b56f43acc2123171bccfb,25,3,0,28
2b11aef719afcd7bda7961224c3fe6eaa18d8b6a,19,2,0,21
31e22cc75d6a09ae9dc905fee310b466dd095da7,0,1,0,1
fbf8a1c360c2d56666a50d48b8cc026b2a6e9611,0,1,0,1
4c2212472315adb86bfe07f08f67acc40d7319b8,4,2,0,6
450983547a776e8e1d595db7304e2e99c541d27c,0,1,0,1
9c60fbbe10f59a8cb29c01f51c49cc3a6d620d91,11415,207,0,11622
556a0901d3b0fabb038109b96a75679f00562930,11415,207,0,11622
cd68e01b5e23162f1e87393491654d32191c27ba,11415,207,0,11622
8ed429de9537246f3f86aed04a5101604d204806,11415,207,0,11622
c990fbb3cc0581e4b97fe61c1d6e70fcfc5e5ea7,0,1,0,1
ee8a0895d01ce4c311ddc262de4d24247fa14551,48,1,1,49
7a6fc4dffafc56f06ff7ad91d1fd879d67bb4970,31,4,0,35
b9c1222204d04b3f51870a78e6e8ef6482800709,12017,218,0,12235
42fea9527763edfc47ad159b450693f0f4152a1a,0,1,0,1
d2d0cc7608266b4adeeb73457ba3037b8065584d,26,4,0,30
4fd43282af1fd336c65cf33b9c25d1daf8a2596a,42,1,0,43
79b2d44a9ecda32d16b45d2cd77310325d472aad,9647,91,0,9738
70ce89761f49f34ede7d332c19ee29d22eef10d2,28,2,0,30
5a9688a95774804750218db46ffdd342e35791c9,55,1,0,56
730a6f89d6360698ba54b44e70f0c16b2d58b302,64,2,0,66
ef66ea67f9dca67dae4bf9afe534e9f1da029418,9647,91,0,9738
38a73901f4708cab4004c27f2b8e58385721028b,4,2,0,6
96514212cf3ad3b268839ec39909a0b1d3864849,9721,97,0,9818
01a06c321881b5a36ad8d58a15cd2e9516341d33,29,4,0,33
cdbd37ef7311fad1a8e55b3cba7413995541930f,206,5,0,211
73806c5460b24256066d1eb5b88bc7785cc08ddc,2,1,0,3
50a9a3314ec74682be13c3d09d7fe0ce93442883,74,1,0,75
626347ddb4ca94b0a1b526e8c8f5b4ea33ec44ba,0,0,0,0
d3a3d106c1b2fc6528afc2fad0754291221f81c0,901,13,3,914
88d9c94a6d70de45ab47d3700ee7c143bd7f1b9c,2,1,0,3
805a76c7c5663b0fc4c96f9e58e2c4124cf2a872,371,14,0,385
ef94d2a0ad3a3778651766e1eb47105e6443aa72,6,4,0,10
49f0610ccebcceb953e0483cb11ffabc57c69181,104,2,0,106
97d6b08e8100f4220196e5268627d0a9d9e7d7a0,475,16,0,491
cb18940a0b8a978f74c3e8dffae27933012759ce,4,1,1,5
d69efbcf53fbf31dc9d7283f39b45427539619a4,10120,106,0,10226
ae0f33c1e670b5a9e03e7d6e3716f6e8cfe6d83c,38,2,0,40
ad04cb2c5457089d3f356bb6a78b9097cf894094,6,1,0,7
c6ae43edccbc6eba8eac49ca922ef629cb9585f5,255,11,0,266
8f4e993ea07d3af3be99266652587c20dc2fd5d1,24,4,0,28
220acbd1ffb69d70d98a87f4ffa7668600bbd549,34,2,0,36
a57cf5b8cec00882d45e8777fd5e6e976cdc17d2,0,1,0,1
2a732463c7e4c4cafb45dfd72974de25cb61ddc9,10228,114,0,10342
9be1ff980a8bd2daebdf8af6f71d7b322f52a23c,509,19,0,528
9d6f9e5cc4e96a0a96db937dcab44a47a0f98eb2,22,2,0,24
a7bf1131dd7103da5b1f354eaff62127fe9924ea,14,2,0,16
a737737268d31b79bfbe0831c7dca55466c177bc,38,8,8,46
a05912c47966b89fd80c730c212b2dc5831e8410,0,0,0,0
36d9bf7e96babc6207694d232255f4b049b1acdc,0,0,0,0
6709cd780d79c634593c686275e619a2e34eea18,0,0,0,0
46a010e154af43139db19903f13ec513e9c2edd3,545,23,0,568
2ae30b1f2c4bdcd75b985403537d55e85bae99f3,330,17,0,347
1d8897a21a02168a08d7c9d37692c3c66ebb05df,94,3,0,97
2764308effb42a45d05ca448c8205ef3e3341745,134,3,1,137
beeb2c70dc098e90001f64077b47f67252828c18,3934,98,0,4032
40491c2924e417e51ecb6a296a0cd494249fc068,44,1,0,45
6ee126a5b129e6cbfc8a64491d0cf67487bbcabb,12,6,0,18
2432ca0c834cd82ae8418dd6cecaecfbbd4ea041,4,1,0,5
c10006c40a9cc01388fe44c1418bf69538b5df26,4,1,0,5
716c58b2d9b1d0c95b6deee3fd078cdbc1eedd01,23,4,0,27
4fcc95d90a362dd91f7c880ca5e5830fc7be3626,30,3,0,33
b6ea16d3d095d4c3836b9deb338b21bc1c9fb201,0,1,0,1
5d897b379494cf7acb77d5994640aaf1648d5bf5,44,2,0,46
38afa09f2c899cad57f748e56dabddfa7c58c6fd,25,1,1,26
49ea52428e9ff388d161d8c071bf0073501b60ca,44,7,0,51
9dff594b916828fb45a73dcbd141087c4ae87c8d,25,1,0,26
8a748795d7609977f19e22e34eb5726e9515f7ef,30,4,0,34
f9c5227f273017bb898d5a1360d5536c11e2977d,12,1,0,13
82bfc7f6288c775768f63066db150ec5a04a1614,12,1,0,13
3d0ba215cf1af7240e43a2e7cc684976e0eff69f,25,1,0,26
bdce2ab27b4d7ce63694881de870552126869966,0,0,0,0
60dd678d90afa96cf7452efc1c2bd2cb271321ec,12148,228,0,12376
c758ebea807b078875a7dd1b7ed90fa6c2ab3b89,2,1,1,3
51d51a77b1512360e88730c311dec3c7f7ecd76f,335,4,0,339
6d3c24aeb5cea53356b442e7d194e3ef70746579,2,1,0,3
d6399fa41c3cbc9beb44d76da53cb18372f09ae5,252,2,1,254
faded95de2960cbefc957bc6671620e192288559,258,14,0,272
8e8e5e18cea4aab4b3991e746d6e80dc4634332b,2,1,0,3
e4a82ad0264f97d44eea8c23d3c31d7b83b86feb,258,14,0,272
e5116efa29a4b64818058e96346fed6a32b50380,993,45,0,1038
fe053d5f4ffd63ce653c8d881189aa0484e7bf9e,0,0,0,0
51667ab75fe7089d106f5250521ff429047aff6e,1000,45,0,1045
8e8a50812ebd57f9774fd8a1df8f9b069dbe31ce,0,1,0,1
2fa485231809954ef0ac30de9f95f0e9ca10a723,993,45,0,1038
20096c89d9b6b169847bba411b47ee5708de83eb,0,1,0,1
b7ed85124e39bd8cd40943a268150018659fa7f8,62,1,0,63
3ab1c64ea7bd49bf7ba8359817aafa41aad2a054,62,2,0,64
6c3f38800b8a78a626c6242d9900588ca5fe99ac,0,1,0,1
162612ef88dc8ad346b7f0b37b681ab0750235f5,1,1,1,2
31e81e13fbd9013d0eda209b99a1f0fb8f7e435e,24,2,0,26
ba4a7c375e48fced4d603dbd42136d8a2def24de,365,3,0,368
a7d556ecb4db6b977c58b53432473b02dbfbd9b9,107,14,0,121
cd7aed9f21f0297c1b48db40ed2c0199615f4131,2,1,0,3
b54d0ca83afd3518c699642099afab512cefc39c,331,9,1,340
dc464cc6d6af566b7f1d3a84bcc6889309fcdbf6,51,3,0,54
38736a6b34152a03b1b840cd50cee7ce5bd312a6,779,29,0,808
7b77b9500cb5c74acaef9204d35c2ff80c350427,12,2,0,14
47c09252f50ef8596255727ce06f27f4bde173d4,16,2,0,18
7ccb1ed2aa0905eb8a3e1d941ef4d7b51e0bf865,6,1,0,7
1de918bff319109edea665f1de08035a04cc23d8,1514,58,0,1572
99efb0f43aedde88e6a9f7b7b7884aff8a51680f,523,17,0,540
7bd0e603854ba8deaabd7c2a871499637c663dcf,2,1,0,3
a978f578cf57a7fbb1a0444e133ccd1608a63884,0,1,0,1
fe375078a1f80301fdaa8b96f585c4d61a3b1846,825,25,2,850
f76bfca6a9576cca35ac6f5907d9140523d54d71,525,18,0,543
17f93163a6fc411d23b84f22d0e08b91c28d449e,10,4,1,14
fede45898c88a67c0de6a973c00938a71679c56b,8,2,0,10
3889b2d64102aba37a3d86997c8f7a9938df0659,0,1,0,1
08663c70c184367b77e6053a8b5ece9f7871bae8,11,1,0,12
ed328cf137f66cfa7ddf74351c4e51b21a3b2546,1514,58,0,1572
19722a33f2b7aa6a427c731b60d5861fb39f57b0,12,1,0,13
ea2ed46ee756a05415247af4e8b875fa01d70746,16,2,0,18
96bd282263ad17b4f37518fce9f1701205efa945,8,1,0,9
ef339a9ef814097f871768fc27c2bc25e93e9373,34,3,0,37
b86e3a5cd21f34f37dfdd272612e563f8f09ffbe,8,1,0,9
dd20131f4cec6f3eb2194f4927d1f2ea18dc01e4,1,1,0,2
1139352817864b1c668092f531a91f37c4466f49,35,5,0,40
435072ab00b50703928dd60525a7d28680e5e956,9,3,0,12
b981572c18f9626e5425b5ca0b678a2de04919ea,44,7,0,51
9c8a917e5c73cca0c336a827a3a29e166c1f5a6c,22,4,0,26
0e6fd13ecc2618d30dfee414bb0b86a12e33cb0b,69,8,0,77
c2fbb88d73bd74b1313d3fbe4f3b4088121f68fe,53,1,0,54
5b5219b03341d0230830385e1927956739b5def4,53,1,0,54
8a74b8b8812806baa007bd3958e7648f450dadd8,53,4,1,57
83efdefe7573f29747a5418d9a1a4b0e264bd8e7,2,1,0,3
663f9eb99aae5529bedb72c1c6f74d050d31c943,4,1,0,5
494872c07797d7d8109089b1687b5dcf4d354601,4,2,0,6
8d0f3ff59bf6b284741423d2619c7396d378432c,35,5,0,40
257496fcc5d7f3b16b36126cba03e15668972499,4,1,0,5
b827b9e179ca16fbe5ee35d9f6d10d64e62d589b,996,37,0,1033
47479e7857d3b50ab7f30141adad4c259a9884db,16,3,0,19
59e8ac6f6ada82cbc94caf296d32a63dce6534a1,84,2,0,86
1af5645ae26fe0f45212826f0ca7411f9516f69d,1,1,0,2
8dae1cae45784296009f10354954fefec97f3e2d,2496,82,0,2578
8f7c982fc7e6969e8bf37041c662db77929fe822,5,1,1,6
d3730ded8a0ab3c5fe9349a4e4e270c4a3e3966d,1905,58,0,1963
85f28f73dd60b7d9ab136affb7470149c8483f00,29,3,0,32
cc825a89e4e9fade0b2fad9a416a43e9babdaa4a,4,2,0,6
581ccf8d7dfb8e0a4f8732742cd149287e427cce,0,1,0,1
9be74055c6151dd2cbd11234105bfae64d73eeae,3,1,0,4
4c240329eb688c204821ac98823ea656f61a6911,0,1,0,1
58f66bc948bd225d625050f7c77558ea47475215,1382,48,0,1430
c1b020297d8b383735ce32e6a02edfde161d32f3,296,10,0,306
b682e278f03d1f8fffc8c55e8cba6dd50e42a1d2,138,30,0,168
3374b932cced6adebd90472e336292ce5be5dc3a,2,1,0,3
77c490068b047e2446e407ea42bad9acd9865518,359,8,0,367
4991d6bf8d12c3bd8a494f1d2ec196cdbf208201,12,1,0,13
f172176546528494709be8d909e002e3e9e093a7,1635,52,0,1687
64fbdd38bcbcde483e78cd4ca8344d1456253535,55,3,0,58
213549f6a9a25ec369496fd3ad6ea8eaf432c570,119,4,0,123
4a9e08931044e3f24dac44ec91e2237b9ef364cb,218,3,1,221
8d1b6758e7b7b1ea34bf91fe2053b794a96973e8,2652,95,0,2747
4344887bd86ad4b2609cd9cf487744d284b9cf2b,4124,136,0,4260
b973a6fdee32109858835b77858985500c77395d,1221,57,0,1278
693acea69fa35f1339aaa124d23d1de73e6683d7,59,1,0,60
79f71df7626f9b8fc1f19d4a5d4e2a83f01885b8,0,1,0,1
1be85787360e68ed5b53c7e8d4419bbb5bbce523,3,1,1,4
6d8c0b6a4225a62e01dc2bb1078abba0925f1952,59,2,0,61
98cf7444f86741910312d5a2efdc503671b0b38b,247,9,1,256
d09b6d47347f8aaaa091df25f93ac7f778101df7,39,11,0,50
f9cb17e768dc0bf9a7ee821fd93866ef2e50cde9,37,1,0,38
c2cc4307642f72ac1f58e6ec18434246796650ff,62,3,0,65
29f770f6464864c2df854e0afddcfbcd079783eb,10,1,0,11
8dafe07d6957c2c2393baad0fdb711a1250f3452,22441,452,0,22893
6e23665aaa57cf4ef6180be08c62ddecb34991aa,34,1,0,35
fe868321a367cab4bdbbaed4ea857ab8b8bf9b3b,29,2,1,31
7e63eecd8fc1f48383958cd783f8deae589e90e9,4498,154,0,4652
86d2585f973f94775ac3754ed408bce196f000af,3799,131,0,3930
534d53e1ecb4a0a1dc867bde509c68a2079f1cbe,631,4,2,635
b4316ad43fd8f7ba52888231228ebaa5040cff3d,248,1,1,249
02a3093e5b0f2f9f594b8980d8cecd87265203e4,248,1,0,249
93a3ad2505bb33deb55246c9aa2f6330b6eecefc,248,1,0,249
ffc761d688e314fc0586349daecd6716559eb4a6,282,2,0,284
6a3a98190c8db1d241f6fdc764daf4df41fd1993,2290,83,0,2373
19d456e3aa324ce05cda2b6bfbf73047196a985a,9,2,1,11
2b2e16b7c29377fb2363e74c3498127a7f0eefdd,2290,83,0,2373
711e08e21c9d0bd13650f5aa59931f099cbe4162,14,2,0,16
ae4a6556d3b91499b5f8566702cbeb1f7942628e,76,1,1,77
89296dd567f96c9d3c1a1e973599c0ed974077bc,387,6,0,393
920ec96abdd441355e4b2eb41a0eb927ae6039ae,8,2,0,10
7a4752928f2e874c5a956dcce18a9ed4d11449be,12,2,1,14
e82d0607e5a0ecff2668307e8ff55dd918632a9c,336,7,0,343
0c012ece2b9c04959c6e258756508006e48c229a,65,2,0,67
eb451d27fa41d9e68e8ab4eee6c2b882e88fcd33,8,2,0,10
ed720833eb45a7d2c1cae7cd48b339db8fd0fa01,65,2,0,67
a34c85dc70430fac9b39dd0182fa57b262a5201e,122,10,0,132
00ca65e033fc7c56f373f6dbc7b2f8d94402c0e5,15,1,0,16
1233fbd820ce065d26e9ead901d300cfcfd6973c,13,3,0,16
be96dae6ad9aacb918139e6135b4f45dca7e5cd2,164,10,0,174
80e92540480488e5bae8a8a0dbb9ddfc03011705,333,5,0,338
3101acb26ea58588ed15a6729c165c64047a8a57,118,3,2,121
2fc23072bee64c463f7e133f94a752fd43b806f8,41,1,0,42
9251396d7b4e6f17b3efd039fca8b5d612aca30d,86,2,0,88
d657216193f23661d9f6fbafe70176c1d4841af5,3,1,1,4
ad771a04671993ae3b22bb03601763bda1c11b5b,4,1,0,5
cca1aa8aee71ff574ea39cf2680d8c0b3e370998,89,3,0,92
08bdbcadbefa0722d02fdb911853c55c998c0419,564,29,0,593
51571fcb61684bbc769dc586d36bb347a43524ba,6,1,1,7
8c9fd690ad9853676a6488a0aa226a2382edf8c1,564,29,0,593
823079492459b21b0838f8a358d00ebd9abb65c0,294121,1735,0,295856
c44e5b4a5d40c64d0e49b1f3ccbf76ef22523b3f,32,2,0,34
fd5c05eb836ac204d4c93572d37f119697fec07e,13,1,0,14
773f2cbfcdf7a289c103331bb1d674f95a849032,294123,1735,0,295858
9aed5b57a3925399206d768ed7ff6396642a9679,23,5,0,28
bc932ed0d027f14972b94a78b9b8b9f34202ad95,118,3,0,121
3b417f933861f3a326439738227d09d536a7f551,28,4,2,32
7454d41762b5268f90070917ea0042812ef8ab31,13,1,0,14
78218f85756ca4007d3d55e612c1b117331099c0,713,39,0,752
84424d5ffd7c5749a173439cea3be5575e461674,71,2,1,73
b6148aca77c2427d59b5a01f3dc5b13426b7b459,93,3,0,96
477680cf1d5ead309b3fbb303a1bd9365d415122,713,39,0,752
5bac10a6d0fce8a2e1315604d6ca62ecd00d7050,2,1,0,3
901cfaee870c190e78eb4904d93bdd79f8f574a0,17,1,0,18
693692cb5628b7af05e1acde49e77c127148226c,15,1,0,16
a90c5c1f7fb195faf87fd7f8b81d7f3591bfa855,21,1,0,22
d46896ed3a517b04eff1dd9418ee6dd75378000b,173,2,1,175
26d02fffd9c8e9c0df1d14c9c93ebc5a09b41e0a,5162,176,0,5338
9c57cfcf71b44e29634c2d11c9a24a7198521b63,314,10,0,324
23147b34458fad6f6100a6178c00b4c6323df3d3,8,1,0,9
1cbe9744fe6a4ac490e027ce5b83992447c607d0,894,42,0,936
6913d34c3b4ca12a0e50c21fafa76e5e88e41b52,235,5,0,240
0ef9f59a825a6382b9e9b03090ed2bfaef771c27,235,5,0,240
794d31a11383cb9d0f3421c6221a2c4b71dcf5ec,26,5,0,31
14d0a485da06a92551143329d59163e2efce589f,1121,46,0,1167
27c194c67177c99aff0e90e6df9ebff920b18e0a,375,4,0,379
3b54cfae5a3b606d4ea765729ce47e452520acf8,63,3,3,66
236bfe18fc4725dc050d8e245df1c1d6596e884f,1,1,0,2
40274c680f75a074a4983012c1634c9fced21613,4,2,0,6
5c8a9bcd9b04f850f6b5cfe585838b91e9d85a45,2,1,1,3
49dc3235f4e4ffc47cd91037bda2a37b02d17fbf,1121,46,0,1167
372b550724d8615e0878c6162071661ecf1e47b7,956,23,0,979
70050eaa2b5573e3b0f1be84c3f16d2d10df2be7,956,23,0,979
25a8b718eb4d559fbc58d2480aa88397dd1522ff,2,1,1,3
eacdb03721090ae658251b1135359be8c3117cf6,19,2,0,21
88269929eb5c000f0f0f5687012634886607c609,5,1,0,6
39cd17ab005df282e98aee41323cbc010177e9d4,958,24,0,982
89ff1ffd353c28ec0553c29e2c8b1ff6f232a285,0,1,0,1
b29667745aed5eaa23511845d0c7d973a4ea5096,7,2,0,9
c89a706b16b3bfb05935aee75c88436edd1b8e12,87,1,1,88
a408c58cd1e3c32d56fc221dd09d4865903e9f7f,658,4,3,662
1852b8fc393235fb2d628ff0b2387f492fd79e7e,658,5,0,663
999d423add7ba1eae78a7117fdd6ec251dc7a073,750,4,3,754
1b4e96c571a275077c1f34769583c2189b11a7ce,1604,41,0,1645
dc99cc1b8ff973d5726e390c7ba5351e58d9a63d,11,2,0,13
57d0692c86fa9fa758c3232f37b32a411de04a15,362,6,0,368
80f10ae779a4dadaf8b8112efb300d597f9b48cc,221,6,0,227
5a5977843d50600fea4ba308046048b52fe501cc,221,6,0,227
278780ff9fd6362318be363c91a892a266b290b6,5,1,0,6
6dd47524515e23ef49ec5e9d01b496af29e3f809,89,2,2,91
86c3a0962058303f78931b68a818563932038d0d,12,2,2,14
b39d9af4c27be33013409917f53ea00eb3be283a,2,1,0,3
c5db1cc33a0e141a04b036c7c465b925990decd9,19,3,0,22
ff483b843b5cf193068817700d54b468a470d90e,18,2,0,20
fd72527dbda1530d16ad55de1e01300174fd4689,32,5,0,37
7de698473c7d8f69b7ad51a8ced3c18a5da36e7b,296,22,4,318
90cff2ad17307d5041e06f59bfff3c47fc121f26,24,3,0,27
4a8fab860a5aabd0aef991e01019241281502ded,99,3,2,102
6fc7bf9fae44326da73543da4cfccb83f6afc300,19,3,0,22
e224a6bc8ac336173a73ac823758469657260378,1849,48,0,1897
bb85fe16de69f4c786cfbbd20c85507ef14c3ed9,41,2,0,43
b842214b5266a1188049161445c6fe3e22bb346a,6,1,0,7
8b4e0d176a2d39aaa799e953cca2af43261db471,1136,19,0,1155
20ffeb4d350eb0dd6e4701d4298df4fe0f1e9ddd,1441,41,0,1482
03764de5f33e674107c5b7bf2a054fbb1af9f582,1441,41,0,1482
eb297897ac555a02cb9b2a987555a1678760045f,116,2,0,118
54cf940acef5b2764cdb0501768073b5ecf26b37,14,2,0,16
07b9abbd5ce1e819c39acee097311cb1f775588e,51,1,1,52
0bd99590f9de53164cbfe3708079797e1cb8e44b,295,16,0,311
5850f6db052b05c026bbf48f01ceed8d816693ee,2,1,1,3
103b97980a53ae2495707d93042707b18ccb6ace,216,9,0,225
556476782139301ac130a77b097c25c79be1ffb4,572,12,0,584
348e139c14091ee6d5240a15effefb7a2a869287,194,4,1,198
18cb714e3cc66e8ad48e64e0b2b468a952fab17a,390,5,1,395
30a6f38bb4340613d332e59cf65537684f4a8ed6,1585,45,0,1630
860d89d407e41a958c5fb1333831a1bfc0e8bbed,4,1,0,5
6bf7a661e6d417793cdfe1a819e1bb1e611e80ed,5,1,0,6
17dcc5be777df437a35e4bc9c0579d94b743ec3c,653,13,0,666
e6a2942e2ff5f62be76625cc3167a931491c33b6,24,5,0,29
7dedf8b5a3d362fc2f3a119e12c527a0f7a6f57d,504,8,0,512
705b702b728bbfd4d191c218c9713f752ad60d30,70,1,0,71
2cf5b31010800e82e0f9c943d47bc8cb7aa7e8f9,16,3,0,19
f592dbcbc748b4f9d9800e26fd085119ee339430,10,3,0,13
c90f73256f47acc191417e11e9639c89371c8f8b,385,6,0,391
a4c6841048a98d3d88e1b5f7d062e61f468d561c,2502,60,0,2562
5bae58455e9dcfcf992db595a411379101e4cb91,18,2,0,20
44aeb415991d1ad8b2e8cae6a8a1b7a92beb0390,34,1,0,35
a79e93dfd5a034efff958086a20abd3cdae1ea30,419,11,0,430
191a3758608f9bb6e0aee7ec166e84ec9beb9bd3,31,1,0,32
9186bccb30a3c699ec29373ec977df22781f176b,196,2,1,198
f6fcd6b3734fd7ae30924f7ea330391dc36fd661,450,12,0,462
dd5255e49d5260c6b2415b6afb32a76f52e9b668,5,1,1,6
393e86df4267113955b65568ea4576b9a436bc05,195,2,0,197
b361c7e95f2da7a4cc225d405d0f376baf6e11d5,2,1,0,3
3a7d234c75ee483cd0b1808e921e08e0edc2686b,34,1,0,35
cf0ab14e6750f5793ef07642a36b7559ff899d88,52,4,0,56
bd0ba27090b6b9e0b7a2014330c0d6f73c7a9e9b,6,3,0,9
35f879a411b0ac6bec32624cb081661735170aea,55,1,0,56
e8fb1993801f1b8cf59f6e9986bb31fae8c39076,4,1,0,5
159fe0b8466e6cc0a304f6c29113dd0fa6bb6bb2,0,1,0,1
cb4d2117c10c643e3cdc51a83923d3d79f261475,2,1,1,3
51b5d80995b9336247c596ea3f1f62c0c1c22181,52,4,0,56
e0c79dac7ffce372ffc24b6a092e4e0cff9bc21e,6,3,0,9
b938303412fd4c52587f01c18b19ad512e68be69,466,16,0,482
5bbbc753fec582042026d4bce46840f6d617aac3,352,28,0,380
b175301ecd0524e7608a5ea449f13635c2d1f376,60,8,0,68
d2ae7b63ed99e5bef942c363a92138a936fe2627,42,1,0,43
2a83a72903f44db7dad5b770746edb4b1d5d13dc,4,1,0,5
8c02bf8f2939d242c8d9f93c81219eca198af88f,6,1,0,7
ac7ca75ebe180a91ba775e9dbb4eedf7a8f3681c,1214,58,0,1272
412a09944c62751f8afd3eee7bfe95d67447ad22,138,1,0,139
da4b57464e230a2631058335cdfb077b77448f8a,522,14,0,536
20c6b80ecf71b85e793a813fa83da4d91a1aa00c,4,1,0,5
9733e2995108c3b71befe53d35594e0cc89375e9,15,5,0,20
3da34de4797f97ba3fc37c810750d370698a1c69,11,6,0,17
7b1d9cdd7d84a8993909b6257dd51ec60852ab16,1,1,0,2
6ff23d4c1527a236bbe5339888d7f03c51ec39dc,4,1,0,5
d5e7d7aaaaae9d4655ac1a817196d0f2156db581,8,1,0,9
e695ae9b58d0aa468397118099e0fc2f7da6af27,8,1,0,9
6b33f3d0992b1b0a65eaa44d2ccffdc452a3c60b,91,4,0,95
cd2baaafe49f3d49b51750a22d7d1995adc934fc,97,3,0,100
cb62d5c71e8ae7d2c738a4e4921c5bfdb5297940,17,1,0,18
87c616b5cf6f52e508ff7086ed3cc3dd331747c1,38,2,0,40
fcb2532438573af30d838f5dd78db22c9d5edae6,33,2,0,35
e3ceef7f494f63022c01dfb9e38cdcd20be2b108,39,4,0,43
440c8a1d0ede001ea660e4e7b07a65773506aac6,18,4,0,22
24db20e5cc897083dfac9b2a479e5e15ee430d95,40,2,0,42
26b313a98daaf81951d91a1ea47ed4c62b3697e0,7,1,0,8
ee68c3731ffa0c74d7ac3d36d949387997160b62,97,9,0,106
eb557c616964c2c69066d12eb60c8541452da0da,3,1,0,4
8e69866a126140d0d50d42913c291fb31b7bf5ff,104,10,0,114
d485a31cade9e9b126e76d09e860606718ac97cb,0,1,0,1
73be2428c9687c5bfa03aede4123ed6230427917,10,2,0,12
83b12cd3f22b0f06a3a1443e675b12f3d02005db,13,2,0,15
afeb9191cc369a93762a72472b14b4b2754ed609,17,1,0,18
d41585ac674e1056043669535cb8799226582d9d,17,1,0,18
3636c0ea58a0c9e8842e142ec5b5e8522e35957c,0,0,0,0
4a7d6ee160586b33e9157adb0e8fad88a13de9ba,0,2,0,2
8c5bd4bf4278a119be8a0e2b7bd57e34515cdbeb,0,1,0,1
f28dddd5796cae29848e7bd8727a78ab50d688a0,56,2,0,58
a04caa1aa89b20ce7ffeeb48fb5894239221e46e,0,1,0,1
c5206065a0eb7b21794fcfb2e05057004bec9004,976,9,0,985
fafba1d6a10c73230b6602298de663d990b8086c,119,4,0,123
ed7ee4238f07cda5b765838b7c7da0610e50cfd8,0,1,0,1
21d9f4674ec111221e94f45872f6b5720a188069,8770,266,0,9036
5e88a57ed52893ad9442c069f90603bfd6319d7b,14,1,0,15
fc1f24a1166cc7d3ac0d8ec21ce838d79cdba6a1,1,1,0,2
e6056f9801a1df019846be048b6c08b54e94951c,0,1,0,1
2428eeaaed604463798a2914f9088fe7c181ae1e,0,1,0,1
76d82ad94f1e660298eee4ffbe8c04b54cdbe016,0,1,0,1
f8a60012c0303b6febb0073310652d6480b9eb60,447,9,4,456
9571d3251541bbd993b6c9b6b02b61de2df1624f,2,1,0,3
28624f9db359bd4c6a222e97c6fc5b49eac7ff37,3300,120,0,3420
44ecd919a5ed04f6dd98a3127549be42ad8cbce8,13,7,0,20
496451c4f217742023f2e7797d75e2149d6e01e2,0,1,0,1
89745a82ae03dbc2415dba2cae8aadaa5987c8bc,71,5,1,76
0c25dfee77d62ceebfba84d05b7bb51947ca6ba2,0,1,0,1
9cb268c983f903dbac255e22fd7388ab2bd40964,2,1,0,3
edf1da641dcb3ce4df0b48410bfcb7c465e85508,3,5,0,8
1fab097dead7235fe719bd7444013372338543e4,25,1,0,26
ff745b0e35154bda450359e0afa47f9a446dd429,430,24,1,454
500782598af0bf7bd01da4b83f2dc794061f05ea,0,1,0,1
79c058ec568a48d7a1c4f283fc015084feceb837,318,12,2,330
69fe71c48b966692ee08757069747fe76bcb5fab,16,2,1,18
4a98961c946bfc97a15c9f93a7ee2e3e21d1c5fa,0,1,0,1
98b04751c578991bfc4ac60482a115e36461009a,45,1,0,46
0d948c757112fe860724e7674a254d21227b6862,0,1,0,1
7e1982faad33dc80053e0023440a20e068e74bc3,2,1,0,3
c41c8fe3881c30a8cb8359d7fee8b37242caac56,2,1,0,3
e2c45712191734ca64d158b9727f49b5e5af46cb,0,1,0,1
fec9e10b0f3358048bc26175f6cbb2ec5384b894,0,1,0,1
5e50377b19076d16e89406d13698e1e72b8da041,142,7,0,149
16f5ef24e0d9ed193dda5f3f1992ae9b0495391a,13,2,0,15
aeda5bcb28758768512af9f03fe94281089abfe1,1403,18,1,1421
e025450c4363137f2504063c1a12f959248dabaf,430,24,0,454
9bd7ab2c50713d6a77676cec06d290f189575e13,318,12,0,330
b3404ed8c288e77dd9a3e41018ac0a0a1ea3e200,0,1,0,1
76693b3ade4d3657d71449c61c1bd24150dc041c,817,46,1,863
f4e315db91f2536f1a97b24ecd45261cc99bb001,2,1,0,3
4784729225ad587cd4015eef107e1823dc3703dc,90,9,2,99
fe5e5afe5259c8342f05672e437f2e0a056fdd0d,0,1,0,1
6c5fd5321f438938598eb38c5fc38be60be2c951,61,5,0,66
00dca3bd38a0a0a5dd278858b501b3a8cc5e7e0e,176,3,0,179
5472476cdb054d84feb172ecaa24d2f9faf224b6,197,3,0,200
fe4786a8f70538979471655082fd62997f3f81c1,0,1,0,1
b41b095d45a2953cfb679785fd6c2ff7c17c88b8,75,4,0,79
de9caea5d70e10454e97725d6788d28938a21f98,0,1,0,1
1c980b1cb93ee7db6ed29e615af29695f410d1ca,3,1,0,4
8db2a1c163c0eccb1ba2881ca6abe673ecae0493,40,2,1,42
26028ac19cf03820961688a6023405c3910239db,104,9,0,113
6f1f72f61c6dedeaf0c7b0d3dbf54e4e31cc4797,1032,11,0,1043
cb419b76787fb57d8ce6f323a1fe8d4102937780,619,23,11,642
7ebae76e2d44ac5abacf6728c3fe4d52b52dc383,90,9,0,99
10941097f7e63dc34a939968136f07d86f95cf06,1075,15,0,1090
bddf51bf9b455f74549f859131ecc3d82f05d1ad,390,34,0,424
7d4d48c3f3c412f3065cf66ac271d38a68473904,83,2,0,85
e046ad3639dbb00bea343e63a6a095b347792339,744,8,6,752
a5bfdf1a04b2333cf27ee89782d9f68239eeec89,1148,11,2,1159
5e1ea548f0b8d90fb96cffa64ce8a179e847b2ae,426,14,2,440
4fc23b5dcb75faacc1cf479856706595bf9c90e0,17,2,1,19
e16424ea77eb8db277d1ae2a152e450abd433273,101,2,0,103
3620729ca8797ce6a392ab3408cdd3400bb04724,0,1,0,1
89034dcfb2f7288f17923235231eef46095628e4,52,2,0,54
05615604dc708f6e4044a9f26d9084688777fe41,0,1,0,1
d39b2303d22994e64fb32e28c7305a75b350d807,1165,24,0,1189
b0a180387bfe04f95d7b617a0fbec10d0edef756,104,3,0,107
10289ce90a5102856b180aa7cb70b6f84861fdd1,1122,21,0,1143
3a7381bdae09d1da2153c0f5a97be2fe64fd55ab,1226,28,0,1254
d84a24cc10ab61e58fdd3e956067e5389e3e8811,22050,439,0,22489
70d7d1ed42723caf9c1d22d2076d94008151f33b,1226,29,0,1255
d43094781b14c1f949c6ded0820d98e1d3b08c29,6,3,0,9
577d4f50e2c7999b1ac32e33a70cfc76ee7fb18b,1226,29,0,1255
a7eac4c6ecccdfe5c4b74be41b56a9ebd48cb04f,8,1,0,9
e539877c8c444b83e555524207eca36b72c7d06f,244,7,1,251
b307b66ec624e1e177a139ec0268ad8133a1ef91,16,8,0,24
b099b4c51f5fc35c2f742bd5ac08650ad52bb01c,223,2,2,225
dfc6c74f81e39d1669d22bb175f85c9ef3999026,334,20,0,354
c5325b61bc003c437f20914d75f4a91bd2a754f2,1232,29,0,1261
64a75ecf8c9ecc265428a43e14f5945a3c8899cf,41,3,1,44
e75624d5f83fca5c1cc3f575d5ec716cb4af00a2,334,21,0,355
b6ac8abaf2a25592a8d7560f18f66ddd2d545af8,46,2,0,48
bb6dc51d9f679e59b031068b9919cf52d027dc81,3,1,0,4
6cea47902e957aa092769e2b288a94a097808385,2,1,0,3
22d07d207d766b5e846f7150e5383a88959221a1,401,3,1,404
fa0852ba76eae92666def012ba026bfb721aa9b0,2,1,0,3
ccd069eb622fb8324eeab7257ad16bea1dc1d10c,12,1,0,13
647eeb09bfd71c7d754d54de54605ba79a1a87bf,627,3,1,630
a4ce9fe37fd63a6a116f14bba95c0e83b3b17dec,1563,50,0,1613
044479cde409848ce14ffebce84d8f8cf01bc593,4,1,0,5
6cd3a402a9b5fb776fc093f29f44f7836053c12c,9,1,0,10
dcbeb79ae66d6fe2f0d7f6938b1a94c721914b4f,21132,404,0,21536
7052ef1fecdbe721f89f6232e6c3231644282a18,786,26,8,812
b5e7cb134de4a2e88fd931210f6ac75adea2caf2,1560,49,0,1609
318e405471af57c9207a83681b38efc4e4eb0a8a,0,1,0,1
932ca52ecc88aeab996998913f79c9f94f5d4fbc,0,0,0,0
cac506082ff48567dac72b0de04b1b948d0e7788,52,2,0,54
4aa36b948552be28d6724323c8e56230bdc9af6b,334,21,0,355
4110d936ecf754aae657cd7efe0125f71f2d9cc8,81,1,0,82
01c1085e74df7bc034830c0f7f9b84a132dbd9dd,52,2,0,54
08fd6852fe0e14cd42824c00f17842a56a766ea8,334,21,0,355
b029c794c14fc06b83147000958017b70be219a8,52,3,0,55
1036100fa1964a93fd20256b669bcd18a3d86993,116,1,0,117
35918fa94b95ef81aa92d03595c2d1cb7e019fa4,182,3,0,185
2d1f22fd72a45097b20e43be3e63e2cb859cd26c,572,25,0,597
994f211ed741b6cb20e04065f41eae4aa4024d45,3,1,0,4
8951bd6972a53adc635db910d019eb7aefdb6102,21280,405,0,21685
6e43f05fa01ba63dcddca64ce0bfaea01ace451e,717,22,1,739
92cd8c8543585c3602635a0a017941728920228c,234,6,0,240
c62c408908d43e39b7002621f0204b69b13a82ea,4,1,1,5
28792b5b840148234745849f704f8b953f1971e4,234,6,0,240
e20cb16405e63b619ae2f1ee2ae2512acbbfa486,28,3,0,31
f11dbf66514785986bac455b603b3e86cae49026,234,6,0,240
66cc7f78f0585c7e8c8b85c710efbe865ee899ab,1794,54,0,1848
ec1869119caa71372898d5a1cf9f3f10bd5f9863,568,26,0,594
308dec951959d4d2acc4dcfae4a1e47cc461b0e9,48,4,1,52
0e691f8becf1ee814c7622b7db1d2895d40a3b9b,83,13,1,96
7e1bd2d87bb48c65e8e15cba7af22d8f77b18373,6,2,1,8
a38a59303ab95f6a4a816aa3e53cf15c2af97f0b,21,3,0,24
eeba9259dcc67ff9c73691b1606563aefeed6bdc,0,1,0,1
e9c06ad35bf49686509792bdb8617f848e0191c8,316,10,1,326
51508c90395e68ae33382003657c7e1f364e098d,21,5,1,26
8693f76fc76fe74eb65adc866d8ac149ed8a4656,0,1,0,1
a29db50c8678fae2fc81ce059d2e634ee37a4b8f,3,1,0,4
5349e909a202c3ef7b4ded23b849ffbdbe473908,0,1,0,1
dd278d34377abb034cac457809855e08d189725f,12,1,0,13
4fd058df872c82475a41c20f18335300f2398564,10807,312,0,11119
e09accd0e55c6efdc361b37aae1733b9dee4de56,70,13,0,83
f5b9aff1ddf40b3b858c9363831b751d6415ef61,98,1,0,99
e756644903f081e96df8a54031946ceb59feea2f,111,1,1,112
745af6fcf75832c184b9f7974ee6119b542c1012,87,3,0,90
b6d3c2357c049bfb53806ff702d2902839e78dcc,21,1,0,22
ff6cbde5be7fc484c5dd16a7d7e53c1da01ede5c,559,121,40,680
235fccb72cacd60d5003395f76a358a1bc581f96,24,3,3,27
f7a9ca61a42f70b672436904789fd7a5e1981bd5,123,6,0,129
dd7523da9a81784d53ef768fbfe1481fd13701e6,147,9,0,156
40a93bc58199cb500fb887401dfa449e7e1d9df2,233,2,1,235
da1b6e365c14e1c838d3e22efea53c1e5e571ac7,2,1,0,3
34b08dbbaea28b398d18a21fd237ad8bf66ca98c,691,31,0,722
3c1fe8127993b17bec8881ebbcaa8159a0c9b3af,12,4,4,16
446ef23dd61f34f7ae8a1e9534b8706b79080613,2084,48,0,2132
2bbe3cd522d27f631f194deec51264978c6f3e3e,1101,19,0,1120
7e1259fedaec0648bddb60ef47ccc1595311bc47,3110,78,0,3188
74d52232fe440b8ce7f066a0c7b9802223769849,1435,39,0,1474
3b6dc5c64c5ced2a6e117e59e0d26d8d3acc1ef4,141,9,0,150
a35f6eb156a98d9dfc3d9ca0406410ed5d2f50e3,6,1,1,7
0fa1a52ec6a2a63fc635e4f095b24b0ed06a4913,1101,19,0,1120
f5edc751499750a4c437b18baefc01cb31ed98b0,3,1,0,4
f712c9c5fae0b9b671ff7653239b8e54a79f1ae4,4,2,0,6
313c87c12a961b6c54ede62f819d36d471b7368c,5,1,0,6
cf9d97fe4622caf9186283b2489eb4aa6e32f14d,9,1,1,10
3b569959a4f2e579ab070f368c0fc29bc7861df5,1757,39,0,1796
15e4f61efde438962480bcb3ab6ccca25d9bff3a,1453,16,0,1469
4f2639637a7b9cfa0b79bf542cc5d0e84869ab0c,21,2,0,23
1b6b5b30af03186b4ccb03a9ae6e3dc3722b7911,3087,49,0,3136
fa8355aa697f1a70c79e6cba0d3ca7e0a02f7181,4,1,0,5
96302363a1e3bbed4f43fe6e3e48c64bdb3daf73,70,13,0,83
21f7cafe5f135b59e876d47d17cae7351c4fc02d,2,1,0,3
a04895fc29089e50df781e18ac522b5418d457bc,85,5,2,90
e05602d941290511273b05d5904beae9821f55a1,69,1,0,70
2073ccadda03be240df587a8bc919f4a5b7fcca7,1534,33,0,1567
0fe5064c4a18d0ac2b9376a84d3dccef680d4e4e,421,11,2,432
935e613ea6e2d2fbc122ed7b4cdbbf14b49881dc,32,5,0,37
3d219c58d1b14c34c604f76bb8dbadfce0cb51ca,3284,69,0,3353
84507cae1181bf886d18f4a809809c0476265eef,112,4,0,116
561baac6c220d860e0b7993f220eff61bce10f8a,1534,33,0,1567
c344b193de646393cf8bc1ebe92d0bd7dd1d9626,6,2,0,8
53a69799822710caf2219e92b4e1fe3cbf2a8197,6254,154,0,6408
894a936736d5966f35e733d560ef2d058bdb8df9,1,1,0,2
7764cbaa3801d453e79be3189719d47d33ce1782,6687,162,0,6849
f2d9ab80998152e5bed65b292753901ca2eec425,11,1,0,12
a5b7df6f3ddedc890ec6a4a422bbe7c89604f804,9,1,1,10
a438a0ba4882f434c0228c22a69a3914b36092fc,6835,170,0,7005
5c96f28be9228212b15eef3ab0fd25d5a9c8ca00,6835,170,0,7005
c0459e107dd8a1dda835bce0e63fa71cfc794b1a,70,2,1,72
0414661b68d1b8312a9f4f8a446bc1fa65171f6c,4,1,1,5
3f4b677ee495a7984efe50d645dfa8d0cd27f4c9,71,6,0,77
97823fec9db16a89f864ff0053d70804cd68d492,5109,131,0,5240
29fda1f334d6b099ac075047f6591b54ad17a08b,6,1,0,7
910393e61bd6c710b29b230ae247a318bbdb9902,2,1,0,3
751909af8e5af2330c41f83230a03457002e2dbb,2,1,0,3
2422a0191460f2e2deb2e9de5f0012ee7e01fd29,0,1,0,1
f7fba8c0d13d2d6b2d6ba5eb5282546727c51cfa,682,12,8,694
5ebb67cafa6a7c6fe2ad0fcd68d6ab9fc160cb90,27,7,0,34
da9fa1a53efa268019de3a5bdade0224214ab0a9,0,1,0,1
65939b412514a9964417136e69eb61a434b39bc5,5385,134,0,5519
45e14c29fad0a62f4269f2e04ce248702c400746,6152,142,0,6294
c5ff333dbcaa585df7fc3acd89765525e89bb609,6137,141,0,6278
ab88d6f573e477fe4188d94b1660825308e535bc,89,2,1,91
59ed726c02e5b1b478fc0a91e72623cb708aacb4,27,1,1,28
ec7910ed19f70b56aa9d4dcfcf66033aa8a7849a,102,2,0,104
1b2803cabf96ac26e01568620cd89a9ec7d232ef,69,1,0,70
ca954573bbf84e953053fc7f9e33b3d385ced0f6,3151,102,0,3253
2979eee1f37556bd6ef172f3921db397ca214d1d,102,3,0,105
0d468e43ac342acbdf924fc8a3f3f4321d3844d1,65,2,0,67
5ef760b20647ef6d8be277be4ecdf6530d8a78da,3,1,0,4
39ee58cd0ea9e10a880436d6d6fa5e5b63133e68,3,1,1,4
dfb364cfcb5b79e27863708fe7bcdc57060aaa94,1872,18,0,1890
50e17ebb8dc7cd4d7e782338d4b6d0cd442d7af6,4,2,0,6
afbf27240ef37208d134f85e50928d9e1eae2aac,519,7,4,526
2151be8c57db17c1776094fee365c3eccd8bf5b1,2,1,0,3
a354aedd10e92f43d3cd5a5efa5592a3a449ee65,5025,119,0,5144
2434c5db644ce8488aab806e1f6d074d96cffc58,18,2,0,20
f9cf4e028853931fe141d36476510778998b2aeb,43,3,0,46
cd868321245b3edfc92172bbd4f29273a1bdcce2,25,1,0,26
e8cd6ec03ecc14d7a03ab21c661b9643fea7f234,424,1,0,425
a3aa8fb8ca197eb96f1d36e959acf09deb6b0f26,164,3,3,167
bd85a05d73487355aeee6cfcd54a40d1954e0449,4,1,1,5
6825f09525ede1fa0f3a739358591e86508cf1d7,19198,440,0,19638
41f1cc2c9fc0d4172af956da2a6990e4bbc8dd7b,2435,28,0,2463
6c36e00a040a2f11a692fa4076acf6abfc732ebc,428,2,0,430
44d908ac4120f51e48372e01bd87f20f75cf0782,2362,28,0,2390
f4418b57a821305e995e44d886fee392aa9446c3,3,1,0,4
385c853694bb9c55afa1b2c2ac511cea7f115ca9,4,1,0,5
c0b6e3b6d219414b7f772cea09e7812e06c1226e,475,8,7,483
5307bc0b5a07f22ffe5fb58e07729da4da7c4dc4,291,4,0,295
302122a38296ca92e5115382a68e1cbc19b42404,0,0,0,0
2fb2a86b072573a48a0c660cc9140cebbba26da1,186,6,0,192
e4adcd3405719f1de094f44aaa35ab6c08622b5c,79,7,2,86
99d00417a9f7c0b699f2a4397805b2197a4e7f8c,6,2,1,8
1fd52c8ad035cf2d5a00d880be4180f0ef5b22b8,8929,166,0,9095
73fcaa10cbb19bebe96219994adcdfce6b6581bb,8929,166,0,9095
439c11374a67b9b0f47245ef2da910fb0c30a70a,6056,146,0,6202
b109d59f102855d915aaf7652e84fbb6a24403e7,2,1,0,3
6b6c4e3cd234243933617d15954b637b0e2bcd74,2908,37,0,2945
95b8854681998094bce86d36d09e05c3acfe6dc2,2908,37,0,2945
bc07aafa155e1374c1e12d6c510de02e852e21ad,0,1,0,1
efce67b1b7dde37b7459b11533bcdf48067c1222,4,2,1,6
4e736367c84e125b58ddccefca152d666d69a8d4,0,1,0,1
48fd78ac7468087987789afb39f8fbba74c55f9e,965,19,0,984
8452ea878fde515c5dd2dbbddc2ae4d0fcc64b5c,3,1,0,4
4f032a00a9a7cf35909b9a48ba02b54e132be169,12,1,0,13
f36b5b07ba230a16d5d740e876eea947295e4c93,0,1,0,1
fe6a19a037799e3d5b3ca158e57a103091657258,20,2,0,22
a2546f4966c21a14fc23287be25db3c7af93f403,328,5,3,333
d80fd7607a662afd0cb585090e524b3cca01f472,23,4,0,27
68a76453ec634ee91f03c3ca1799076346469f0f,338,6,0,344
f90fbdfc1b6947c3d90541a81a90b0949142dc09,132,1,0,133
b71ccabd40432ad1d5145fcf6e816ef231df1e99,19,2,0,21
aa7bfcd7b58e48b233e77356e52ef1ff8bb172ab,862,12,0,874
a6097d352525bd8a9243f1d1d78b056cd9c62607,32,2,0,34
ec123c5edbc27e4c7e71f0ade614c2c3ce29a368,0,1,0,1
6b08c29df5a0895b93237ba85882e49ea9d06b77,0,1,0,1
14da0e61f8c78a01942ddd54b75587aed0f2fd70,338,6,0,344
ca62cf156211be69598232f4328f6d90b62e20c7,0,1,0,1
bccf4e5e4c780d4202fba443155c7d7be1ee5bdd,8,1,0,9
10a741a00d40e4987abe9c66a77961155cbb4e1e,0,1,0,1
8bf38e0e6148a552550e24884f9d43c9275c949e,0,1,0,1
f23292f5bfb2f2e70c43482277822a0c666ae27c,0,1,0,1
47317a902676c8e32c4110a34a604e05f1c65b91,1722,32,0,1754
8b823e65ebc46c5812d0e4294a20e5c87b036a92,4,2,0,6
1b85872b1948b85ea38ad3b679d99796312d1196,0,1,0,1
9d360321b83785d1cc7f0c3bb49d561581346077,5263,73,0,5336
ef95f997f250a5c70d30cebf0adafbf0fa35ba7f,391,4,0,395
8cd81945e2b473a6549181af49ef60a9a0de840d,37,2,0,39
11f9ffe46d179454f637c6a8fb335547bf4672c4,5196,68,0,5264
2aee2f9766c55f7039497201702ae4a75f108823,2,1,0,3
c0ad5ddd3127d5e32e81d27539cde8836e865fab,6,1,0,7
53fceafe2a48a73469f7473e711324f7b00b4d35,2,1,0,3
2c223b1509e86928ed19bb1484599212452a5672,0,1,0,1
9f300df4209c320a3ffbeed27f995389e8b20676,1247,24,0,1271
7c937697e51373705a0d4341773a78e4d992348b,1247,24,0,1271
b578af2e33c304c04121e6d908e8c921e2dc2e90,22,1,0,23
f2f43bac9aa2d65142c76c1e56072588c64fbb9e,1247,24,0,1271
565a57ad864270597b19780444519d1786cf1eac,19,1,0,20
29843b9b9d9885f1820c65735e3c2be3b491408d,27,6,0,33
b25fd3ec94835397e3f0d166e18eecc25eb50a0c,35,8,0,43
43cbb118a8d2d7fbab01d3b4b3e87ecb22b69180,3,1,0,4
4380231757c222451662664f79c60256c4e3b55e,0,1,0,1
9709c1aded09646c8366dc4da5df301f4aa6f984,3,1,0,4
8986bbf6dce09604281ad435b77cc5bb8da0db0f,4,1,1,5
798992db41f5dacc67ad2c2e570b63aaa91a5b48,3,1,0,4
5c70c843fd557ac795ad17a3a8d956d72d449b05,5,4,1,9
597d8954bdacc7836eb78c3de6c3da30489e6e3f,1251,25,0,1276
1c7d2bccfd59530ba1a662a70a187c34fbb92247,1251,25,0,1276
ef14aaba8ac0ca25a7eb336a0760a57d3db3f42a,5,4,0,9
0dbab39e106df3d1bb144e75b29f94a2640e6f1f,20,1,0,21
8227e4fd0354151281779226939928f73dd1ab94,47,5,0,52
6ea017374fd082c8a74cceec5d4e67fda670ae15,0,1,0,1
349a5db6059cbaacb400b45212a7cfae6cbc8b0c,1614,62,0,1676
14012b62d1c87d93fe0ac3c417b323c7493cb088,108,8,0,116
cd03bb9fc31580ff45ab2c0950abb90983df0640,2,1,0,3
642b02e5718b660dce1a4bb8f46dbdec354b9339,10713,206,0,10919
fa8adf031d05f95d18e5ce692b0f45ce5af6fbdf,6,1,0,7
7c2ff54cc61c2e3895a214f07ebfbf4b05e5360d,36,3,0,39
d7335823eca50c37502ea5d800185f94c2cb4b70,14,5,0,19
83847326fbc82a0fab647172bc5cbcdf1694a0d8,42,3,0,45
da1a79cf72dea292bfa173afb8566adee502126e,10301,190,0,10491
a56e0cbe1db5adaa590502bbca583617dcd7ff0e,14,4,0,18
dfee637b8e30cd87c81daa0bc5712418e76529ca,6,3,0,9
359e747b14945c9913c147979105beb24ba0616d,9,1,0,10
ebc1c8154eacd999592a777ccbc7b0e987ac6dff,0,1,0,1
dff6f702516ca2e9d4e257e14ff783202df3a909,212,7,0,219
7668bc104b09b77923dd7da8c2a05d87678cfd96,1,1,0,2
b5578e444a98f8dbecfd4956368cbafcfe9e3aa9,208,6,0,214
57b1d92ee3c86ab45ab7d9921bd82b96534d7817,31,2,0,33
54da46cd289bb9d1cab2470e124e53f0d8c0fd43,126,1,0,127
f26b37e5687e48b3db48161b951e75ad73698247,3080,162,0,3242
048278ec2de4d900935c463caf728cb39aa63f08,184,2,1,186
8d989a2a1005938a2bbd2112250e0f48582dc5aa,74,1,0,75
827eb79e858247642e545cb79351992cb816a4bb,3,1,0,4
7f0d114745c73d1c3156865d07b4e88965f4ede9,3080,162,0,3242
3eeb65c92a77071c9cec06f6aeaaf918f1899596,3084,163,0,3247
ef60893d8fc399dae415b2072ddb675c67fd713e,61,7,0,68
aeb3467e46062ac49b9a0813be538d5bc4164c40,207,6,0,213
a0a09ca265896730ae1c072df7fdfaf48bb5fc5b,3092,165,0,3257
80bd4782429009f70a73cc6d6d14abac47b5b588,4,1,0,5
c709d2812dc765d0972ecc44ca5a8d3c94c703bb,13,4,0,17
2526267f0774433acaa239d9acc0f809aca2a1d4,4,1,0,5
5a42de4adc622e1906f45e31fc1a2b9343404ccc,6,1,0,7
c0d34e0cea879df7ec9200ecae1fbd008c285ba3,3078,161,0,3239
fbacf524c8628687c2a87f35f94d90a331d24c4d,8,1,0,9
7472e46101ca403b3e42d3094438d4dc0eccb64e,4,1,1,5
440354644ec02f462b726c5eec2ab31abf15b620,285,5,0,290
2da2d38f8836dac8bb95da196f5e0a8cf69f428b,5,1,0,6
1a7a9f74113bfcd13bae4bb25f7a77492d937d50,3049,159,0,3208
b64ccdff65b588342c43a83b56ed2a33d78609bb,22,1,0,23
c76c2af516927a9de5e3831a2de2453ca03faa4d,1,1,0,2
1654cd84615d235ab57390a92bc0c84be2df879f,26,2,0,28
0f8e3ca1389ff6f436c6dd86f714e0ecf062f6ce,28,2,0,30
0336e50c3245ea809157f3e0568c77fb6dc98c94,43,1,0,44
7710e549c1be9a292499c32ace1684be5d212967,2,1,0,3
3e34a94600f6a24bef77ed48016b7b967cb38ff8,3156,167,0,3323
b2958eae00af51906269779735af514a0763f4f3,102,7,0,109
2dd0485c33223f9b55fd3793b315731fcd5cca6e,12,3,0,15
eca040350729e66eede7b7efe39e1456bf82a219,81,4,0,85
42265f5c1a7ccb09d39188119ada1ca02a8377d8,46,7,0,53
a54bc6113ca7ee83dc1f527f7ca0527be03602ff,3226,175,0,3401
4aa084a88615f8f252036ce11916da956814a529,87,2,0,89
d4ad3ae04b978e558a08205eeea4664f1d8e0cf8,81,4,0,85
3a6887e37949af76cc3dda7031efbac99b212a4b,588,19,9,607
45c685cd60e7cfeee57300cbb82a166ecd6df983,7,1,0,8
fd18122ae90e3c4cb3be4bbee5806b32f8d9736a,12,3,0,15
b53e4e6e14e9a6865c921121483b264a9aaa0c53,13,2,0,15
fa37d0148e6bb58b64876d32ba87ac4b470569ad,7,1,0,8
063a6df3dbe9e2152f619f83a782f32bd1af03c7,356,5,0,361
3c95cd813db393329d4a50e628f3dc9b28b702b5,141,7,4,148
ab2fa09df3923df7eb592f797c9af136c722ef2e,3319,178,0,3497
fa23bed155e42b13e2b1a53e0036f38ecc421b42,165,2,1,167
cfebdb0d5147e304af66f1be5eff17519922a6d9,87,2,0,89
e87d47fab6222a51ceafd8a4054e3f13bfb187ed,421,6,0,427
3a0998750501e560241f92d68bdc58f8c46c7864,215,6,2,221
4e0b35f36498f8c30cd4d7b2427edb9bfc1e3585,19,1,0,20
44b92651ba84b7f034b579e5f694033cbc7481ad,220,14,0,234
69e7ee7860fd7db7a25ab3c19264f5f1b1314d9b,0,1,0,1
721c59d1c34dc575f2141d18a89218c5add3519b,19,1,0,20
262f61d831c03dd086f30b48599e0c506c73ec6b,206,7,1,213
d6988f82e6a068d72800f5f2be0421e15fc973fa,29,4,0,33
11d9e9c70ffc3837ad1b3cc08b288eb075cd2592,1450,37,17,1487
53165c6bbcfcb77ecb68f476e07f5a811b7e28cd,87,2,0,89
4423574a134bdc533ed8ab75def32d3cff5bedd3,87,2,0,89
ae25f1ef10e3bc35be027c22255784a8816b9f1e,6,1,0,7
521f374024390acd0bdfef5bdc3d2f52884e8dff,235,15,0,250
f842774295f86c7c68fa851ab4ae3e4478db875e,22,2,0,24
7511c3e6ec84e4465c0b20437e943d0ab0a999a4,235,15,0,250
0ddfffbb194c2d7ad2563091dc9f6a4e18d3ccb1,5,1,0,6
4ac86e5df330678d4eb76c2a6eebb9e81b6297c9,78,3,0,81
e5207a784d594e8eee55912b08db8d168ac88ce1,0,1,0,1
91fe3e6981fd52384d03563426a52e6440b2e8cf,1528,62,0,1590
6271f539ae21587845b0671ed2f82284523c5202,109,11,0,120
e592305fa4f960c66aac7bcc8389edb3e24449c4,1661,70,0,1731
89b1b7b12d623d6ab5be8010c3a2f742bab4088b,9,3,0,12
aa0792da89afbfcef31c299304c49ddf86723775,3,1,0,4
75edf3069ec0de80201b0630f73fc7d3d85add38,1747,73,0,1820
42ca66a0dfb214d04d4c0a900d5210446d59430f,11982,229,0,12211
1b924dd24a00d5bc21d4a896d5379ead098a6fc1,4819,227,0,5046
b0ccd6610e2b4470fc850ef01a4264efe73e9cec,54,1,0,55
240dcf03d794f9d489f97252db1b47eace263de5,166,1,1,167
6211fae3366069c1fc66f9def0e5c94e3433c967,4,2,0,6
98528f02024ec1dea6268dbaed95d774b0da16fb,6,3,0,9
79e13ae441027da2cf8c0497b0d9ba716495cf0c,6,3,0,9
e1ff83f4ff73717a93ac5e54db977f4d85a684e9,1753,74,0,1827
c9c7c116f4695466ca579b1564f2b9592336038c,19,1,0,20
febddb82ff9b4ded4c644f53be0fd99928883686,16,3,0,19
b073650d03edf4eb1ac54aed1804f83b3629e504,7,1,0,8
4a94cef70dfc13073ae0c3a82554f1f3da0db71b,2,1,0,3
178503de044190a21fd801ec1f28674c6a50de23,37,11,0,48
f08e36a6698f03e315db5c242a0f6fce57930df9,88,3,2,91
05da621c10c1cbcac2135f3a73d88cf96c0d99b0,184,2,0,186
1efe7c96c88ac919fa25bcaa7c9821c8a87c252d,4,1,0,5
c4e5398018a22d3ca5afbe1d5ddafcadc4c09690,416,7,2,423
11bb95606c858b365df3f83741f84c60b08a4525,1737,65,0,1802
f06b5fd16c706f88893df8eeab523c49f33c53f7,1870,73,0,1943
f013c67299bf7a0a9df3b403837a802ee4259d17,254,2,0,256
fe843d0a8f123a8d25084dc954c146d05fbfa6ae,688,22,6,710
70c65a96eafb7095db666067c775fe258c225bef,1737,65,0,1802
0e217e4e95861f0c94aa41b0976514388ec4efac,1737,65,0,1802
e717a5179ffbdbb7668c0a0c5b9ae52e2fb661b4,7,2,0,9
32db54c35ddae4c11ec06d707973c9badd64d26f,2730,98,0,2828
11a6ab6bf202f44ce91837a477a2c47d803f92a0,993,33,0,1026
61db816d3796a111a4484e8641b5e0dfc5584ce3,209,5,0,214
8704f9de2f25da35b1c685e57defcf27866c4203,241,8,0,249
9f7b5f0871de7568b3eaee9680dc3ce3b224d311,8,3,0,11
f08c467ea936ac5de553a39a35fe0006319c35fa,860,9,2,869
1122f0a95da242e5bfd7e69ef0027b090792f3ad,16,1,0,17
3883576f2f6b780d07a3f4ac78db99b8e2b86f51,46,3,0,49
3fac93a5faca96d70656eae2f7b9c86c32a947b7,21,1,0,22
f9d9cef9b29f78dc41e37a499bd53f60b0169ae4,229,5,0,234
6abf0ec8268129871f015cb491786703c96d10c1,27,4,0,31
59a8f829bba093d93810a10ca816cc14f13f1863,99,2,0,101
23754c56e531c7ca0654ea79cea43254969b6f9c,5,1,0,6
ff735485d2b91a3f08532229f109eacebd18a1ad,15,2,1,17
278b2c57dc48eb7f7824592563699c800aed9cf2,15,2,0,17
db531c880f1bee4ea6510a70b6905bea077131a2,80,2,0,82
5e9c222d9715722eb876908a484324f75937734d,4,1,0,5
943758b36b06ab77abd98757d84fde3bf7901dec,182,4,4,186
6082107187b44fe43e0bfea115105cffff547e8c,6,2,2,8
10d56c5f7423b20add11aadf9055a13bce3b2431,8,2,1,10
253da94bd4d2655973ea2f93af343242f3e75ddc,18,1,0,19
531b9baca80d9ab4a3cc2384635223e03a712adb,182,4,0,186
6fa25f83980b98f9ac81ff8ed711bc8959749bc9,4,2,2,6
da82990b3e31f8037fcb7140aa2ed50c791dc5a9,144,8,1,152
2efb96957ef3761669a8724916718c5488ad6721,48,3,1,51
552a42693924a3b969e62fd3f8eaced0f6cb9c33,203,3,0,206
f31409a305bdab65f4b903e44e60c303e3a60ee9,52,5,0,57
24845cc43fe3f9a27cb4034f69664d24f561c218,203,3,0,206
d5b041e25cfee05d99c8dc4acd21e2b53b5eba37,209,5,0,214
c3fe7fe7de68d98ddeed2e10b8d4caffc09e53fb,184,2,0,186
12b9d05794a35c1ee63e63519bc08d90a9e0c949,261,10,0,271
a5f35bf591b39941b94da1529e7e153559989477,28,2,0,30
d32b85f4b9797870f081f45b2589fecbc4e84924,18800,488,0,19288
59d0d4925382cbb9d852c2e54f23a2f7bde8bf6f,4,1,0,5
60716ce159f82aec07e711b9e961c0e804a69542,4,2,0,6
ad6ed1443f1f61df0f97cca9c6a56448ca60f1b4,184,2,0,186
9b51dd3a145afffa5d6389c9f5a2d6a372b0f311,5,1,0,6
faecdc75e1f6ea72189507dfa1cffcb2a0070543,5,1,0,6
4d11080e0e34bcddd85303482b1db603cbd7e81b,9,1,0,10
950873d0a81c7c77ef03c0f856893118f93a996f,69,2,0,71
d25c533f933a475cfc1330a25a53996511a23d76,308,5,0,313
409d2ec1b0d3a482a074cf2fd921faa66077de73,107,4,0,111
09ee4709a4017e9d372d57f119d657ac0ac7e541,37,11,0,48
5592fa82b58e24bef8a522b3f6e845d7fb5e4578,30,2,0,32
f7737ec5cf81c9c76be2f85e7b8e0af4615cca67,1,1,0,2
721d482cfc6fbacf9324cc3cbb17f2e759606c95,63,2,1,65
bcbfc457a27da8bd0e9f7c7eff51a03768845f2d,2,2,0,4
5f6efb7e3a8fa7cff8b7f6302de0800327e0ca6c,308,5,0,313
ba95c47c81e405c82c6daf96e1318ce84c24d4ed,345,16,0,361
ee7f5d5f6fa57dc22d5e644a6cba1a7cd0f4854c,2,1,1,3
5632ca1169c12880dafdd81ed7714b56a68822cf,345,16,0,361
4c497f4d1bef5acbd45643f78be9be8814813d43,78,3,0,81
6e374df2d485355857900fa603ad97e89c86ca83,345,16,0,361
e3daad3f47fc44a1fef20e0426b2636deb037db4,6,1,0,7
5d86039c44dae222bbc37a74bc29f6af65db32db,15,4,1,19
ff86a302d2a46c264735b445c4687efa2b0d34db,164,3,0,167
54c20be73af4c6720544d9ac6a37c93695ba0ef0,456,8,0,464
ba90c902914ba33b34bb024db6655b2494396539,287,3,0,290
9466f242f07c347adb7df422b48261d54afa6213,32,1,1,33
6bff384634c9d435f50c6cdcef66aa7b3dfc63ba,594,9,2,603
9f736ec4019c3bd07631606870e5628ee7ce6557,287,3,0,290
040337a617bab4fe1e35f5381e1c434f7259ed69,118,1,1,119
89b12ec283aeb06b400ec1596b502240ca6d6110,2,1,0,3
83498cd1dc6bac20329d85d3fb3ab5ec0e6ef698,20,3,2,23
4afe05d5e2a8cce656bb527d61c949fc2e241f68,928,16,0,944
6a927b1157c2bb94e71f60384b969c261d5ee653,94,1,1,95
687e5d8e1daf3919c7fb0fd1ca7d0e7b33c69d81,2,1,0,3
15dfcffac883c439ba01a65955d542e83885b6fe,8,3,1,11
37cec4dcd2f1238dd27755b3f37acc9c96ffe2de,54,2,0,56
04fc29eb23a351e9bffc613edd4dfc2a0be37acf,965,27,0,992
34d91253c44b23baa0531835c39f458c25698850,965,27,0,992
5276b8d8dd9bec2d7f688180ec7cdace92621208,8,2,0,10
5ef18749048a561612ec9e894e8b42317db63a6f,7,1,0,8
b9cbbf49a1dd80532ed1934dfdae5f216ec82f6f,24,1,0,25
a20c5a0c220de0cd0d21673e7966380b554158b0,20030,502,0,20532
37bfc1ad69b98a144b52bee61ef0b90b3774cdd7,1333,37,0,1370
93a6830f02ca7759b15bf326cde83f99253ade11,3412,112,0,3524
40f0e83d63890cba1863ad06214375a5670dfe06,9,2,0,11
091c18270e5a73c80e2d5e5d781d52cb9c28f679,3279,104,0,3383
568ef65cc191710fd556df2db9b56920162feefc,7,1,0,8
43684ef3f28baf0e207d3c00b236a311bc34a803,603,15,0,618
45d39e0ba55c38c4b39b29f7788a843f05a6fcf7,115,4,0,119
c2fb2f12e23244081a55737f220cbc2e46f065d1,1182,30,0,1212
f9b872a3e1e2e58786a1cd36d6a3aa33ca264851,46,9,0,55
aebc11b622014c738c4e0d65126483c60d15bf22,7,1,1,8
d59c058a48d61a3beb9fab508df28d8ec97cf24e,1343,40,0,1383
5dd08ad7015829f60e2eba6348083cb96bc8d76f,29,1,0,30
32cbe7a368893119c534a6118aa7d180dccf02d0,2110,46,0,2156
9f42bc51d23c48c8a8029098ca2da3e44be36d88,105,2,1,107
e8c4d92b8fb6125852e359cc12bcc0f574a27200,412,22,12,434
592a80df48cc7f4547ea89c076d437e7e3dcd1f2,105,2,0,107
f7816e24360467da92f513ad21ebea3945635a40,2155,59,0,2214
861ba9c2f85f7ff97b7dcaf86a3adb74d9891317,6,2,2,8
8789dc418d546db0e4f2ada4c76628e750575634,3,2,1,5
939260cffdff83ef7aaf4c5f34d94d0c92b52d4f,17,1,0,18
2fb639d06867fc6b55089227efee0d9c3e1e2877,626,19,0,645
c9681d1ab10486b3f5bfa0a9757aef6dc6381fbe,148,3,3,151
c4f462576319e5245735c76e00270ba65799b3a5,695,17,0,712
7aaa3bcfe4da3f00586b2ee84ee44e73e0ab4dd9,5380,111,0,5491
770cb36adc828c529f39e3f429563a9f43d91a95,10,1,0,11
1e7f64eb069d18a2f1dd46531ff1b85ded05105b,14,3,3,17
37d77f5a00dfc0f76aff5731db575b2e09a00472,61,5,4,66
2c412e688aa8b02a08dba36b9d6beaa53bb0f6c5,14,3,0,17
89163a2423ab7e6fb4c025c936aaa94faf528f0a,3,1,0,4
812bdce97389ecbed709673512f197bec8bffba8,45746,903,0,46649
39fd926ce7093a1e5dd8a33dbd9a21e2f23579cf,2,2,0,4
b7d706e90d965ce73c185a9a872bc40267c566b4,6,2,0,8
65677cb1da0e6346d5f3cbd496ff5c5fe33641be,269,9,2,278
cece30da738646e720959950aebd85699846cfbf,16,1,0,17
568b05764d0d7affbab85f59c822c54cef6c6a9f,66,1,1,67
a4ce64e2160a6a6ef2ee3f54d3bc2f4612caecce,66,1,1,67
fc5abbbda319308c2791032461221f4fa58fd8df,6,1,0,7
cf93278485381b6bcc58b1870b803a3d3c8d55a3,3,1,0,4
ee1e80bdeac0f0886817113f8b51c0bbc2c96230,6,1,0,7
dd69c379e0a72c525dd018f27f91ded45621ecc7,3,1,0,4
367883c183da0f84344e5194dcc731f6d5ad970e,2854,77,0,2931
b3d7693e506967f786c295627024bca2a038c947,58,1,1,59
32c4858fbcbd85a1c1be56943b1ff7ce819d2b09,629,20,0,649
4b81069448f0aa167092575dba84a87a39b168bc,714,19,0,733
b4d9517008e8d4cdad328b2759a6dafc1f8146c5,1549,41,0,1590
2d63af33d6cee5e50d981b84741ad2e2feacb1a0,45,1,0,46
561c8aa3afc60f2dd6270fad9762cbe764c9dff2,85,7,0,92
b7915c474a5a72431ba44d58360ce1c3e33ec501,8,3,0,11
e4793ef04e06a05e1722a854ab5f108a1ea5ce12,2537,63,0,2600
3a90461c279ef1d1bd948274153cfb7e1732630e,48,4,0,52
259645e036bde9c2858c13eae25ee1cfb5e518fd,4,1,1,5
832d2c503a860703b9c6f90f7f71f98046af2a8b,4,1,1,5
78c4cf4ee2726ac467edf78674e682bad7d9ab16,2,1,0,3
250bef2719dbbac20640612f7dfb19d167bbd248,2,1,0,3
ca51bd41b4cda60e2e115e134406e41ef29cf5fe,47,1,0,48
5cb8c7d2883241c69a7f14cb6b598fc5df7eeef3,25,1,0,26
2e74099f683ff7cc269daba007fb8eabefedadb6,183,4,2,187
16f4c424c8840aab9d296129d2fc3217d722597c,75,7,0,82
188e88466e53f6aea0fa3f61b0e981dc3f5bdc17,758,22,0,780
9c0318c1a4bbd4cdc51f1c3621ee1c84cc72be41,9,1,0,10
09a55c97fe1daea31147ca92c93504ed883f9ce0,10,4,1,14
0094d374352945be0b1e0d055746a5ebce3b3f91,27,2,0,29
e11c4abca0bb6b64f8551101a577bfd685f994cd,125,3,0,128
848105f9eefb547852e4fee22362a0a167563041,20,2,0,22
50ad09ef672f35f9f485dcfc1c73fbbdfdffaaed,154,5,0,159
af80b1a1ce5f75de889b699aca836eef4e80e520,2,1,0,3
240a1730da49b30d9d22b0503e438a4b47dd16f6,129,4,0,133
211d8d8b93973178786da871148ba6a7eecdd02a,100,11,0,111
877c12fe6cfe33ac1e53af21180d7d77cd88d573,10,1,0,11
3676880571fb86b128b3f950795396dfbfea399a,4179,77,0,4256
d1f00b09b4b8a5cd93443d171732bb5835a30c09,197,5,4,202
ae8ae2bc3d3529bbf16a6ab05dd4061f5d9ee8c4,22,1,1,23
65e0bacc38b974337bd230585effe1813db8f8ad,4020,69,0,4089
1390e6783ac2fb2fecb27b12d80d065cc6f8b353,2,1,0,3
a0d45e70eb7b7096e9996964580c16c18289a2c6,4176,75,0,4251
382947076af32cfab9318f7d54cba806b14af3eb,4176,75,0,4251
334b629636aacf661b76973d5fe1d9dd57242e2b,4,2,0,6
eb867cee7e087fcd5446a35063967b6f1c952db4,85,7,0,92
eece6a86c63c50a2223fdc64af59ff38e8e4adc0,2,1,0,3
ec086a4e25490f336360501b78bdbb691c11c8cd,7016,150,0,7166
f7b5279dfb2c07a36aa2a70392a14712669f9342,85,7,0,92
52f1fc80a7be918ba6ba0049669dd85c2d07cbe0,60,1,0,61
22f5703a818ad923a014e7b9ac5ebaf9e62e2b9c,2,1,0,3
b08b83c20199809355fe7c31388c131582bd1d44,8973,221,0,9194
07f50a69353d1f5c01271e3adb5d0f2c903fc52d,5500,110,0,5610
25a1e41183472a2aa4b7fe6464e3ff0f057aba60,5,1,0,6
72cd0513c837a75c8dc4958322e80be0a98df9fa,4176,75,0,4251
f6e2b729598037ea6abb528622ecf6204cc7c583,3,1,0,4
364437898e7b10454024ab05fa58988d4f0ef6cf,8,1,0,9
a5a156ce5194e36b03d9eb9b5285eec24cd7e387,143,2,0,145
423b2893c50c5ec40c544c6c2d3f9c9bb58a78c2,131,6,0,137
2ad1b656ef259ef3ff0e21981237a5fff6754cb6,7,1,0,8
8eb7bc366af6c4a8a97d6d914626c4ac022c4d27,182,11,3,193
6f1120bb20895fc386d04698cc197c2bfae31726,129,5,0,134
42361df50bea528891e275a12847f2955f5eb78c,2,1,0,3
78b2efc53c879bc32b5068825a7c83b56b66b6ea,184,12,0,196
c29eee6f45d81fb05dd19431b27096fdb9e8f3fb,513408,2849,0,516257
f4c93c5de571d2d02b8adec9985a2c0eddf7499d,5,1,0,6
dc070c4753a38f9316ae0c753b0cd82ec196921c,184,12,0,196
1063f01c8dff35ea44a0c78111f11b928353856d,63,5,0,68
31f5bedd690275bfbdcdac9a572ab723b10f1638,118,14,0,132
84a809b2c38f799efb57a9ac1bf9d287487002d1,1286,20,0,1306
b043f44159262664ad6ee87d4b4b073becc68330,197,5,0,202
a7263a73f9dcdc93ebc2fdc130aafa01afdc0bf0,24,1,0,25
b629224fd011e0c4ebd3571a4bacc0e90436b411,315,18,0,333
cfb2b1d44fd9cb8ee083dcbd9662f176f6e05cc1,216,11,0,227
98a4be2eb5a27cf8a49cc8e05ea6ab6e078f0816,12,2,0,14
5cf758a5a8e37443a1582ae58172fc7a9c836bc2,184,12,0,196
e21585226256cb4cfb90d7c627360792b7538bca,13,1,0,14
a8e6d8713936a02491bdc0c7a5f8cfc1310c8efd,2,1,0,3
9a454dd5497948a5ed4dd42bba31486593c82350,65,8,0,73
739616144b0c488a3e278e44e7dc2acbb38b409f,6,3,3,9
104ff3e0061f6163a6ba0dacce486f6c71a7e540,48,2,0,50
e6cf6593290c83d2ddfe1caa473f9060e783def3,73,9,0,82
7ca8bc990480e05776db27482a83eaa6d1742282,73,9,0,82
818e8799d35da23344f12dddda46f0857c04d642,32,1,0,33
b7861edbad63782f5ed6ff2f18648b43a8c1b5ce,73,9,0,82
e705c0e01123befde015403b08585ba89adbfe7c,17,1,0,18
388078e397a0ed915d07c1431b08527dcf77a393,73,9,0,82
130c3631b43f91f787dc99d73dc82f7dbc421314,21,3,0,24
681230c8cc4d5926e6cc0fd97ac766dbb5667455,21,3,0,24
6dc2bee245cb90ecfc80a148b3236641385ffd25,58,4,0,62
bfcf52f5313e1e27f3e60b99fe0beba4124cd0d4,13,2,0,15
98130e63453a650d46e6741c01345a42db7cf0b8,39,2,0,41
74d3f68b4b62fc92f88a8f59a2ec1fb9aca5f636,21,3,0,24
0c6098d92a54f4c9e70d9f5621e1e54994b89986,452,1,0,453
f800713e2105d382bd20e91cacf8919c0e0e82ac,32,1,0,33
d1b2d2feb7876627fb474852187b886719f7d655,32,1,0,33
6ce73765063bea097580247d1444deddabc41ae9,452,1,0,453
1c22eaaa57c6a3e299bc045f86036442a71b1972,2,1,0,3
2847623d1425a4c76d3b937678b727dae707493f,452,1,0,453
74e2258681a389777a8a6378b6f40797c8d9e85b,546,13,0,559
856913678f068eeb933658ef86962b6ca821f795,18,1,0,19
e64b79d747550ffac494e9d36af00890e91c7605,26,1,0,27
b4cbdd7af649eeca01c60b4a18908003a9635100,17,1,0,18
af3a1593b68c8d053797a6bb56270f0e27f5dcd4,6,1,0,7
b04542c005b7a8881dcdd4e1822586be644e4046,2,1,0,3
203c8da5b625b1778c6251d90ff8b9ec11c43481,23,1,0,24
85a62990dd2d2f15de60111aadde10fa1157fa96,311,3,0,314
c8279105e573e382b11ada4bea3a300841636da6,480,7,0,487
b8e04ef9a6f15e5f8583a3ddc02b77d53ec7bc29,5052,102,0,5154
9694ad1929c72d1136d9775163f0fbe8696ada20,29,1,0,30
914dc1b84aeb260cfcc7d40c3bef745064d6baf5,5050,101,0,5151
dd0a08799ae82410cf1ee54fd8fcce941670b67f,28,2,0,30
2ac47bbbe2fde0841269320553b09c23b136e37f,2,1,0,3
b5e61740a8024181bebad685436a4278126690c9,132,2,0,134
c4d6914ffa41d4ae1d6f9d5ffe7931aed12d61a2,23,1,0,24
5a1443f02ce24860ce75b87c0b1f067212124206,85,2,0,87
8785e46fc0fe7f3d2ac833485aeb9a49ee79c0ad,8,1,0,9
4707f027a0faae64242ff1202e4825e067e46289,496,5,0,501
61fe57d43f83f20d5232306361152eb4037b9cf6,23,1,0,24
725f35387f1fe89719f21c27ee820edf128631b0,17,1,0,18
9e6f31a870ef79c6341ce7a9966b0b6bbd1e63d1,131,1,0,132
884009f325ef508deff4078710ac52d9a49bbd5f,1,1,0,2
886df923805ca40efc4c28b67f6a9a6388d9eaa7,40,4,0,44
603dcb716e62d51f25dfa61aa6e99345c4beedfa,69,3,0,72
1bc32d4ee393e2b75ef2f81107340879d4fbf132,40,1,0,41
8fc0a7def3c08e36a2dab877c941800f51fbe53a,1,1,0,2
7a9df7d668e3b01a7d5db4585c960635d477de3a,1,1,0,2
eab52f7d62a32ffbd68208b086f60f8a34f63b12,6,1,0,7
df97c45e8986b895f54c108f7a0822fe350e04d6,519,8,0,527
d6dbb1da7d083fc46ebd23bfb3b6a4ccbc253e75,860,24,0,884
3d122d2d98d6e01b87a98490cb80b08cdb12fa79,3,1,0,4
1810d737ca8267eea88414a893ad0d8e90bdcaba,10,1,0,11
6baab6108d24a2d36700ac8fd9a929b0ddd1d79b,76,1,0,77
735374763ea5a51bc479aff5ab640b78b3fefda4,96,1,0,97
4bb4d14bf86ab202ced6fa325c7e4ccdda6f811c,31,1,0,32
013b0a00793c51912f5d774f386324bd529465ee,5,1,0,6
edebc075693d9bf16a8ce46d4cab08212ab87730,5336,112,0,5448
76b27789c0a060b49c9166174f9c0711fd63f4d1,73,1,0,74
d525836be5ed63d7ae55d85a26d8715a48b9ae16,40,1,0,41
1b60da38c09d896f6fe500045cfe17afcf56b0df,387,20,0,407
bd823298226e78006d596c39bbe9d454e46950e1,119,1,0,120
897702c6f2f09f86d44f436865101bd90bbe1fbf,324,3,0,327
2480404c70229fbd19d697966f56a5102186d4b4,386,19,0,405
c14cfd1f7c3e886558dba8cfd3d1462de21755fd,387,20,0,407
0b269afe46ba48085cbede48bfd5c376a6464c1a,24,2,0,26
608a0687685d4ed4cce6fab3d85dd3e5ec910409,75,2,0,77
ae728f4f5ebbf84ffb9312abb0378da8174ebb16,8,2,0,10
7951be9d5f225aae6d435c74c418ca55926db661,89,6,0,95
01755b898df68702f2f139c56caee89c3b040822,2150,59,0,2209
109ea1c4f1aade3fd0f5a89f26f3f8e46668833f,6,3,0,9
b0685a240fd0d5960aea0290d7682ce99cab8fcc,67,2,0,69
dd7a364250d482974cd8c53ace2ecc2829ad0c6e,1830,41,0,1871
44624445c2fb0c8d60dcac4da9c0a956da64694e,515,18,5,533
3a19a506a34b86c89e8708d52dbdb975505f9518,24,2,0,26
6a040f8bd28ab17127cb643b0549c0f7fea80665,67,2,0,69
eb53e535a8033b7b67f6e10aa349de0edf4df20e,2,1,0,3
109128023ab9bb3e2df824955ae4aaaf7a9b3899,24,2,0,26
49e09673bc719e8631e849d84446ca3fc4b346fa,2,1,0,3
e8d5dd08ad518873b2ee9e991d7ded3a4eed74c1,1871,43,0,1914
283307f85d346a44a8d1fb5717f263acb5fc4275,93,5,0,98
9d0c8e91520a54acaf245968a5424224935ee2dd,3,1,0,4
e3625f9edcb1e81dedb534d2110ed6396c5c99da,55,1,0,56
30b95ce28c727c2f8b7d45c04547cc0a041ddc8d,50,2,0,52
ab1e2b211a34f989f9a9c7747987883bcdc9d3a8,7,1,0,8
5a2aa135cfb8ed8ce508a9a7e2a02deed7b85476,157,23,5,180
d03ceb6afce51642547d4953579ec59daaf7a598,1848,42,0,1890
a7fbbbce4d7eb447d2e9191d9ef2de5c04d0ac79,2,1,1,3
3fc55c352958f2772d4046e867ccf1b20a5e716e,3,1,0,4
f3fe90a9e7c44052b0270384ec8e105e81fc7d4c,6,1,0,7
26f4b789bec0ff41086fecf7d71b9c10b8b6bd09,6,1,0,7
5b12f8f0aa1108dbd7bfb62685c8bec4990da3c1,52,2,0,54
ec40aa917ac0e88a1c8212e043d28d45c20d504a,280,4,1,284
78c4b4cd331790f6ed68c8a10842713e63d43a60,21,6,6,27
7c961698e8e90e6dfea0f781cf0d8ca378dfc8c6,421,16,0,437
ad3ba4e2db70ef768150c189aa11853f124b2f2b,3,1,0,4
680eb7022d99ca414b5ccf2b2ed092ae3aa662d4,2342,59,0,2401
58ebcd898d966d0b9e6a6f3c2249b5b0c61913c4,6,1,0,7
5339b2bb853b4678d663b62c302d30900d4829b9,16,8,0,24
d0d1473fa2a706e6791f228a15f49d510e88d069,503,26,0,529
de55bfdec69eea27ae439114278db902b86a8807,8,2,0,10
84ebd9ddddfb7ddce855cb56c9bf62121df9a86a,82,10,0,92
81b1bf061cca717cb29d4af7b6b5ec355aa62360,35,1,0,36
6d851fc8666a6df4e18285167b8e8d6a25347a86,324,3,0,327
3a6f7fc785fec540e11711d2eb6c115a769a4d68,51,2,0,53
856e0606f1c195ba1b2f262461a9f61c7d31996d,0,1,0,1
8798fb97285e7e9764c91a459c3a7d5a8667eede,0,1,0,1
84c348f4e0e1f259c54b6dfb370ce9b7467d6888,2712,79,0,2791
083e3434d75ce04cc927b9840379d34d1334593c,9495,203,0,9698
10622da86f5bbed8517d6d2b8247ac3acd500784,3422,91,0,3513
017cc517a95f51b9d56937db7207c90711f22cc1,8,1,0,9
d633e5dce257819c5e605dfde3fa8b1447e23adf,6,1,0,7
97f6409659703a191ea80bc761314e65fdd836ec,6,1,0,7
7e93a53f173d159c4f860057137ec263c0f4d0c8,324,3,0,327
cb2de5268f8128167d72661e7fbdf29a796b8e71,16,2,0,18
4a819e1b8e49f35094499bc0eba26f83d3f97c4f,324,3,0,327
cdbd5750f77747a8ff0254ae88e2ae6e7c4e85ac,16,2,0,18
9f4fafba6423b68ae0fa023c160b3d74818dee17,4,5,0,9
967cbd5ed5218c9d1b0e90b5e29e66b82fd2ba4e,131,20,0,151
f82bcf50b1f71c8c2031ebfef1b1d7e42c138286,15,1,0,16
2530d459ae97d0ee30909944500e5a66c4b1b1b0,1905,69,0,1974
6fe855a8f42ea2595be024b61d043798a320f836,324,3,0,327
746a43b6ce4be41a3b82e277cb780160989b6164,24,3,0,27
c05b92d3ecf4139011588caf274f925daf986370,3749,108,0,3857
4f3c2d9a7578fa40810aa8ebcf544e296dd23cf7,1905,69,0,1974
1cc6bbf280ea2b7a0fcae0631fa304a4be8e9395,8,1,0,9
47264b826cbcf725dda75d183ce47b4b84abaa3f,1627,36,0,1663
4119bccfe24426120bdd7ac84f5b65b9395fd3af,13,1,0,14
57fc5e25e55b25c7b9a9e24b85f26139fa647700,2,1,0,3
5e7af918863fa80515d5d97536ef2a5bed5ca928,4,1,0,5
2d7836db491d35f5786666e65acde47fe5caa7a5,15,2,0,17
08580b0ac4053d79152ceae0456d6393aa225fc0,13,1,0,14
b8254d02144108d89eac5a7dd8a1c63567a48a91,2,1,0,3
b0fdebcb79036ffc48c65c628feb5b58e32c8e7b,0,0,0,0
ad23a7e1a5c0debcf43bb3cc5fff26c23b86f4c0,25,1,0,26
8b79029c6962462793581b63134fd13101f9a583,13,1,0,14
94266b17cfb596b0909d28a4b2f5e7bfad9f2f4b,53,4,0,57
f5330a80bbed28e7fcb949b8968076b377a5a776,1,1,0,2
ca5f7db634c0643994aed796feb00840aa54e035,324,3,0,327
bbb0ae2487dbada959a778361be6d6029bec3c43,54,4,0,58
e0b5b7a6cccf0de5573b2c33deb5a5f760f15777,1442,48,0,1490
abcf1660d7797ff6345932f7bcc0f6819a3f97d0,0,0,0,0
58b4614c42074c1820ce9c4a12b345e223af1009,27,1,0,28
b52cbc260f677a5d96e65f3158c9dc8191653004,1325,30,0,1355
2f53f13dc805239407d9d1a18e79389a64812998,2,1,0,3
1bd15cac0d2405d2fbfa0b8f6dbd8f5cfe17d4b4,1945,72,0,2017
f15666600970eccd419f8b86712673438bea3618,19,1,0,20
1b360d17745419d9b55c39bc81e4fd687d1cf95c,1,1,0,2
113d02a052fcd6499c561927880b1e6228c732f3,4,2,0,6
a6cbc2cc77df2769128499ca0867cb232585aba0,378,7,0,385
77149037f75c7bc7ac94f4c66d9f943cacff7610,1329,35,0,1364
32f759f526073598b2be02e240f6de42e3e8c5a5,1984,75,0,2059
f5970018ce9ebdc2d810ce252d6cdad94a367a88,39,3,0,42
5b82546a9639838edd5daa24e53ebcb8834e3030,10,1,0,11
2fa905ebe14fb13a8b284788e64da058aad5958f,37,8,0,45
150b28006ae032b57489147c4e5e9782ccc7c267,86,11,0,97
a9da1f76dd61b39eb75eb848a446dd0dfcf68b78,2,1,0,3
1345e6b6393fc53f32cdf43ff82cb89d278c31fa,86,11,0,97
e8c3f2d8c7878924cc4c0686bbea9f0fc090477c,10,1,0,11
4f7735a596b141a05cd402345ed0840f5543fa9f,2,1,0,3
fd62aeb7f909213a6e045eb4bbf2e207029cd30c,90,11,0,101
73651cf89606fff019107ad3406ab45552973fb7,17,1,0,18
150518cf4567734ae356a7a2b538ea3dc363440c,3,1,1,4
91b80331f1d12c00e000a714ac49f95694602e09,3,1,1,4
d36534e40228e0f117e6db73992d3bae661d70d5,1528,57,0,1585
d6a5e43a0de96a474bcd5047d566126e603be46c,115,7,0,122
956049071c1a39cc7cddde67c88c4ae8cdbe9324,7,1,0,8
935225c430995590321b19d0011e7b543f26caaa,156,15,0,171
02c7c91c9c846db11fa5b0cfa9ad648461532201,115,7,0,122
a64f3962b9f84bf00ccaaa2b1a05220c24d14247,30,1,0,31
be94a8da04a7ffc53f5f2cafafd668c4f6ef0d0f,6,1,1,7
b41ccb87b2aa6d551826ef5a1ad4dc64fbd640e3,21,2,0,23
c10c1138b9cbff3f7c9ce45d6ad63f35565c6b82,6,1,0,7
24d4daf887414c942fe2a0d50a6f99ff957988c0,2,1,0,3
ff3fd34acc518e59dd811d14b213ed568f61a374,21,2,0,23
d3beb20fad61c63e8f1eadf730f7901dbbd02fe4,23,3,0,26
5f4e6e5b014bd0510829a9606756838de59622ea,3,1,0,4
b98fe26fc5fcc237d3a24f49c28878739c7f3f23,30,1,1,31
a5026d0886c37be3a9eb0d90a04209e068e46d22,37,4,0,41
a9d3c06c404e1ee9e1748354d07fc6ee1bef4c06,49,4,0,53
e4d27ac5ee8709b746aefacd94eaf87a4742f8d8,67,5,0,72
136c278a4b5f50614d696a98eb662051cb0e7d93,145,2,0,147
0c63151d3f3bdd8b7ed2771c8fcf736835db6cf9,424,25,0,449
2ea2a6a7d1c9e6a0a957b7f067e2699314adc835,9,1,1,10
0f29064e43366f2461d20e1a29d658dabe3d33a7,0,0,0,0
9828e015edab860c14840180e34f29e59fc3a635,18,1,0,19
864fdc8df9de26b84e969a3157e76fa1d4482341,9,1,0,10
942aaa0d8b3bd9341cc3b045fa1ceaef01c74f5c,2,1,0,3
e6352dcb157d623b3e968292b19120914a0cbe11,22,1,1,23
29991900c4fe3dd40cd7a670bebea4644f60cbb3,18,1,0,19
a6200e4fa5ec2e325c3c61dd2c5b0343ca22a163,9,2,0,11
d3f3fb6794b05219996d8a3e2fc6126738d11a3d,4162,129,0,4291
e6d800b24496e69109b2b7dd32f1768f61bbd54f,135,4,0,139
1e9fc2ac51ec893e3f0993aa647d7ad647c18cce,278,12,0,290
25d409b5720f41bc16291568fb287ce4705bb1a1,66,2,0,68
8e0b4c9d519430959cdfd96da8172621b0a368bf,135,4,0,139
fd1b2051a823b470b6254930dfb0bb14d0b660f7,6,2,0,8
2bfdee1e49fceb3aa7d070d77d7806e2fac2bc85,66,2,0,68
b250fd08a3451a99a4bb6833b35c6fdc083fb409,3,1,0,4
81defdc413e1f14c740eb67bac5e2e515ad8c3a6,34,2,0,36
21ce972d0b6badc1da4903eca302640d6ba8240f,33,1,0,34
75b18f9defd11cae021de48b3364dc29710cdf79,37,4,0,41
af632ef31e77d1ea2a4b7b82f2cca033fb49cc38,2,1,0,3
1ebca67ff004f34b14d38f1e7636e4cbc2412f0b,134,11,3,145
442e5f659ffa7330b86f3f2d7f10217abf41c2a4,23,2,0,25
13358f8c87e4f9ed7b129dce3bd1f4f2e962f9ae,473,18,0,491
5154e38ef77a5d792f7bcfcfb2341d583a4434e0,17,1,0,18
7397fe6da8527a74e63209787674f34596fb7fc3,11,1,0,12
4118f2308d0c5a4c9a99e6e7bf1ea524ba99f75f,32,1,0,33
083302114edbdffdaced97970dc31f9469a84130,3,1,0,4
bf0fd9e567356945d0341e2ea0695ee13c1d5823,121,8,0,129
7d73a3986fc218c942fce3b9392048db7e7047dc,4,1,0,5
8d747516650481b0eb314d536525b959ccf0f758,6,1,1,7
a80d9efb6a2808d44fa0d4bdbef50311eef577b7,356,17,0,373
f42743c365a54dac77ffbc7dd5df729c4cfd4b45,55,3,0,58
d8a814005419729c5bcbcfe59f372840b832b37b,56,5,0,61
b5345e635e8123341c641811038a64e70fc423eb,56,3,0,59
a402ad175659c6287085f00ef055246007efbcbd,42,3,0,45
5ad5f88f7f7c581e77bbb4d3de9e2a7d40b509b8,56,5,3,61
58380a06ffe12469ae31f0e9e1e4e526556271c0,2503,11,3,2514
d57d43572a132a72371284bb9ad48caa68429750,111,8,0,119
3869d7a6ca6afdb5ee3de548036b11980328729c,2,1,0,3
7c8b583dc0d55653a00c76592c72455f35972f71,266,5,1,271
a9453d930850de0dacc9400511f240dda8d003a4,32,4,0,36
d9a84743f3cb444ae3c9edb997cf1c663fc69c5e,919,51,0,970
0e8ca0f0791d2821af09f17c7922d7d4ae59b029,35,6,1,41
bb0ec65d43bf8b54fe7205c5db7fba7b2225fbec,35,6,3,41
a6dda9b543aca74f60c6513b7e62b3d4f73a12ae,8,3,0,11
79b866d5712056bc038168111514d9d8bc9e41d7,2,1,0,3
161dea075ee54dbbdf2a659568513b98678a524a,113,9,0,122
60eb65180622be95f30e96f1066408c5539118e2,117,18,1,135
7180a5ec27d5e7385cfc83b49388eca9f8d0d075,58,6,0,64
bddb04b549bcba153427859f54de13ff81ec7438,30,3,0,33
85a890f0998fa2e0bb86f6a372c92effbece5150,37,4,0,41
cdcd215605c9410e5ba8a6bd4c495f5a2ff8f4b8,18,1,0,19
3779fffcba707e8aa00cce52a374a4e33aee0573,52,3,0,55
2c9b170e19ba83ec29dcdf231cb8b0653e36d5c2,17,3,0,20
b7be666577eca7f519ea7d39433b7a0373bd2b10,177,5,1,182
9925f921f22ef4b66b82ce0b5e8309e930920a33,37,4,0,41
23d98a41fc9c41c2c161b7b48bc9b894eb7ba5ab,6153,183,0,6336
3bb16351d7d8ecc5a0d0b4e794cb64bdfaff8ae5,15,2,0,17
f065a56d042137d1b085722dbb2a7430350e5767,17,2,0,19
47cf169a1f21c6cce5600f798312e18b0bf0f4da,52,3,0,55
e7f68789d33d535f4aff90589f4d7e68f9b1282f,16,2,0,18
24d0cab0584a730baceba6f723ac005ae79a9420,70,11,2,81
9d02b6e1f90c44274c727a2f8069c29ff0177fbb,52,3,0,55
ee80510dfe6cef231966e6c35284451f5798f221,3,1,1,4
ffef93353a3bbf725b0176c19d110e9cdaefaa73,105,2,0,107
16404c0b27e89cf37c31707d2d9c86c11c28d51b,52,3,0,55
254e149ccca769a25630aa0a7e9123686d5b7064,54,4,0,58
264e8125d1fa5480c0ade18ee490b87e0bf8c62c,36,3,1,39
d5c2782454c7ac220482f2aeb5d5d201567a27b4,15,1,0,16
e261f19ffa749f350441adecf2e350206abf43c7,18,1,0,19
d4a520ea5198dae3442d3c831e9ad30c236765d3,32,4,0,36
0576c4e4a1c60780c007b41056aaffccd5d542ea,2,1,0,3
d066a6df62546fe99cad56f97f7d9b5f5ea8e057,18,1,0,19
1f0fedda2e0f41242bcb76322c64ad0cfba54098,1,1,0,2
c1ba70fd1d176e1e758f0c26aaa548245fad0f23,84,7,0,91
0f48f8ccbbb0e474a3e17eca3f53d9bc2c01ec5b,451,33,0,484
a90ded140f6a29562d79499971e40402685912a3,30,1,0,31
a726f07f5cb999af0b399058ca909735dc281791,451,33,0,484
996970d402866f1231bb19d8cadc1da5a3090ab3,35,6,0,41
32af4b0bb71e0eb1a9c5642f62112284761d7e21,42,3,0,45
e5b1ec4801cc65d565c3f04a52c7ae17964abd54,560,43,0,603
0c0ccd6215f3d60001a77d399011eae4a05b28e0,28,4,0,32
1652079bcd5d43ff7b9e28d35f0287cbc1ba2576,28,4,0,32
e08e6c02d3427ee8e2a366ab57b0c7a67fb46891,143,18,0,161
44321e505856cbfa41ad3c598d2151e7b5929122,143,18,0,161
1bc1495a9a35b6441f26a748b345a4e6b2c46134,0,0,0,0
2327a9271549925eb74e13d5b7c73ab5276ed880,1,1,0,2
1cad6c2cde698f62b627aff6d5dec2ea7946e33e,2,1,0,3
bedcea32013966b55a77895a8ce81f0d8c634422,973,19,0,992
a21ffa28f4dafb74a9f906b29aafc10c36bb39fb,4,1,1,5
63101ff2f18a247d57f9610515602a3bb03b3ee7,0,0,0,0
eca1dede91a2822801bc6be7b747406d1965e29f,4,1,1,5
507042837b43f3847880148d4d679cffd74bb360,2,1,0,3
d1d9816ba785dd4574f9b7278d9ad77ecd210d8c,347,8,1,355
901d7253fe199d6a1a076f835dc148ad59960769,53,4,3,57
da1f2071610d44b2b31358f19bfa22a7f8b35600,678,52,0,730
8429c02fc2c9243f96136c9f4b4f27220e39e5b3,4,1,0,5
6a80eb423b4c64d082e78c0f46e1d50f7fd33ea8,843,62,0,905
afc9362dce6d41500bdad11e1d9eeeda241d4a82,864,66,0,930
01a328c2b5b2f7288c04da3b89fc88eab0cd5393,864,66,0,930
111f3e782836eb3b3672ca7dcb10c9446923ce7d,109,6,0,115
22f03dad50a9e90183fa7873454e7372fcf1c935,973,70,0,1043
f6781a8d7f9fdb0ee0a4eaa60dde4c9209bcc503,4,1,0,5
c7fd6fbdd309e4d58c51b69f4d7c5cd1308cb20b,217,2,0,219
1a782b71c91ffcb3e666a2bbfdc724d390c9b2c7,2,1,0,3
5820ba8eb12aadcf385f6d9c3973f806be3214ee,74,3,2,77
fbb265752671616aff9296591f9377392f821a38,15,1,1,16
a3e330724c25d31b79f900d56c89c197270ca8c2,74,3,2,77
c8d20064b61a4919ecd911d0ba68ba130e062459,15,1,1,16
3627d9790bddacb52e5d88436846d0244863d047,365,24,0,389
ee7ecb7848eee91380f5da5f5c7bf0740625b790,1132,79,0,1211
b5744b289e14b7b7629fa3731e6890bc7367949b,1258,21,1,1279
209fd9b0afe025f9e5bfec93c83520e75c4d3bc7,3,1,0,4
8efbad6e4e4ca82dbe04af713e9098463b642bba,4,2,0,6
7ee10476144e1aa6eed6e30b82b662b8a856d5e4,4,2,0,6
851d762b8fd5cb8a11c03fda7b4220fb996a2dfc,4,2,0,6
763ec46e7a0dfd119e7a15f5203a5fe49c3286b5,2,1,0,3
43b9f106e3646f345ebd1b4daecdd61f0a9b1158,182,11,0,193
2317bf2677029a838fce24978103a32582e36efa,210,5,1,215
8a6d4d7da754bb61622b338bc453522ed17120c8,316,22,0,338
d059aa57f028c3e7fa75906cd2813faa9fcb7994,4181,171,0,4352
959e2b9153649a338a7a720463b10c6ab2b50524,73,5,0,78
8cbf2287dbcf2aca35f99614d72cb36c17cd57fd,73,5,0,78
adf6919ca8dfd2bd3b9c555897a04faab38f2dac,176,3,0,179
cc20bc42520ed15e0730615f23c882c25b9f796e,511,6,1,517
e6ffd7d5343c972ef8ae9024be299ab2425810bd,2799,243,139,3042
aec6b9463a6950113c53d5f9e2780dc9ad85f3d0,184,4,0,188
78915f06b39ffd3e7ae63a68925060015d910d27,9,1,0,10
41c07aad4291eb54bbc47bc139e53d936744bb63,193,5,0,198
875369fe2841b5945cb3855d3674de5d2d32d728,184,4,0,188
08eb2a9aab80ac162e77a1f3004d6a3ba1ebdebc,9,1,0,10
140615eed38e88fba8a30d00541d95a8b0503348,0,77,0,77
9481274c36d4bbbb444b18a875cfff1b14017a8c,463,68,52,531
c94828319c6a971503392c9676491d2a33efb247,9,1,0,10
bdc6892551e55c0de0314db3205dfecf2863db4e,2,1,0,3
35ac3bd9513ba37c1be86b7cff4c1416d317f99b,2,1,0,3
f2babc8ba598ec8a1fbd88823d447519d8c999b0,3,1,1,4
e644b6c8fd53b8f24f30c212055f3a9ae892055f,207,7,0,214
9cd6b3d55cce884c78e9f37cb452dc5015b073fc,4,1,0,5
aa5ccb540bd25a89c13785de3167773ebcb531fc,33,5,0,38
5e09b04e09f7f266962463f0591bb8a10ccd9674,214,9,0,223
d2aeac0f18185bfb91e84d178dcb993ae3ed9096,7,2,0,9
11d4dc3ef85b534cc41f361bc28f93da242e05e9,753,23,4,776
12fbb13384fa42a8ab68b698f824a36586180221,1393,81,0,1474
7cdc2de0cd59605e0caa22b1f383c69a8534ee00,433,17,0,450
ff89c2ecf4999a087712ca5879a10c3d126e2667,5,1,1,6
98cba341fa4b4c4f1d8748914dd7d90af6165b85,249,13,0,262
0e2bf28486131d2d8a82d4c04e078ea8a8a5fbf5,308,4,1,312
62ceb07cae451fc1eeb703d30fc21cb66e1fcf6a,5,2,0,7
3394fb5b5bf07211323bce1831b84d21e0654273,3,1,0,4
1ea3e8f949bff3a53e62a44544a78dd192ecb771,942,27,14,969
635c90ffa6c4e1c7255eb25746f08496e445045b,2796,242,0,3038
6f281b9d37089a5ad9c6deccd857fade45b85181,2796,242,0,3038
b496e4711a3731128201b0c0c5337908943f7d95,2,1,0,3
954ddd964c6c4012dcc7b3dc4f3ea3ef41be8a36,3261,383,0,3644
9260fe8b832b42ef8ec24efeccc05838e7eb219d,135,8,3,143
8e287e64d8861b71df7abb748a55b80304a527c9,31,3,0,34
ddf3e43a0d541bc6469f7825ea551bf16f75961d,2,1,0,3
311da29d467b58a173a992995f61423376279c81,957,15,0,972
c1cef666fad7fb73a84d14139b70cc46f9448f05,2,1,0,3
a6cc31b7b4e3c5780c0d751c5148f86758831822,2,1,0,3
b827a93ec5269062491454d7adfd39c444e5a6a1,3294,387,0,3681
afd9190a057fc922bca87981111b2ed70754ab1f,357,7,0,364
52bda93da4f98c9e9c282b440cdf1a9eade1c7ee,2,1,0,3
8ab28ccdf143fc0387c45ece2c9c49d1ed08230a,2,1,0,3
d0cb761d9e7f56264817e59366e9d5cf6e75326a,371,12,0,383
5cfb8f70eaa0a1169cdc4bee17c5a81a0eb4c4c6,26,2,0,28
96c2c72f907c5d24b4e58e437bc82454abebd232,562,7,1,569
dd7d9ff4db037bec0682764133865d62feaf1b58,122,2,1,124
56432378571825148431c837af08214991a42d79,124,3,1,127
5ce5e1c75457d7e43185645696d0193b1925c530,414,15,2,429
b9c4a7401a592a86f00383a7a501b39c3d9c8af6,4,2,1,6
229b72f6397b7879740eb8d02e34c3c4fd0a8b2e,2,1,0,3
1db8d78437726a81f30f7f34e8689b83e3f08a12,2,1,0,3
e7e068f22a972a9218b1976f0bc6728c90f9efea,73,1,0,74
4c660c4755e2b0808d8b4dba98923d398f981b79,159,11,3,170
56ff8ee3fdc1d852f8f36845b959bf4727636f2c,7,1,0,8
05f48af552c5191281af4981509c817853d88013,144,6,0,150
cf4414963f7992ee09b35da240bf07c1d73a3263,2,1,0,3
c5681aa4e75f563c4fb37345ab0849d587603969,87,3,1,90
785abe2406078549a679cd28acd0b6572375eaa6,388,4,0,392
8294ecb081bf8931f0c9cb44611d1dcf22a8d5e1,9,3,0,12
08475312ca0739938609eb082c017e2c22546190,74,3,2,77
2a82bf54527a1fa59f643c44f172a0260fdcd9bb,249,13,0,262
772ad89915600be6be295a903da9a61861c0959a,2,1,0,3
954770a15390f8066923b28c449647ba67ffa152,40,1,0,41
a9529ecc1de698db846f8b88496465c382bd34a1,192,5,1,197
8d72e6c17aaf5f282782a608ee138ef7a7848c8e,4,3,0,7
5bf2c7d457f91327be4262149876cb6086c2b4e0,0,1,0,1
04a9193f595853bf399828003dbc1ab755ce5aef,2,1,0,3
8774b2eac28083c9c195661dc4da9803cca01529,628,6,0,634
874706391b60b7f82b54e206f8c83ccd6533bb51,2,1,0,3
45a0aa3f676341bea4f1fe12f64de22d95518d63,3294,387,0,3681
13d32f33215cf17308411804182fa356591ccd51,2,1,0,3
f6aef320edb7ad8685028de37386cdaba66b9aa3,218,3,0,221
afd5b6a01c9e676f12923954e112434092dace88,1,1,0,2
6a2f6d72c7a729f1ec621c79544da16f8425b2fa,3727,400,0,4127
b0d9f4c562074c71876be4de4bbb762a5144d217,10,5,0,15
3ac2c2ca38436f60f46942effd4209b395a0d02e,0,1,0,1
6085e94c76f6f68eabfde08f3a788b61ba1d9cb2,0,1,0,1
1fbc83fc9c3f8e891dae8e9e1347d2771872f2df,0,0,0,0
a69d942bb01d89da829e2241d9581f5dfc2b9c1e,0,0,0,0
03df8c247e29c133ac653e7aa861878cabea5bb9,15,4,1,19
69ba005ecbe8245d840ff837e8e19dd32e38869f,11,2,0,13
8115590ed4215f7863ac28a1bc54bef994656b7b,1,1,0,2
41b66174142ce6567c404f36b7e7c9a09bcb44e2,2,1,1,3
13dde623f7b4058ca60dfd2e5abea0ef2e90431e,1637,19,1,1656
cebbba564821079b2ceee96640f8b818790048a6,498,151,0,649
e07bc2585cf50884364de489be3495cadb5779c9,5,1,1,6
ba46838f10a3d43a5607ca1041abc549eebd3346,74,1,0,75
ac6798affacbf8616da28b6f7249b47d48b259ba,8,2,2,10
da67f3ebdbe8c877804eebea7f392967391d04f8,79,2,0,81
74d40c47344adeee594ae4c047ba8d425b6bc791,34,3,0,37
b3d183c2f7c4d5cef05c4035c29500104d75f122,232,7,4,239
8a118cf8f8dd802eec66ee0db780ba1e89a07537,3,1,0,4
7043326dcdcaf4bbbd23af15c77f69dc311c16a1,89,4,0,93
dd7d88df9d9ed4b6e8528f99c3604cba581decd5,0,1,0,1
c3d5dd3614d74c7bcfd2f1e6ee1d74fb71812efd,0,1,0,1
b4d780ea66081de06dc1d354a921746230c1d613,0,1,0,1
1b032bb394231c46c39188f5e6a5005cd3e8aca6,47,2,0,49
8aff4fe263dc3d09f99ddeb9fd0672d4f9f130a4,556,5,0,561
531606d1684ebbfcddd518c6a6d77004bc286b02,16,1,0,17
16b4e5b73b5ba02d89abc07222f4685c2facea68,1,1,0,2
200624ed4004a44bf2c094bb8cf4484e7779cf13,89,4,0,93
ebddae49466f1cf9f23dd8ba1e193856bd0d22c4,15,2,2,17
b33ad42034b295c30a0f5aabb900a6606fe5b2d4,81,1,0,82
4ae4bca9e4d2ba40d61108be93a874e69abe6685,79,2,0,81
4df65b5bf58da3e9c1f292f86e0d3cb8ab9d6f1b,6,1,0,7
7b1e45007a9c9934f630b4587fdb162627910809,200,7,1,207
8027978a463b5dd62633ad876fb95283f0281f41,385,3,0,388
53cef3360a47391221a69ea19e29a63ed2f00525,36,1,0,37
142cba61ed59bff41361bc2325f3137301a0d77e,82,5,0,87
fd13998ae897bdb1a47b3a717cbdf96cea920026,467,11,5,478
dd8ad2ed133fa5e984b1fe03a616dd3a0354b85f,5,1,1,6
71d707717e58d919a447f66c9393625ccbf21c06,104,1,1,105
a85aa25748935405469ce1e126a30568fc394f56,6,1,0,7
a49aec09112e8abb2766296ee0924f146353cee7,121,3,0,124
1f528e01a383f2a66fb0270600e71e79d44c73e3,6,1,0,7
e103620bfa79f7cf7635b8b9eefaa27e3da71ef1,4,1,0,5
653ab7729a0e45a40a51bad88e76638d009640d0,572,16,1,588
54cce2038fb60954ebccf278e888ace8da064386,10,2,0,12
a1aec3f15cb7b6f2ded167d09c6b4df8ae9de8e8,118,1,0,119
f33f42aab2080ef47b4737e2ade2e92f2a8cddf6,4,1,0,5
374a2bc22c0e3b2819d03426d8a0aee6de06bb14,6,1,0,7
c13000e599097eed789a93c7d6df0be044fd8579,4,1,0,5
cae4f9cad9b130676196fbc39eb6a473f8aedea4,20,4,0,24
ce1539ffd2202b55dcd0cb96676935b317ce3eb7,94,4,0,98
719402005ed3770c71c5680411a631de580294d9,4,1,0,5
1fbc9d6c522f112b50b8cf272abaf3a60b619927,30,6,1,36
986649359c899bf7c0ccad604d7471f1f63a862a,15,1,0,16
90f1de8e27eed8ab0feef188aa3297e0a89c1ff6,20,1,0,21
f56bb98e6d4f87f6bcd542e068297fb4760efdcf,3826,406,0,4232
6562c5694851e2b6667f1bc38214a9eb4ccfe0e1,6,3,0,9
06ab80e59c7344376e73e69ce34e71a1f9e2e811,6,1,0,7
786b02488bb936aba4af60fda5de5b81f6ca9075,15,2,0,17
78bb8c73df803188cf5e7bf5f34baed985552bcb,415,10,4,425
af7d0d1ec26a473e7b035ab55b8b341d564485bc,57,2,1,59
d7cd6e90e7432937b75f6569433bdec2b3e8f224,64,1,0,65
72462df4d97d49004b377f2d0625f6ed0b02808c,8,2,0,10
7e11bcb0d8778caef0b783084793ec28cc9a8740,4,1,0,5
06c2376f52d48e4899edd6235da92dafe0b786fb,8,2,0,10
d5868c173bcf454b1d7f8497c7d9a57689e5640a,44,2,1,46
f08c3209341752255390c0f9f8c6353fdfe8776d,4792,459,0,5251
92e8bf4bc93a07bf0541180b87b080d700c56260,20,3,0,23
ab81dafcea8831553ec9963bf310728f9af5b604,52,4,0,56
f2708c9409dae3bcbb5355dc416f51b7dcf2d2e4,144,4,0,148
b09f4ed84bb0cbeab86c97caed7f5065c6a863f9,10,2,0,12
f6cfcc2996f7328b9222d729f415a3e9b168177f,3,1,0,4
5ed2c53f7ed4d5726e08490c037e4124849d62b7,8,1,0,9
f8914894e96341a85cfb70cf7e4c56f66cad7358,8,1,0,9
f31df6885040caa33b88c5f4a1a7c7742995f4ba,145,1,0,146
34298bac55c2c067336800f97eceb350c174ae02,7,1,0,8
3f2b6507e478d2e3dd43eb43423407ef9b6fe87f,44,2,0,46
090433dd9baa4436a897e0e1e93400e890905320,30,3,0,33
8c4e6648e5501862fb727478bb470edaa6b665e6,539,8,0,547
440dadd93f6ea7d69255a178657bc332fb6e90d8,4,1,0,5
98585e8dbf74e81a6f4a2bd5a2248349958d592d,37,1,1,38
6c6b7df66da50901eb181588407f81c9f2512d88,550,10,0,560
fa3a069c874a9897177f5e0f313cf184b19f63ee,126,1,0,127
4164a4cbd99445443d7b964c61cc3a6016e1194a,39,1,0,40
c838c4c0077039c36a391414d2a00a7edd64c09e,633,14,0,647
f0fa12dd387218919c839511ebc566e705cb88ef,19,4,0,23
03472cdc0525cb7ade476bd78ec213e4bd400d90,598,13,0,611
a849d8e755d9147dace76832633385e99d7923e3,48,1,0,49
0d30e728801ae8507ca29bc79772b416d45387b0,643,16,0,659
d90f6b95cea7499baf34bffd4377a12e84af9131,44,1,0,45
f6210ac9ade0c6af8455bd6d1640e96641b5b980,633,14,0,647
365bf4036dadb6aaaf81bae64b0c7eccdb70a6f2,825,12,0,837
bb7ffad98b1117df824313624c44eb20154f08aa,3,1,0,4
17c7c70239045872173f1c699f84633719da9c89,3,1,0,4
d54656345b44b7365b56932613545c5916ce0765,41,2,0,43
21fab466d6b5d37b23d4ff08852bf711c872898f,3,1,0,4
b406dab6ea8a2a769059ff59673eba6db7054464,2,1,0,3
ab42e4d402e8ef6c73d46159ff6294698e909532,2,1,1,3
ffd26bbb13948e4909b4be3b018c1c97b6ac596e,3,1,1,4
386ee7c29967c4b8cb8e08f7bb602505b00dca4d,17,1,1,18
c122c3c68047d0a0a770416fcf758055bdc427b5,1,1,1,2
3da1eef91e790622958c3988a2e2022fb50e7c40,18,1,1,19
fbcb3ef0dbb86ca0897124cfe405a71be8973ab7,9,1,0,10
15d536aa82b9ec538dd75f4b5eeebffbabf03ad2,5,2,0,7
362bb1a84ab795eadf45646e27dd6fd48f4d67eb,5,2,0,7
ccdefde1f9e87d820bce8b24477acef3681c0da4,231,5,3,236
70557ecd1a4d64eb90f02fe4827a92437530d1bd,5,2,0,7
05c0803645f9dc8dbfeab4e1dd3e9fe9daa78d13,2,1,0,3
e5d338f4b6f41cfd0d3c412bd107fce2c476a119,0,1,0,1
a8be66d84de4b0c6ffce355e82266325461123f7,638,16,0,654
9dde66b52145948462e4eaff1754eaa57c9ec41e,16,1,1,17
af5c39cb2d3931f1ecea8b678392ea0e0746ef22,2,1,1,3
aabfd71ed918e93fd8339713f17071362e655b50,31,1,1,32
97333b12ca2903056012e461f4ee25f37c9ae2b4,3,1,1,4
70308bd02b6bcb31a1ee990433d9177764bca444,3,1,0,4
5890fa2ac9fea84d83b2cad81349444bf845749a,3,1,1,4
dc3274c752b011c25505a832af0e2beac44be0a0,19,1,0,20
6e9bad020a0e9c079d91e7cf3a498169b5d9ae2d,18,2,0,20
5aa95d032bd0d6aff93d2bf2337603bae89f2c4b,273,4,1,277
3c42d9a3efe8f7233baf8afd2087c1f451030926,47,1,1,48
df6940783aa1e18299c6659e401bfec6e0394282,31,2,1,33
54274b1607f53b092d3a755fa0751af26df80c78,10,3,2,13
542dd783518e4fdd58fee6e713a4798c6a344128,7,2,1,9
b6c76faef5767a464c9ee54d92310f0a11a0f369,13,3,0,16
ccf047703b3c1afd503a8250c8378aee2e40f33d,2,1,0,3
53eac57f625872318ce237d54955078f7de3cb12,18,2,0,20
325eea12d1cc5d36189b117d814b79f3f1cab7f9,214,3,2,217
d239404c108424496a4370db31dd8e748337ba62,6382,78,0,6460
257c98c3c90557c747e5a36ebc9c6e7f5733af32,8,1,0,9
70a2ae07ef6f74b319fce1d0e7c6f2239ed31186,9,1,0,10
deb65f0b9116edef9d50ad3410d6fa3c19fd14d6,8,1,0,9
cbb6a7077b08617d621333b328a78ce95a235b30,2,1,1,3
91ba05add537a3c027f8ecd4d50483205fe1a013,50,2,1,52
07368dc234b2cdcb139d2d29e35c1fcad5ae7069,6419,83,0,6502
4f023a3575a78342ed75fa4020a51beef5eb69d1,6467,85,0,6552
3c0ebd05172416a4bccaee4489054383b67f0976,6629,84,0,6713
02900280f7688f5691c20a0203da4c18d801d58d,195,2,1,197
f4e952342611f7d1d1a3bfd169caccbb2ea92f1d,39,2,1,41
4b01cab20958340632a2d580b3142cd4911925fb,6420,82,0,6502
9367beecce99a906054bf0e95887f61f752f3eb1,0,1,0,1
169fec77e6f3e37bf8e1f6f84951505c5069af61,168,2,0,170
82d86d3936b955962dbdd23774f9009d379d1da5,0,1,0,1
e07eb124e5f19bad85da91349f5f528e40692061,184,4,1,188
023f8519b95c4dcc2d1bf1e6ee9f872704a64e7e,0,1,0,1
38b03cda4aaf9da02bab4d4439d42ad0167b981d,0,1,0,1
cf9108b05dfdf7b2485d1ffeb41e339e8fae867e,28737,820,0,29557
0c3b89dada606fc0fcb07d23a60ec7ceaa7f3346,6946,99,0,7045
af1573930e5707447b2abd443b0629725c192ee0,526,19,0,545
2af04fca44abef3cf2702c8004147f99713a60b3,18409,676,0,19085
389acac515f4920e05fea1bf6826545eb8f2baf4,13,2,2,15
dab8bb6cb0f89b95a3abf94113743447b2e769f8,6940,99,0,7039
90035c53c714f954797a0fb0b1e3f67f1326159c,126,1,0,127
8b6723e7c8a79adbdc39673861340d37db4b7788,2,1,0,3
09fffcc7eee480c41970a6bb8527ca12ad700c55,23,1,0,24
77c82cf8cc0087a950b4178a45c39e21c7403287,34,4,0,38
a7a729d6f34bf847fe90fe34dd314bb2424a3893,36,3,0,39
fbae1f0ee2693ac05afe0ab888bdb8a3e35f9246,618,26,0,644
06ac549fa6bd2f80c031a1439ccf698d4463678a,16,4,0,20
1c22bd7ad97b06de346f7636367a5f975493f569,44,1,0,45
8e7be853ad9afb69caa26c00ab151129c54d0ded,37,3,0,40
b9ff23defcdfd0330571d83bfddcdbd8b267209d,2,1,0,3
6d4c4981c5a09330d7a7244e2f5c8258992ba84f,37,3,0,40
41982ac6ece41d626f13438a75a07acf3ed32d15,2,1,0,3
992b0397109a552a63187d8609be7eb726e2ff26,655,29,0,684
4d1e501adf19e7eee49f3455aa0a78018e284268,7056,107,0,7163
3307b420ae2f2f839c4bf6c7ac44229ab7f35c94,34,1,0,35
12a9941a87f527fe0bc51aaef0faabb7855d1f22,78,1,0,79
7a7ed742f191839c4a1a20d4cee58898b32abc75,3,1,1,4
c83367ca1c978d5a83c2219a4373f735b3fe5e3d,705,34,0,739
1e5594dc6d4235925d1b3b1214fb8bf2c321b6af,48,2,1,50
5916473d19bf193fbb2ec4b3beeaf93bc9174237,705,34,0,739
a68cce0aa38c34e3ea9b3d42e4cf64cb9123f49d,157,15,0,172
022c91f3186ef911f9dbfcdffa303af3c1dc25de,15,1,0,16
abd82a9d0a5cc1923a357c6016c37cf62fb04a45,322,14,0,336
e0b290e1af7b1ac1e6dd2b7ed5160dd5c2a318d4,9,3,0,12
792f221dbbec6096dcb73a67b245e49948a5054a,48,2,0,50
ff474440099a01f6b819859d64e5ebdd17c7e1c8,7,1,0,8
e5c0e5b14923824bc33e09321020465e25fa7c18,2,1,1,3
6745e77bacfcc9d63dc5aaf27208cfb0ccfd2599,464,28,0,492
c1b8a2f1b5991f78dbb70c616595297adbbd3daf,8,1,0,9
ae435334f80130a7e94f4e71c2a389dd13e74b47,30,1,0,31
6638b426192161b165e37a2f6492466e0113c038,30,1,0,31
ecf7997055036c6d4ebc206f33beb4578ad6e08f,12824,566,0,13390
5f06131efb05fe5823bd4133f09a07f2f0fdda42,2,1,0,3
01c0189284a75abf7f0c252a623e2d57c50a555c,2,1,0,3
e243e65fc14fb24fa43888d76831a99482f70683,30,1,0,31
143bf9bd637669280e1d0093a9fcfc9537d04232,10,1,0,11
bf9370512a5aadbb6cd92c746a28769ea5ba3740,17,1,0,18
7054d8a21c63bfdf3bc37b45458a31fd791e79f5,44,2,0,46
4cf24b7fce76ef82806a16c062eabdbb29aaece3,12,2,0,14
689e07e907c1ac0ed024da6e755df2c4010724fa,2,1,0,3
65431f3f526e5e56335ef4b0d9cdb7c4487ea8ad,4,1,0,5
1ee6cb7f5c1d26766227243881f2dc1007dadf91,1,1,0,2
30ec6fb43b81a73a167710bddce3c32247c8f91c,2,1,0,3
33c99553db8140e1e97bd229a6c0920e67ea56b2,76,4,0,80
2f8f8800c783d491301400e0cf2a99f761efc689,4,2,1,6
8b6dcd04f1292caeb0da818ce1d59648fb6a498e,2,1,0,3
bd21ac60f71421c1aed9b1439e66d0a78c63f922,82,7,0,89
1ae8312f5fa74ef56e0e35035ace86aac5524f8f,8,1,0,9
72fbd1fafa45222584eef666d9598cc7f2a6e29e,72,6,0,78
6dc370118d8896a7c0f7fca311b4b891e4588e4b,8,1,0,9
2db8b61c437655d434c3c668e07dd9fbcef43857,2,1,0,3
6c0ef39ebc5f099d5fbeeb4f1d682104a08544df,156,2,1,158
d7aa6eb84bb308e0dcedba0da1b773f3f9d738bc,2,1,0,3
31117099622a6d67c38a331c739139c589f0a325,6,2,2,8
be253a5ef620aaa023b64c762ba5c46cd33d0943,50,1,0,51
264b44f7f2b1106c3d4ecb7f1175ae7d6653bc02,2,1,1,3
16c0594e5e8e287345b89e1b208ad27675016f76,18,5,0,23
8ad45a90372a80e87951ae747a39c9e979f3f838,4,2,2,6
7402e2c117687fd882dc0f6a83b54576d920f890,20,2,2,22
dcc10fd1158ceecff2529c11e680857e29c35432,429,8,3,437
51d84f1c5f40c3e86efcbff00298b0eaffe3e1a6,309,3,0,312
972e3954b4da586bfb976072ce766626b9dc7564,147,3,0,150
3adfab1d4c5b09cd5b815673c9bc1a2cedf3f915,461,15,0,476
e5c45e4e7eb692021aac1a9b860dfb2bfd97f58e,370,11,5,381
dbee7a833bea5f1b7f0526acf5ecbb1184e4a450,2,3,0,5
ad836485d3fc4aa0507c89f3eb10ecce6128786a,6,1,0,7
68974c127b4351b82a559b0cdaad4d46ad6618dc,0,1,0,1
08eea3ccf9710d7856e56a94740c0e12c3a390a0,8,5,0,13
c849812f08e276230810eaa42d544f1477ee4c9c,0,1,0,1
643565f948e5bb2fef182f2518afb7523c822d73,14,2,0,16
7878399d5195651c092f8d01f60b7f3ef1f4130e,0,1,0,1
632b9b944afbc7235a45f1b2bfb9f7d6903f32ad,2,1,0,3
ed6e1f4f847e9da8223f8619a4de0b9c3a9ccb15,16,4,0,20
2bed74a1ca4c388848d3270117a92635db652ce2,6,3,0,9
742fa2a32ec7dd2db9a7f10a8560d2a20bba5c71,2,1,0,3
bf3b2553ffb7086d34f82c24d8d20f8d8a96e60d,5,2,2,7
f5dbe9821e9c32991239bfc15a3f5fabda582065,6,3,0,9
79d9f446ee232a2bfa909627fe1d0d80f430064b,5,1,0,6
8060d1a80b128a597e9d81fec168b066a2fed46e,2,1,0,3
c9264357f712f060095e4687c16e17aff3c177db,27,1,1,28
ebe09bf47d118b786219b00102e9886fb27c9014,186,4,1,190
33108e8008a36ec4721166524d0b8a492a450d13,884,45,0,929
56aaa0901d2cc95b42c83aca4fbc15bbbf631eaf,95,10,3,105
d8d26e69f30574790de0165a123b0e90fc56cf56,337,5,3,342
2d946096a7d64980e120e4eb371702cc36eadab8,2,1,0,3
d74916999a3aea8cd2e387c8473ca87f5fe99aa7,8600,156,0,8756
234e3fa124e51322b5ccc999b33209294c217a5f,2,1,0,3
eb9df4d8e21703807c9b397f7d8dbbca1b433a5f,8600,156,0,8756
9de81e792f927fb21c5b1f8941a4355955a77749,19,2,2,21
2c2557c4a6f177725c886b062403a13f0baf6833,898,45,0,943
0da0e6b00d79d3b998a421483744bb2ad9d975af,475,7,0,482
b2396be1d6b754d7d5a4b19f37af42de4c3bff09,24,3,0,27
566719433d0099084437a802796d62252c90dc7d,13,1,0,14
818bc61d8db03e8c282ad3a495a91d241758e268,1199,9,5,1208
aa3e80e02e84a7ac90e5dbfd29db8419de31c71b,2629,175,136,2804
b8b3912231fb1f0be7b0ef817af1aac2f0ec1378,0,0,0,0
facae9298aa9cc2253c29b72e184f5a4819b939f,81,1,0,82
403951f469eae8a2f9a99ad7ea90ab41760abe94,0,1,0,1
d363b359401e68e30d782d3e3ede731482d8e116,22,2,0,24
361522181eb3c927d048fc82b8665efa07378e7d,2,1,0,3
320e61eed9c299f849c4f13a076ee4d52cbe77a4,0,0,0,0
7ffa56e9d29305540efb5245fd62b581264f95d6,13,1,0,14
dc3e4fa2872711905ce3a4ca92987f543cedfef3,0,0,0,0
3fae13559836b21d4cc5031745852ad17ae3af54,256,46,2,302
0376a9445efe574b93d935b7e7ba43b891761dfa,377,30,18,407
3e3153915068fa9d1c27a7c02434edc7b04ab379,185,10,6,195
ab414656ab643459453b0fe34767315adc279a5d,412,20,18,432
07e8db8930bbc0282e5a0530860ed2f1893b93d1,206,17,13,223
8aaa3ea29460fb5f696c50f8a80e96de0a68e971,3,1,0,4
2126780ce268a792b9a078caef413d028561f5b9,39,1,1,40
da8afa94b5af7ac0d4838b932b11389064b07807,3,1,0,4
b3160ff50eec76cda7373837b533a59a68387bbb,87,6,0,93
72c2e3496f504222d2580275f7e599cc7af04b88,4,2,0,6
eeb272527046a5363aa4bc5dff2866aa08bbabf2,28,8,2,36
8c1468b5556fdb871ba68bea628b20511c0380f3,59,8,3,67
bc0e18cc9b3d06cf884fcc50ed0d01c51f3cdebd,553,21,13,574
e1de90bfa63e66ef292a42d8f8040df48b5242b2,2,1,1,3
108935c2e4cff9a1c0014b90ad235da782584bca,2,1,1,3
66fc14c6e408c5c556280e72e62e0d6420187c39,2817,44,0,2861
9fdeb9f46be8207055a171b92f109997618b3c5a,6,1,0,7
41049f081d80144cf9916777f6538bc6007373ac,2,1,0,3
2fcaf2d3f43bbc50ce002094d68d10abff0cc3b7,2,1,0,3
c5ef7ca95b73eb7d8f7101d0d207653f0ef39e99,134,1,0,135
fd426fdbbaef8bb079b38b4a37d9ef36b4cacf1b,13,1,0,14
012c7c6e17cb4652af243afee4bac5e2863f24bc,2,1,0,3
2fa2f9e0cb3ec2776c192e3dfab9dbfe8cb8f40a,1122,59,0,1181
4a9135142962cdaa6559c3754ba8603d8622e6a3,141,8,0,149
9949179d31cc14b529f0dd6d022c265b01e79e20,17,1,0,18
00171986b65bb5cba4c394c6152ce9bedbcd0504,169,12,0,181
a6d4fcccb48d6d1612cbed6450bf7046ab2b3de4,6,3,0,9
13a203311fe048bfbba94156065525792a203ad8,909,7,0,916
5c85a11ee9e18fe53c10ca3724151b1a3c386dd2,3,1,0,4
1f224216b45d0770a99a5bdb2461f94fce188661,303,2,0,305
87e631c52eea30e585553e01504cdc3eacb3e130,16,1,0,17
72874037e6de86254e2eff5448f343465a57533d,3,1,0,4
fda79875a04e40de91e5a0983d547cf5ea32dcf6,2,1,0,3
78ae9e47ccf9e2fe49dc6b8220c827ff34466dfb,2803,43,0,2846
8adc5415007091760b14b7c8032571c10bbd7a12,4,1,0,5
352cb5ba6c215dd6b8aecab647756e0eb7387d1b,682,30,8,712
3c84d4dbb79fdacf4cfa8d57d61dc8ef3c644b4f,85,1,0,86
77335830738fa86f8775115c4d55c7b77fc0de30,1189,8,0,1197
9f7c95069acc84ee06b98e6b2fe37500d1f68ed6,10,6,0,16
5829d66a9a60c84341f4010448098ee6bd973174,1,1,0,2
8d6f89e84e7fccacbed603eb226b8ff6d0430c63,15,1,0,16
fdf6242995ad42d89cac4b8172b6c80cbe1fa3d0,9,2,0,11
a535822c30311e272432cd68f35dd55afee69549,26,2,0,28
23eed1de9e04763016596c6d4150543244dcb1bf,81,1,0,82
6decdb7972c894f4c1cc120917c0538c7e53f63a,4,1,0,5
7313f63d3ee5744a8a331bc550e1ca57daf27a7b,87,4,0,91
edf9c0b9d05968cea1f362b6b9fbb94cea17d73a,0,1,0,1
ae8a1e019ca2dd999662cc31a15c51fc190a9938,0,1,0,1
4d89c955cf3bfde63500f8080f8c3ca4c9eb0c5f,87,5,0,92
c450aa1517205a3ac0d8b28caa763e33a29c1a34,2,1,0,3
2ffa3fa12d30e2ff855618cc5eb5050a18df406e,2,1,0,3
516394ecbfd56ebcdd0172c63ac3cdd462f94403,244,6,6,250
984f03e051d51985db75891c112e04a0bc7605b3,87,5,0,92
c66f177f6c7a238c7a273eda957897c9eb23cce5,9,2,2,11
2a2064d3d1d6b26c18cd50730fd36e601d183243,3868,9,0,3877
c5e7be7e82a667101878bb94f55faec7a9ba81da,1784,19,0,1803
bacc4f41a84d0e0c6b36755bba28cafe68294cae,805,9,0,814
638e42963d94a6d2c33bfdb0b6fb1b1ac053d718,1069,6,0,1075
cec200f09ad788ce81493ba50fc3bda661a3bd8a,127,1,0,128
03772befffdcdba6b01fee7bce9ff2b944f7f3dd,14,2,0,16
8edcad82fe7bb870aee5514329f0067d27f0e5c6,299,15,0,314
fcaed386c3ef2f9be0308e3e5497520154744f7e,10,2,0,12
34a8740be6ed1e48e2954dec2928c889f5254805,24,3,0,27
63ec3a0e8745e85d75427f39ad7d3ca1fc7c5073,13,1,0,14
2b143b1963fce013dcf3aaa4b919957ec37c019c,7,1,0,8
449c8016014f37c51b4e2cb87c3cb782f23c33a0,339,12,0,351
172217af7c32852e9d83a7f2a6191b1deaf67db0,7814,46,0,7860
48899d3fef5ab1728f7e791140aff7881a52edb1,330,80,5,410
2112db4417016172b513bdd634d266184a034573,842,26,5,868
4b005507029fb913538bf23a217390ae578ece31,0,0,0,0
a8287908e2a0b999967158fd102fc892003b10d5,63,3,2,66
22432aa0da90b6fc7f0b1158792bf0bac7349a18,0,0,0,0
401b889a2298b444fcc4fe3bb40d50d21d749254,25,2,2,27
f91257edbf613d75ba981304e2a19ede88add55a,4,1,0,5
89242d40985eaddaa39088468fe0c1de89fa3f42,43,8,0,51
ade93ee6c355b305d857ae3dea02b259428bc8f3,24,1,0,25
e37cd61f5312019ac3db5ff62c328107f02ccb7d,6,1,0,7
23e1a95a89c680f1e92d07701cdeb8e819130338,380,14,0,394
2de46ae782528121aa206bfa16fc5e2f084812b1,24,1,0,25
8c88cf10300ffeb2fcfa2b8420057f0cec29f5d3,33,9,0,42
b06e88e42c48768d3bd9830d0286fc18b9bc32e5,380,14,0,394
3b1081e5efd010822b5d9eb75e3a62dae47aaab9,22,9,0,31
4094684cb8be263964c6ccf0aaf05bfaa38c5f76,6,3,0,9
14ed4be70b07c3bcfa5d0e2b1f98a6ca9ed61ca6,22,9,0,31
5ef162cedf7bcb83a00d908453a40b09e2c19a80,15,2,0,17
320d20304eaf70a36c168f434eaaa9990048c540,185,3,0,188
9f93cc39b8631bb126f3a7fb15490cb4181f3912,15,2,0,17
642a22a4f10bf86e81c6e222d5314d46752b0d63,22,2,0,24
5ff38503fa65c1172a3a17c811be52e0399e1b6c,15,2,0,17
0cc2d9f2d1feb13341348b90fd5e77bf19582d29,84,4,0,88
00ce0f3caec0b40b1b61e4a99784d90cae3f5de4,84,4,0,88
2f8b0668b473080bbb06a4e7586b12f3c11c8aa2,69,2,0,71
c2082ab796c694738473dd5db8e2e96f540e1e68,130,5,0,135
a38449621dc0d272d32e449886e057c4f6f53e62,8,1,1,9
35a89b5a9bf3b1623f555f93c28fdc8c9bb2f2e8,20,1,0,21
7ee90896a012f8ce2e10334497de0103b8ff90ef,2,1,0,3
cc954ee7c5419ad46b3dbf73b91cf60d5884f047,126,5,0,131
da08269f90e8ccceb6d1025fb2681dfdfb25e590,150,6,0,156
bc701a78359951af6408285027a259c41090e930,126,5,0,131
f36a1a5837801e2c3c25c2ccca76cd144dd9f4e6,28,2,0,30
a061e953fbb4dddccf2b54b697f9d8f3a6413fd2,111,5,0,116
ff0063cde2f3575a5a8d29b852355cc1beb33881,94,1,0,95
b9cc3d38d558c10ed7c40fe170bbffdc5dce3637,20,1,0,21
1f65ffd15e5514da2359e97f5c1017481478dee3,2,1,0,3
aa41b230c62c9c590428af1be3bef0c408eeae0c,117,8,0,125
36f1ae9880a027eccae0a34bb2e8db45c7c0a017,184,1,0,185
5ddb19c6638b065ce9eafd4e80ef50d8d82e1c1e,50,7,0,57
45d65243949cdb5c66ffe006b56dbd00901a13e6,278,11,2,289
4de3c1a5314a7d13a08c37425cecea1ec63c669e,112,3,0,115
40c583a22c640a9555cf87f160f54fd2b42e260c,5,1,0,6
a0cb1ce59f10ade3d5a64d0abef5954b42a33860,7,3,0,10
233fc49257677efbe2cf8a4ba1aee7d0cd61dae4,278,11,0,289
a842a67f63f1636ec96a81b4ef83a82eebfd6faf,305,2,0,307
481d80db26153bbf2f83a9bb48f6b4fbb592489f,54272,32,0,54304
e5f6cce1a6fc2cb6f5d4fd6730ee30f728f5c147,395,14,0,409
2aab09f164b9fa9e4e4dc1b6cbf3ed677e073f68,35,4,0,39
13a3148680b8caae40384ce94c94430714b45e99,43,2,0,45
7faa610e2809adae6051db0b4de9fa7335b4733a,6,3,0,9
0ad1b7e29f182b53cd36ffcd00f2066ca40110eb,32,1,0,33
dc00750b5e558258ee8dc65dcb001e3dcdedec2e,6,3,0,9
e0d0198197ac45776f310130c27eddf234933ce3,125,15,0,140
e5b65f9fc5df15e93daa5db4f6f6d173c38b09ae,81,2,0,83
bff8cec03a03ed9678fc6cf2f8a72684905eea6c,7,3,0,10
9b2cee53cccb374f24a7a97e73e5b56e60654c15,87,5,0,92
57d795caf07b99ff256f6132d8c1ceae5d5ba0c0,87,5,0,92
38f8aab7684e5155df86824d7df7b64403f9f91a,35,3,3,38
9d16f57363c2759fc5e6a44390c2716247db3b26,4,1,0,5
1392a967a40276935a279bb4492f3f881e4c4473,108,1,0,109
cbc103691c8f5248f2275685cef171f8e72e2c04,160,16,0,176
133f35f5e06d151b993eddab1d8f00bb2fa5fe2b,512,20,0,532
10552bd50c9e2ee07cd50a8c42d4c7050cdfd4a4,0,1,0,1
40a714467f2d1625aaae193dc8236323b9f4bcd0,512,20,0,532
c3898c33431ae6da2b68263662e4c4e354a90f39,108,1,0,109
3484afcffe7e6a1e616b34cb7216fae8c31a1593,98,3,0,101
4bf9ec5fd401241422d13e2d8fd932ec6d8a362d,125,20,0,145
66932f3fbb63efb2722193460e4e2aa32182b223,48,9,0,57
0bfb55fa0add5461a444f7c47fc10fca3131ce5f,3,1,0,4
cf5275d9e8dcf10c811615ecd1886f3778f2d1fa,348,2,0,350
fcd4feb48acef952ec5f743d6315e4e6bc98553e,348,2,0,350
6066607f95cacf362e749dd116419389dfd08135,83,19,0,102
0b97245549bb0ce98121e8a16eb068129cff11da,1091,36,0,1127
379b608de192ba5f1ae177f044c3ed9a4e84c09b,2,1,0,3
98e4d8309bc635dba23297cbec9d08076a4eefe4,6,1,1,7
3c3182f8fa7ac4eb19a08a4100c4f4a7f5cda5b7,1093,36,0,1129
74156762aea9119841cae26184a12dfd23198f69,1093,36,0,1129
c7ba05bdc5823bdc1bff05928ff1b331b58935ef,1825,74,0,1899
0a4b3583878417a6d0c8e36d9444f234c9588323,1825,74,0,1899
6afecfa059523856a79712321479a192483de466,180,7,1,187
289a27666674666d511913b09b23547773ebb7ea,69,1,0,70
f51c6458b712becdfc022a1b3433c88d72aae80b,69,1,0,70
1c27e959c3084f82f7581bf02789bc107cec6084,69,1,0,70
3cb6cf345e26d259f714b1cefa68b583125b25f4,35,2,0,37
2350d01b3b8931aa9414fbd9c40fe0006f4b94a7,2,1,0,3
790a953d328d0f98866039c1f377a7e57d4a13b9,1245,55,0,1300
ed43b59fc75fabfbeb9575242bd954055dd63686,3311,247,180,3558
8e31bf1eeb6073b7d8e71913ab0a0defa44b7aff,1868,73,0,1941
b959a56da7b282975b3536c5228f82e9a89aa1a4,166,32,0,198
f693b8dddfdbfd14b04e682d4f27dbb28d5f7ea5,93,1,0,94
98436f12bc017f7643caefa87dc344e2ec0da7fc,63,2,0,65
9697d2b73538f72a080e4d6d3990dc07e09434be,3,1,0,4
b8fd2b1140df3a1e72d9eb773b7a4da6383cee1c,6,2,0,8
f2f8c158f4a72c8dfddbb954bb85c6debbb6ed40,2044,75,0,2119
d7e87aae484aca19c8b598b7f9c74f0a60d3f5ea,1,1,0,2
6a4ca9586c87fd5ba2c744680f1eb1def9098d3f,8,2,0,10
95f5b763205df83703f3fea301da147e96cbeca4,10024,209,0,10233
ab2d84c04682bbc9e678449c04b0b61ba8bbdd2c,8501,76,0,8577
72156bfefd9587b000abc00f83be189b823a1a84,1438,59,0,1497
8e02a79a23af5efbf474570be1642cc6cdddf820,2196,55,0,2251
30ef3b2c414d80abde1b25a179a99f6cc8c35521,262,6,0,268
520a110e7ae10bc55e2d67ef4da64a8e695216b7,54,5,0,59
4e46ad9146499139497510f85f56c8aab2b53244,193,5,0,198
7a2363de29e552aff2825603afa23c128f43e883,157,1,0,158
c1c7c1a56832f216f242c4dd8a0345db74d6ecb3,53,1,1,54
ce219f0584651c18424fe1c61cd4501b9590eace,3,1,0,4
8d00d1c783d6df55ca6ea5f8cd595d2f7a4a0e4c,357,80,0,437
17204e8680577456e7bfa6f3e8c6a266be6a6bb0,918,24,7,942
d0b33733d7011feb8b1e137df32822789de86ce9,3019,179,0,3198
d2569894114339656b16c2a90d7595b4c02d00eb,357,80,0,437
2e35a70419d7fde01a8f296ba8ff6644d5b72480,550,85,0,635
9adcecb4612614eec74ae1a5f42f5334ccb807d9,14,6,0,20
75ced8829ebce0bdfa6666682f8fbb4e14bb0f70,3,1,0,4
f24c1d057673c2440ad13b7e4f5da43a1de33c0e,219,1,0,220
95bcc24efaee2ad60af766fe4ba2edfd1f87a5af,357,80,0,437
a640a5561817fbc2e37434fee16d58afba8e77fe,123,3,1,126
c7a4bdcddea7fef45074d4d0e52ae482e013ee3f,365,82,0,447
e10f26ac08f357faf01a3a1a3524e461b6c7590f,1,1,1,2
1646e49faa570640e8d09384e552197e5d88fe8e,238,11,1,249
7d7535382b24ada3a84f5efc115439d8b8b2f0bd,25,1,0,26
ef6b8aa3c041e2abce510ba984b64ef3c497589c,22,2,0,24
873cbdc641a4b97f975de89b137edd731bb913b6,24,3,0,27
fe3fc7a2aaa4a9a87c63fcbe24e786d56b29660a,727,86,0,813
e12b75c535db28a84265b255f0e1914d97b3d3a6,21389,786,0,22175
c98657b0aec69dfa5b21bff2ce9b34bde6768fa0,350671,2153,0,352824
40fc0e1ef097bd5fda793d88f6d2c8bc4b428352,398,8,1,406
0a8cee13c84228668a2a330c434b50bd0b24e65e,448,1,0,449
79d85fb203ca079556badb2da9bf0bd995360b27,1032,60,0,1092
6629eed5cc5e7459138268bbb3bb108e384fe882,456,7,2,463
7d5857052700e893971d74fd5a0051d587d76066,32,1,0,33
7d60d580c50e7bc266c18d8e87abd5d5b6282644,361,1,0,362
4ad54ce81739cbdc2c999b2c3a2feb53cd9df9a7,375,5,1,380
4e44624c17d405cbecaae430dbe3853056ee4cea,357,80,0,437
06cc99716fbb32c4e149e4d6b3c2c333cd389fe2,5,1,0,6
8a5d9aff6731c9ce6f874e1d6b59a1c34692e5ac,5,1,0,6
12aa61829c5d6148c9b9e489a2ef9070d3afdac1,2,1,0,3
33ad25d3f2ac247b5973c59c1fb3eb6aa25814a1,322,5,1,327
504d7cc2dbf603fa34f4564ae6bcde17d119ffdc,619,86,0,705
feea0a49aff82474342360ae6105d7af41d4d407,30,1,0,31
83c5f8501e6c625d0c75f1b314a725f067fcc7fd,2,1,0,3
63dcdc91a63190ba3c2f8c78a5199f79f994fc8a,237,10,0,247
48abf3ae22914b55bdba0371ee526d2cfd12af07,1938,102,0,2040
83377c6cf931dea81ebaad525790f0dec4722e20,64,1,0,65
7b0e41580b02eba6e456e9ff1c88e2de78aafa4e,8,4,0,12
9223b6579b6e63bdb9e72299750186d316c4147d,152,2,2,154
14585b14df1ca30ab815eb1a0d562b14472be990,382,12,0,394
c9635e363e50b679988cac05b98612c648d5c3d2,353,7,0,360
9069f9b7afafab3e5d4ced70e8262fdd5ee0a788,6,2,0,8
470acef866973643c0b2f7473344aa05a6775d8a,18,1,0,19
c68087e4f52c8fae746d6a75377cd4f430fc9a35,2328,116,0,2444
8913a760e258dbad6fab3d8790a8186d4e8a5878,1778,32,0,1810
530cb3d10eb127c09eae0e9063cd22ca51bd8312,1778,32,0,1810
b0e39ddcc0b1fa8170089958ff7a16555df22784,103,1,0,104
70df3ecb31963c331d77d461eb0d446af4b8d6f9,103,1,0,104
4e26a52cdfb68d2704eff85b0b534c6eb3012aed,2143,113,0,2256
baa275f959dac11e455b7505cdb675bec21ba92c,1778,32,0,1810
48f2df08a60e5f42bc4b638c7192979f1fe66017,4,1,0,5
d1cb9b66ad50adbe97b9876b4b3cb30c16062c18,7,1,0,8
c8f4a31d8793a93d49bcd28600bec7ce90abf8a8,7,1,0,8
c66dbe519802b7f0b8f725460414b203b0c3c9d8,3538,154,0,3692
3a02248a2c450fe2f1b7e6112437904d5ace714b,2328,116,0,2444
96fa5c6f84f4685587235ee584dffd0cc6abedef,417,12,2,429
37230da05217808a61603c7d5ba12bfd09d613e0,13,2,0,15
a970361f7633a7db9cff9d49ec0b10ab454cc4c2,1778,32,0,1810
a7931604e1245796089d894e7dee8646689d6630,5,1,0,6
ad7ae2cc486ebde1bbe95817967be90d35cd0bf6,1,1,0,2
7621cc36f06bb0d42349e5ebaf261be3d8cba69b,3,1,0,4
67c1802879035abe0974b9409f4e3d7a90b0a0d6,246,5,2,251
8bbb9515b3e533834983d6ef43e2dc20f77f8076,2331,116,0,2447
74ec22e8b29e54881d48d7900f1fdb3e785761c8,2331,116,0,2447
0ff80f72dcf8967ea5be30e9dd35a943dc6018ea,4,2,0,6
bcd37935668260588e15194ac3b36f391cee9b52,4,1,0,5
738e1ae0ba84371cc0f5be284e7139961cb49469,1950,39,0,1989
642f6ef6807b996f02712178bf1fa0de441ce755,12,1,0,13
52aa105fc9e14c017105364b36fd20012dbdf5f4,1962,40,0,2002
d65b09f3b1901fb22e4b7a0f06f65d18f0c4c17e,1962,40,0,2002
46bd1bd0091d31cacced332f4d2ae070794068b0,187,10,0,197
40519a5f0dcb97ade59847d38656f7b1b1275ff4,3,1,0,4
c946b2943815b0c54c4f070905c05cc253e67bd2,24,8,2,32
97ce2dcddb80d0c9268db841820988f1701f4e31,733,13,0,746
31d451d7521eacc18ddb23123d5f546311f433e5,1968,45,0,2013
b4766dbf548aa3b0e18d105a69e7b808a595be9b,56,4,3,60
066ed289d7d0f6f408f469ba4e97097dc19cc7f5,944,29,0,973
677b46b9e68cc0f6094a9a6fce86a64599cbda27,5,2,0,7
e116df7a3742a09dbe5e40dc7d1629a373e65139,505,3,0,508
d52c25ef128f6af79a38a51090aba8e947c2c05a,2630,50,0,2680
a187be6b076066f780ae9218ecddd6026759b7d0,2141,35,22,2176
f46fa826e857063dbb77de1cad8920835d838e78,601,61,51,662
bebaafc30d1968773094da80dd3cadd2ab40c7ab,5,1,0,6
d79fb1f5d37da2bb1b0c7f410085fdc2ef3133cd,772,22,0,794
85c3e7a25eeee6be13ad308ffb9e93fb0279366b,5,1,0,6
9c99075d799355d53543ad02e083a4e1b55585d2,941,29,0,970
4519ca622987e63dd65d0ab09140a6a5f8dd9922,941,29,0,970
89c8864035433f2e1e98e5a0d267b66b1234c44e,15,1,0,16
18ebc657698e38bd46373c0a3fd0adae46cd894d,73,1,1,74
4ac05ae78b5bb3a0faaa92b5250db3251e3bc297,94,6,2,100
ae51322e4efa314ec6aabca30f2975c45b4df5ce,5,1,0,6
4f93abee29502e2950d27f95871791ef407e0eae,51044,1139,0,52183
bf727d667e7dca39f5f6a6a9e37ceac2a185d925,37,5,0,42
ebcf0a47a895edb39e9560003ff41cd437a46e31,732,13,0,745
c340b008b109204e177cb3ecac7a386dd52ce579,34,2,1,36
98872c1ff852847aa53dc7e4e14d85993c063e87,4,2,1,6
8ec2cd27624c41ea89cddac844129aa47dd8b733,941,29,0,970
81551177fff20106df7519bbbddf9b3dfe8a1fe6,5,2,0,7
94c7c4bea2e76358fa9cb5be3683da7ae99e1ba3,9,1,0,10
3d32a9ce82db0f0f61d0d172160c4bffe4253476,185,17,1,202
237e0d905dd0dde9aef621e8faf0d6a67302b7be,8,1,0,9
e6bf1f65f5f52b14c3deade18e9fc7bb78bd4996,63,2,0,65
d6fda79b34059ce7cfb1bc00060a441855658a59,773,5,0,778
1729a0a964fa598a6d85eadce1b16dd2694bf1ab,1013,28,0,1041
9ab33e4b393bb3b507c0d2c714dabd4a4366d832,8,1,0,9
8cf0f602d5f14f86e295a7b1de2769cceae356df,1948,42,0,1990
d01b4e795a0fefa5e5c67e97f173b14c17dbc563,20,1,0,21
cf22d5b0be68148f8904a44d53f8dd3eb38ba1e3,5941,203,0,6144
76b84f95654e358ac1530e63fee1b6ace8c82b45,71,1,1,72
feb02fd7901766fc3f345da4ba9d4fb1136e8566,881,9,0,890
f34a19e9a72e254d553e74b7145c3e62784c67dd,26,1,0,27
15aa4a45bba0ba95847f4664100d107cbb9166f4,13,1,0,14
9f349c1876beb7ffcd264a46d31128dc18b5ef7f,338,13,0,351
524cbc57f4b67b73bb5b58ba93ef57eb6e20a4ff,410374,2536,0,412910
a3028d730e62dbcb467e487487630081e3e58a9d,16694,453,0,17147
548f3b752d4e1c19e8065769d6a0ce89235b1ce5,14559,612,0,15171
b0d86a0559e7ba4ae4d28ebad38fad78ad5bd15f,5912,201,0,6113
5b2fe1f558dcc6784eaec81843332633372e4630,4,1,0,5
32e60c41d8d70878c9dc028ab65a38f83192780c,4,1,0,5
c888a390ab46a53d7a375f5f0b2175002e5d5e21,12,1,1,13
df8455ce030415ee4fcf2a31dde0ad1bfb2187ff,19,2,0,21
00159859f0d670e6c57198165dd9491ffeaff117,1087,19,0,1106
00c33406380ec31d705d55d19d0b1f9d50fd49e3,24,2,1,26
d51f8ab2e5d2e918e50859e99adbf0348f20bf8b,3,1,0,4
109de1c36781643a71cfe9afdc4d42304a3a621c,4,1,0,5
78a2eb9943149cc17e062e563071254d4379490c,6,1,0,7
7f69f01e08b1af1fa6c293ade5114646adceb575,6,1,0,7
a0cd6e528ee94413ec5b906bd8540144fcc7cbbd,1087,19,0,1106
1c60843fd47f3126f629e6bc9b92bc3dc34309df,109,1,0,110
6054dc95168d6997018c5aea31cdbf9edd1f2b2b,5,1,1,6
f94edc0c1091b54f1926cdfd1462c660c4bb2207,35,4,0,39
26906de177189ed965e97d6015be07c7efecf577,8,1,0,9
3e8de9f04a6b7c1d5d5ee032ee53aefbe7769a59,457,4,0,461
1171af72299ab63e3b9f819d617bcc3eacd1be13,8,1,0,9
14a4bfac63cbb61b5a3bd60d791b25441db8ff0c,24,1,0,25
3301b1b27e027553a0143a240484090c26eb7763,10,1,0,11
3a701b06c38c84403067c858e89013c3614be240,2,1,0,3
9113a2f785abe8bfabc08c1578eb2054b3cde71a,1552,24,0,1576
671afada7ee494930abe3141a2591ebb2a8c0a09,24,1,0,25
c94e7a80357c85e335cb5b4a29e1c15bb212c438,5887,181,0,6068
b0e2797d627c0481cb9385274c3369c73e012b45,465,5,0,470
f8644172618ec0846cb499a8b1c267f184859884,104,4,2,108
119be401492158e1ee9dd8581eaacf3cfa3ffbb6,55825,56,0,55881
c85bf1d6a253f063445b1333ce31c97fb97f03c1,95,1,0,96
e5554d942a143f93ca1a439814344a2918977525,54738,37,0,54775
92d6d1e7f7a71b9257a144bbbe5744d304257707,138,2,2,140
b15fa45044aa6a91904f0f1687356d6dee749498,47,4,2,51
3a7fda90242e401abf3bcc7778f71ac9cbb29ca7,0,32,0,32
e60b5c4735c114368af65e0c62b7bbb99faccc9f,87,1,0,88
83a8857e1ea10fc38019550bc2d4e0e5030016ce,55029,45,0,55074
d38ea09685eb8e04aea4426767479a891af4d21d,23,2,0,25
3cd9de9fc5e431b79167fa89239bf17ba6cb44a8,11,1,0,12
bf42eb5f0beaafa75b781833b5c1437a317cb084,8,2,2,10
988bddbd8f91424566916ae25c17b92cf30f5771,54671,44,0,54715
245f892ce588b52de8c3b26f131c2eef28853be0,55151,51,0,55202
7827546b74d6d59816a30c204efbf778dd8b5675,649,19,0,668
ac8e8bd31be5bc241a1c936a8e532b7b87cc803b,257,8,8,265
2a70c87cae2f13db747148812b3856f1ded10a02,655,20,0,675
0f32314e43cd24056c9e669b547992b5ff1e04c0,13,1,0,14
f5e0fc42dc9461c22b0b7a335a1fed91e446fd9a,375,13,0,388
6981534a854a48e10476aeb8552b0fff2cc37cd8,1,1,1,2
4399a3f97fd822ad35203997221d27072dffab54,2,1,0,3
4bcf80806f93170039b1fa2c30742d7d67a50a23,7,1,0,8
516263d10849a6f284f86b6bf740169539f2a457,176,1,0,177
4825d31630c846e2a0371bce02b415f3a5a47e7b,33,1,0,34
04c3c422918dfabd67fe539e75a2c635d8762334,59394,196,0,59590
7593282ed2cabd2b5ddc1bcf3ecd81b9c6a0eea1,655,20,0,675
2c171363408a28bad5d942b3d80aa4f3fa2054df,55373,55,0,55428
3dc8d31ec608a7072e23f0de3e9f033ecddb6de9,28,5,0,33
177a7877e2c9d84c49d72e9aecab95c956b55bde,1173,46,0,1219
db6c703ff217a8c5ddbf2c0f13c71fd299d770b1,59039,121,0,59160
ef3bef9305ff68e9246f479d836d43d1a9de6067,2,1,1,3
b1e22887ce7390224f22f7690190fcbe1dbeb8e4,2,1,0,3
5e4117adbb48d459787399345a638e5896b99af0,24,34,0,58
71c51c39593744ccf11e5ee4dd3e1e03204eeff6,57379,99,0,57478
b229a2746fd67b0d96c8a0dd815ac9cad3cb5d05,38,6,0,44
e94eff4eef36fac7c2d97636c2dcfaac05e5c23d,165,39,0,204
50cd3fc96071e539e43f9cd9689cd34009469d3d,4,1,0,5
4263222a9b5411ff5eae1dbad374006f6f6de475,169,39,0,208
5debfb09ebcf361bcccbbb85c402881ed9447867,2,1,0,3
42960f8b76127adf246d0844df3d8466c3fb5e68,128,10,0,138
d7de033cc49c44996a34fefc3ad399b84fb7a100,0,1,0,1
dd20d3fd75f004079d0507808cb319def46489a8,496,51,0,547
daa45b05d0495eb32026cc7bc4158e8763b9b4a6,55428,72,0,55500
cbfecd098a6a652c48b39d6aa8936eda0b0c8ba4,2,1,0,3
12441fd515eedf00717afc6c8f16750899ea3861,39,4,0,43
c5a36ef890eb88c3b1297b56a97db6a76480a1e0,11,1,0,12
98500817906dc2b21cff7370fd916b9009f5512f,38,6,0,44
2b9eb933e5b40958c7a6d6fe6ce9031405cf293d,17,1,0,18
8e350c633e6e8ca90899fbdc1230e0466a4057c8,15,1,0,16
af029e80a7d9e7d26ebc74c5e1f6e36592b8728f,369,18,0,387
4899fd60c6ce70bb1af2b1d40fb3d9783dd37dac,7,1,0,8
edfb7a878744f7578352c7136a96915056b9d7ea,8,1,0,9
7f840af883c2ec9630173b4a5dc7703f4403b433,276,31,1,307
791448b5c06c5aa03f426c81767ae65366bf55ac,5,1,0,6
b0ebd39948570108c1f448204ca5bb8a61a444d4,15,3,0,18
32dbc5eeebbead3132c80cafac0f7055f8909ee2,36,2,0,38
32a18b96b23d7b555f00357f659a05e9760097fa,3,1,0,4
f9efdd332f4800feb18aaf546d528ef28f556f2d,3110,11,0,3121
a1fd1a7ed65d37074e503c630985749f8b6003a2,6,1,0,7
695db568b3da72de3ad3daab849274e435b614bf,3,1,0,4
d80e26bc67df4c68b967fafe08c07f337925b72b,0,1,0,1
8b138651bf23171b0a1ac98e92d1da1c5a83d7c3,59538,141,0,59679
53a3b35d830d29f3bb43ff99bdb2b123fdb8a10c,50,3,1,53
9f7184278007c27b2c29e78a9f5edf9cbffe036e,177,11,0,188
fd9ce94d4895a3002b51cbb492b8c5cb40301070,20,3,3,23
4150cfe6f3260d4ade4a639064fc5ba6eef297e7,55,2,0,57
f6c7e2cc0f299d6f9452e05d013da7b94ae0927f,232,13,0,245
8e084eef3db5630e8438cc9e6a7db593cf5db4a3,3,1,0,4
16d79b056730d8c940e39b04a12575d2d9dfd981,92,5,0,97
55384906651ab23f5490b1ad9683fd41d9376080,2706,38,2,2744
d3354f5a50a4e3b3a4b3929328b143b273af2175,55,2,0,57
901884f2177efbdc2cf20dc32e3b02b842fffcf7,63,4,0,67
4be0eaa521fae9b61cdc47e4d8afa7f95ba6319d,3,1,0,4
e92decb44a06a5c96a70dee92cad34cfd6b5d475,161,4,0,165
08920be7771b4e1b23494ea369d9ce3cdcd91529,4,1,0,5
dc3ac0b770b9ae68a473fc1b93a1b10b8db48c2d,24,2,0,26
8201a051dafeb5ae250744dce5277fdf86bf8d9a,293,8,0,301
3fb3e8a6132254da1f88551cfd5a5fa3da71529d,725,19,1,744
2c04fc46380c5d7d9df08e7da0949283484ef642,677,61,0,738
5729336fa2825e44f56ffa234ef81ae76ca164f9,13,2,1,15
045995457207a23131c5151e9018b1bb737be46c,164,16,1,180
8a38413b82ef600372ae11331689f14f9508a7f8,8,1,0,9
7178030ab6b325418c8b788556e31e42c8ef3080,954,70,0,1024
a2e9eceb6072c29d87cee9a1b3d4b69994973598,58,3,0,61
5dd42091b822334ec8e601a7a6078fb7f7a2d2b4,3,1,0,4
3cbb8418efc03ce72a3b9e7b11635bc9f832b66f,273,19,1,292
e566c22cf6222e504519fe7190dabcf3aa879462,2,1,0,3
4292e66734d3e457860ae5d48010216052e0a72b,2,1,0,3
096f8c66dac1e1da92cef2ff412bafec0de2546f,8,1,0,9
5efa024ca49fa047a66e76106d6df51e5c0c01cf,18,6,0,24
54bfa468979aadacfa96dc3a3b93f8577387c625,16,1,0,17
6b758bd2ab71444155dcb29c8681215c0a6b6801,2,1,0,3
9745102c52f8b34b4496960be7a3712e2bf1fc84,49,1,0,50
763d7f2987cf86142d837bf499c5e7e3ab3dd88a,49,1,0,50
976cca47fe8656d44e088359cdde1cb197299cb2,13,3,0,16
abd7aa5db799a3965a36ca09cf0cfa92cb71d328,13,3,0,16
f36e20ab883540a5d925a362f54499cfd3ec8cfe,10,2,0,12
aae116787ec4c2ee39cfdd4b06a60e3f2ea43136,2,1,0,3
1774a252fc8a9a48e13c321b5436a27592412255,0,0,0,0
f4fdd76947e353c5339d905fafb318daf1088c53,13,4,0,17
33d0a321d1f3fed6b77e2a29a040b3ce4ce46b8b,2,1,0,3
7cefea3f48b9bce8e33d1cdb78d021dda2767109,135,2,0,137
2735077c1a0deedcffee496065b804e10a57f885,4,2,0,6
20ce9c955cb57fceb9eea074d64a7498c582f4b2,40,1,0,41
182178f630e7eb3923580a7d0cd8ab630b850d01,2,1,0,3
d01d15211e1f00546fa1c379b973e8459150fc4b,2,1,0,3
6deb28776a543161cf5ee18f8b2b6274069fe325,137,6,0,143
7039756e37b0377a3f3075df43fab55f074b1b67,8,1,0,9
92d9b43286827bd78b4292398d191e0ea9eacc15,2,1,0,3
763d1b4c319a5259445e587ab2d7983aa8970bba,261,21,0,282
b919ad38b7f442bd72c95c0a670bbd9a8457cc20,328,11,1,339
3a30c7020cffb5e894c95e67adb058ed34bf2e9c,20,1,0,21
1b6c7d45cd773f0cec3351f8e3aff61b3e53580a,270,10,0,280
82ff0b6cac58f91f7ca0911396ae7430da312312,20,1,0,21
8e37c85c9c4458afbb966e6830c29fef50a94b3b,278,11,0,289
01f09d3d0cce7e1793caadf212e1bba8c74c44e3,2,1,1,3
12d48be5769084b841f344a44fee8a904130c06e,6,1,1,7
686ffb8cfbfbe3cd59234bb5e22fe5c2face25be,268,9,0,277
9d2ee70333f7bf004d4fee779fe81c38afa5d502,429,10,0,439
fef8f4458d839be9309ae3c304906d28d8106ebc,429,10,0,439
7fa85746164da52121ef2cb3b7c1ebfdcbaaabd7,429,10,0,439
b3fb88fdc7925648517da8a59bb46460673483e0,429,10,0,439
9131cd814a6bfbf328e76c039066bdf95d04bc91,8,1,0,9
0782b24437b50ecc32821d0087d8e97e587b43a8,6,3,0,9
d7e7e61c8c0ff5c5bd7ee6b12fa8a16c2e88a000,443,14,0,457
8be717122240b44896f0846778825663f40c7dd8,6,3,0,9
ac258c37a0756aaf741616fc29d2101408c7b01e,47,2,0,49
bc6ed2fa48c78d0da4860d14acec11719ab7f168,504,7,4,511
3e2b657e45a060ac1a66eddabd43ddbde2fe012e,1,1,0,2
00a33825bffa46a0d9d2bd90cf5e83ef2b04ff18,61,6,0,67
a43201a7b14d9352149b5044bd17d5054cfd91d8,47,2,0,49
eb5295deaa6b53a3e2215a57441acb223196b086,2,1,0,3
7fa7098680bb65eef1ac1cd03b5e5db0d69e6bea,45,2,1,47
dc1525741acb29db6fe329ce97d98cdaa3b72817,254,4,0,258
5f8944d6b4a76a084e02e7a0b8abb90795452a84,148,3,1,151
a87e8df41df07e79a7645b1a5b63a2907b0b8c72,3,1,1,4
e3ef3f56f1d0d455307f8f8cde38599dad213f36,644,9,0,653
489aafd0e1f881ae2d1f8ecbccc2d6205f86530c,261,4,0,265
7af2dc60b1f44c5fa9cf50ff02f197025ff3db2c,1,1,1,2
7d70afc6b96062a0ebc9ebf9886c59c78a6810cd,1478,17,0,1495
914ccf6d1698e8d67ea232c64b822ce2fbce735d,25,4,0,29
6dd28e6728dc92cb36e18d0edfbcefd3c0331c26,63,1,0,64
52f3b92761906e0ed13805c3e6c962a48a2cd27e,10,2,0,12
6897b28fe121295ee6df7b6439a29793f126bc54,48,2,0,50
50095e3f962f8ba1fc3bb510ada30c785a5ed6e9,45,1,0,46
3850861a16b5de2ca87d83ed77395cb2301f3db2,24,3,0,27
c8363afd99726fb12ed23a20e4f813874f332b7c,6,4,0,10
6ac7c71f9a55f4564e1d6f39abd7cbe2f9024a2e,16,2,0,18
d749a6d27c3b58fe322e59072390f883f71bb4bf,6,2,0,8
75d863188a48421337c217fa6394174fd09924e0,47,4,0,51
510210e4656bbd5d5b7e797cb0eba280dac34012,38,6,0,44
545161fb1a1669c2e64ede040427110bd3efb95c,6,4,0,10
97f9d280519b57ddba6ea235ffc5f3b0843970af,22,6,1,28
6a14cda9b2cf109c72e6928e480cbdbc36e6c977,2,1,0,3
41a7f7b82e764ec4ae795dc74b407e267113c4e4,11,1,0,12
a539744695f9066eb612d3662e6af849ad7d03ae,40,4,0,44
ca29ea55b835b33b76991230d1b4312906653a00,85,5,0,90
62bb0f54bc5dc801e9f033af9e914ff4cbc687cb,2308,41,0,2349
3ce96f5f7f175d2ed18c12a8a7d59e0e39ea69b8,2,1,0,3
2915216af067637390b18369367b6101a1bd84ac,2,1,0,3
bf16fb868fc1e3351c7dd428aa760aec76f98dbd,6,1,0,7
46070ae6bf5d287a32bb56bd390cfd1dfb50e629,444,33,0,477
b7ef33ecaa25357b9b590efdc5e66f2ff7899110,648,135,0,783
7de7105e393d5158026254e8c7f7c19ea9f2a243,468,8,0,476
84131d91563ea7fa0f187cdc5d7e455df8eccf61,2158,14,0,2172
f84c74bfbfee9477024e8b22a1f84af0260adfc9,115,4,0,119
ea8c6fb11dc3e40739255918a42ec177c998211e,317,3,0,320
8bbd6c8998534ca616be522673d12267dd3af91f,35,7,4,42
02f84d3bc2a685b21b16b43095c02a2f304f9473,841,48,0,889
bfc9791be5e15d381da48cb9cddcb2280b224ea7,6,1,0,7
e524c95310a184f580788e0087aad128fec819d1,4,1,0,5
5e12aae2c44782ce40d92152fa23f0942c6cbed8,41,8,0,49
1b2e5bf766d658810206dd22421fe767c0d09423,20,3,1,23
e484f84154cea289bd134ad81d421ec6341c420b,1085,23,0,1108
cfd863804e8da72a566fe6f89bb6eea6dba810be,163,8,0,171
ef4df63d2ea89122652052a2038c42d5e2ad24e0,2,1,0,3
ffe3030b652ec6018caa56d72f1e6569c9e4fb6d,183,11,0,194
5c6c99ed922bd30c0af303999586d11c2eba0964,1185,15,3,1200
141cfd82ad05a83efbb004ae2656c973c3e0dc37,89,31,0,120
37de93ab1613485fa3201c384ac05781e4336f77,37,1,0,38
e5168a39bd8c3a85ea02d67f9479a5b4e0e71c58,114,7,0,121
8af5c8c4abeeb15e2db5e275b93fd083cc4df158,140,33,0,173
b4106886261e9e9169f1c1417a409e3b0eabce4a,715,21,0,736
58fcbd8f7d80d98a38120e47a21c5df623f19719,231,12,1,243
80451f733f060e0ec056d3825612f7790745e88a,2038,86,0,2124
5cc922ad0d6e3808b0ee6b7af08b762c680f9d01,151,6,1,157
4788fc044388271d81401b5b1e2ee3c50dadea18,336,10,1,346
3fb741c7728622e7b2d9660e6b8724dfc043d5f4,248,3,0,251
83fee21f7958b8f32f02a76f28a8443a2253cbee,183,11,0,194
c745f48ec9755394485f4a4f3e1f9802b71ccc4b,319,54,0,373
ec41e16adf5d89063466dd2fe91d1af25ef20d9c,95,5,0,100
b8e5bf8b521912f10f062efe4a53c105ca122c0a,1251,16,0,1267
2de2bf3df38159dbef00fc1d42b1e9c8b8b447b6,140,2,0,142
eea7e5d3b06edac50baf29b71577bd6406eb5781,2,1,0,3
835bb9afd1cd554c8dba70d789bf400621201b10,382,116,0,498
f224485663b95438c55000635962d5572f268802,179,2,0,181
8c025d12bb23c99cbcc22e8310a2781c6a952fd7,113,9,0,122
fea3984678ff3d9512c192b42dcafc24b9d744b3,123,10,3,133
0195e02070fb664c825b5cf5c7a07f64525f4177,351,4,1,355
3f677a45cc94829cc26b383fe6e1dd4539877a54,6,1,0,7
6652124ec4c248f310e63648c7aef2cbb47bf970,7,1,0,8
5c80fdf46027196b6ea67c928b48d4a079ad2f93,2,1,0,3
3e15f6b75900ffe64acd719b2d128a04c88358b4,6,2,0,8
ed6b7ba00cd1d1a90dc0cece250c7e142546ae64,6,1,0,7
8ee877fbfe4ae6aa8d64ab3df11afbcff85d562c,2,1,0,3
ed04e2720000c3ece825d2fbe6cf15599add313d,2,1,0,3
fb9c9cf5edb8e956e18368e4a02d24a21a4004b2,4,2,0,6
f9a040130085e4bc294e21c06e16de88d9640eb6,1150,25,1,1175
fb6256a9d0d4eb0bc711469a75592d7b0cfa0dd1,215,5,0,220
2fab0cb4bff45a538239764cfb3aade09a77c1ac,264,15,10,279
3e51a3bf5f7791fd504fa3d17e0ee8803f875806,2440,33,10,2473
0c3684fc3edc443a235765dc0c5756679c3bcf39,332,8,0,340
d1fada80edce51eb429b7a46cce7c691474853c6,117,2,0,119
a2bcbfb6aa5e37bc43c5f0988083d0bcd5edc16f,40,3,0,43
e94ddb1069ec1c9be2c025755a5ad4029911edec,7,2,1,9
e9121ce9ac8a0cf8140937aa0546fa2e092bf4e9,316,4,0,320
d5a5a4eabe1eb2d0a91f00fab518131286955b3b,66,6,1,72
aa983df5f9b391f132377ed1ed6e9d3c27fe8a7e,22,4,0,26
e399973177568de7d1763b3c60649423d2bf7a00,375,13,1,388
3f6f4ed1cbaae49506aac84114143be453d03e9f,2,1,0,3
76a281a51b054adf8bb2b821841038d0bd0fecb7,13,3,0,16
37d322d00c3de8c0cfb50fdd66412e07826275bc,9,2,0,11
c17d62447dd2dd0f00c368c009e94fe96be1b4f3,1569,4,1,1573
36673eea7e0b509df407b36151713900c81823cb,1,1,0,2
e4409fc737778dff7e7c05f13051c8d4b7a575b5,1,1,0,2
37d77fe6381a3c83ead894f7422786799bc490b5,10,1,0,11
6cb0a7dd2cdbb99af7af66b7f51572635fd9d3b1,252,1,0,253
5a9410f79ce9ac4faf387f7c7f30a4efa127fb9a,48,2,0,50
f12ef1497287d715622d15e1ab1517e437bb8484,2,1,0,3
8fc5e627a2ffc18c0901e5495ad8c5542b2cdf81,14,1,0,15
25b046f2cdcd3d7d8949d347a52e26e8fd1e195c,61,2,0,63
5d63454eb9d581831ed6cbbcc708c4e19c3f9557,60,1,0,61
04fd02870016e43a8a09db513a3bfbceb57a7cf7,638,18,1,656
71229b35967afa734174d2d060d8e45604ede890,475,3,0,478
d0261753e059ab5c605625a01e258034c46ad899,1080,12,0,1092
269d7f4f49f982fe8e4344587587118a9a95f47a,483,5,0,488
bb05dfe4247e23211d63c1168a44f806bf65e23a,47,1,0,48
09708a863486a22148f488483d41f2e60d0e5043,7,2,0,9
c3c9a47c49fc00ab3f3256af34deccb43bfb6f0f,2,1,0,3
ae98c76e766544012c0f525befac3a28bfa8a8c5,531,7,0,538
f89869141f7a8a142e17b5c8574864d7edd716c9,151,10,1,161
8a3cb36f2a1c7fd3222ef46cebd697856fa9b0c9,51,2,0,53
3f63f0291bb8dcce8d64c656cfa4085dfb8ce7ed,214,7,0,221
2ab5dec2f5b5de76f0e56cb2f684e3accfb253ab,84,4,0,88
c650cfa914315a795daad4b5b9b285c5d10113b4,105,8,0,113
b617a3054a37a205c6e6aea7c4f42f38d00d6ee0,150,9,1,159
18bf85bbba99f5d842fd91699c66477017e4028c,288,5,0,293
0e13841f83912ab3ee335ab2013a6da1969fd984,19,2,0,21
2ad2e2e7618468cc80844753835ceab776c97f3d,56,4,0,60
a8d0e0f7d46ed066d94ef640395c72079e0576c2,821,11,0,832
8f1bd4963b6f22f539f7340f896754ca9f53093e,821,11,0,832
9cf7f32356f85810db2e879fc3af7e9cf6c20210,821,11,0,832
e2d293263b099a22fd1aa3080b6798d2782711bc,40,2,0,42
d72167e3fdd4f9457c7e8c11611f9f1b32fa86a4,156,2,0,158
21050d84ff5372c01c034620e7d364616a67479e,2,1,0,3
026a73e9952ecfe1767c10872eef381f33e51111,2,1,0,3
9eaf894e4790be30bebe24832027a367cb2fa806,1276,19,0,1295
e57d2c22e8807fffac653f0a893cc2e0ecaf4cbd,446,6,0,452
f9c958ad9b4d73a0d19ec0a1c88f9475bb56e7a5,6,1,0,7
68d3d77e61fa426bd580f1872c76d9aa635f760b,6,1,0,7
b5cc6126c6aadee2f635479ee5c2d46172e7fac3,667,12,0,679
7b36add0fbf89cbcc53b453e6dbd7d1460e8872f,50,3,0,53
f2109947ef38c670d3966a671238d95dcf09d1c9,285,12,5,297
6bd4e39e4c1bac7ff46b63d4066da0e64c627ad9,508,11,0,519
0686829c14eee5395eab7d33c48a5527723cdcf6,10,1,0,11
9fced8059a144e533ba9d811396b23c870ad6a16,6,4,1,10
76d3242d607bc46bf35cc9ec7513bfc72ded3a96,12,1,0,13
e24613a43885861480eedace4273c838b1fab528,465,20,4,485
046d4d0206f2622ae3f29b11f891c6ad0912c558,6,1,0,7
242bfdaa9c8fb8cb4c7cac01c1403d0b89c41f5d,2,1,1,3
994d439bda2abeb42512b031440aa23917f213e9,71,2,0,73
b03cf1a6f481d814ef2abb94239ecdbffead5cdc,253,4,1,257
6df6599f62f389ff1a9647787e5a4d9b748b7c16,161,4,1,165
ec6f2ab5a0abd9817ee0d8b871cce5c8c732f7e9,10,1,0,11
e66f0c85dffd1b23c5ebd2eeffd852227ea5d925,46,3,1,49
182e23abd7ab0506e5af0066dee1b71f6ee762a8,14,3,0,17
0a4f2981eadb59d6cc69b710f7f99a914818bc77,40,2,0,42
8c28ee5b6e420857617ba98f155476b227fd08be,3,2,0,5
0b72043583efc8069333877f607ab15b150e8697,58,4,0,62
01b467b399bb7d28665ac51eaa6ab3b128baa43c,36,1,0,37
d13e6f5e1f13fbcf5b27d2e8f82829a34a01f3ff,94,5,0,99
1d74ed6a0f22c282b426d226fc4b9b202fe62130,94,5,0,99
468a36ad06b40f92b4524d68a41b37f76a640afd,0,1,0,1
c437e2011beb4694ffe761366721502a660789f9,79,8,2,87
bc45614c2b4a3a3c6bdd48f34118a0ebf39794c0,1668,31,0,1699
b9ea3fcf779a4db8f7fc4d76e0fa5ccff1c9d360,444,13,0,457
77ab1aea75f6f86d16b53c9f9def6ff1a5ebc015,342,12,1,354
c52c4e62c82730b8a85b16b4c642072c962fbc60,1668,32,0,1700
c5b73b128d9142ce91b2da39b9e110c7bfaf8759,31,4,1,35
dddd11a06a180aa2f0a0c006223e96900d4304d0,1924,40,0,1964
5c229689ae137345d6d227ccab183091cc14a42d,70,2,1,72
4819ba46ff8bdb55ca775f2146db68edf7d3365d,152,16,1,168
c6fafca0391a12b7b5c24cd8e8a478efff5355e4,7,2,1,9
c73358d5eea9b751a7a265626f6116254dd06eb8,904,6,3,910
5834dceefa1143e3dbfec9eeed74337cc5c59d6d,1924,40,0,1964
ae49514168a145ec3b94dd4f2f40c59f17677015,67,2,0,69
3e6e124ce4fbdc109d43470b8b6427b59423228c,166,4,0,170
84eb592610cffa012fdd60a226a239cbcac9f68b,15,1,0,16
86894458a85ac12f88c79adfc5ea7e012091b75e,39,4,1,43
a31c1a35ab4db558820510888fd891f9b2219aab,174,24,22,198
03c6d73b152d0f855da81fdee48b42b413e5b350,3080,57,0,3137
3c49e17ac7fa547993b76ffaf4a8ac6c916248fb,52,2,0,54
0703d66abdff89babe1dc9753405d085cfc54bc1,15,1,0,16
f8cddea056ae4270f10129784eac73d552f525f7,2,1,0,3
9b1b1b15e9a748e98f2f7d8809ba8f08318f4aed,2,1,0,3
dff670898654d6b3e9d674e2522d8af13f786003,15,1,0,16
eaa45e42a37984c5677ed53a9224ccb23c9bcad5,26645,612,0,27257
0745287a8a516c45d9eb35b7ba68c62c682b35ca,28,2,2,30
1e90f79de5436cb647b1a95bab4e5643b9792e80,15,1,0,16
b3bf997747aaba15125f034a18f67de48fe86f0c,70,7,3,77
00a0d1311c59d472e6724251508b0e8d2374974f,49,2,0,51
a15b28c9110820a786f886ebb1827c7ef0ab3feb,10,1,1,11
815860aec67917a31d49761c2acc7fecb056e359,124,9,6,133
a01c6f877d32e133926b242228c2918c9f46cd1e,337,23,0,360
826bcf426ce351c58227f1322ec82f58976c8822,26650,609,0,27259
ed0058ff5c7d4c15dc5e577ebcccba7818538fca,4,1,0,5
f8d4294e5a55a6507cb80e3ee82ef600f92adfa6,12,3,3,15
1a008eaf7ed9f291ab7b3e032a184366ed1219e1,5,1,1,6
3a3ed00fae7ab46982688e491abaad1eb20511ff,0,0,0,0
58b2bfd12e6c5047e95aa1f693fdb812f72f5f70,22163,272,0,22435
2d04dbc02309dc62a82e7eaa28a148f2f95a30c6,64,2,0,66
e38bededbd944cbf39f5ac0ebd108f5aeb4635ef,22147,271,0,22418
27c714d0b3a07fa440b0870f93f3c84a7e96bcd7,24118,311,0,24429
b1422afc281a52147e08e655cb75107928a22a67,4,2,1,6
56269ed9f6a3d1cb8b573022cfac77a28a31b05c,0,0,0,0
b7ad75614f4cc7de95851c818502d3d594e56697,8852,63,0,8915
64467e18b55c327f405d2e21fe55d5f79c0a8140,15937,214,0,16151
37edcb760288b2bf896cef0cf8c1d22695f2e10b,11513,102,1,11615
ba958022cf38075ecc213b98afab5add1a3340d7,7213,563,384,7776
55396234e600992c75fdf7991b7864ad11d5cb2c,2,1,0,3
b655e2ff903488e7167b4be96428cec8428e712d,661,557,378,1218
28c9bcee8ce41078e1322c1e1c267425502d1273,42,12,2,54
85f8508e85f49c2d754ecda96a916182119f1254,18,6,0,24
a44665d249e500c838a0746daaeff468badf952e,4987,478,199,5465
17728516ac6774eec8d46ef2125bb645b452a4eb,598,478,199,1076
75eb12b3a9be6eddf88c8e66f1a82f42a67988e6,64,21,7,85
51f28032f33db01cdb4af48a8a7df273e6f593d4,20,14,5,34
1e4284673008bd05097cb2561a3338013dd07c0b,36,11,3,47
ceb000e1f81810a6e73d2037a88d2d4f18a6b767,14,4,0,18
871b0d699ecb9e1097e39ec54f1bc5c8e1e1a261,148,35,13,183
395438a7e6100f5a751c08e87c4dcfba21449ab2,79,18,5,97
d0409f3c1fc9518d832aa0b626b54d084b88246c,721,74,21,795
6cd4d8cd96024d3dcee6e5abd7d518402317a1c9,3060,700,514,3760
0c02a0b22f407c721d9b2c1f27282bd9a04a3960,1278,700,514,1978
e6cc5adc01fdd8f53e8f37aaef2454a7b9c023e5,21,14,0,35
95c7d6533d0f6d7451ebd49e1a41c2cce9d0bd22,108,17,1,125
99d72415da14fa4d22ac8e0eebc49e59515290de,26,13,1,39
ea790db200242fce07e19e6ca917662081b4dfc0,364,66,20,430
1782f4cdff3f6b7578209a336b953e3a5a8e5588,474,75,9,549
ae64d3320261e483873a4fac44c0c08f3ee659f1,138,66,8,204
0eebdb2d68fedc69144299903c6756d2531579c3,102,35,12,137
7e4f25e0035d2fbdfc4223db9194295700c864e0,62,33,12,95
6892123a543901ee13a83b5cf06853d7399456da,1434,150,32,1584
a470c222871b1592305bbd88690bdc1ca70a920f,238,139,30,377
ff35775809748a152b2ece11e1d1457aae486696,229,38,24,267
b1ccb88f0c99f5534464391816bed65f1dad7c87,63,33,22,96
8a195aaa9a241c7eeb3a78fc6dc9611ce8c366a0,963,145,30,1108
db839f5231f6d48123c84d9ee45d00f3b0ada32f,274,58,15,332
97370c568d6f802502285a1daf6c07641e95a58f,268,140,35,408
fbdb8c986d5c0dffe658d5f2d29510074c85f426,368,75,15,443
033d7a965e685b51b554accda4f7bd6b17306a20,98,58,13,156
05f454fdb1a4826a71800562c7b1aed21a3cdaa3,249,30,4,279
68ee94b17f30def215d821d37225903a2d11971a,60,12,2,72
b00a477b109e6f66fe774c329f73d73139ffac08,3172,269,104,3441
67e6427bb57ddfcbeb42ef02e7397399a76b9dd2,735,262,102,997
bd72a8359f1d74d1907b873d8e073d91fd47cf45,2449,244,44,2693
03a2f1700fdba4666064e5e0b3e0f215ad3a4ed8,260,173,34,433
4b0c48fc7d1845ebd04770f9cca9c7d7dcc91650,3611,334,161,3945
1191a02e91ffe7e2e6fa82c1532977b6cc924112,255,170,104,425
a1c399fc64ed366e0cdef45ab62081b7d182dac2,288,69,40,357
6788d352877f85b697741636b2f6a54ee5c7a1c8,92,38,13,130
23ad0aee22c56a496d7aada303f926d98ff99749,77,18,5,95
f32db412f6a6b048d5125f47d38a3b71f8a05176,44,18,5,62
d58448ecd1f05aef8ddf85f4b64c9fd087349010,101,28,10,129
297b79a20f52928746e25056d3ea699637f6fa59,64,27,9,91
91006e0ab2c1eb992af9f8b09647455478e5ddac,98,15,9,113
c90840d20c2415ddb5d4576190a2b8fe29c514f1,24,7,1,31
4d0e5c9486e55083d87983cfd2e1754d1620a84f,1021,44,1,1065
57aaf5dc6281440c3b22cd4d69eb56c324826f32,8,3,0,11
d4b490e887f42e28020852ff35902b1128bcb094,45,4,0,49
914d21ffcba7cb25bdbc6e4645f1202f96fe27fa,42,6,1,48
339aaf032c1cf3bc8fb733225a2be42b58125d93,2,1,0,3
9389b590f84cdaf40833fd0eaf03ebb8343a3e7d,40,6,1,46
ee6d7d3b52f96bb881875cfbcc8d24d3ee4dc7bc,5,5,0,10
ef141b75afc40775e32f6419dea76b68f8b229e3,20,3,1,23
5cf251d36d7c859edfe98b9c7c2b9eb9eefe52a6,6,3,1,9
aac7221151e40cc5a5fea432f357f8654928ad9a,86,18,6,104
a789f531491100acfaedf31bc2e81f0864034d07,21,7,2,28
babeb2dc02228ac163aab2e9e42577d5ae742e64,90,27,12,117
8b884106cbf3d77e374f6e90cdf3bf6a6714cc72,524,120,20,644
581db9282335978de4521388e5f7cc351eb38f4c,112,46,7,158
e251c7b5d155beef42855bf81942f5bb33603a3e,8,3,1,11
c19c40fa49aa1560f0b86e6158b8cee861825dff,5,3,1,8
729f7a02ecf803397e63062576ad8acbb4cc46b7,120,24,11,144
db276fc8fb78c6d759c71d8c038f7041c0bfc531,54,10,1,64
1cab606bde896b9f7edc2ac933723f4d817608e3,64,29,11,93
ecabcfc2ca9d73a1f734009615c7a277fe1c7243,232,31,4,263
41e745aa7f523a7f9be30753d3afed218261ae6c,186,27,0,213
a919e7aab67b6c802a1fb3925661f30a2c7e753b,73,14,4,87
1bb052952c8e2f8267c0938c05ce3a3b0026c9b6,32,12,3,44
6e6deb2c433b23188a42738583fe64f8f80b1c2d,46,8,4,54
eee23d2ee702b1314bf9784a1740ec4b556f79fd,21,9,4,30
922cba02cf3ccecab5af7bcc351103f4d6ebcc76,156,31,3,187
3a5a8fa2af1b891bd9572feb4b4b19cf044b1002,42,17,1,59
ccb7d05456b81bb3176345ae31fc8e870765dfdc,101,19,6,120
a2aa2acda928a4230c6a9638f67441cbf912001c,38,17,5,55
028290ea54f4f5c680378bba63ff748a8be20eee,12,3,0,15
d37f084d099eef490da719b0dbc1baa3a0fc2a9e,9,2,0,11
27215947bbe589cb66a1d78b539dbc881183bd26,20,7,1,27
edf003a9397c5889f1052aafbdce4fdf93c66796,11,7,1,18
56f652ac4778823536eeba1d36dada32abf430dd,212,51,19,263
c70d690e3c859628a07f464b5a7435a2b200447d,61,39,11,100
f068fb49b12ffcd4583bb654c8b46750a567d566,132,39,26,171
5e29365e47bd5fbbe7c24f8daeaa1b44d1d37421,84,13,3,97
1d6e63734d4c80f09c17fc8dcdd939c0c0dfc527,31,12,2,43
902c34495cb3d258ad62161dc5c9c35ebd6a3e2d,212,22,8,234
87240b756fa516019471d7b2ec3913ce4ed58276,50,24,4,74
5f96e29aeeb5f2c72b08f397bbe0003b36117f47,876,263,112,1139
23badb37d779236ccb429e704b4ecc15f2e6ad5f,1048,401,192,1449
a535bb6bdc7d466dd13cf8508a0162f1feb75578,890,235,134,1125
a8332c4fd6ef5618094188395f27db096e1ec866,536,156,113,692
4acdc3f4df19114d4439bdb9f40eb45c4ad09e2f,196,53,20,249
4bb819f68fae80d7aead7fca4b1b8c59834729d3,1018,229,144,1247
e8d551b4eefe1c4664156b920f89f7e5848acfa5,848,155,60,1003
2196baf74df90ad3e7d66f0419ccfbac9b3fd016,228,80,48,308
9b55e9db5f9f6c282e5f5b997b4ec17069d62039,376,103,73,479
63876a78a3c352c6d239fd0d12927392411aefcf,376,103,64,479
169c7f34d7335a94dd9551b1ef016d5318c42799,580,151,100,731
099c47ac67bfd576768a14cbc3192e0353c7c0b6,32,16,0,48
a33d0058525f9570ae405719f86ab3739a6dbb20,150,45,10,195
52f4f22c8d7fa31a0e9ed2dd8463ff98461002f5,35,8,1,43
65a8896edb64999aa6652e1282d0b4e01978df35,18,8,1,26
badd5113c051fafce6bda43fda023d9c2b8c1a39,80,11,1,91
493002edb8996724ca147267a9c6396e40f513be,24,10,1,34
16dd5d98d5d23f34f00770a1df1e2a927a3b8a3a,1302,155,94,1457
28d49abaace936dffbbac72703d0b8993580296f,700,223,102,923
a110cf173e4efbf21086f131bbdcd682093f1531,134,24,10,158
59c30df00a3b0dc91eb99fe0e8974f6192ff9671,476,79,16,555
e4afd52c087fc560bf396698c2412e27f358ca24,46,18,2,64
e18e07b60db5aec277c190d2f563a8de4acb2fbe,290,22,4,312
1ce22355c81e23a117cab36cfb8e8884dd03f39e,204,28,9,232
1a03d684b20b4b32698ce51ec9b91f5716db560a,903,306,153,1209
3eed537a90e3e8ee08d5ca04d010b16e4ee453e3,568,139,67,707
a38295e17bc44b9ba6a472c4f28aa4d4975aff4b,784,190,101,974
7dc4ab3d96fc4f1a558c7d266a0c985257218339,440,48,11,488
726b3c11217b28a42aa75fb0b9c02fd877dbd273,635,97,62,732
7e89bebdb9f53fec996c2ff15ceb5a1759a6855a,54,11,3,65
393486f5e16147a7909e9f3f2422a9663d1d00d5,1280,345,109,1625
0ea0d7c66d6c775010cda379fe6bc8c8794d7579,585,344,109,929
8e1e281239d5758003957e48dfa86fdbbd1f9130,18,10,2,28
167133f8c67bb813226122eb406bde4ff3777ad0,37,19,7,56
ba7a05dbf134a1eb25ca3cf0244c9374e0e82df9,86,24,8,110
ee5e27b2fd9719d62b4ee16de2cb8698d91e8e92,38,23,10,61
ff14819bc45b99c1f5c466a43941b03138d3d1b9,124,22,10,146
78736f3c418666b4c50f2f094912b6be0bea5ce4,185,95,28,280
580b2aa1d8c3f8bdc87356fd818ac12b519a1894,58,29,9,87
a50fccdda8e1c9fb8831182e097a1a917058c8b9,252,99,52,351
3edf39ef5ccad7cf6e61ad71ed79ed1908b7a8cf,2,5,0,7
40cf54f6819e381aa16a30b9dfe11bc1d14ccaf2,13,7,6,20
f997c33bd6578111731ef0476cfaf46e5310bd05,37,26,0,63
22b17d73de666ed9a028f6642afee34b0c3c2b81,6,4,0,10
96aa517ab15497576ded1780dcbea1e3778ed432,1,1,0,2
cecd94bdf2e82a40c2387517474ed2998328f91e,78,28,9,106
f586cfc239e325200ff0a002cb406fd842241d92,469,98,52,567
a7c947cc2c147f1219506a8753d092209cd5ec91,142,9,2,151
78892777f34de9e05ce3f20ac78a0021cf92d0ba,294,94,28,388
4e32727f303f0d0ff22603e0b54fe1592c63f2a9,30,10,0,40
3dcb5222d5ac243e5f347498e80ea14301cb0bc7,49,7,0,56
e04165bbe46a93474acd1d132bfb4d2afe7012e8,201,73,6,274
779ddfa56ee290d9ab688612f198dc282aa6e2cc,77,34,11,111
07f7212b401f83f42426526f6139a5c926b374d0,208,33,11,241
a74cf2aa561b8e91aa854aea6070383b0bae4218,3164,40,0,3204
2d0728e5f368b4af5495e8957900c5ece42627e8,2,1,0,3
e81613481d1f62c0a3cd589b564228e128e4ea98,0,0,0,0
09169c7f9b03e17d255adf6ff50a534a0f4eb803,63,1,0,64
09a53a19811d7354853568e0076cfaa671226dee,2,1,0,3
27c89dec038d69d78d33ca877b5e2316f01b3823,7,2,1,9
2f80979624600eda943cc72d6c423cf1177f9f29,327,23,4,350
a228c7d6912a6059d2b44168541a5d5b6b9da58d,896,57,5,953
1515c5aadbe7f8503386d53b2bd56fed7987299c,456,65,5,521
f3d9376217eb3817cbd0d57c94517da9b6ce5594,1800,84,33,1884
cd01ed994cbc24dbe143a8517d768dae87c8a312,423,73,30,496
3ba3dc44103f39273513b1dad885beb9526ac55d,466,62,31,528
1d26f5fdfaa44ff74368515215b47372abc97fb6,222,44,19,266
5e4cd4d883518be712f44f569fa4e7692e86e913,646,84,53,730
b7479ede167d989d6a5ba32b63fc473edb0fed95,114,22,6,136
7cd638fe62ddf8518c8e9a41f2b54ef22cf59dab,135,21,2,156
243e521ec2f9ab5a01860fe0ce983d91a9d683d2,121,16,5,137
81e01957ee9d674b3803173bfaeebd23821fb3cd,473,176,76,649
bf07cfaea33a59d6bfd310ace13b562f4c086097,62,29,7,91
f1061709b115413c83beadc68ed491e08b19a74a,30,12,5,42
5068cc6e54fd000bc7e67496f2213a1ee806c549,248,51,7,299
c6781a1c0b42aa1c6a82a20c9bd7562d1d26bd03,123,52,7,175
afcbebcec3189d8c144417140eeb44ea35eeefb9,24,14,2,38
f0157bc6288c0d90ed5654c5ff1a1d199609a1a5,62,10,2,72
d128011cf6e6aacd60d69a481fc341ba72968928,74,13,2,87
f84f598a9f0f80182c821ca442f715f1b5ae933a,334,85,27,419
8229484d2a87585c7475d1b239b9b284e33f9c98,244,78,22,322
0b43b1737de74af7935a8c990658f1c96ae742ff,38,10,3,48
5dc4b6c7bb5967a16bf541befbe6a746d1d9f006,17,9,2,26
4f92f248f0c5bde92fdf4cf9ea00c4c8a96c6cb2,18,8,0,26
1a9e7c21a867b1feed7ce3b0dae65e0f351119d8,118,10,1,128
503efc85c9363857531d6cf39b3d904a3d9fc629,6,3,0,9
c59f1bb171d9719aac2c0592f7f77b7bcbe3809a,32,5,1,37
76094f009213dc390bb1b32a2b45305c4ca6abde,13,4,0,17
cd99e620782922de986e95e03864c15889e9d297,23,16,6,39
9731a029ebc306519bf44671d303e87336f91bd0,10,6,1,16
1f7f61edf9cf5ab0bc60d0d2debd4f86479261b3,405,70,12,475
45a6cab3d2b3ffeced7ea9e0f33c5b067aea90db,9,4,0,13
97b9e4e2e3951966cb135aaed8f563cd193ba513,26,7,1,33
e9fe37fb32179eef2319f8c418073abddbda76f8,418,50,8,468
34694f39afff2b40cf01a84a7bb81a13b9d1341e,328,41,8,369
5fe8de26ae794b643c661dce71ab5e4f3a2755f7,116,20,7,136
cb9aa7a7765e836cc32952ac21fe6b055b2eba77,38,11,1,49
f54e7bac000230d2badfc50d543706d0413e37d6,512,21,3,533
42704cb99b79305ce0b05672881d3cdbe7da525b,164,65,9,229
3299c52b2f679b745f6a05776bfe73fb45b70d84,59,21,7,80
4794dd4d2340f8c12585bc699a939e0f0a8490c4,9,3,3,12
aa795a45f88530ab937e87d1ce4d17022133c1f4,26,12,1,38
1cafd1675d29172c3f85cfd75822818668d23ee3,53,20,3,73
650cb8869789b9cdc02bb5e5354e615e3a4884a6,28,8,2,36
b7a633832dfb5faa7591e2b2b620fa7729bd3dba,5245,49,0,5294
8a88323b7529d124c4e7575a5e5197c04dc49097,113,57,33,170
e27a3b060e1c122e43e137aa08069e8a0c429b2c,742,79,54,821
bdeea6ef0c451abe2384bbc0a1676a624515aada,192,41,7,233
65976f36e478bdcd8c4b07181697042624e9c238,92,39,9,131
367d5e5a95e00bbfc058208d8a09e84465d08a58,1614,117,36,1731
8f34d8b38c0692438802d7c65010fe25961d8f64,438,68,8,506
81ebd2eac232a6a74261a50df9a8c2d51f9eb9f1,106,28,3,134
4649c5b8d5f391cdd50c4030e4e2110a126a4336,313,81,9,394
4758fdc3cba256be9bff7e3fab9fde090270bb58,697,200,46,897
1b6c10d85e3b9355954372571eeb00b0a5306f1a,65,14,0,79
a41f7e21ca868dcda1e9043d28a8fd4bdeb1ce13,48,16,0,64
216ed941ce87809757782a0231401657d1a1ddd6,249,31,13,280
c172997c0c4c64fa2db70815bec75612523479ef,688,65,36,753
9fdd9fd22568f2fc610089b7325c5edf40478c07,237,39,22,276
8717426d9e5377802f5d73c5d9df4fb09b843abe,188,52,38,240
e7f56000990baa9f2d0d8d55b3a35106ee495f70,188,29,14,217
31d5d18e8b1544265c2a8ca73fc8e534075480e2,201,66,31,267
deaa65bcfdb84c04927baeed9f5af377b64e8c18,208,67,30,275
7ee8badfccb427e1f87c33d84f0e9fb86c0011d4,172,67,45,239
d67720e4d9bf781aa921d2f587a6c13dad8e19ec,272,116,45,388
33e250f429eaac35dda8e86371a51d960ac02ed4,380,58,33,438
21eed427f258fd8ff5a4822ef978f1511dbdc03f,933,376,307,1309
191aae279d9af268a951465ff89188837718d4ce,330,15,3,345
805377cc776cdbb9bbb77dbe4ab5f78d36e468e9,556,261,247,817
717180b3bc7980591bb44af29d07eb1bc8933047,740,344,288,1084
4f31df32c1efa257555c2ae9a154d8e4fa943864,89,16,6,105
cdb10bc1abfc04fc6fb663f03fa90aeeb096cd95,548,25,1,573
1ef8f69b04342e47ab2052e609e5445cec3dccdd,2467,480,350,2947
50d1554cf9e98cc3d5abba8ef37dd1950eeec6e9,303,62,37,365
725526fa165fa3137a6e72cdcae6b96ce0e79a2f,224,76,39,300
dec83ed4e0750094af72fb93e6f9b1abdd23a9b1,725,41,7,766
12837f35b619e2e9d19de9e0515a681124bf40e9,106,42,7,148
a62862fe9bf5d4e329b2531b89b80efed285c847,263,43,17,306
b69a23cd226056307fc288af69e7863dbfe19181,122,53,18,175
f2f4a3259af0e0a94b1d5ff8bc10835cdbb313f2,255,11,0,266
c31cec7cb3ec99b2c8818bae9bd413bd70a62095,836,45,25,881
ef258ece69a3a172a39b81561359a971c8919a07,140,50,28,190
8c20bddb3ddc4beaaace880e5dc744e59a878bc5,156,72,5,228
0a66bd57bfef7c867715a46f7d7c472dc38469e1,608,34,28,642
ab6275cb5f992f5e9ab5964bd87ee6e90509d15c,14,2,1,16
1021f373b0faa91c88ab13457c8e8668ba5b48f6,25,4,2,29
544b8b810823ec6df6217d5da7d55b13512f9fe3,2,1,1,3
57a262811c1a0577961b0a98e211c939bdcaf212,571,137,90,708
2b1619cbcd0200b8639db4f66a2467980886fb52,1186,13,0,1199
984373dc308b79f374112d66ada1f79daf91de1f,17,2,2,19
9f90d7d6250cbaa83d0c8c09f0b44fde01eddb09,59,13,1,72
3ec08ec101f7ee8f0f486a686f21a42aef611bc6,58,4,2,62
ef04ea463f5af7620cab27ef8c4268105b2f8e2a,105,4,2,109
c0255c050367e88e95b2f8bb4a99cf7dd7f77037,356,6,6,362
e2c4d2658d84c07723dc673b205ef7fbf233dcf6,5,2,2,7
70b8af9516f57d87819b04eb7651a13392f80178,563,44,0,607
06fbf5735caa7e30d52c121389875ab974f96ddd,144,40,2,184
922a2bab07206f930cab3eb4d930425757bb50b7,8234,102,30,8336
59204a517bca1678ebfb06e1aa6267193f08e10b,1290,106,0,1396
d8f93450062e83e19bb8c83357a2cb7d6c85f170,249,10,2,259
20872dc75fd248c61a122d1e3e8afd3004a271fe,14,4,1,18
2a605d1ad3cde56b7963c1e50809c6f47ac1e355,263,14,0,277
a0e5f1bb9abdf979b6603927f2deb0db02101ce9,119,3,0,122
34115a788357cddbd9afba37f397ff53baf84001,119,3,0,122
dae4b9428cfe04fb2d0f78020e7f0ea29eb37c04,3753,34,16,3787
99ee7a70110a4551df335c34b5f4c748518c9bdf,44,9,7,53
682e47fe205dc19f374130fb5bcd7de545fac275,119,3,0,122
ce518b187e6af490da9e67a91e3d861c0c9f270f,163,12,0,175
a4f69c40605b4a4f36e62ef899d19a6392dca8ae,1462,20,0,1482
73b5ef6b040c0a9805d939bef2effba767181c66,159,11,0,170
3b41e62050d368a211fd7f579a14aac8137d6282,6,3,0,9
7f6fdca445a7423d1170eade56d2b52462249c3f,34,1,0,35
f0773f5dc9d163921d9ce1f55378e202974b6f53,759,8,2,767
641a7488f1c0939b94ff6ec5877021e48e9eb4dd,480,15,1,495
027ff7f570937aade9f9c6037705b622368c1cac,3202,148,0,3350
b9ba2bb7c19eaf3291ed09ff8dce59b98ea532e5,1,1,0,2
7b13de91745a1c3f95715a4724a325421c16d8e7,1540,30,0,1570
5cc74d3ebde951d6d624a7b66f37d5545fe13624,184,7,0,191
06931b4bad0b318515cbc0a09bb46e9386893b87,20671,1312,427,21983
c717a09b38c76e9d142bc3313a1082570999d748,2,1,0,3
35b7921d61b4ebdfc1627be7bf85a1b1b5b6c5d1,2,1,0,3
73528bb4ef8c87890c1a4087bb1932814584635e,28788,1389,0,30177
6f71e96f89491ba655f777bb8a70f6de51c1b57b,71,1,0,72
6f535d6a25b0d052d2b6443c32a205ec6478b635,5,1,0,6
9f098280dc374033ce15687514850ec0349fab05,112,31,0,143
ef93ffcb1bdfb568d1d01ba955ae08a366417946,44,43,0,87
8d2473d638fd1e2b72e46ee794b4070c0fdbbc92,15,4,0,19
52f2b4002835ef6098548aa3384dba2eaa48c64b,358,23,0,381
3e795a941ee7363bd8a02dab178cec90c90625f5,56,8,3,64
4a7353989a7c7bd2fde6d3bbc6d470752f47ccde,31297,1463,0,32760
c67dcde9f967349dec79b66bc19babb50e2d04f0,36,6,4,42
5c629cf63b2d038bce40e08615f84bdead617b01,33562,1464,0,35026
7de61e77096e2927a21b7d6e39883a7def88e102,32,2,0,34
15ec8cf54849ec92282b23ff61213251fe2308f0,3,1,0,4
d7309f496504ba2af36975bd6cdb5ac20db90b28,28,2,0,30
4da1d1a496c3eb8e0e73a397fcd02322f3508416,500,6,0,506
7f1b3f0d12cd8d64a74b9bf0700a0aae135a2c53,128,3,2,131
f60670a9263d9e4005b971b0d278e07fab2433b3,266,12,2,278
59d9cd6168bdbd8721f4d9684344f57ee5c792d9,9,2,2,11
ee2df1d8d23256be0b911849878c652d0eda6076,24,9,8,33
0cb0c334f10e512ca546611609052aee012c5b59,181,18,2,199
8963d2902965b13d42d7b271b8d2e8afc0d6ea29,6,2,2,8
7964632f295e55809259195469286853083dd761,149,11,4,160
1c5984f1c5bad7b966ef22e6714f7f96232ab47d,4,1,1,5
62b9617e78e420dce512cd126f2c0851d29ae518,9,1,1,10
766e45cf279ce270a59b835efa5433b837bb4336,23,1,1,24
ec62ccc38141046544fd8cccfefed1bdd35f4561,9,4,4,13
806a44d1ab2dae571f7817741fead3e858b48f67,2,1,1,3
a94ce9311c678ae3e35e5d7d9ddb908ae76144d6,4,1,1,5
2ad4e6d1a405b68221e096d315fc98244e459fcf,6,1,1,7
c3fbf9d3ef9c82e3bcd49df9f13e2ef8b4acefdd,2,1,0,3
c2a513218cb832390bdc6b228eaddb10af2c27a4,975,20,3,995
fa69fe8827b189d12f34378f9533d208ce062e46,312,25,18,337
cbd30af3032f123b458437526ef4e5cef1512542,34,3,1,37
03c17b8f3caaa45fd3554a5a306d6e431d74e0ca,13,3,1,16
e85a9385ccfef3ac2343fab79f7edf340e798b2e,1045,81,0,1126
4a5a08efcb077544ae77b3df588801533ba6031e,112,24,1,136
688a2e71509b9b3cebd148045d7388386e5ce0fb,909,13,1,922
e248ca73f12fddabb5cdd552df25cdbe2817225a,399,7,3,406
a70cfa2c24cd56656f09e3717326a94decd2c544,28,2,0,30
d84da7d0846036eddf8f300c56735f7c1ab1e948,994,24,13,1018
91227dfb580c81d73a1910620ac2ad246318e3df,399,7,0,406
764297932db43970d4cdcdb54475064bb76d44a1,791,20,3,811
88a2d8da1ca94a6e217c796cc958dfbfc9393eca,529,35,0,564
18b5b5a93159e2a45e558083f7a975019d71fc87,151,11,2,162
0e3e62205423da75b9443e883b01ef3976be9903,7,1,0,8
5f95bd2e5eb0227f1e329feb8b0c27ff3184f8c2,876,29,6,905
d21e6b4b70b0b6baa0115c392eb94c2d207678e2,4896,106,2,5002
55fb12671a8ecbaaf380947a44dd780f85a89545,7,1,0,8
ac71f06cba36cae91275bd677c4dff4df692fa89,465,5,0,470
5ed5176eff3df499014e7084c5bb3f46aa319c6c,15,2,0,17
ce625dcdf07873fe6208c1ce1f5f1bb609915248,61295,5,0,61300
85de247138059e611110703165ddc07bded66cc4,729,28,8,757
193d9b32183cf4b35eb0bdb026c37147942bf15e,2116,30,1,2146
72b82b21ccf6fcdeb076af4b17bbba66b48ef9cb,23,4,0,27
246bc860cb477e8ba7061546aa7c9c55bf9c6729,43,4,0,47
738e553a8b089528fbdb9559df7f0f391ed53d34,42,5,1,47
cf99caac3ac652db879ab1ec8670873e5c79c0c2,9,1,1,10
fb19130908792ecaec93aa9fd5c9008230c25524,4,2,1,6
3032bee854dcf782362360c15c41c86404cb6a4a,1223,10,0,1233
22ad105a209725b0be93b47b7acb193fec416b26,218,9,6,227
3e62b4eb7be6b91101cb6c09ea10fd5c5c250600,24,2,2,26
29823e67eb6d187897219e6fe859e9cffd24658c,62639,41,0,62680
023013412b93d683f81ddb26fcb98ee43d94fc23,668,45,0,713
736dcc1149b58b66dd7af6419bf71def36ccbe40,189,11,2,200
3e62879636f67ccd12b42746defaa0adfd0319e3,62637,40,0,62677
784fadaf7f09a9b90c29dc40fa8e4fadda57b554,387,5,1,392
bb4c39560cd9ec9531acbdfa36bc58d3a92adda5,4,3,0,7
47cf47585d07496b10cf9d78e25215bb3a798011,0,2,0,2
1767ba5e69648c3e5d471a73b66b0bf172f28a6f,32,2,0,34
469f3651cf7bd16163acfdae5b5abb77d6dd0e2d,62522,20,0,62542
1226b2401b58e0e75d80e01787c0cee39ce5aeee,347,8,1,355
50e88a642829b69e4ab9aefec115134913c6f5d8,2,1,0,3
67df1ce352c28c0704e3309bb0267d2e0259f9c4,4,5,0,9
1812040376821020ca8470c3c7ab1e4b76d34fd9,0,1,0,1
eac503e7b4e29d74addbdf31150ef6384360c28f,228,13,5,241
570563a0753fc2fdf2624b65e0c0a5e524ce60aa,4,5,0,9
55936e4624cbff9e3b1e92febf281b64982afde2,1600,73,38,1673
ad57f8edd79130dbbef56bcf70154ed67365e2c7,2772,40,18,2812
a1763213c4abb3359440eae381255927c13522f3,4275,14,12,4289
80e8ba18583c7f6026b654129945fe9fb1f7de3e,482,23,14,505
1bbd19c933fdd2089dc65ec721574f6dcaff8b94,1492,40,3,1532
eb7eb8d0ff8385502784ea43b08ac9dcf21046c3,33,1,0,34
fad02131003d2aea4be0dd5033eed7cd21ece691,37,6,6,43
4abbc39c04c66ff6ad88035ba787b9e496d28275,49,3,0,52
858e87b56b5af249d62bde8019b4da801793fb09,6,2,1,8
5731d598d36ba8aff4642c4fd871dfb9484ed102,121,8,1,129
d0ecc3fd21cd2ac07595c78140932f6044ad7d0d,8,2,0,10
5e146123170080b37b0a74586a62bb205c7d8766,9,1,1,10
77dc56cb8543f673b118348a45f3afe884f32ffa,149,9,1,158
c7a96e1f90437f408fc2d5ced4f42cdc168ba5e3,8,2,1,10
79118aff1d63408629fe9d3e9e8b38b265022d2e,228,9,2,237
4caf23341793e6d411ebd201da0be9722c3d191a,38,3,3,41
12b08c99c92581be1f91c451edfbfb8677933c8f,865,242,131,1107
5ba15f0596f395c3cf23ea1f19058966435dc4cc,8,1,0,9
3008d2ad03155d6ac438c86529220d32a557c88a,1568,221,151,1789
801781186b60c83696738d96466d886174ff19a6,1086,157,86,1243
a1a5b391e1a914fc613bc07b26940ee8573981f4,254,35,12,289
8165736fe1937055e8a3e4215d3e5fe5e1d27cca,46,3,0,49
301a0067ab35dc75f5120af1d98845069a34117a,1,1,0,2
8365bb3dc0444b1e0b226801c04af023fc4efcdc,116,6,1,122
cd46f567364c1b42911878ed5ce8256fcc68f7d9,1822,92,11,1914
2f62dc6103a243cd5b9741ef8eb211c0c6246c8e,47,1,0,48
7f3ece4f67b30a4491aa1748e659b5e5b2b3cb07,24,3,3,27
afe0d03704b5c6badd38f41558765c1e824c3c2e,161,13,2,174
f7118ceac46930b1c2cb24af7cce89ecb26a0d9d,138,5,1,143
f537940cde1c4f1dcb171a21bdb10da7137c6d19,5642,323,0,5965
3397461d151bf9dc42a1ab01f8903c6e6c06b24a,54,5,2,59
783e52703147a6a910b9d2e09547db2a49f511e9,939,51,18,990
575dbae8fd752c397771239359e39258b8c492d5,1,1,0,2
b16f120bf0958b2047b51605a3cdf19f7974df5f,24,2,1,26
ae8217fc7e92219d7f428f4f66521ea81f4321fe,62643,46,0,62689
5b142ddd2d54172510035a7a6a72adad7e133b40,671,25,2,696
f5b3f26e4ff9f8dbcbd1089aa9ddd309e462edc6,1628,82,0,1710
9b7fea2d3283f6d8b70ae1da7bbb09b894fd44ef,0,1,0,1
7b68f5968ff0a4984f24a485407a2cc369779165,215,16,5,231
92b73ff1738d437b34f702c0d45e18acf6b874b4,8718,370,0,9088
1483feb0e2eed3263ea664115385f9bbe48f927a,107,4,2,111
49f0fa42d49e3afd5d274a8020902b605eb86fcc,8716,370,0,9086
68a6aa93d23b8817fa52c2aa687b41e005eff337,8996,372,0,9368
e9f8b57a15ef12a464a6e4a1ea850b1640d4a84a,180,4,0,184
7f91a904a112864cdcd5f04d17f3b0d0016b30ec,12,3,0,15
e1bfb8f1560d1989a77bb1cfe359713f0cbbfa87,10,2,0,12
e01d3c3675906e93a5ecd8bbdd854af547dd72fc,105,4,0,109
3f254252b6a366060fbc65de59fc988ab4a2d9b9,13,1,0,14
0542551db51383f6cd7f86ee1f17f34131f48386,215,16,0,231
956bac7434375c8111b97cc06ceb9f88d62c122e,40,8,0,48
32643c1cc2b66ff8d049e59cb37d7515e26ac601,12,6,4,18
a24e95cad5a3da0c18d03b0d2ad651da1a4ae374,12,4,0,16
4ea573688189d2087ded64116e6f3837eec1872e,529,11,6,540
982d441ab7acb2b00e58b4a91ce5354300b6e855,128,7,0,135
a6fad3261625aea1689818250f6e362e79b70ffb,130,4,2,134
e4881d23c6b893c013d99121d786007d3f48efb5,1,1,0,2
71ee2ee194aea90f81a7b4299bb9e7163a59f143,1554,22,5,1576
71aabbeb83569eae678ce3e4d28a9ef0df0973f9,153,7,0,160
0497d7f0b8bb28eee878bc6a883c0b6a58dda797,1979,18,1,1997
2168b093e5163f8bf6daab6c0ac99cfc1c9a8de4,8976,377,0,9353
88571b9a6ebd6f262680d972ddb6a1a42a7463f8,37,3,1,40
98df8e167c080803110872bb05b88cc264018882,310,5,1,315
4546628ec2f0d7c24877e1ba0c508315a7045253,330,16,1,346
24ccccf8b2816c1209f60eac10c98f959ad3bb0d,93,2,1,95
c8a38a3f02c2c488332d2e28f204c8bb044a7da2,14,2,0,16
c9aa93e624de95fce56a6ab79081652a30f675f4,130,4,0,134
c64771d446de206868eba39a43c654f704d95b50,144,6,0,150
c541d65987a019d0a2ee550422edaecd09ad5869,28,1,1,29
2540451103428b1a7ba52ee6db62ccde266231f9,28,1,0,29
928aa3d48c7a29dc101c10866a8c6bde66492953,1102,21,4,1123
bcb30d10471e2764b8b6e2928cdb50f04971b618,2325,51,29,2376
61b0203d192ade569fcd49c1b28dc23743631cd9,42,3,0,45
090bf073fd8a00c4a1fec7b0cf271bf3aacdda3c,172,7,0,179
3eba2e1db19c173a748c8d73b087fbd0e6fe4781,1822,42,4,1864
d60f91e4baa3e54ed7777f39c6a884248241df17,14,1,0,15
9fd2f235eae58c7963a500e212bc70fd84ae010c,313,7,2,320
b0297259be3209414899e1f8749fa634a52db5c4,2263,25,1,2288
2c4a36cfee9a57bd48b7c872f332eee88771e7bc,3000,86,0,3086
0da9afad51430e8a8b0eb8f96456ec1778ab3972,239,23,4,262
b0fe66c3817963ba59ec4dee9a23ad7980a1cbee,81,1,0,82
1600e5c57b89ce50449e507d4aa733b4ce621933,5,1,1,6
71b0b81264c80c00327b89b8f44dd390a10005aa,8,1,0,9
794e05412e2f9cb600ae15d74f7636a889284dc0,6,2,0,8
7abc5f9ac9ba8cd0015b67246aa3c0d8dfd68b6c,13,5,0,18
04a442efaa3953098f61c832d52147cb0c9e374d,4,3,3,7
679608c21a6a9dd1061ba41c1a2eaa13560e5a1d,3,1,1,4
e01bf3c783d7f595246d7f08fcbfaac488c8aeed,5,1,1,6
7543f27ab14e324926606cc86acba5787a135342,5,1,1,6
8488174594e1f06a42dafc1e03107d79e0acd3ef,17,2,1,19
6fd75f907c96a0b5eb31b0e118a4e88895a501fd,4,1,0,5
9996c90eacabc91830fa2f6970dc33f346a4ccd7,46,12,0,58
310f8e872f7355e80785c8ee622f0feeecfc12c1,5,1,1,6
d3d678709b1db1d7195a47040a92fa7dcf22ef44,5,1,0,6
fd61c914e9753ec97ff6fbd4a5f8e58f2741927b,48,13,0,61
180720f156c6246bdd1eb17e257fe8e2564d6750,88,12,1,100
5fd0d7c9ad979e46b46465f836508ad201a48ef3,3,1,1,4
ebd548ca9c5c1cbe0da1c20a6f693406b3026d0c,65,1,0,66
dc3faefe4984b329c324ce0f2d17f14a9cc17403,495,4,1,499
af14b521c2e5e9b7ca20ed607844f978258b38d7,107,19,0,126
f9f02315992b046106b8fad38b14c37887e6103c,1784,22,8,1806
ef624c58cf434469d58efa8b6e06e576e24c4a55,675,8,1,683
b03a4835cd4f6329ecab3e68e0948e579e17c99f,66,3,0,69
5190b12171bec52727fd40f6c69c8a3c5ac1112f,90,9,0,99
5800a75660a534711388367ef9046afb4603d041,240,3,0,243
a7b426cffe243ad6270a06bc251e283acf3a5b43,29,2,0,31
7f190ca9cd731f3f93c92fbbd16a4c652c7bb767,8,1,0,9
aceb586892adc2bc15756e372677a0edfc49cb83,40,4,0,44
78d99206ae89c0b4f3ee9696d4209c478e73655e,56,7,0,63
d45bdd7406dbddffa507a3560406e848a73c0a86,37,3,0,40
13740b7095469e54b1748dd4914283a0b2a2304b,942,16,4,958
9ab3fcb0900091a0d7f838df033b145dc11583b6,27,1,0,28
311bbddc051181f50e299567c47c1b1ac9746e08,40,4,0,44
48dd7fbf68771633a4db5986a0173eb82cf7ea6e,486,12,1,498
58eda2e47ea9b0363ff456d6707d2a042441189a,2,1,0,3
2f5d4d8a4a76a41f04d642594197df915459ef8d,15,1,1,16
bb32d468db01d1f6aab485e9f86c46a9184e6cc0,365,9,7,374
0f33ffc3d50e959026533a386486e9422414f29a,365,9,0,374
5faab665f6df5dea39c8deb7559fc7c20b61b3eb,237,4,0,241
40399e9070c5bb1513c838a15a1c9a8d7b3f4dfd,85,8,0,93
7b5d5f44186f2a076ae4130fc1d17cbc4a0ce936,359,5,0,364
22796ee9cb21e4fa7cfb3f3886249e2c9e04f699,974,16,0,990
018a9b0cd154ab5aefc220294b070b3079bb0270,22,1,1,23
a1fc473d4b03e9bf2830f53d5f5fb5eb2f9fb515,2,1,0,3
0054c0d3e31854a9633a7a8601fdf4c1ca266d47,73,2,1,75
83fb794691f1a51fa643ab8d4cfc72a9e30be0f0,11,3,1,14
8f8f6ef58257b39a87317d7c2f0b4fcc802eaac0,993,19,0,1012
8733b7c98cdf238151f92ee387f6c7dc6ce27af5,53,2,1,55
84597ce4d6ffa235c1f9ce3444d2874de9319df5,10,2,1,12
fc0b5e8b34a927eb9cf59efa5db16069c55980c9,137,6,1,143
f941e415f2dc597435d9974a9f704bddf69fbf29,346,14,1,360
52e6b9c909c4c6ae159e9c1d126e4101300e041d,216,12,8,228
f5039e3166b60e89c745c05607e9f83beb123a95,1388,30,0,1418
39946d07698c1493be92192527ed10e7aa16a5c5,60,2,1,62
8a8182a4b6ad775cc6f87dc1f51757aac7ee81b9,7,1,1,8
0f8d9ea5986b9a2a66cda98f8066ab108ce557c4,30,4,0,34
99e0fb9b7fdc46f3e449c4272c288e20e6629b1d,95565,4329,1484,99894
31d6342fad8cc0be24d11f269ca5e17707f2a270,85,8,0,93
cbe46e12946995d46e710e660efc49f953cd1903,1023,22,0,1045
984ac18cd199a8b69adcb4e7b7e1078530bd3bb1,131,2,1,133
b5201b49df7e6305ae584cb07f1ce933d4611aa2,32,3,0,35
56997e3cc54e12bac8ce208586b33de8da93e527,117,11,0,128
6efcfb231c125e7bc4c2c0d8a7cb0df72c4b429e,95565,4329,0,99894
65bed8ffb6d619cead6d485f9a33bf7340722965,95315,4318,0,99633
0d5ea9998eedccc1ca8488ec29c000ab3031a7b7,12,1,0,13
da0235bdef0cf5266632eda3c560bce568c214cb,12,1,0,13
bafb441173d10ec01e39501bab18080ae4a9e2eb,428,12,5,440
09df7dea8e1f3153e20bb05a5f1754aa3da0cbf2,95440,4317,0,99757
806ce6a360c10773207b508409152df0d5d4eb8a,95432,4318,0,99750
c3387597b7744668b4c9e81e3b145fef6e01c585,80,2,0,82
adf6bf9f9ea810beb6e77dde5bd3f36756ba2ea2,81,2,1,83
a0679e014804be2d5cf955e3990e58ac85249a71,95444,4318,0,99762
f3c6ec1162734d783798694971a39f05409c484a,95444,4318,0,99762
e4c2bc4662f69fdb05d8d99779ebdface45c7c60,53,1,0,54
779e5d5e98df232f8003cd1724270184239a7b8e,17,1,0,18
b4c2ca14ddc823d2546efdf52ca3cb6b078c9865,430,2,0,432
68f704edf87e34754ded1ea5a1bf7faa32c98c61,5,1,0,6
d6372ea5a5f4e0bd71cd67f4925490682478fdf1,20,3,1,23
4b8ec5f230456293084d9f2224bd5bda90520a81,2366,81,56,2447
224f7e2fcac84302e31478de8faaaecbc290c250,660,4,0,664
79c51ec16a33e2b6dec02585ab43e8c1c027b5a5,731,20,20,751
caf880856bb5398571e3348958899db8dbd67f59,151,3,3,154
ea40627f70dd511991a6f8239cb2e345e36cad2c,37,2,2,39
725d79ff46b280ab967b6988845240a5bd0022b0,17,1,0,18
fb0b20a0af910afbafb3baef16692b2c224f87e8,70,2,0,72
c85b7bea4e6a60247b4bd270314bab76cfa95c14,163,3,0,166
b18d6fb2f3f3617f83c3aa28a6bb3f9b4e29477d,95723,4326,0,100049
ab8b24ae8f54b5d63c91d3683ab7f158c44f1bf0,13,1,0,14
9710fff673887ce76936216db65fdd8efff21582,70,2,0,72
c927f689acf599665939eeefa11dd7d7154e52f7,412,5,1,417
ae4cbca3286fcfe1c3fd91d1241d9b143cb29ef6,4,1,0,5
7298090b6b32b4def69a67c2cab12f2db76af8ea,35,1,0,36
5e24d63e49abdb3cbebdf4e51b653542df7e0942,14,4,4,18
ae20d1091516fefe147d71c2b71615b2251aae39,23,4,3,27
9e7f69625463409ab9a41349f1805e38fdc32f92,51,3,0,54
70d98c20922d1cb9c31c3ef7b7d131acbcea2459,208,5,1,213
c04013d9b89e94fba80bdcae3723cc337cdf09ea,364,4,1,368
d8ecf41a7f4ae42fb3becad1a9de61a62b1d26d5,414,4,2,418
31733531e1324b4419e072bdfc6567aa13992b6c,327,5,1,332
345936732622ed445082a535be352f000e0e745b,282,13,2,295
984a3dea818f8a1a9b43a02bdc5f6c496121962e,450,7,4,457
996cc086ac22b708a5b63cb9a9414e7fe58365fa,104,3,0,107
8fdf79da491a44f30f69fa8d35068e4bdc0195d4,70,6,3,76
b0d8a67aae4bfd43d36405952253f6d8d64859aa,6841,530,406,7371
b7dd37370910a389ddcf5835186d16ce91de57c0,50,1,0,51
26d796492972453198fbf5e68130fc2f54385b81,80,2,0,82
7737e759a4aa651fa95abb263e87045c4c551208,731,20,20,751
2d69d23746f834ea1a4442f01fe4f1fe4e0f90c7,151,3,3,154
eec3b6c71c7bc285440422b13b6d5a44a6fd3d24,37,2,2,39
c5fae8e18683f612320ad2628e0b22d05cd0e26a,14,4,4,18
785bf106568963b2cd52706cb3654f8de76f4e89,23,4,3,27
c0c28abdd32c9fe63866f28044aecbe3386c868f,406,17,0,423
80b986f46340a811cd6d991218249a30f5a7ada3,2,1,0,3
5521dac5a337ccdeb61d4a431b93bb18a11ff417,477,29,13,506
2af57da6eaa49ea0281d739048036061576dd3df,378,23,23,401
c35b1ff45910e9e5016602f272894301661e873c,406,17,0,423
7aa4d37a606d68bbb3c9f9805e20cbd13ed99d3d,77,2,1,79
20566ffee0da6744e183b881ad871fcac0f0a317,33,3,1,36
062b899d449404732aa8b55d07ea594fd2a754a2,0,1,0,1
6dd8b40f36411c41870adb20e6d6f6c26d4f7c33,1127,28,0,1155
9d9828d186de9f78520ff2c0330ebef302a19ce5,78,1,1,79
f389941a03273136d63515a40470da0abadb03ba,20,1,1,21
2a2eb5a3f2c162378067d398391413abcaf87ac1,1076,27,0,1103
43e060847af9ec78c848ffe30c4a73ccf583e678,1125,29,0,1154
2bbf624eee4d80924bf2c147fd9b64256f6a3ab6,1,1,1,2
1a2e7d4751a58e7bb516746ab3b247425fdab642,15875,197,0,16072
7ec45544f4f0c0c7dc84b782825f6f876e1b86fb,1,1,1,2
7bf6cde8d57f1ab0f2b4602831af79861fe08d13,4,3,3,7
1f22fec31a2d079bfb6d1cd2af9bb9d5afb55e5d,24,1,1,25
0d74bc73434d333b7339e1ad0288a708bb4b9463,45,1,1,46
3975c10114a11637d0aa13a41ab7710d78ab04b5,123,5,0,128
4c20cad838a9bd852df087d42cc8b243828b1511,97477,4325,0,101802
9d4476d988715b237665774f28ec799dc127c07f,123,3,0,126
05b329528598a99ac5d87623a9a304edcd11c408,1466,44,0,1510
aca475f0729690a0bfb8bc2a7cf74b15be668022,8,1,1,9
9223d38d2443d2be2403b7c55cff053974ade032,409,17,0,426
45eed74b602f488b07183e9f19886a756647916d,0,0,0,0
d80340035818ae26c240694909d9e359c40823ab,15,4,0,19
d787b5f97feec9e368bcf1dc136d6ec0b3054c94,409,18,0,427
49a7e7342e20f92de8bdb1e72cfb657f37cbe5f8,1415,42,0,1457
fd5e15c9313631dfb27b255156896566c97f7810,295,15,0,310
b6376728d81f3ffb6e4dd07f13979b14b0cb3695,23,2,0,25
0652276891f862074ad62d714c3ed157ae526da5,2,1,0,3
4a64d435441a2b45fb12e53c7c3c1305128b3918,2,1,0,3
eafa11412dcf4181f3235b5fa353267af3f6451c,832,86,51,918
2a42b7109e3df55f2a7181e6ce4d91f6bf9afca2,2788,38,0,2826
fd408ffb37745ea6d58d5d9e52d77595539b0ba0,1,1,0,2
6d920419b6156aa6e1ce4cf77916a3f63c8727a9,6,1,1,7
0379c59f7bafb27b8722aa17cbf64aca36cbfd74,154,3,1,157
d517961d96dad96b039809abae4182ce9acedf17,1577,24,0,1601
9a5dcb3a4a4c964ff4c53bf57a791170b310ff0c,161,5,0,166
0b48f37c2f4fed67dc6fa9a827a1a3b37f159ac6,2,1,0,3
f5b353691d90530b944a1b0f7cd05a047183963d,3,2,0,5
521ac9e264b0375827b6318666802525623bae5d,154,3,0,157
fd03d80ce9f09e639050bf40a00f212c2892c8b1,9,1,1,10
2c76212f255c8e83028a3b285c71374bd738f5bc,14,2,1,16
afe86664c948cf90bcf16246beefdc42a5478792,31,2,0,33
3ea7ea070a5a94b42ae1b69273e3ebf9339bcd0a,312,7,4,319
3f7dc7dac334b0e4a1ae25b3180dbf3929c3d43b,11,1,0,12
d253a7b132236e9e4bfff759a30085cb7313b56f,121,4,0,125
eb7453139fa5d1249098920a96863c7640600221,55,1,1,56
5ee944211cf344f6f57a102579cc9dcd89b5b092,2627,29,0,2656
cd862850f17429b9d9f7bbf89f111b62034e65cc,292,5,0,297
222721bfe5637af4e97a85c1f6c69b4561350a80,5,1,0,6
cd9a5ac92a07a753e9e95ff99c92d9e0410d3589,264,2,0,266
9b3cd61b945924434c50dc2d36a7cb3a641596f9,2679,29,0,2708
cbb74d610a42083fb220e2171eddfe99be19502d,393,8,5,401
b463cfa65ac94e39ddaf64be56d9cb1a39ea2645,27,4,2,31
05ef302cfcc1b3390de47aa80fe4ebeddb2c919f,146,8,7,154
f4b3995e404fac455b503dd5a21e6e921fc2e803,105,6,4,111
add3600f29c5dcff5eb6cc14d7f7f8992ec5c62f,292,5,0,297
c500eda65bb2aa96360027b96dac0169c8c979dc,30,1,0,31
d699216521219e72c7a1dc0b7ab58d13d0569259,114,7,1,121
3bf90194247e60cb9100117a72d806891847ac47,292,5,0,297
286038862f5b148315232a7c56ae0430306e2a8e,46,3,2,49
3ed9f04077c4c83a28bc75236644622188564cdc,45,3,2,48
04f77769f17b2722956dd9f518637997809a244b,44,4,0,48
738c67fdb935e90025c18fa6c5fe428ffa95eb90,591,7,1,598
5f6156e38a1de3ef192920554776364007285055,767,12,0,779
1164ff21848508d01a65160fd7c3c897c5ee2232,5,1,0,6
f4ab03180fffa9719da3753ff01a7a32952fa996,5,1,0,6
7c979e1e56699485a3ed1c63529cc8fc9bec959e,37,3,1,40
83a571bc8d5bea30d2b81114857ebaad25972961,10,2,1,12
92054759e958eef7685cbddb2ab0ceb7f20a3115,344,38,0,382
8a6387bf5fd10ebfaaa0a5521d1882d1893d250f,12,5,5,17
2597403bb36d423bc73d465e7a64687942092979,3451,41,0,3492
edf0b1851ed95f6819f038e0e870f932af977004,3,1,0,4
1eb8ba3468c415acd26ef00202537caf2ae4e9f9,47,2,2,49
8efb40e2c18d75064f7cd52f064038b0af96e25b,164,34,1,198
841ec8dffbe6c56ee4d3baf566981abf4434f563,5,1,0,6
31c2251bc4c7537dc302b3c2e79e0601a641450a,602,5,1,607
854664a751857263af4b307442c24720687b8789,1053,15,11,1068
63ec158e8dcfa9294c0727b8b778c87477416e10,191,6,1,197
b7db215475729a5bfa71851d2d1692b13f3df383,15,9,5,24
ee7bb3fd69f0988aee9957312af9a8ddfd90c226,496,8,4,504
503ad78fd616182985ce5b023a638ac82f143a16,30,1,1,31
0e28980d37c9abd2362610ce4ec00225cb30d0e5,772,12,0,784
b85a35f9cd968139c6b4717666c0439fc285a057,37,3,0,40
e7e87fe990cac7a6b2a7657bc540c5ab2bcc625b,122977,4355,0,127332
1a2d2ca1e5b008b5dbab1e73513ac61bd9bbcdd9,1017,8,4,1025
f08a9af77a78b6d81bbf2e5269f262d82ae63821,123660,4385,0,128045
88d705d007fbb271191cbb637492309a6f84dbbd,229,3,2,232
55bbebcb3610821a2639c9615280fd8a3db9a3ae,1,1,1,2
25f7984a2a581d94fac6bc282cc9f8fb8097c3b7,1497,59,48,1556
52b8967f2ec3a1914a6059dcf31f9e3e57bbfe79,331,2,0,333
000c2d02c23ef7a90f79591bb5241797ccbb1233,1032,17,0,1049
ffe7e70ef4acaa46e49bcbdb47c0c1d14e4c260f,660,30,24,690
bfbb6d24e7f7ee216a331660f83f115a3faa0ec7,660,30,0,690
ed72ac1ef416aae1cf2d445f5c4c85cd8aefabeb,1079,17,0,1096
410f9e5e448fce21a59fc94031dd52d3a9bb8d4b,7130,44,3,7174
53c727a7440ed68ae1636cc67f7c4d414a904e08,20191,230,0,20421
2888b995aec6eacb698c997d57b81f085fd2c044,20204,231,0,20435
09c52dd7d297de4fdf24fa57e7fe26f97417e4ee,20144,231,0,20375
f4da39a5b48a46d24417238565a737dc84722e09,541,10,9,551
5761c45716a2cb0d6cdc796b343ae86e72cfb31c,1697,48,0,1745
33d8950d60a040913059c1fe474201d579861d64,5134,78,0,5212
a3149f15d17219270c2361072a98c751b8876f9e,1121,60,0,1181
98c695560bbde607fb3ff75832cd5089dfe242a4,501,9,6,510
a5453695c1993d245c0f67ecdfe95f79486f8f24,50,1,0,51
1fa2a900e6bc62d276823bbd683a56740a34258e,1200,22,18,1222
4c1e6e66a45aade2e78bb497cc1ac3202746eeb9,11,2,0,13
1fd63cde854538ded2784bb535cd0c0cb2ab3ba6,2138,68,0,2206
d36f8bb5361a744de07a30eac839053204351e5d,1121,60,0,1181
25d4d8de5a29d2eb2a1333bd1f689578199cc2a5,1315,35,19,1350
2be29c886cf2fb583519df47752e0c655b226b5a,0,0,0,0
7f36224c0d4ee56c0de548f60c222b4fd10ba615,27,3,2,30
f10f5db7d8fa64010704fca86513e797924f4695,2158,78,0,2236
798941038b92ae4a3fc873bf6f0b358fc239a030,524,9,0,533
64fb77bb3f4f68ce0ba49df28babdc2bd0a92488,10,1,0,11
e466b24f9a47ff765eb79c3c7ea8bfc16b86d668,10,1,0,11
5598513c9ed88c3c784f7cd31e5557f401e20343,17,4,0,21
eeaf55e6cd3db2750cfa332fa5a5d4136d021fde,2708,81,0,2789
6df0ff2b7c5217f62423c4117f5257972476550f,2708,81,0,2789
bc9ed7982d268801898d2bf762a2d6ef8f3bbf6c,4,4,0,8
1b6e8e6a560539a43eb1f63db6980b0698acb932,2974,84,0,3058
e8de0fce2a4cb35eb9f82ee22de18053bb3e6ae5,21,4,1,25
b93e1a57c9149b517e5db04c4ff24b7df314cd4e,2974,84,0,3058
173726f926a085660b4c3af466ad107ad47249ca,2974,84,0,3058
3c948bee10681971ba0c74d61a4f98fde822ba56,124,2,2,126
5ed84ecf2a4f50c0136f5002c19ad475edd09da4,55,1,0,56
c7db90e636a1a2c6c8258aa9d9397d6277a641f0,11,1,0,12
cd78b9cf4da08ca9a21e8b548389579b31cc87f8,450,29,6,479
792a8b553a1ba9239142d262898ca2eb464c5fcb,1714,70,0,1784
020844b7398f82d1c59f064cb3b01822e9f010d4,36,2,1,38
82d54977d42d349ebdfc9707115eaab52227bb9b,4412,108,0,4520
42959617a5c7348f470271388775919dd923abe4,40,14,6,54
4ac78f05059729dd06af64687512e1819e2b22c9,124,2,0,126
62ddaf3eb90b63c44cee370b5ef69933b2c73c78,9,7,2,16
9ec7c31c16d5653ec9b4799276faa3b297ecc45c,613,19,7,632
3f082cf61573457b4c1286473f12d4af756823e9,412,31,1,443
74efcecaf0ab3aa9f9398c324bda9648c7212928,4,1,1,5
8d9c72c100b5d22a59d03985cbb9bffc850346b7,97,5,2,102
d83300854ba33a6a44b1dd39f6bca16720f93f9b,4,1,0,5
f8ecd87a728e2a205ab7b6849a4df5e797eaf188,65,5,0,70
3988390a89b3dcd585663cd636c6d1ba01d27a5e,65,5,0,70
dde7f7a779bbe31470cf0f2d45ca912ea2935dc9,5,1,0,6
1f73287a1326e05ec63d6c3ba82bb05777657bd8,38,3,0,41
78ce7af867c0cfd37e10508e571d58164689027c,12,2,1,14
5aa877be8c08636bbd14103b68ae45c4ade40956,193,8,0,201
ea7f5252e1f9d9473c9e7c83e835780c82a0ad99,901,22,9,923
0dd7e5d3426e72186ece8b1ac3ddf5dc8ccdfa91,759,20,0,779
87998ada494285d6ed4494ae5e7480383b46cf80,6,1,0,7
fd1e80a6e3cbef9704c36c41ecfbf551725f8bba,193,8,0,201
5e01febcd3936860862dc3227835d98f95fdab29,31,3,0,34
25a61a5ebd39f8c1cc2510adbba85fa6bdf72abe,613,19,0,632
92e5d5a5444be4c227c7ac75762c907be410d0de,4,1,1,5
55b5a6d221ba000d0f6c25beb63c099b217a326c,617,20,0,637
a163f5b50642b1839c84262e9fb53b51e48a7c81,697,3,0,700
c3b64871a922df4fbc1cda0ae7f1e96434e89211,8,2,0,10
b8131f235855cb158cf5bb10912dc8f8eb0738df,694,15,0,709
e2a599ec669982bda39169086dcfe024d83dcee7,1308,43,11,1351
37ed9c1821bf720331a3d93c44fd1a138bfa9447,618,20,0,638
b9288ffec904eefc70ca49b8b04f1b5ffcd0a3a0,324,4,2,328
5a9d57a309a259ad7960db45a24c7c1723651fb6,55,9,3,64
9c6601fa3fc704f891e716ded83c7bf5b8aa5db8,6,2,0,8
b1018cc923af72622b22df3ebcabe2cc9e40874a,698,174,55,872
f6b419073f5093b29bfb5f01efdcb1fd43d71f66,3514,106,0,3620
4b080d9361dca925bcaa2494e7f2e41cff76d4cf,59,23,9,82
afd94f76fd974ef95801073803cfeff08bdf294e,322,131,25,453
3166d06d67c009ee5848d2f0fadd8edc91b049aa,10,6,0,16
bdf988e43ce20f7412bcf1c31bc0a33f2425125a,35729,769,0,36498
7b1a738dcbc4bf121983952833776e1dcf3f9526,5557,1067,703,6624
a9c0e0c15ccc172597965308ab1c5f532c75c636,292,35,0,327
be2e7fe2d32d83be8eb0aa7ddaf8f30be7ad8538,15114,617,0,15731
b7faae139f3bdb3adceae21e5661be493a9c36ff,0,0,0,0
e4c53f88509c8f562acf526d3df71050bc754669,15694,628,0,16322
764c933ecb907d2551624fb9184da56a03118ca3,2,2,0,4
550d603363f59df34ce82916e009f16a4dc5ed39,1299,309,33,1608
50b36c41948347d69a5a26cb4f967e30b6012d68,15142,614,0,15756
862243652b76309a59bb472390d5286eb66f1e69,16787,648,0,17435
cc43409214c96b7431d530778e827147d2fb847d,2,1,0,3
848380c4cdedcb3de4600076b700077da8e5ea22,15766,629,0,16395
714cb9ba620d1d0c97a6fee9cfd532eaa6824617,39,2,0,41
4c2a091509ea9d844b97c9a62edf067a68523f99,64,54,0,118
84aba1f5b850cbf7205e1d57b96e804e55bf0e4a,13,2,0,15
ff238644572f13386a82a72e1a2eb327a39df342,299,33,0,332
9f2bb6c175e4fc9b83e26785d764ec88d1af4dc8,162,33,0,195
cecc4fbd2b9d4e94fd9d8d4e7a63c06d35b77a7a,162,33,0,195
61a5b767e18b69229c5db49ee0b8b3cfae27cad9,162,33,0,195
ee56ae209d51f65258f897345f1adacc5adbe6eb,703,319,47,1022
6d5ed0ebe6c6c57d0eaa05710f0e7697db2e81f9,11,2,0,13
a229771bd11540ecd0dc9b42c81932c847d74210,162,33,0,195
4174b339ad921f87fcf6e1bc4178d19bb2a60c64,1475,42,0,1517
04361abb4c5296f0c7fcf39fc94c172961db0a2d,1475,42,0,1517
8795b0fd6add2dd82ab58ab8b0380ab0731af786,9824,134,0,9958
a8f87668472e732cfc0a664acbb180087da954e0,2,1,0,3
a5d3b5b615105ceb1dad424efc2b05cb6c2bdc22,561,203,58,764
a4d596f51f611ff800f11ae1919e6e99443b325f,11428,205,0,11633
b6ae19a396ac8b6d06a9e7dcd7fb2824a347bc5e,15,3,1,18
fbf6e60aeb6bad52c1473485cc4b5d267240b530,33,4,1,37
a4a2b1f2488a106e5c4c64f8001aa88ca3fd2018,207,10,0,217
4b2d53d7971459e767ce0b67699288136d8907a0,761,330,55,1091
0a4a0c8bc6c5f9903700040655c63f9f9568b219,109,57,3,166
793bde053289b6d535c6b8448f3ccc4e98d666dc,4628,1692,563,6320
4ded4ba8e29e554aa2429eda6dd0230dfe30b473,540,272,13,812
b47c5870b53600bf297586b77b215357e910cc28,10,5,0,15
cea0b0864931ca4d44844c8da4233a68c1a3d2c9,260,3,0,263
1c6271b19da9079e8689fa649ea89f97e81249ca,171,69,26,240
2cd940fd635567136318ddfe8b48fd2c5cf0cb3e,552,268,50,820
1072d719fd9ff1b856da190d03d4d26ae96edbee,221,100,7,321
fbb5c7a755f669febbe168d42044c546cef6af28,79,35,5,114
126a5f3871d9bf022f07957882073a912937a49e,450,119,0,569
9c8b6f7a1e8fb4036730e82ebde8c0ca66c2d945,688,211,43,899
6c903efdf4acb479bc77c7f471adc4135bb27130,231,126,104,357
11db95b10eef2881bb302571014334eb95066334,26916,803,0,27719
a9d6650f701ae8f975441eca26173b6476bd739a,808,356,55,1164
a462aad63b030cf972a3d067288061095cb5c509,68,35,0,103
3506b37e479b41d676fc7c60d5e90e1036fff97b,206,96,4,302
6d333d3d99b1e752d82c019c8ff42771a19ce175,197,90,18,287
f87f82fb11186c970cb54b8f68e9a433130ce1e5,891,268,56,1159
1b0e45a212d1ee0f1d45e9ec62fbe89f0cc595ef,395,111,23,506
cfcf46df629f35dbeac98ad15fca7fb848724af6,242,129,51,371
c602549aceca0fedc33abfd12cd40fc552f097d2,122,58,4,180
b458bd090a23639915f0fe8861c50d763f7cc80f,149,62,21,211
ff2feeea6c365ced317fc1336039c66d29427442,50,21,2,71
e0b7516ea56142ae43cfbbd803a247928e2f1664,281,103,63,384
c4116c1e267b622e084f8404179421deef20f337,194,95,11,289
dec4e88538374763001103ace470a823ba82429b,155,72,40,227
76790194a55138f3c7350102e6de77f0a87b867b,191,83,30,274
9babd5b1309016f243e1c417bb9ef134aa371d27,426,203,161,629
21a8762a8e2725c861604ca4a58976c09aa2af52,89,43,10,132
ef78d14c961016905ab7f6d284373c72f058c6e6,60,29,10,89
b77f2a59dbf9e379384c2ac8f9999d235474f74e,356,164,92,520
b89b472d3df61a2bb23c73e11d19af9bec364738,376,222,148,598
882cd1140c132f273176bd9797ec780c12ba1e64,875,405,93,1280
80e3f098fcb6f48245cdb154771550aa8fd991eb,347,127,28,474
158314b8bcb1bc1241d30987a478c53b0283599a,0,18,0,18
e8d8562c03f844a5996fbddfeab41fcc9e0c97ab,134,65,63,199
a6f9c9e64ce3b656b340abd20f3912aa1110e52e,0,77,4,77
cc186b52192ef63b1c60a07bb8231354343156e7,2743,43,22,2786
e1d8f69b715e16ab1fc427e920e2fdb4bb185341,2966,137,83,3103
bd28003bf5a54cd03526a0f01792f2bacef798a7,2205,810,786,3015
bda1cbfd2d4c6eee72b8daebf5b095faf6bcb9cc,215,170,84,385
4afbdcb8b2091b0fdbb283206d2587d7de3e8e8d,15206,357,0,15563
cc2942450b805b98f1c850afc143d8d7f1014be4,99,81,26,180
9ade2e832b974d4fb740c8a2ff03b3c7ecb36720,11299,174,0,11473
a4e2449a7a568364a64034ce35b4d7880c6f889f,77,36,35,113
bdff6c598df00265e17747f2d063bba0e4a5e789,40,2,0,42
cd8625f16027af4e0619392027d6be2112571bce,169,55,11,224
3402cd4901b45b3dec29bb636550806ac0d7404c,61,28,15,89
fbc373c0b4a8a3caf18eb4b029f7e9a607770707,0,1,0,1
ed7736f3f80309631f8985d464a7d573bf9cc075,87,29,5,116
39bc425723a8407f98b2955fccb0f45d209e261e,44,21,21,65
85840a5bfc4153f74f825c8b611ff2991a488cd1,10,5,2,15
8ab0ad51b8a9835e18f9b32384e9d3cb3ee35c9f,41,14,6,55
4b25edcc12628000f14feebee918028e002700bd,16,8,7,24
d0e6cacef068ac12bc85bdc51925d81b1933ce22,78,24,13,102
0cf70fa43a7bbb23ced9c4894f0050428ed60333,34,18,5,52
c0006f6c8d8a659a2545317b4eb98d0fc5fb9683,34,2,0,36
833c1e68015a21bb84c61953a7b847b9f9316993,49,14,3,63
e1c3c8ce164bb0601c3853de09da8cf3746141de,433,69,1,502
64151d0b4fd663338ec0248b4538881330bc99a7,20,11,0,31
4277989bba40414ad947f4782e50efb6d3f75ace,676,47,12,723
172bc7ac55902cdf7fde3966d634ccf720517a9f,199,77,7,276
0204d759f0b049fe8878acb6b4f125183fe55906,48,14,2,62
4187cb06cadcb47b0faf0e49a13b56e905a86cf6,132,26,5,158
b58c07567958297166faee8e2f9120aba1d0a95b,59,29,26,88
5161ca9310ecbb9a23c7d8fb7e00e8573461f723,180,72,63,252
67912a82add18c9f7df393f549a36e9f5797d876,5,3,2,8
aff0a8fb7323bfa8c17e0b5f61d65b0c9eed5245,126,57,52,183
2000f443315536e5be958116ca022e2503c5626d,152,84,72,236
537f631a7238264d82cf58fbaec68b78aadd6895,186,95,92,281
a916db69a5d8eaf3b58cd09cbd9f394eed494899,50,19,18,69
968c3cf87c0bb3a2dab2a3c7474d4201b51d87cc,547,276,271,823
4c4fc458a4e26799cc1abeb3b3fe9945b67aef32,2,2,2,4
dc7fc31ba67a4d7ff703f7ec500d69243f23aeaa,234,6,1,240
6c05042cbceafc71daf59393b8c9b5471b26bd51,22,4,2,26
2f2b55e7808e2258638f42b796616ce6e2e6acfa,52,12,4,64
65200e2644783bb43d6f2f8c81686f344b4acabd,26976,804,0,27780
11f8fddab3dd7cd8a8f272cde23e6b17fab8acae,314,46,44,360
08623ee2aace9b2d9dd3c880b0670ca6841e0794,130,27,27,157
9520f006c1baafa81c066500e23ec0c06423970d,21,8,5,29
fe11163627df0246275a022a9bf3337e19f42649,10,3,2,13
16e58046cba2c9e23f65c892b8db8fac9df8e88a,300,5,0,305
4174a74c0eca6a1b39c9c9b2ce9edde77379ce7e,46,9,0,55
669f3a916f51d835bcfef849b3a4663a59919018,428,16,3,444
531d9ba3fdeb7e413a8173daafc4b94a08e1731e,142,18,8,160
f90b641629a4e54b073683b10fa294f43a4f6e0d,10,1,0,11
48dd24c8c8056a1c7c35ca6ea1f624a537ffd0ae,10,5,3,15
1d3160e8f12227ec2f0440dc85637662d90310c6,102,14,10,116
4549d9921cf16270f6ccc1e532633ad422b9fd43,251,15,12,266
a15d4af828ff066553d076dbb7945b3d5ed26a06,134,12,7,146
73f70a5b8d4596203d1c74b04f81aec3c0ca06ae,28122,828,0,28950
581949346ac506a13569f51c43a95a642e9e6c74,16,1,0,17
7031f09d5b7e1798b0b7525ff432581e1deb957b,18,3,2,21
ff7771e222af084437d84748f51a70f9c44577c6,316,9,9,325
b24441a6d68a72582cb7bdd2c0efab2c90ca5794,372,18,17,390
47266bb6fe4813da98caae30ea6c1caf9d6fba46,722,2,0,724
8ea0f0817843aa3a142c9299d7e58184f5f6317d,10,3,3,13
13989d3ee950e6ac20a67bfe9285049223916bc6,4,2,2,6
87a44ca24e5851b3760462ab3b7c5fde4cfa304d,32,8,8,40
c13d9c7348b696405a6bf412a66dff3e07c47876,24,7,7,31
4c449f81cefc5f3e30d92184a95fde63b4d15856,60,18,18,78
f53c0eb50d04c63aca5318884139aaf1ce429519,140,29,14,169
a4065d1863eae5a5c55ea2af0c22a4bf01245e93,2993,647,576,3640
e4288e320e743f02d0a053ae8b112d5e5045641e,850,11,3,861
cafee25f9ff86e0578520d2ce761bd4c68af94dc,12298,906,562,13204
6f18eb54ca195006ad936c8cfc9fc45f1c71f1a7,732,12,2,744
168d7d033d31057c88d4cde03ba1806c23d44a49,2355,360,266,2715
42d94fe229477d9048d9b389a2472ff6f6ff2596,145,3,0,148
958401d8c3824f8c8d0ef7dbd22c30b7e95ded2e,5,1,0,6
2b8bbe9f5dbf2a6eb4053e3a461e01ee6a61f507,303,2,0,305
1b0ee715667debaa6a4455dcaaa19b66182d0b82,11461,205,0,11666
21a297a71a7fc5d4c30bfe54535e4675588565d4,30,13,0,43
68d01efcfdac7c951074803a2b411ae295e410f0,10,1,1,11
c46e1489636755538185da4a4d179b702aa571e3,10,3,0,13
8d338c0c5ab8dc1739eb96e3bb5c96df244c9ffa,545,6,0,551
b09ab22745bf33340fe90729582fb564f757b016,567,8,0,575
fa98f095a3f21c9382177a7f35a43d636bead59f,22,2,0,24
af2aa90b52923de97913f471c51b334a72d68754,0,0,0,0
50d64b0ab61e76a6f6a61b5dbb4069f2af24c592,11,3,1,14
3b6c3ac89b40e702df97f93956616832464efa20,12,1,0,13
91d2b89863db37c40489bedc5b046bc5b7e93928,53,1,0,54
06efcbff8224cfbfc2e2e9b61b14e24c0586b5de,6,2,2,8
7d68c88281f30a94e9984f59d2bf4fa7b2271a68,54,3,0,57
90241e06ff8e0a0b3797951609d64f270677ed54,8,3,2,11
8da62b9be8c243d1f65f1e126cd04e857daac3be,2,1,0,3
6e1aa2a538f5109ed64f4c8a981e65502780c16a,4,1,0,5
1f1f0b67f8f48a0b6e82f3d6beb248feb232c9c0,2,1,0,3
bd6847717308652a6ebed680882a0a3a20d71fee,16,1,0,17
70678bee230271db2f2fae80ae710b791bbf8fd3,41,4,1,45
15cbff49be0299f5992287f9a07e5f496c72ead3,252,43,12,295
bf1d805134baadd551f0b488b1b5a7814032d289,1475003,6966,0,1481969
09dd0ef32e2da54ac43c940979a6b481f3a78bf0,1474848,6965,0,1481813
cef4e37e67319c7f0b160d9ba688c1b557c9ed59,1475265,6966,0,1482231
52033a9523fdfe4a6e4340849526b1fc38541268,236,5,1,241
79a47101eebb2d43e3027be9f16eb25d0d66badc,1475260,6964,0,1482224
3e9365289e97dac312ec22d2fb00a63eb3c58fbd,574,2,0,576
85025af4f0f7b8d198d6a1bfbc7e121ccd7fc991,9,1,0,10
7acbfeda3d0fcd7eb515153595463cae21d2d308,356,6,0,362
3b47ca375610dd12013ae94d939b2cf835a361da,20,1,0,21
c7a9a1db8fc6f1e4377e1855b357267c1c814f73,1479917,6972,0,1486889
b9c6f3b6ebe67e14f7866a6759d18c36e1b5f974,569,15,11,584
35495421cb7611d49518120c9d7d39a7054e0b6b,305,52,0,357
7af5d02545e19296ddb4468ddb515a89efa5f97b,1475192,6967,0,1482159
eb75571a272d66d755522222ba76b19b53486d73,163,3,0,166
3362a61d64b7e54a92788fe300cde010852c1e10,473,11,1,484
fc73a24b33c20104a74934d10146740bbf16612c,1493254,7083,0,1500337
e9ea63e23ef25c93978b7e1825aecde566233f29,32,1,0,33
117037df1ba7927114420e61ded42806c451410b,1475099,6967,0,1482066
7cccef78212abde41e57bf3b323647e86d5dceba,204,11,0,215
885e76358a1e7ca51a4eea7e06502b95fe1a3065,252,43,0,295
71b2f03c8df598878af19e00af80076ef71d482b,24,1,0,25
cb767aaadc36d1efbeff5605f85c6668128c3b70,14,1,0,15
906b55cb665e5a50f5689b7df09d39396eb578da,718,12,0,730
df849b18d05f88a0075363cf13436e7715edde3c,3,1,0,4
88e38331637652b88be480afee56b81b7d9818fd,1058,63,0,1121
0a5c6745d9fbce983f8c31e2588624438a8d6419,1027,61,0,1088
3e703aaedcab1c60101357ebb3e02a9d00fec5ec,1058,63,0,1121
833755acbdfd94fd4a198a334341c78dccc3f2ca,46,1,0,47
89704638a2a5c3df8ed4257c400b55fa8ca1c8a0,70,1,0,71
6accb8c653ee8698aa880dc78bfe98634e032fce,829,15,0,844
dabe040c96279bbba749756d64cdb6b9a660decc,503,18,16,521
bcff8d8a87509f49ed4065ad54f68822e7eba3fa,221,8,1,229
f02ce983b80b3ae7a1cc9fe75359f7a40ace796e,457,72,32,529
5a6eb78345520ccb2c1cb8917a84aa44eead3154,125,26,24,151
69feb3925b971e281ebd164cfc504d77ba20a138,2302,10,0,2312
0ba574c14f5f3c745cb90975a09bc0b01eebceb3,10,2,2,12
a5e88c6d402687b88fc3b5fb865bc43a66d026cf,61,1,0,62
7f370b87b8ec10665b18a42ea5212dab5a4ae530,27,1,0,28
b3ce3a8f5d37d915ba80b465e7130771a4314d0c,132,1,0,133
657563274b2ea3192a106580fe74441d5b4050ac,10,1,1,11
1a05c3fb80137e21f1467a594de4448ee31e8d5c,10,5,0,15
5c8869f4ffdfab0f1385f16337c8bd9fbe334757,28,5,1,33
a55dab53312ce3693e5bce9f2d4a2d84dbd9e0d1,14,3,0,17
b27d701f8a1461710fe0c88755c8ae3b708877de,5,1,1,6
7870d431ae71641b2bbb708fc22e2b6a78d211a3,23,2,2,25
00fa47008c4cd46d8126a3ff74a1a4f67b29625b,29,2,2,31
eda4dd0e04f4825bb9ae6f556edc74c38dcb2d04,9,1,0,10
c9803b6ad400b6daaf1ea54c6aa1bb1dfd1d3808,1432,7,2,1439
0057093a8da2af16aee0f7a31b6a5ffbbf4fb1da,97,1,0,98
5f75dd9c3fc9080d03328bc66107f3536ef8afd3,1475669,6972,0,1482641
a9500891c3be3a09b0fd7c89028c2aff6c78783d,671,24,3,695
87592ecc1d2df63198fbd620c159b0f0cddeb567,28,2,0,30
0c5bae31dd23a41e195d7c3ea953964506efb601,6,1,0,7
b8deac3f82c914c44d0e715e29f078ce573ba387,37,2,0,39
03f01a65a40972705f824e7e39aaada3bcd71f0e,119,2,0,121
6a17d4a1bc4328fad014948581e69b57aeecc781,795,16,0,811
9941b8e605aab76eafb66ab063092af6ff944221,8,1,0,9
24c504b825ce5c45659658b4c3d0bf0cda685fba,110,8,7,118
e0ba6a3c280f60d929910f27c9112c4b104d4738,14,3,2,17
f9b49abf50b73beefc0a01a128849e0a3dd6a79a,18,7,5,25
76390dfb75d3877a767aab24f28792c137d9dc9d,83,6,1,89
16edda187bae866556094a1570d2bc6885bef8bd,104,52,2,156
7faa36f58404c96ff89a0e7128d15ff66732e78a,4,1,1,5
24295194a7a85475de677c700685d2c86cc55188,1479131,7082,0,1486213
f6a7abd98cbcdf3e8288a79d538dbacd83ca003c,379,12,0,391
88e5c4905a10179f3512d52c5c002c786922b5cb,62,3,0,65
9fd191a22f39716ff2f9d8b30bc3a371f6582a0f,9,5,0,14
d72ffe5e9fc24931a680507eb1560edc14eca608,380,81,0,461
6df3ea9393b96a55d9ac20fe8136a5a3b4395b63,84,36,13,120
dec35c981ba328450ac750274419a307104e5ca0,3,2,0,5
3c38a6f2e37450e7daba40153ae4b41275f86638,380,81,0,461
09b09b712c6c1fb6ce4a089d8b2580e6fe26b7b2,1123,88,0,1211
d00486f952951cda119d4ec16f2d46c47c0da817,9,1,0,10
d08db8993be35d2dd112a48d6b9fb78f4ecf27cb,380,81,0,461
e3598a952057752a562f5c6a4ebf95778d2e5fa1,551,8,2,559
165698d2983cf449ec3f09565fb7a5f87c4b5889,14,1,1,15
78775c4063f6d8a6aa1bb9d8f225e89e55f25a46,565,9,0,574
712ce1426f0e29f0325b0f192e0379e50002a59f,608,63,27,671
20424760d6827a26399080d72a0fbf0a9c1239b9,6,1,0,7
1ebc69e39576d9b51cc9700adb8aca1a187e5481,566,96,2,662
1964f4ab2685a077f6ffd732498df6c32448eb2a,148,4,1,152
b7ce0dcf41ac3f05fa914aa650b3b4fc28ddbba2,2,1,1,3
8d3dbb719a20572f9f8f9df28020dfdfb1f03dca,566,96,0,662
7454803ffc274ca37de257adf7915f90c280c30e,1131,105,0,1236
b400577281dd4b17f457d5b8094269a67b9a8da0,1553,216,0,1769
fb37ccf14771a9a1c3348415d525314e7faa32ac,1215,141,0,1356
7f24d3cc66e09c967bdc9954dd5a8d1825462349,1192,11,2,1203
eefcf2559de38883ab272186356fef8094e410ce,25,1,0,26
27a17ffe589b77582844f9c688ef878633737b96,161,37,14,198
16a56c5055149d6befa85988a15c7809c8e06c66,4,2,2,6
c46c7f25a3cbe0dc8464378129e4555818bdd3cd,2,1,0,3
15d6ebb2e71dd7179dad1ecfb77ec9b3c59e2f9f,2338,224,0,2562
c10a6c7d7c7eecb111ae6dd3c37bb5d90cdffa49,617,96,29,713
fe3f30b7bcaa6aba08e1d8a6c079efbdf41d3e51,20,2,0,22
32203b2b6bed211fc5d2ea0968c03d1a01620963,112,1,0,113
cafe7aba83c3b1cefb17ac70994ebc05dd3765a5,78,3,1,81
2e6c9b7b21bd5097620081c53e345fc3bd06eb41,59,13,0,72
401b24fbc72f947256238af056677353d34dc39a,1717,219,0,1936
bb85abe6a5484dcd8c43ba2738c1a4f382273302,40,1,0,41
c524ed0cc1adcb740312668256bb8f8f1f987934,144,2,0,146
d767a5d50bb2f237a600f7c1187c5f0912356b31,1215,141,0,1356
c60edcc669eebac522f1baa73c5d3c7661dd9fd4,4,1,0,5
85e20e87b1d8f773125707363feea84ffd2deca2,2,1,0,3
7c89e3168a46d0415567d26df7cc61c47114d097,4,1,0,5
9d9b24afaefe48d1e2458d36377b545e29f11568,1503058,7175,0,1510233
a78e88a2216997af0887dbf28c151011a0fce0ef,2490,267,0,2757
80131b7a086d0aa5e6ff0664998eb15af95f4deb,52,1,0,53
900b958aecb8b35d2d9b004ba248b0c6502fcf79,3,2,0,5
55144cfa5af89904c67194d9c5db64fef2bc7592,561,1,0,562
c0e7b6d440fedbf559cd9e93e356ebee6e62416d,9494,33,3,9527
c46a0ef8e1f86036d2082ac82da15c51499b8194,1791,147,0,1938
c1c60c7ea1750e65d333cd47fd9615245f98dfbb,1247,43,16,1290
0acd2d4126dcf705660eea8ce25ec1bd016e63b1,4,2,0,6
36f1e077b7f251787fb10038cfcc9cca2d8cec95,78,2,1,80
17982e843a1c068974232511c4288e7c554cb956,569,4,0,573
aeacd35d3aa4952bcaa09feb0cf6d469e97e5e6b,301,7,0,308
1a6ba4fd9cbb3102c4bf322d8c993df02aa87c9b,2207,221,0,2428
b8c1bcfbf85975a9c686300fd8223b0313985533,30,11,1,41
92335701a3423930129afd67da94dde3e059c7d0,1786,145,0,1931
471fc6cb61ed423ef7172a45a6fab97cc2a4f414,1,1,0,2
4ea725173c6b7dec3a61ebc43c7515b224a2100e,108,1,0,109
f7e591034809b76012bc9951308a7102801df4b4,569,4,0,573
0e3f19b865fea06a3ae5f8a6d98c067bb76a84b7,167,1,0,168
0df1abd0dfedf7e4722a9a487802841a3879851f,569,4,0,573
43c1c2b9bd183517db9c84d8bc7baeb8928a2181,0,1,0,1
2d88123354b8f10c3bfacfc065ae3cf19eb40f2c,225,2,1,227
ff436dc67b2da7ad9c8329f12876be823ea05c1d,2212,221,0,2433
1461271af891f20d88fd03580f37c117ef04053f,7,1,0,8
ded182395f5f3e211cd456344d100cccea648da2,2,2,0,4
3d2681559cc3bcd8fa71a91fff4578fb97337b54,552,3,3,555
0b1f62994aa52420280ee2bc04526d750e2e2e5d,6,2,2,8
2851b52b9921988980051130129e5c043898e724,77,30,1,107
124c9de77acb5ef48df61cda4e79aa8f24cfc614,4,2,0,6
b5b069ed4f7f96cb4e2395bf154a8986b64332d4,6,3,0,9
7f515d16a8a29ef3a35054e292d431337309a99f,316,10,9,326
260e1a25f7a7f6fd1377664b9d314109aa0c4511,38,6,2,44
d07fb8794eb03c8c61cf1ad25627001c0405fdc3,24,11,1,35
a03fee32a2f970a2231bae01dc8240d303b9e7ca,1247,27,4,1274
808eae312675a16167544ae36a6be16f48522fae,148,3,0,151
ab879f3943943e2df37010582cd25ab959fe83a5,91,4,3,95
a42c4cd0bb9742215342bf8c4f6be57bd6fe5046,571,5,0,576
48d55309266adf4fae8db0c3d0f25ba6659a2147,3,2,0,5
f304e00c624c298b1fb348fdda36a090046614c4,57,4,0,61
a4d5dc633bb8f9ccbf02e02f73f81037a053346c,1484469,7061,0,1491530
8606a76fb2fcf92858e0b0271d47b2d0a18ca65c,2212,221,0,2433
8bef53e6456c9cd8691d81f50d7034b6711c7bd1,27,1,0,28
b910a4c423eded1b9d62c0ee4f3d54c16896a22b,12,4,0,16
9660a1c75c2f3c3e50bb8db1356a2ba27c4f9580,748,15,0,763
b81573f6e608bdf23b2ffbf27e0784a0d1ad5558,595,14,0,609
75b10561532a9f943e32f9b007e1da74b179ca6c,748,15,0,763
6127f17b52954fbe11fcb5cb67a1fd65c1a73e21,748,15,0,763
b4ec6e05823aec231de83aced3e03ad2b4c44bb9,748,15,0,763
02eb044a05accc2adffc05a7d586d422958cbf09,748,15,0,763
b0031ccda7379a80047ae429ccb7da7be2a0139e,2108,25,0,2133
5dbe6516c210b8b42581d8c6ba79a55cacfb9533,3657,241,0,3898
269142161a9f74b496fe753b5ab831714268e8f3,468,12,0,480
10b0a09dbadcfacb292218d59a36838ae51d32c2,664,3,0,667
7871d381aedf69de53d66540ff833c5f2df84f75,18,2,0,20
d468943c84fe519ac2ac1aedfd9eb5555794a5cd,5,1,0,6
f757a10471d1b3b9666af0881dfd74816ae2fbb7,1,1,0,2
ef1d03b4c1c3c4bafe193fad595438782122aa48,27,2,0,29
8d58c9b05574cf49c3812a0f9e252fa35b9ded91,2,1,0,3
8bfe43b66c5faad002a1034aba821a1766253b4a,2228,34,0,2262
75687667ff1f04f16984c84db713120d38fa840d,638,8,0,646
ef6bdbce31cd734ff956e03f8258d18f39dea066,496,5,5,501
2dfaa73574a3639b2b4a6ac03e81ce62fcd0e96e,1480,20,0,1500
0bab0cbc6a677cf15d0abff6f5fb1e5fa92a44f3,2228,34,0,2262
a21e782dfe435bef9b6b2dbc5b795d8e5ecf9969,3,1,0,4
b4da38a336e8df1b3b8745549abba3053bb99ab1,32,2,1,34
6616ad4502661f6fe3da30a1b0fc40c54be2eccb,21,1,0,22
ec7ea1c0b4838a210689b028a38caf790458adb9,32,2,0,34
b7e57279e8a0f4296ecbbade9b17ebbff5613bce,32,2,0,34
17d1b5fce176d618913efa967b395f433d67b355,2260,36,0,2296
f46ccf83181c4ba9f76f3dbd9ae87dc247bb94d0,66,7,0,73
16298c5317a2d19ac737cff1149cbc43e938e951,107,4,1,111
f1a8f165afb2573b4df4e8847e76ab0a784e97a3,923,26,7,949
f1cba0b02e5cecb72d08e5464eeed7fdea2858d3,74,2,1,76
4da1ca31fc2d37ce18245f6a8d6ec2e0c084ec41,2260,36,0,2296
abe5d178983c886c8feefe58daa7b33a30d495ce,1416,13,7,1429
4b690fc4217e26a27f7385f1c3ecb0b006e9eb15,31,1,0,32
ff5c7a4e6f1dc259438db17bac0c73409f528cb3,2831,41,0,2872
0349c858bd60202880a8e5d6631eac9d62d7e5dc,14,1,0,15
10356b6bc5fdc7e96da264884a1b591c1be39a5e,24,3,0,27
b05a94ecd6659c766bf618f33c37f00639467201,9,3,1,12
349d51ed33c6e5ff8b782bf637956a46ee062e5a,4784,57,34,4841
75544b271e92bf9abc64423a4fd4914265ff19ff,47,2,1,49
b7d585d848ce5a483f904c357f6f737827a75e4c,3475,169,0,3644
0357b74b0fa155f3eb18766591abda15821fbd2e,63,5,2,68
bd9d7b5cd68b78e252cf3787bd599ce90092d0b4,2260,36,0,2296
48b7a11f98586b6e0f381bc493d7d6f4b1a07a66,2,1,0,3
1800ff6eaba68e1e747b059a05e052da0cd85e7e,63,5,0,68
ca4870eb10064f2aaf478186843320a430d633cb,9,2,0,11
321ca78cf5c8be9b50cce39c7c322fecaaebc51c,1512,22,0,1534
fa69c3f36c1121706041822b9c9ed25ecc8e55b1,140,5,0,145
ca530750d72a840be3885f6652c54d24d9e6f1ef,227,7,4,234
a83ae290b98a2f659e2f7abe1f2d92fc0a7205b8,778,13,0,791
67aaa4e415788973e38e3b862f8bbb21f14ef088,132,1,0,133
e94b74165e1f3e17a4bab5587ca0668c5717f4e4,6,3,0,9
37b472152777d197e1c4774f82fcbeb581ce3c03,638,8,0,646
03c1b2a23c5d997f68fd06a8c210877ff5a9c8f0,76,4,0,80
17a1aa24b9e738111514f39650627b4a7e2fb616,778,13,0,791
74b15016e15064600fdab1d3973ae9ca843389de,776,12,0,788
03c9be6d626afac111db112f041d3783759be64b,43,1,1,44
20c772820fd3a15aedc4eb9b01f5a3c8d1beaa26,5294,56,0,5350
dca51c3f24dfbcd16565099d98551e730285a149,95,2,1,97
5600ac3319a41d00e9fe268be9b951dbeb196f5f,4,2,0,6
da82d96528d8ee781d39336943746cd984f068fb,580,14,9,594
2e92d4d8bafdcf7395c5005802dfbdbdc7fbcdeb,2,1,0,3
8b6cd8060549176128d9194be6c13434ae45e8d5,1313,51,2,1364
3647e88e647d3b7c97920c43f2f0afa22027cb73,74,4,4,78
8be6dbe9bd934f4a1125225186e75b560639d920,430,2,0,432
6badd2bac19ef13304ac4d564f322f69e9d0f244,38,2,0,40
ed524e938093a723388323b208b0be126eb55ec5,0,0,0,0
885e070e7a48911b099e1a05689c22a214a5adea,112,6,0,118
1ec0c2ddfdecfee9e5a7a75f2df2db7d8e2fb819,4518,44,0,4562
8c4a1e2a7c4ec9c96d5d12200b565bbce65270de,183,2,1,185
cd613db8bc16dcdefa495cdd0c23ad9b85061018,27,1,0,28
0be7e6eca60f04f4342a5de4b3f774790fcefde8,3,1,1,4
a8d39b00aafe00c8e820fe4a668e0586e8d6d54c,8,1,1,9
7e1ed4e7b619d75fc03c4e259df11caeb0e2a330,5296,57,0,5353
77efad96287be8df139f79d0547f4b72b5567faf,2536,29,1,2565
d336959d916f29fdb31b1acbdb4b2d051bc30796,1234,121,12,1355
c2363b6f59123cb6118ab986c05b3a21d8782f55,9998,134,0,10132
6a537baf888187f3f85cf27b8bd78076512903a1,74,4,0,78
277dc153c28435e99b273f37a1784bfd7a61255f,10,1,0,11
4264bf558e9a3cfc73193d7c1a70b4c46ee1ce2c,657,9,0,666
2451bec15cedc28781e468c9e61965fc51ba491e,9,1,0,10
151e823df3e6a5e9e6e3372b1785475e55d9048e,15858,194,0,16052
3f4c416715b07cdad4b1704a9490b18f05b93b0d,79,3,2,82
0632bb3b537e24571efc3be8a9ba5b01d3557069,121,4,2,125
2f4b348760989f4aa82a538f8b0b5e441621f9a7,10,2,2,12
67a50f969a394c5a2a33e302d8ca975ffc57ef3b,430,8,8,438
f14e1aa40973423c26e3f77ba18291a634de57b6,585,22,2,607
1209499c59c011a5ff611046e459ad2b28ad5375,13,1,0,14
c22401747b08cad9cc913f55b6471ed1f010bd4e,1,1,0,2
6734ef3c8d94da2cab6a76d534f5295fd528f9ad,142,7,4,149
31ce5854b87adf6bdb462fb08eb9cc6e4dd81465,356,4,2,360
32d310cd67931aa700774d5e2ad91085daf86958,18137,231,0,18368
63038c9d1fda1800324402f65e9fdf9e7bb120ee,1329,6,1,1335
7fa6ff0b823fa01d8dd4c3f11e04f3266138bfc0,1123,6,2,1129
99e3fa618bcb4581626188046933b157a2acc577,17389,217,0,17606
c9aadf0778d818b00fe20d549dc81f7082d79652,692,14,0,706
812076ab509cd8693618067d82559415d243d556,10,1,0,11
aee11a01f1c937a8cdef5ae88a465848be8ea533,84,23,0,107
d97965b04aac201fe1d176e2510913832e90430f,18,2,2,20
a421b3a5e324691fe95fa7d582827d7a20990416,12,1,0,13
786193fead9e530f60eeda0f1a898b5d2970f536,28,3,0,31
c2c2e7ffa3d3e773880a0c2dd8928f031998b2fc,146,29,0,175
d84215cf3f388c474698dab47f5dcadbb2a18866,28,3,0,31
74a79bb2cefd22f6cd57044594fd14edac8d51a9,185,158,10,343
5e3d2fe41c923869ef9e0aeb26e4d6f1a9cc0bba,2,1,1,3
db4b1d2b6b3247083ead64dc1f98d1f029475551,568,84,30,652
237465ed5a523561dda5a5eebd43abb05ed029e0,185,158,0,343
256a70b13d4985262df66e835915d64eb9b34026,1,1,1,2
7cec05d367f1fd6d42a16e330b99eabb62089072,8,1,1,9
210845df480a0771556355366c39c71800613dec,15409,329,0,15738
a6d87acfdda20c4f96eed1a448abb3e667e3c614,9,1,1,10
7614cff4143099be261ed43ea15da66144aa2989,14,2,0,16
7d262168d17d1eff19b867be79494e9b49a1ae0d,88,9,3,97
0e110c0c1f7b6fa08ae6f0a079494a73de663dbf,150,7,0,157
76c2f747f47b217a733f6749677799de8a395e56,252,2,0,254
45d67c29580a14de76db90be4f5dce10cf1366c6,2,1,1,3
64cc3c09137cea7552d753341430c17476021c69,50,10,0,60
0646bb9060b2ff38e158f2f559a053d465617998,1307,29,0,1336
bceabb1d167c825250994fb5995d2167bb1dd22d,275,75,50,350
df08b15207885992a5fb385a59bd9553f76c5837,8,1,1,9
5e007c0096e4e2529c7b24585b4a35901352a757,4,1,1,5
fc88c7d515154f039aa88996968b2c75d12827c2,10,1,1,11
1f487d2c32036d7f39e0ed9fa0bf56482eb5cd18,2,1,1,3
a0b72cf4265604f908bba6b2de69577877c6c311,2,1,1,3
ebe7d96fa400d0bc5927c0e21b530ada4c9e618b,2,1,1,3
e82af5d8b988d79e691315d297b75617fa08d0f1,4,1,1,5
97ad267d2040bc154b0b1386e5308a3413ecf3dd,4,1,1,5
a6fad954f2c4998ebab0d656878b5037d3451498,19679,398,0,20077
6730377abafd6afa7e5f02a321583b1084edfb14,369,7,0,376
93c36db6f2367f967ffefa870f161492c5bc7c90,1367,41,0,1408
53abd6bab516c36a8593ddb2f3d867e5f750048c,74,4,0,78
74e24c60c127d48318b0c3cb63882e45fbcf06ce,275,75,0,350
4a92912120dce0c9969e55daf0a882786fe160b9,12,3,0,15
3a8b1baaeeda47660078991d8bed05b215581f9e,3,1,0,4
5506edcede6ffd2f30e3f3f129a4266a48b7e7c5,572,83,0,655
7e3c81b48bd7879072b859f26140e5194d58f654,2310,53,32,2363
8c34bae44898b92bfc7ab2d92594f3650eb2bd69,2161,276,0,2437
861d18aaa4c0018b00781942d4f226daaaa14384,528,2,1,530
4c8e19917e99a81bc5604c45217ba5a9b0c8f4c2,20843,481,0,21324
9aead01963edc9914f1cf0e3f0aceeb320070d6d,10,1,0,11
6e3b88d5d3a3b4ef52401165e85333c064c9d12c,273,31,8,304
ffbf59c38beb45d64fb0f1c6b66a806102d8f1b3,8,3,0,11
583e7024a45ac87d731629ec8bcf1758504ea342,20278,479,0,20757
6759af1ecfcd390b35859e596f9527611ec56d6f,0,2,0,2
7e40e222fabaf9477564706264b1bd4718098b45,6,2,1,8
1719ab5b8691427396af02d53eff2e1ce90f4e9f,33,5,4,38
44c05efa731f050d2f6a6af605651f86651c294b,44,7,0,51
adf39084c2c25b9a4e9be5e49abdf130558d01b9,14,4,0,18
85a0f3750bb0c045255f74355eb825b4daf023aa,695,16,4,711
9772e720f33ac4214f5db5d461559019314c131a,0,2,0,2
ebcf9c04aad5b5cb32d13ef97d885f22be8c2d9d,46,5,1,51
4b2c5664dba57460e54f6311a2d4906161938257,20,4,1,24
a8fb6676f67ecd3e99efd03339396fd145496abf,8,1,0,9
bc3f2efc2b5a2108cbf14b109042b25b8f33ef1c,16,2,0,18
5be6a7cbb7556fdeee371ff9f6de438188058d59,1497440,7110,0,1504550
d0a4e678d9fe9e1750a90a8148928d6849ad01f6,12,2,0,14
f0db0cc55d77ba5ea07c90f8c5e21f4ce28867ac,617,93,0,710
1cd077dede6c10702de7f879bd4b7d9163b6d3aa,580,11,11,591
4e69eb05e3cea4d13e3b5bdcfe772dd56924db58,8,3,1,11
95ab4a90872e804f7218db149f57ae369c7b4e14,6,1,0,7
4618caa5710e9cceccf3f1d833bf38b630e3c851,16,2,0,18
5f8b690a4c6c27bada6588fe405423ef81434a93,56,1,0,57
099b6b37a62f11236c88ed7006e3ad842dae16e7,4,2,2,6
9b341a0ff2d6e38f17bd4da8f37be4542a963f8b,4,1,1,5
999614076c45dbe69d7d2ccb2eff30bcab345365,3,1,0,4
2307699bb5295185421fdc80a3c923f59332a261,208,12,11,220
c351a7bc6e000bdd88b5a0a701625158ac20dada,122,4,2,126
8e8a0c3ffa15442018b9dc696f12210ee36b9898,865,17,1,882
79ba5af86bdcda62b36a2d1287fcd13a1811c455,2,1,0,3
f9548917d3e5d84cc41463e086078a08200f471f,2142,279,0,2421
6ce04499b37b0eaf83967f26c00df013ee1e1d8b,2,1,0,3
ac5b2c4caec3e86f1100cfea9810ffa41a6afc04,2,1,0,3
27827c8217545686e8c5132e0f29dd1aecc19f3b,113,8,1,121
88c298c629b8178b79afa04325e144ea069c6a8b,18930,454,0,19384
be6686d8985386df2bb891337e41bfa42d646261,52,1,1,53
50f31e6e478756ba948ef3bb6b1a03dbd60d71c2,216,14,4,230
38164d05670f920123078865bd6f0fec72020422,30,1,0,31
3e5be9310a7e558474eef325dcc9595898e8e060,26,6,0,32
ddbd18e4a3872cd31c036693650990e506334c99,44,2,0,46
8643e944b332c526ca05a09aaf3c611199c1f674,24,2,0,26
6cab420e72bada8a9658ce893faec00710e08cd4,991,21,0,1012
ae3ba8c9da90f82d1461a7a5f1de6baec8803ef6,74,11,0,85
ce649bdf60ccc74366c9dc24f48cd8080efd944d,113,5,1,118
3789241c9342bf8d399bd39842deb4c67c9379a2,0,2,0,2
07b24d040a36e2419557a9e7f455ce41952a15df,0,2,0,2
61ac2c4e2bf3a1696da70020f75e357156cf9ae8,15,3,0,18
977f61fa577b9d99ca567faa897c4a9a77f7aa90,142,5,2,147
e50ca07de475612eb36e7706f6100e7c6f159826,598,57,21,655
d5ef125ca7be8d203c4ff4dbcb9268df8ea0144b,0,2,0,2
d01fa229ea9552e9e5b7272dea89266a63fac3ed,99,4,2,103
a92f08456d85ccc5fcb1f9f9ec670795b45ddd6a,1017,24,0,1041
e45b390e167d239b5c3eec88672001639964c31e,387,6,2,393
673d11b591789d37f5f5240ad267e875f76d3821,18,1,0,19
0354a41b94e891273a06587c6cea95aaee15d995,4476,53,12,4529
ee0ec687fa5063c74eb43beeb41b3137e67f4375,8,1,0,9
641a4c87c91c2a260a7960e8ec942cd0bd97f2d0,3127,288,0,3415
5673e3f979b58f70a18a795be3eb884cc961a93c,8,1,1,9
645aa34e83326b7f626fb832d311fda20e829e9b,18,1,0,19
fa4ac59ac62e5fe2a14405e1cac51bfe94f5cb58,46,14,0,60
8112a5062adcd0931caafd166c0e2bf6e2b2674e,8,1,0,9
e28ddd260fbe64568445b5a9d116e60a099fdcb2,1033,24,0,1057
e716d82787d48016c4f620574b6ef6104611d221,733,8,4,741
fbf76c785d5fcb9c0982c9092588a8927afd8d0b,258,5,4,263
ceab04d7e4d2818e454e13b15d4e62288a17b2f1,20,3,1,23
5791d43aed7d8a1a4566d4b18b4b20848f1d942c,3153,289,0,3442
e4cd6321c34e2b1490d360fc6e7d236d4be6c1b0,11,1,1,12
b170fcd55f81bb4c44ebe38ceac019ef73b428c0,102,2,0,104
029e96b28647ae9b4b31e4afb941d6959c180d99,343,24,0,367
c6e4f450755c8912b088ef1bb16873eb20e45b13,508,11,0,519
22860972ba4e74edb5472e81d7e5cc498c0355f4,14,1,1,15
dae3e16ed67feb8b4e823fea0aaf152a5bca4e6c,190,4,0,194
f5d64b2e1fe87d6d81d7b9eb532ba6776200dd91,229,7,0,236
d19c73e431f04aa9d7eb54032bdfd07a6678fd42,100,2,0,102
61d201623f5e77843b9a9e156b58535df9b05d91,10,1,0,11
b378db7bbeb1bed1382cd591c94221b6dbd1c5f9,1397,55,0,1452
e178459544efdc5d8fac9941c4e9df2e6341e09d,12,1,0,13
87d1de1349d45cde66f6c0d138997e9700902bf4,50,3,0,53
b82eea32318a786cc5f5d352d18981220adf77ee,6,1,0,7
0864e84029922eb5ba172a6a08c3ed5a3b788adf,1244,45,0,1289
d5bef132a43b2ef60afed3e454f46a54a088feb0,4128,339,163,4467
27fab4b8457acca0b8549f8e4da64bada331b81b,32,1,0,33
0907f4c40f3beb7d3fb0fa84422d73c004bf7701,26,11,0,37
b6dde63e69c0b74271d4648ab97974dc0bd2c758,2,1,0,3
6712053de989196bd00959975ad02bab9dd9abd3,6418,395,0,6813
f98cd1f7cb8786eac19737aa5d4d6dd7057968b2,5486,378,0,5864
f81a3159787f38265554b37327acb12c28d97846,4,2,0,6
0c0fcf3c0b833fe5e84acd379d44d95c0c7915bb,234,51,25,285
c323a8e7b5302d3fe0affbbbb957774b393e5097,624,157,120,781
c5247ab37b5233520bb610570d9a1dd2b793d0bb,126,16,3,142
535ca6f3b32f80df24325b3fcf6fb722b525e201,3,1,0,4
45353228310224dbf4f86fb7b278e315b87bd0b2,2,1,0,3
31f2b6e72df2281088263aa4d87baf10eae73bfb,174,36,22,210
5bb5f5dd25e030eae184b77d5e31d42bae8b360a,2,1,0,3
e561bd4450a211a5e9842cb8bc9e3dfcb0e924cc,24,10,2,34
6c992c0f898c347b049d6ac1dad7c8c8989b0475,2,1,0,3
df488d08f6dd4f604d2eebfa15a8e31216e00975,2115,22,22,2137
9ea96070ac972ca23ccf1e34c980303a4c45e823,2,1,0,3
b1c7bb358c134bb1e6f0ccf1c520ed5e9a2ef92e,65,2,0,67
0a800b1acff0f32e9f3e38c4e5d54505edca2ca3,7190,515,0,7705
52440dfb7b66e02c79b1662ae32134917e0a2a1a,1869,133,39,2002
23fd3d738842db83190de3e6898bdeeced81cdd6,36,12,4,48
62cae2dc25a6aec564cb88689383f1d6d63ce98b,751,168,0,919
18e02cd7c30b47d5e821f57d182f12550ccc3501,10,2,0,12
a297fb321ac7a63771200f500a02416e8821577e,751,168,0,919
ed8d4d80ceab4e4cf34aa9038ecbfb2e88941d43,20091,773,0,20864
96f56c7801c920b47e76b752a903f023bab74b35,26,1,0,27
e73857f1604645fa7593d7a7f8d26f286a8c8ea5,0,1,0,1
1e714239be58fd114853e4ff0416051d5a3e9147,4,2,0,6
258a0e7fcf55ea96f1d0c3dcd3803a659aab5da2,751,168,0,919
506cda644ac151d5b0da8e36de2959efc00d8f8e,0,1,0,1
d6a720f7ae2be07dcb3207be445cfdb1cb816974,7169,513,0,7682
b5631df3233c3c098a2c1b08e084eca89cc176b8,2067,239,0,2306
fc768b8318213841dec6d92d1fcd013a8052aaca,189,32,10,221
25fb8e5ca42d8137c37ce513868bd246a5cc146a,27,1,0,28
7eebc7e0878e7cb7687315e0bdc4467ec1bdc26d,36,6,4,42
7cdd0c17f3f17afd521a3116c6129d48c4db71a5,1473,121,26,1594
9900ae49ba2b839eb3c549bb95cdf397743a8303,68,3,1,71
4009aaa35cba35752b80d39c03d3b5a87fdf4041,2317,273,0,2590
a20d599d2db8227a776579a0b03a2628c29183d6,6447,555,0,7002
f30d79d1f4b71833fea763fdacfe5f15300e4aa2,2,1,0,3
14ad3ea5c988ab0a034fbfb389b9274f9631fd69,2,1,0,3
580c36e66625ad203dfa18e830649c64e3e531f0,70,4,0,74
aad275086a95de87fa69d42d19dfe714925747e0,1684,115,0,1799
f4ca65834259a9a18ac4f62afacac531ffb4cdcc,279,20,6,299
9502c0d9f747bc77d6e10f999d86e7f6dc5cb402,2,1,0,3
ebcbb95dc9299dd0e05015b2157e10231d47813f,348,9,0,357
8bc802657d411208e2cbb719e1d7a20ecb721785,650,10,0,660
3812164589467584535db8f01464853cfe0d14bd,10896,762,0,11658
f13453f23eed7ce215952716854d24412baea3a1,64,4,0,68
72365618e7040ed3fded571e2a6c8c456608afd9,10,3,3,13
7bc0d511a879fa17a176b8a05bcbd1c7bd201ea2,141,5,1,146
bdebb406d6f58e7c6c4b334f6ea1a8be2b4ad7c8,38,2,0,40
4fe57d44373294700dcdeb42206bd525ce84475a,6,1,0,7
61a9f986a918052aae159e21ca37693491d34382,367,5,0,372
9550905e62dad06717ab666330c1d5b6523adc02,6,1,1,7
3dbb6acc206b321f5b08cfc510292a272f88b0e9,1520332,7901,0,1528233
e19655dfb3fd53f5423d3842bce7ca3395dc0f3b,2796,283,0,3079
fac9a3332c20fccad1cd26fdf2436b8bc6fb511f,6924,563,0,7487
5a50356e2f06f633ea3da1516694d606bc03cd48,2045,122,0,2167
2690391596363075afddd447c5025c39b28df1d6,2045,122,0,2167
b6eb388670f0954cfca76a17e134486b4465b015,4,1,0,5
39193c8c4af8e6bc05b72e0bedc82127c8ad8c8a,4,1,0,5
5a407fcd6e989f0b8b9ab0f1872fbaedecc72b7f,66,2,0,68
a360ab7794b844dd49693de91a7a7f9b115486dd,2540,1,0,2541
ac05bb9c8089895506126591a2b04766588a25e1,2045,122,0,2167
0e00930d5a22c9e4065a09f4d8a718f7e2d8f503,117,3,0,120
3791a128e1eb4b918548d8f2f92131d64807b7e2,33,3,0,36
2dec97c94d271bdd1965211ab81f055235b150da,60,4,0,64
4da5e29a5f4d7e47cf42fdc2daf53370efe0eb6b,2,1,1,3
746ce78ac39f63374dfe76129bd226b1fa3b2c75,2,1,1,3
71442e29f702a9c8ffc51d8f291a410292a517d5,2,1,0,3
2ec1cb2be1ea27a10d524da984bddf306c4de862,1,1,0,2
c98118f0df4cbdad7b66ffa14501f18a72d8df00,8,3,0,11
9e748990ace4c836a8ea834af7ad999f1a53f060,738,52,0,790
ff01e66e78cdf836066ec9aaf7eedf2f450c3929,6,1,0,7
f18a30d70eeb87113dbe20dd3ded112c1b3e3939,27,1,0,28
258ee1c0fe0deb89c598695f5b674ead98d9620a,22082,872,0,22954
c4e1c4fd05579dcf225ed55cd7bafbb04453453a,42,3,3,45
e6c21ab936349746e70097bc9afe4024d152d9e5,36,1,1,37
9b6f75e27be952f9e703824feb65183e0e6b2aa9,2,1,1,3
43d54c27f61691e3e4d15276dd7cf4676929a975,15,5,0,20
8df3ac4ea6b75407b802448d04211a1995fac74e,15,5,0,20
ae740876f39f7d937ffc7da07609d73ae5547730,15,5,0,20
8d7db1ef3e1de4736625a01cbdd674d1f8f64cee,2,1,1,3
57f55f6dfba2a6661f46ca5184131e6689c20dd1,4,1,1,5
0331e7bf307ba87b36d4303ae6dc3df49ce79a21,4,1,1,5
d0444b79c5028074128f56f555b0414041dc878d,467,16,0,483
8b57933eda84a6e9cbaafdfe5af49f2175c30549,10,1,1,11
ab091d1b05f79dcccbad6284ee4e4b95e1dc1a7f,580,16,0,596
c0ef3422f04cf5deb57b585f48ab796eb14621ad,19,6,0,25
cb2b9eaa5d7ced6d9556a727774e4e3bc851fd66,5507,392,0,5899
1f0d976318842029389c39759427f66987ff01ab,32,1,0,33
5203363e7b1cd297032da02611f81f24cbe60e6c,268,59,0,327
29064818f91d3780a5dfbad77565a43b9e24ab4a,9,1,0,10
55dc1474681c58872f58f79b14c642930cc93616,1016,113,0,1129
bd6434347d52fa9371b6e59a28621ebdcc760e5f,4,1,0,5
416491a7e7695dfe005d6130e34a14649605fc2b,281,64,0,345
8789715e0dc550818526a72c2bcd53fe34f3a8ba,202,2,0,204
f64485ba826858addfb68943db8fcf1b146af2e8,104,31,0,135
b5bdea36a4fcfa51be71e35152df43aa0914e3d5,2,1,0,3
115f59799edf7038475002553891700d77c0ce03,1779,223,0,2002
7e8ea4f1d71e6c9a9e329a0f00471878a73d6b54,364,146,1,510
61c102c77f860f8be9d649445acdf61cff2151e5,2491,373,0,2864
9a995a3aba1cc3cef0dd8027407d234dcf87c885,185,7,1,192
0c5e5ccb047289025dcd3cd37e24d4da0b0cec50,42,6,1,48
4fde8d3ddbc0585b8e8ea349b15fbf2f8150dc12,33,3,1,36
fe50f546169b6768b629d2a44675b9231437563a,2419,365,0,2784
9215a078875b1697a7cba600c00d3e5268ef37c1,90,6,1,96
3d6afdaa804f64ba5ed37d9607bf65646a3bd15e,1579,50,5,1629
8ababa7dcc5a799422d2c9aae1971a9e4d1686e6,2151,320,0,2471
bda40e27524ab9deb6b306db947c891524ac2076,3,1,1,4
091baf75c236a7266235a2dc2a33784dff43eac8,2,1,0,3
1fb0c0afd0d2a62476a19f25aaf82be5a80937f0,39,2,2,41
9616b028c6ba7fd45ad999c8121888be643e5b5b,2151,320,0,2471
724ba118f87aed5cab0af95afd4425c21688a223,802,80,28,882
60f1967831832f8e180bd55acc01f518fe54ed16,2,1,1,3
d1bdc728a9075d30a38e27d8bc91c6e70cc35ce4,196,4,4,200
ece021f6c3b6a92a12c574688cd4b44ccff847fb,34,1,1,35
7d4002ae39c356b2dd098fad9d0ab5c8c467cf97,2256,27,26,2283
7c1a29be35bd1d125a0dfec5a87af78c87a64b20,1939,25,4,1964
d6ed7189b5e209bd91bcb4d9f85a4e8ad405b267,361,7,7,368
c10fad8bdc9e81cbd6d75ce7c9d21bed2682d510,199,3,3,202
fb4a74c30865bbc111c1b4d0aab5fd8fd3f3b8d6,396,9,2,405
19300d5155eeee36a026e4b9d101b983b26f1b40,4444,394,0,4838
aa0ee770fa9c1bb6b7f93d7ce23bd1ac21ecf32c,1202,133,51,1335
8176780aefbeeff5265bf68a99ebb0c112498fd1,56,2,0,58
7c93b5e9def21eed8b35795035d9ed2fa0acfb3b,160,22,1,182
b0284a740c1c4b236644bec01296cebdc2c669ab,2438,369,0,2807
1a1de0b60928db604c1b5d2e6a49b21f4d4dbd65,112,1,0,113
28ad3dfeb049fcd41dcd05325ea8f6b5a43296f4,2,1,0,3
c8b0460127469f88d18aba5addac3dd01e1805d4,180,5,0,185
758d2cbf181fe0c80da30119d1be9437528e1a84,294,7,0,301
1a14dacc95c11ec8311da3ce55452d6e23333d60,10,2,0,12
4154267acd84aa1268b3a4cf0fd3cf8182780e93,10,2,0,12
e1b03b7e4ebe3e65f94384cae3e86b6f3d967444,12,2,0,14
5f9f2ea437c4208b4ff297fae15093ad686ed31b,12,2,0,14
a88b637bf4228a35b84fde6f875c5fc6e4e97ab0,272,18,7,290
f90778095ebcd9b3427699e21ac90240a6d529bf,426,3,1,429
2fe9dd1bef7f49e565ccf9dc89b7fb39105a0aa9,139,7,0,146
6f49e95540bcf0be76e82a635e1420d666c7a24d,10586,878,0,11464
06d9b7d2396a83566a131e3959f894bf9e08e865,2,1,0,3
091f5c0a8854ddf61aa88f4917f5abb002e86f3c,2802,38,0,2840
c1ac5a5e6545b4993ab12b4b4f5e987d6c3e7d8d,326,17,2,343
7f50e8056cebeb773cb569bb3bf8007ef6960585,5221,402,0,5623
6706dbd8b338d72f5cc223c33432116787c3235b,32,1,0,33
f04e0ec46f2b54aedb56f232e1f98da7ddacb2b8,70,20,2,90
88514f70095e2b21415d24cec10ec79896d016d4,215,11,0,226
ae0be1f5c85c624fa62650a937e4b2dfaa5a6de6,3351,47,0,3398
8117134460ee50d894f40169c4ca37ee0694a22e,49,1,0,50
61a70d9fdbed60103d19a955b37eb6345d78daa5,93,3,0,96
2636e2c1163fac1b86fbcbe0fcec8d4dadaf8aea,7551,524,0,8075
f46f266e968705471e061161f56f8c8c623fe4e5,724,16,6,740
367ab94bbc34255c81de43b622b86c14de4b9ea9,387,14,0,401
1b9629d07ef7f2a7dd7a43ae41296e79a9a9612b,142,5,2,147
72b94af4b78f3cbfadc05e069a235f4c2497d026,132,12,0,144
3641396747e529e2519ffd161c7b2991a4d0cbfd,49,1,0,50
b4a4f1b0de96536f2889206bf9c829b5977e2718,45,2,0,47
510349615010a14f4a7d648ba9d4c5fbe117b55d,22,3,1,25
ff7ee6d30460db42c4f1364b135ba21e20a26c60,7,2,1,9
0693fa99f79daac2b71c21edbf2e0453cb5b00c6,29,2,0,31
a234cdda168bdc9f8d4ededf360131da8ab6b3ec,752,71,1,823
7a8cde7a971344364a45c1f3d4407790719eca39,4,1,0,5
5668a8b4a7b9885fb343354666eb9ff0f6000779,87,4,3,91
8c83e3ac84855f81488c579f0261fbb37a935db5,80,3,3,83
54ed9b1327734e6a9f4e7cb94c0c481c78c3752d,52,2,1,54
605088c60865dd9bed40525ce547a0dbb183c0b7,46,2,0,48
42dc66f259a1cb8ef9237cc8f8182876e0517a81,102,1,0,103
921fd0c7896b1fcde5bcf4caa9c6d98e7f9852b6,629,111,37,740
6e104b80afe8c6399056abac322d7e22bbb1b0b2,95,3,2,98
27c09c204513c20bd3c3a5be2194d7dec57f1df8,20,2,0,22
cf72dda0913a86f0cf4c0a7eb7d477572e4371fa,477,11,5,488
addef7ebf59ca061c8de7421d445a5c8ede3eca0,99,4,0,103
2f24882da0145de1a4e839a5535fe3f9051c77e6,3444,66,0,3510
cd4040d5bea5dc598f308850e0d695379012077c,37,4,0,41
eb74c5ed625eb0dff30b0c4f31a9d3c6084bd937,238,33,0,271
d89ef5bdf6befd8476f457da3367ca1ed9347f17,841,75,9,916
3dedd1ab05207d260ce718b501d70dbf816baa9a,42,12,0,54
4dc03c3607ac5180a62102458b6a8b666ec00cfe,3444,66,0,3510
e24622ef9e8eb195c6eb192cb21f9b2829b5f453,14,3,0,17
bdfcc129df1fe3d8cabf30a9886836596fefbc36,18,7,0,25
c6c1e31547ca08d36706425befd352657170349d,746,30,0,776
355a55b0eaca1d8167d73506e8648398ebfdcc78,128,6,0,134
707aaf53361d9e3657a472728589b7a6c0da9cea,14,1,0,15
a7cfdb63b10dfa59fcee50b2084fd92206f0ca29,760,31,0,791
a1cc0a9a295d1b73cecaca4a64f6bf627e761ff4,364,20,10,384
b9722c4fc2303283ff9180ca1b46070a95c837bf,3444,66,0,3510
48a7281e77abb11995642524fd9bde378d005542,78,12,7,90
efb9158440cec0b21eed4ea4b31ca066c53d326b,93,3,0,96
75ecf4ab840ce834a731bba7aac7bcdb25822bc7,3444,66,0,3510
f21a638eab7efbcf81dacd40193c4d210d052488,40,19,19,59
796737a27ee2847b079c7f5b17cb77b4740ca22b,424,15,0,439
3c7d787ed1858826852ab09c14cd7dd628fe65df,99,5,1,104
625b33f9d35947d4f53cc6ca215a9cd33c99294e,662,13,13,675
77348f45db3806c6f5a63466fa0baae6a5ed8797,3444,66,0,3510
7c7ec7dc5b0d20cf19b2c9a0b1d647896c96909f,56,2,0,58
f05d0b0121e764399e036675b21de689d6583b42,3444,66,0,3510
72b557a8cbd4826f67a5b7d8b1fd811936f92b5c,16,2,0,18
e7562eb3adfae95e30980de650f8db4a73940d74,6,1,0,7
fd70327fcb3d1de9f6c4020fb5fe02396b273bb6,3444,66,0,3510
b2d5666fae0665156d2b75d093919602eab0de56,1318,3,0,1321
76316fe95f8942c8b38180ee2443c3a665ca9927,83,10,4,93
d6a8823224120e269b9210764c26a3daeceebb48,21,1,0,22
d4389579e19875df256f1cb76030f0a3df967976,60,2,0,62
844bb3aacb009e7f486caab9e12f6b94eaa5e191,10,1,0,11
1f80aebe8025ae9e72809319d8a9c017913f217e,4,1,0,5
dba475658914010f195b3ddf0f4bbd7ff37ae511,107,18,1,125
0ab8a275aec136c952a8dffaf4bdd3dc48b58d55,114,17,0,131
43e835b2a6af89bec5efc53b670392520ea59166,424,15,0,439
36dc41a53fcb5e6b64551fda60b4af1f4063c444,15071,945,0,16016
dadb9c503612909d4e58391a254f64718babe2c0,15,3,1,18
9afd27a5d74c755841cd33cd5060e5c4c2f92a3b,114,17,0,131
36b439d905317f871ba9d60e020a4bc7dfd42fb0,484,159,40,643
6cb5f458473ed155e62cfbe578db911759949390,3558,82,0,3640
1d831bf8aee2e12b0f8fdcb7ddb464ce5bb65ad6,22,5,0,27
3f388b4e9e05690938f19428eaf2f2e7112d6101,990,74,0,1064
f004f9d1252fe5c6358f4ca12a2c1dc81325890f,3558,82,0,3640
5b37fddaead30ef1bbd0ce0b2e1c8573177a4c5e,229,11,1,240
e4abe2418036abd8683726ad2ff1961744b9ec15,114,17,0,131
f8f78d6a7ca5f1352c5401527d22de77de33465f,19,3,1,22
be5b908c0c1c358a63fffe1ec5f4e6586eec3368,542,12,1,554
afeb022ae44ef2f2b5b815edc8f8645b8f68f666,3558,82,0,3640
8e5c0a8af10e39dd4f70d9fcecb8c60d0b3d7822,259,1,0,260
b8cc3f28a4c5e1a041392c739106fbf04d13ff9d,259,1,0,260
fee13d9a31e641ac71f10075c05950d7bdb2e0cb,114,17,0,131
ed2af98cff847f39067fd9c8a2fdb7879e7cf31b,1482,22,2,1504
dfe3be97f0217c4ea5a649fb3654fef7906ea3e0,1482,22,0,1504
32cff0bc4d9b796d0fc2eaf293927aaf6a811198,4,2,2,6
bc8913950a1aa95ae9713a59bb278543d097c39f,18,3,1,21
58d01eba6c1da34db340ceec2a9085abc44948b1,584,11,0,595
ca829a164736b3fa4b302a918940d882b1b8bf58,155,38,3,193
85506ea3f95635e69bcafc2fe438103a715279e4,9,5,5,14
128f75416749b7225df1a725dbdeb00103a9c408,3,1,0,4
c83c0ed0377dd224c63dd9dcd7f62c90b2a0b103,16,3,0,19
67fa2ea3857a04096ba8ab87cacc8df2d8ba6da7,12,6,0,18
752a802fc743c7c4bbbd163d6e8b6f8d2018864a,5383,1445,642,6828
31bc98ec85481089c5d7354d3d23db10330814db,138,22,12,160
d94d98f660cdc7c59e1dc185acacaad2072b5ca5,107,18,0,125
4ac7ab92a6382c14e541a0bf9fcd69fb476f7f50,90,1,0,91
b56dc9a046badba9c031a0e419f5b77fd7afc14b,8,3,1,11
98adbfa63fd9425afee5e741a27c02fa51450c1f,549,20,0,569
52a250df62cdafacbb9dcce2b5c4a1399f9494a6,663,37,0,700
d37f24ab225e9a0be617273f0f2950099b4bf9d8,90,1,0,91
30de91622af485be929c2b61ebb13b9fd4eb1230,549,20,0,569
4234765836452d738abc37fa9e5b42e690487a7e,210,94,34,304
b88a1012e9031b760193179463ce852032c2e334,126,52,21,178
4127b4d53ef63b1110ff10f4aee1096dd1a5522b,107,35,10,142
b5b2f3099ad828a348903fd8a68181f8cad8f734,430,67,24,497
756034f382c8ded94587840e5428f896ca4361ee,230,61,44,291
0f7b12397de398205d5ea137dec167975af532b4,19322,1704,0,21026
c6ca063f7f6549348b185341cf55495be0b40d3d,31642,2081,0,33723
9c646651a8473909cdc1a519d6a1c840844b6163,94,2,0,96
cb4a2f59de9e1e7de21f86d3ca89d7d412a6b23d,148,34,1,182
626700eb9203995c5ccb6114126be89aa6249345,215,4,0,219
e38ab1f8401522d6c134967478e6285f98884311,16,2,0,18
8bfec192ab41e1bfe7c2ace0875b598c4a5ed5d9,8,1,0,9
421c9b7b6bd52d036e09f232f478751a1fba2baf,12,5,0,17
f991ec2c928cef1f8e53436e4aef30583c22525c,12,2,0,14
8cd67cc8681fc9fa535caa545a5c800e3bc0432f,4,1,0,5
fb409b3c902d5f701b1f92808f1bb16b9de6ed18,7,1,0,8
1b7284312ce66718799c0a160c91604eccf18197,19401,1703,0,21104
88c1fde81b4c4cf7b656891d09a06111e27d2e5c,21,1,0,22
19a53fe6559c9c1a371c406d56ccd6eac87c6f45,212,17,9,229
94768472dca9f8c4e88115ede9ec8172e29e723d,32402,2103,0,34505
cb8a33466e9790221778d756f46993667e827667,8,2,0,10
64645f61bbcbe673f8c854198091e5992b2e5ad8,1322,46,23,1368
64addf739f29b7c0b363377a5d0e5bc66dd52fef,44,8,0,52
479764d92acf42de7cbd31ea6ca5b8de0c517b9c,138,10,0,148
5680e9fdcb59899c994232f99870f075c7e8fb0b,20101,1719,0,21820
c34d24e64244c3e2b5734ef35bee3a6f65a04d10,3,2,0,5
0c93ee2a8024294e96aac42747d99e3759866e64,28,3,0,31
7cba60fec715dc2e97d98c394034c3ab8b274aed,381,11,0,392
2a26d960f2bf7433a27588a674dab65dd3c7b612,618,86,6,704
c7190913bd027899c6e08ad3372b8b5c1cc9e1e0,19384,1698,0,21082
918b1b17ca62ff41c7a4e42d48af244b37409494,2,3,0,5
8bad1d63787c124338df8947625305334a79d00d,2,1,0,3
66aa02b51d5f12fd59bdf859c8b41da7b98a59ac,591,31,0,622
f6fa0274124b63879e624edcb1b69c9b7a75c081,2,1,0,3
94cf4f01901f54286b5e7965fad13d83b63182ea,155,42,22,197
4ebc46f59eccdf08656c098bb28ce7aa6433a844,28,3,2,31
6d42a7ee673ab4f04debf40f11c60237bbd33829,64,1,0,65
3104e4fc5517b0e5c8ac285f9a948136b6f76b74,6,1,0,7
368dd6375f92f9c9697fbd6b738638470613a8ad,448,5,1,453
4f5b36bb98e9f0fe762f4472ac4e1a9cff101da1,100,9,0,109
a1db3fb1ca7df1e7cb91a1388550910971596405,25883,1964,0,27847
9f04e64d5bfbc095ce2c9e0f001c586068de0c28,28,3,0,31
156a997b0039071d0ac35b3aa26e91ce82216e54,93,2,0,95
a816dd407fd3b42f689eca978f583c93c87bc334,41,1,1,42
a6ed3995239273d32154c38de197131f147a0b74,4,1,0,5
30f562ac2fea5c1710a1ab89feb740c40502889d,15,2,0,17
387a34821249f0772a94afec4f490a6e416d90a1,20031,1727,0,21758
d2932bb07ac5925457b5e42659d184d896abbcac,9,2,2,11
7b5ad3ebb59f6ca7a4bde79062f0be18465083d7,4,2,0,6
c0e69df94761183a0f24e381b13c90c6da80b56f,4,1,0,5
852017969b7bbbefa49af3c5ba7f2622e78d28a8,767,45,0,812
3dd4dbd9a213717b341e7d136a1bad763ba77dd4,974,42,4,1016
540dc1681a0a8e97094d668a31e45936307fe62d,12,4,0,16
6fd2b9f7bc6a00cf208c50f38d6f4665867795ab,91,3,0,94
92518f52b1ba3ae990e794854e4c3f1ddd04ffeb,3,2,0,5
ecfca7436f69d6cfea9bf7150143c53054fb0f58,4,2,0,6
e880bcd9978cad16547b5a2e2397d662aa74f499,112,27,27,139
d5155d36e936998c1a404533d6d49d8871f8c431,4,2,0,6
1074d9d67208a5ad294f4a3e22e9ff93e26d5775,20275,1734,0,22009
f7babf3a3bbe11b8e32a682cd8b4889413ede153,4,2,0,6
24b2e7ad033cbcfd49b1c65c162a3fae7f1e25cb,4,2,0,6
edfb450f6775329bd2454274b9367284a96cb48d,2,1,0,3
18f27e5e81c9824f191ca220c6fbe0bad8a08388,30,4,2,34
5a0f4bf5964fd554a0da82ca002e85ab29576a6f,4,1,0,5
e5e71c4530ab3fbd7e4a5e89024a1e55e0054e92,2,1,0,3
aa74616e0268e3d6e7a68a9e26faca8d35e87e5f,50,24,0,74
ac80b2337399176b4a2a46e52b24a2c887e698fd,105,5,2,110
d4c21ba6cd84c76d1189d343ab9db871388e9e0a,167,52,21,219
f777c2645ba35c747a2363254ddf9249ef5d089d,6,2,0,8
886299da986e0c76299283837cf19801da1958fd,31,3,2,34
4f34ec523a115452e82d388730f1973054f5750c,19896,1720,0,21616
8027fc90f66631ae0b59567705816939371bb1e2,5,1,0,6
9e8939828649b522c24b08970968037be4bb7bb4,1657,11,2,1668
2efa1814d5aac8137843eca5637952f0c890da71,68,24,0,92
8d07cddf7312528ba83d680f451076f730a17ef3,4,2,1,6
dea25967c2f7899a191e52bf528b861a03e83e20,20,10,3,30
5e889cd26a3840a232f39594a501b860b9c57c35,42,3,0,45
7a5c0979a32b4a25c8c2b979f787051c3860c10c,16,2,0,18
ce1ecce8d14bb89ff1f4363d88956614299884fc,4,1,0,5
57da35e2f8df8381324fb1b195bd5788eef7fd73,10,1,0,11
358a5bc9135814e50fa4c577f3271bc08c3b57c6,128,33,8,161
40094faef952bbe81652af849826da052fbaf394,55,18,0,73
802f2c527a52227997263696653187ae93573ef0,28,6,0,34
c6c62febc1cc81da9237bca824af619c3c0500f1,10,5,0,15
7e8ddcde9408d6705bec61bf4ba21b1dc9dd346e,12,6,1,18
e9a809f4f4383fa4a5fde81799b3e25e47d1a0fd,4,2,0,6
93a8d0174307b37b4d26ebc26b796cd8333ddb71,5,2,1,7
a0763f6d2eef209712291a15755c0661370aa6e6,32,13,13,45
a18c79627a439e2cf036c2fc415505f0f8753e17,2,1,0,3
f2e49027215166e734224efe19e9bc45aa70248d,2,1,1,3
8edd706c725e30e8a6be247c50504f4293b97033,28,6,0,34
9b132b7f561b8ca981b98a2ab7fe239cbe0d6bae,1327,21,1,1348
fb922fd5ef755861dd7bedf6a0c157bc8d74e611,19963,1724,0,21687
b1b7cfd8e7ce370e87bca03042dc2be60d667290,617,36,0,653
7e3398594c2d8594ed4662b10d601bc2e6039fb5,1327,21,0,1348
fc521a929c1c52fafa62d67114cb344c6ee6354d,11,1,0,12
a21eae4bb182d3d0b8abfaca354540bc6cf120db,6,3,0,9
bff48f9cc0cc025fbbf7efa9ddf2b37f6ec5ebbe,285,7,0,292
e8d42f5d72899a535cbabc42f0a60418a613ca52,19847,1710,0,21557
95c4d7d204ae74734c9525a426dbf995838cd73e,28,6,0,34
1b33438ce9fd3bb49b241752cbbf974af91e9963,58,23,15,81
1a11aedce64884072c56ead8270d0ea412b63ecd,2,1,0,3
91e34767a5ce64928e719aa66967b8c3c7fd1384,7,1,0,8
c7be2f7cf27916ac815aea5797751cd3af1ad45b,136,6,0,142
2f94792caf9d0c319ac76fca3909a7d5f5610fdf,21,5,0,26
1ecb025e54c6bd6fcdcdfd75eef793e84ab29299,0,0,0,0
666ad8b0dfc856d89366d8b4cc4f3b786924a52f,22,1,0,23
11c2ecfc495ed56e6efb200b2ed85bc4baf363aa,312,7,0,319
5851544a16ed155f555e17da05ad735723a4c2f8,20075,1734,0,21809
a773c0c0cb1599694f8a29ac4eae8ba54c38cc7d,4,1,0,5
20d0d3f7fe055b60b3a00db0edb6780c87d04cda,90,16,14,106
06d8f2c4c43434d72ea1c93ab6bccd25d8a2788d,1135,32,1,1167
d23eb01e8457c303747a6668db7a3862d6d40788,90,16,0,106
e488fc59a0012c02ca8a69b5aa85fd1955d09e9f,3,1,0,4
428dc082a282be6eaabe5eb903be3c4c56bf3ec0,2380,142,0,2522
70160ee6481fc306655913bbc0a01b072e4b8784,3,1,0,4
5833507503d914feb67a02ac05af03804cef7906,90,16,0,106
603374c78c961c64a9f0a6b3c2b0123eb9f26eea,105,5,0,110
bd4db8736b57a16fa37b1859c957a7399c91464a,6,3,2,9
e601a6d7ad64e5c5ba55164384a7f7edb1fd246b,2,1,1,3
c4e2bd4c92cc12620161adf85f21cf35fefa5be2,819,16,4,835
327fd1e21497032473781dc7fddd452652cb93b7,4,3,0,7
bf434e069c2ced5c98b57c887f4006da970b6a9e,5,1,0,6
138dea3266f7b79472b066d4751af23eed497b72,1,1,0,2
7e062cb7625b2a69c687f536244c515dc63b9215,2581,163,0,2744
e494237ef4f10215b3752d32e887d583fc0aa9bd,19,3,1,22
5c65bf752e93f5dfd4575c79269e4b9b75a7befb,4,1,0,5
6144c6130d140a5e9c038eea014706eb382c0b1a,331,7,1,338
1df50d0b91994e51b53a4c7f0bd4191485cbe0dc,2912,170,0,3082
898a8f70470cab0b46e4a4aa2b7c0bd50fc2924d,2,1,0,3
077b00437b8cbc87c87cbd7593bb23f9672cb506,395,15,0,410
6f51fa2ba3a380fbdc2d7756fd7d92e58bda5b41,643,6,1,649
aaa1e623afa0541b19f9eafcde5073ee04dec500,170,1,0,171
fae12da8573bc6eea2f10da5b5131cf5d757cc2d,105,5,0,110
81625f5135abbf27a290bdc084fbd5d78a6b6e01,159,1,1,160
fc1724a1c4cc04cca98f67026ca2659231df765b,148,42,15,190
b80f00a31c327d4dfc07b5a66b7f1212e6ccbe3d,2751,164,0,2915
818daa157a9bf71499041bc07faeecad215a85bf,462,34,20,496
5190174084e45c1d06f35e50c0ee7f1bf38d837d,56,2,0,58
ef38ac2cc66ef903dc705b32da308962ac5ce368,265,11,0,276
608192eeba479194330f7db5ed2f745f43f8b015,16,5,3,21
8db2a83fe50ed51e4bdf5b94e7bbb0b555229403,16,2,0,18
b0e31a3856b4e76e3444aeca5621d001ae704653,5,2,0,7
ff06248d6d33de0f7ca67d730fdbb89df6e61f0f,2,1,0,3
3bcf4703cec716b489efa0af8e80aa7f826857cc,24,1,0,25
0b410adf034a2a8e230bf09907d9672c62e7c3d6,2,1,0,3
3bccc23aac3db65771683f993c946c348f01eba8,2,1,0,3
ce3259487fd3df1df8404e62f1ae2fadbc45cde9,2686,149,0,2835
8a76806faaafd382e409e9d629818767df6dcd57,19,3,1,22
3ac6c2c8b47b90d5747d9dff84d0c68babb8bff4,18,5,0,23
1989b2c9c346c92b248662e70a38991e8ade39b8,47,15,4,62
ca08b6bd18b3abfebcf7d8c3f0f4c5702c2ea0e6,7,1,0,8
728171185085f373bf144b12612bb4666efe6092,325,136,0,461
64b54378180c2f9597b651c54f97963a9572216a,32,2,0,34
2ec5cccde47ccaf27fd96ea4722074966724ee24,1,1,0,2
878a2890a2bb80d05cbb0ec42b82ac27f166a0d8,214,6,2,220
156dcdde89ae0aff81130e1b51faac5da11e54a4,883,315,0,1198
110571c2b41803636dbab12faf252c2857bce4fe,5,2,0,7
507066f6c49a2c35f58ead519d7dd2733d38c022,3021,173,0,3194
53d1b8051a014e533a515524fb7a09839f2a420d,87,2,1,89
5ce635b6decb7184d8e646580ca65f0cb1fadd89,1011,56,10,1067
630f365a21edde436dddf340cfc79c312a527bab,301,8,0,309
bfe40df722d0317d9b8ffdccf3b75f2fb84f0d74,529,11,0,540
eb46cbbbed8f29060172787574d8c272b7bb37e5,2989,170,0,3159
1752d77d99cb4d51a46e9d2c3e309f31e4060ae7,4,1,0,5
e92e167faa081f33b713d90818095ee543faead0,87,2,0,89
4ffd64ed40955bd8c63bb3d6eff3c602961994ce,2,1,0,3
6ec46227ad71ec0d351f15911252c09486ea398e,8,4,0,12
22ce9a79cf3455afb0e05e0d0acad2fcbd8db7c3,22659,1825,0,24484
9376bf90fd0bf7f3df65977f92591b9644730d1a,5,1,1,6
bb291b5b69ac09845de5b3cb6076d439da46b813,16,3,0,19
b7d123e5986b4610a92e4e878944c8b31ce5f40d,131,4,0,135
5008fa9b815a64b4e4a7f50de58fbb5c3fff8eed,359,10,0,369
0945e36b362b25b6011e27b53fc7c906426cfd46,18,1,0,19
df2db5655b5c7c5e91310d78f72ce11e6d9ee40c,8,4,0,12
12c06f699f9322ee4902954237d30d71f4b58eb6,130,38,0,168
86ab8e2073931abf445c4f49e1173daf237c0ed1,1590,251,17,1841
8dcf8954f911de7cf6dff12c3c8d42c98d756760,270,5,0,275
e3228522869495b4c489b6090e66e7373d5943f2,3080,172,0,3252
ce789c977435632d4799e45f8227ddce66c57b9b,22518,1797,0,24315
822deaa70baea627eb81780e1445d1e698aea542,20,4,1,24
f3a1aef96f0bd171048694fabd58e8ab9eaed5a6,288,131,0,419
01b79bb683ef0bc86de906ad83b698324592e8e5,816,142,0,958
00ab785408d1f70edac83c41b138c4f3d7e382bf,4690,33,0,4723
a13dbad866bcd82e0bdab7eadcd3409c8ca3ef72,322,16,15,338
212293eb2bede9cca6610e7c43e870ab386bd3f8,389,9,1,398
857c5259afd8583cef31ee03a07f8d1d637b9661,40,4,1,44
b41c98a5831aa7699b9d817ec1e416f286fba5af,6,1,0,7
af0d2850fb5507d3aba2f17737c004ce392b4515,54,5,5,59
1e25031bf283623ad80967213d674f84109295f3,79,2,1,81
f087f81bef4a874b2db1d13f3ab863346a25607b,947,148,0,1095
2a31a90e2211ef5c0b25277566b759a6b9e19c39,333,135,0,468
8bbac3570e8f6ff1bcf996ff8d4e46c9150e908d,9,2,0,11
06a542d121fe078b1307b1defcc6bff451509ccd,2250,2,0,2252
cbdbb8e5089357c2d51d956d852fb065b8096635,3,1,0,4
6de2cedf2f58a2ecca64078ca27274849808f884,543,13,3,556
d126ec4ed2004f6629d0a0dc5ff37a5cff2597b9,51,2,1,53
fde5a485f29111194a522b2d4a59220deb8c2dab,336,136,0,472
ffd877d38ea467b258969988600c40422e4b208b,295,9,0,304
7b9e7d16fd5ec3b89d10e251bd359309e14c17eb,23,1,0,24
3a95093bd493179c75600606b94190534b4244ef,336,136,0,472
b48db276d5a4a5265bf32525083396f6ef38edd7,6,1,1,7
616e48c1b649c164e38e5685c000c3f16487215b,53,1,0,54
a577f744c59f7d0cf2693800bec86a900e9a306b,49,5,0,54
8f9b04670439f1e041e22e6a15d30d4bc209dea1,2,1,0,3
a82c8ea6cf88776e5d3c41f7ee89e6d7b73b7a05,189,38,19,227
0c424bbcb7a99d60bd936fc9a5a1d9b09328180b,15982,383,0,16365
78c88cbc1b3db6b4232a08273d3c908cb691078b,641,33,14,674
cc6461033052b5c7f5c1f9e217fc0518603f35fe,12611,81,0,12692
14ed5068a4d8589647fd805f8744cf70c42890ce,12611,81,0,12692
082bd5742631faac2ca3c0ae67c9105fe2d35871,145,3,0,148
f2909f5048fa7e07ab24b3417c4c1b54383736e2,174,39,35,213
af5abd0d12c9ed782095cab9da6dda27375c3e82,13,3,1,16
d04d90b9108348ec19348541a53417df999edba4,353,26,0,379
c102312ddae32275feea71222cf66c24a4c713b0,45,2,1,47
acfe8d58de464622ea29786fddc24999b219309a,145,3,0,148
4126b60e2762f17338be650e3dc59ea8d19c118c,392,98,56,490
dbea639e224e98a0ce57c57d5b9d6fb2fe31e9b4,26,3,0,29
4299661358bbe1a221a1ee22ec04a96f1cc77882,41,8,0,49
a8498d62f05ee94c62acf7370f8952af9e3f0122,13092,220,0,13312
b7d352296b186244c725a6b2e062df1a414b295f,20077,1734,0,21811
2fd18bdcf2d29977aed93e188b289d04efabc534,16126,386,0,16512
bfc08d5e5800ebfe4f4da085b23703b10c83ca50,8,4,0,12
0497791f819c8a357d991ade4a157a84e3f4deba,5,2,0,7
77dc023f2f376c2887823bf7557fc62e60977510,5,2,0,7
f0b071e0877439e62a850f8262343bf7db36cd7c,26,6,3,32
a969abadf6fa7561a790d99a9c2bc041312da02d,8,4,0,12
af95c0ca5d247db5349576d507021be2f70bc673,150,5,0,155
80608efcb396c21337d0e58db9ead8b92c3167e1,150,5,0,155
f698f2a96c7e264dbab55a9ff20429bfebd8d21f,6,11,1,17
fc248df5fcf2aae7f7e018be58914a4b4c707149,2,1,0,3
7dd91ec725840816e305a1dfe9abffd2fa3c43a2,62,22,0,84
39471883aa6a7c6436d2f54c3ac942d3c4f1adb5,20,3,1,23
15e8b406b4fa2ce2e6087abe1ca3c170d6893a25,32,16,0,48
625087d1300834c58e8892a72e7d73f204d288fc,0,0,0,0
d58414cf493832ad4f7064d8dfe4a59de10fdd6f,1032,43,0,1075
77dedc04173fdb55c3e0e038cec55a5a82209e74,4,1,0,5
b4b954ca75d9349dbbf347402850cf9cc21c75ff,14,5,0,19
467bfa985ca6b8e296f6b4b464262c2c9d03d9f7,62,22,0,84
cbf4bfccfccb54a5433d7ef1a35bee34c9431798,2,1,1,3
81b55115d7134b8f6da01aca2c84c69a9ceb02bb,11,1,0,12
0b7b251840a40e39c72cf2746b3e6746ff5008af,158,29,22,187
e782115b8472daf833937ac53df3d5b3938b7a36,108,30,10,138
c39deb5d286f1cf6fa979687c32de8e69096961b,176,34,0,210
c323001ca24c916281fc5a370398114e61bbd177,172,65,36,237
cda4bcbab5d527d4741aadcba6bab74706d8f8b1,108,30,0,138
ac33a7f03a0f831f442bf946e6a6b01d9987b251,31,5,2,36
f55ac405c5ce2d076c7a3c58f29d48e36fbbc931,1037,58,0,1095
7d86acb5e9cdfe60f18fb79e64326fbb7900bd8a,52,12,4,64
5dce207830e9df7519be3525d9f67f91792b84f5,14,2,0,16
5c4aa2da422f67a59f1d5156bb78916af7a10988,2100,103,0,2203
16a04a07f49bb7530a0c6bdd1eeaba9a39136a20,23,7,0,30
4fc2b2565355261d2d2f47d3dac6a4052877baf9,52,12,0,64
5037d10caf0b3b623aa41b3ea73e4d983321f188,20,6,0,26
52d3d5ff013ba3ddba5775be8754a837276e7699,23,7,0,30
202f90fa73c15b1402cff300fbc159a0d88ae6ef,8,3,1,11
aaaebbd33d53535a9445bf63b64bc4e9363a0900,419,32,16,451
4f1ad94f039548ef6a27f54b78b1bf16cc687698,6,2,0,8
bc9292bdd49604a3e92cdfa7a14933fba9bdfada,2093,105,0,2198
14954f7b7fbfe11004b4de3303df840875036679,481,4,0,485
b4d97f5487313b2bafb5a887b8fc8c37ed634ce7,264,55,8,319
bde630db0296a5d8a4b70e4cc3718788c926c7ac,2,1,0,3
46eecdd09f82cf89c58c6c6338d6389efce2ad12,77,15,12,92
758ff46c0acd7f74d92c8f71910d2621f1856d22,282,61,0,343
7a6a96323e17847f58e1e4a3c42fa5fd9c3b300b,9,1,0,10
3024747bd06d77b7f885df91105b8433753259b4,13573,183,0,13756
bf22498f01bd37446a4e061b48bfcd602c4336b3,15676,283,0,15959
46160c95fcbd34077262c54b8f8ada7ca8bfcb46,4,1,0,5
684b1a74aa6d76c083d0096d2b1a2adb01b38700,148,6,2,154
f9fe11e36e8a171b5d630322c4fb60e0445464cc,45,1,0,46
2279f4b73646b7ea6c442f92030785ae08a69b9c,28178,358,0,28536
4af4a163c08ccdf6ff2366ae8c96679026d4b7b3,22,10,0,32
ba232f8f0366597dae1325539eaaa6afdecfc378,4,2,0,6
07e925d89a5d5085b4d119038f956d8aa7facea1,106,28,13,134
58f9a9e1fe51bbefb37513fc3a2b3cb02a2e0c0b,277,3,0,280
2bb8df1149ba7ca7773fb8ebed91d6db50afa7bd,13179,222,0,13401
a72e031b43a41994b317eb6b4b73bb1c2a9d0058,26,11,11,37
09fae941cd4adab0373e4fc2c1b7db04f5c23dc4,10,5,0,15
0e10a4639cd62cb070a71c6e906fde907947e9db,57,2,0,59
ec1a01f6fc8f256cc2f32d9af0fca6da06bc3fc1,12,2,0,14
08213dfbd7cd605f7a319ab88c30179fc909108e,78,15,1,93
572c372144f7a95281098f7bd54eebcaac88e9ad,15678,283,0,15961
2372947b74d9860fd0083a08e425d62c5b46143b,938,77,0,1015
a86ae903e337140ddd18e966921e0de9d70ae79f,204,9,1,213
bb8b07dcee5ba9d6574ea4e929f9275adffbc69a,938,77,0,1015
033341421d2679b459a39de73e2d5bc5fb1311be,32,15,0,47
e5b41cc82b0b058ef2254a2471d814b16e4196ec,19,1,0,20
c0571b899651f53edb54866d6f0944e0fedcaecc,8,1,0,9
9a10c4c6c529715adbe939b94e7bda1307d4bc9c,40,3,0,43
180388fd959114e1b89373dd294a39cb6e41a44b,34,9,0,43
44a92bcfb92b88bfa4f33cc22955ea7e9e3de0e3,8,4,0,12
5ec80fd6f91f8d6060809c0b0adf752d3eeb6689,4,1,0,5
01708f926000c54e8f6631697af514b2b07cb574,8,1,0,9
701baf1a4b52ccad020af1a0dfdd64251f4385e7,86,12,0,98
3920801b55ce12b1233c326acf72503ad3ae192e,38,1,0,39
673760208f800118608cf372ff3052fcd9ecb14b,493,21,3,514
12d556c05796d0d4b56cd45d3f21c91acc25685a,10,2,1,12
b03f008a25f630dd0f73a8e73c8d84ed44518b65,8,1,0,9
052b4362663fc189a07e602f7aaec3e0a9809f0e,33,1,0,34
9c53ad40d73e7b08038d19c657236df0e1b089dc,2,1,0,3
20f93d6c82e0d57035271f880a1fe3c465e37e46,1033,23,10,1056
d13274af2e459626ba6b0ec7ce9f5ee266f1b326,32739,691,0,33430
2e80f874f93e112de6d7838d53593dd5ea7943a0,2784,16,0,2800
2c260529449f233c15a17a17cae5bd6db314c7b9,1136,84,0,1220
46e1cc7222e01772b917c0a43d148a1df0950dd6,51,2,2,53
4de0be91b74cf6dd777ba64fea56b182f32cada6,34,13,11,47
3fd37e59e42869247a7b08279c584ffa94454285,36,6,0,42
64c54807a1591e0e5e84ce66c28dd2ad302d05ef,45,1,0,46
df5e21e59e4aa9797b14cdf62aaacbb9a1c86137,29862,556,0,30418
2867ecaa0db61745fa0bab4d2fd1a92b75962ac3,75,5,0,80
8446c4b7ee6c1fc4c4c7a58260d32c792115c991,29860,555,0,30415
35e2c4156f8eeae9daf41a8929920f12848b73a5,29858,555,0,30413
ac579f8086a9ec5ac47648e8646077defd8835a8,1146,87,0,1233
ce0c3047557768221ea0623878e9f62513e561d0,2,1,0,3
e750b66e50bafa07c3ea37c8ce1f8b3c3e2534c4,2,1,0,3
bcec7d9feadbd0d1b6769148508db986d58671df,4,2,2,6
1fbba7e65ca2293c7de858f40127b7be621d3793,16,8,0,24
9d7be950d7a4c5b28a17a37c30a5b6385b6cc34b,29457,428,0,29885
9ef202aebed6b9ca72c29db386c8cd3dc029cbed,2,1,0,3
0b9ef4661cd90d7f9c4e0e3cab8777b82e0e9ff5,3177,6,0,3183
a8522ac62ffcbb53034de5653ecff071f0ca7af7,2,1,0,3
e9e180cbd1cb7b4125b4dcf846c080fa048d600f,862,2,0,864
4078998c9f621c7e8add815eb7ca153c754b9268,352,6,2,358
5542fea90baee0a55ffc88f6bd0647451e7fb513,26,3,2,29
fbb22e185e3a45007698058309012aa8f70cd1ac,2269,6,6,2275
d2382f46c23ecc8f6b6612a2dcef7eca4812a12d,39,3,3,42
df56d897d973812d94ff850e1c7d283db406652b,86002,2641,0,88643
03f3800863164d1976bbd5067afab320ce1e9eb5,103,10,1,113
97a9adc8563ce0a17a03feb6c066b4524d84e514,1130,86,0,1216
927708f9ef2d0adcfe269d5e57b86be9d4d04818,90,6,0,96
30035c5c028aa91350ba8d9c0d1a9628c0d6bcb6,2,1,0,3
5de977c64218fa076e7a4384391aced3dd9cf689,234,41,0,275
9200ef5e8cab12a516230bd708aad7bb0af27728,742,72,16,814
5353dcb79d11e5b618661bd082a41e7c53276668,14,5,0,19
1e868face9af143d87283793a78a29ff6e054bf6,195,10,1,205
888e8ed2a380ed8d5dbc71d7b28c0bba866c5be3,7,1,1,8
049f9d4e513077622a8c0f11e349fde4604e84b1,908,124,73,1032
1cac51840582b16fc6fc2a6f86cf946fd26a4f76,4,1,0,5
26e252f6adc489c3f13c3c87cc609f898a297a99,4,1,0,5
afa29526589b01ea16d826182cb01fb64bacd5fb,685,201,80,886
6b46a52dc781637f7554415232bc64901ab0bace,141,11,1,152
fe7c2afc0872d19e54f6a0e08a764b5cc7f3de0c,292,9,0,301
dac60c38aad4cfec2edde99491f7b4507c0a8556,550,253,149,803
d5c9d5332dfbf9a0b5bd19617347e67acdc595e1,50,10,3,60
f55d198335e7aadab46603c42865d393b0e4f347,58,7,3,65
2133af1607424b24c3907dcf1efcdf7fefd935d2,64,21,9,85
9c0255beac1a2fe1787c0c3ba8ab38e6af471b3b,10,1,0,11
2f1c7b3952a747095a33764fbea3240f5539d635,2845,257,108,3102
17d816fe47d68ba0f8a15806e8a67c390ed11aea,296,21,8,317
5fa6d5cb40f7dcd57ad564faacab2a492eea8c1c,710,42,18,752
5674cddedddf0f188f95fded9a2bf222e5779aee,905,171,71,1076
c9b1dfb31b4237ab4849e95b3cbeb72a30dbf431,952,44,1,996
8a065d0cd81a62deba292fefe32c9ca4adf6b276,865,197,99,1062
52b140b5659ec315e3a4d485fa77468daf5108be,2,1,0,3
5089ee21393247bfb87608f877d0cb43b34cddd2,352,15,0,367
0704570f37e614961203e7f7294d39064a0fb3d8,86,8,1,94
7d3c1d83cfb21b5db3991c591acbcafddcfa090a,354,16,0,370
f125cfb404be35175acd06ba91a87d8a386051d1,50,2,0,52
c211c237b2a33a510e3103576e52f76fbfd2900f,61,5,1,66
edf206146472d189971699484f1463bbdd36fd41,6,2,0,8
3294c60f8dcc136245675a3ecfbbb845af3d5245,7,1,0,8
59238cf2807ce81f77b4ca522abbe33d27566b20,424,22,0,446
9851d87b2d5ef3c336abf058a861bd567f992cb6,426,23,0,449
349d067816832336c7cfc959c5974569053a526a,107,1,0,108
522a0a2981546f84007cec900c94a539e6cb0289,2,1,0,3
effc5e03e94037b680ce796dc7b43398672f6fd3,4,1,1,5
53760d1469aaf320955d5aa7851df8090126bb94,76,9,0,85
dee928bdc3a1a4fceddc75059e8ee10ad0eb7e3b,432,25,0,457
9afb91200c63b4ef9b824c9a6f584baf56f4a49c,0,1,0,1
6efa3e20f0aa39869042ebbb18999563479d2b17,0,1,0,1
4fcea520f420a5ee3291008f7992c25581307faa,1932,130,54,2062
8e30fc1933cea4a45931780e2619431310635f91,29835,435,0,30270
1b1456867586c0a0798a7e07049716c0b4ea9fab,2,1,0,3
c789b6b6e3833d8d2a0e97edf2149470ea77d517,430,24,0,454
3ae3ed10e5199a9c755ed5b7c46387ceccfce127,225,3,0,228
1b9c34674784c2724fcb7b20a2fd5ca4ce840554,1176,19,14,1195
7a997ad9c690a78b0eca3f435ded01865f7876e5,80,10,0,90
68dad5b772c28b3c216f3ddb14716741e4b3636d,380,6,3,386
22921fc1650c1e1ac5fb2916e5bbadb291d83af1,8,3,0,11
05697b4a0d5e348f61a96302c05e9fecb72c832d,6,1,0,7
1244764bc2fb5bcd1fabf6f0e779547d2c7d4888,46,1,0,47
186c621b1c3b25d41496863539cbd7a94750b369,860,30,0,890
5ac98ac532cce7b543fbec6c73de691918bf26e6,428,8,0,436
6d6fd8c59453180810d99107fdd33ebadedb4a89,5,2,0,7
9cdb93a3969f11ee24a67f52215206c262fb57d3,118,23,0,141
2b4cdf673d90ec41699676f91b7b3e34bcc13c3e,10,2,1,12
822066b7b2406c30b8923d374574c9bdbf206473,922,29,0,951
92ae28d4650812520d970c5e6fe6c94918eaef4c,10,1,0,11
cc7ef8eb656cf0673cd8037108cb58ca8260a08e,504,22,0,526
b44c9017aba6f290e2bde866c04772877965c040,9,3,1,12
cc9e8cc2205113a6b2927ff3d439c20e6db3ee14,144,2,1,146
9ee52f9167e6c308c6751e26d227b146a46b1b2b,24,11,0,35
1943dc862bf95f751a057fd79db5273b8979b162,1657,1,0,1658
0eb6a6a744b8936336375f87bdd5ff1088c0ee29,149,3,0,152
aaef58ccfbd60b746d0bf0030a653aa761e3dbf7,932,30,0,962
9be6339a9bdf2bfd363f569d59c3741a15a6a16c,1509,54,0,1563
79a1273d81815abd0afa7938608e139a337d0a7a,3,1,0,4
e7420033b7c1d6ce1c34f21dcc8d81c18363acee,149,3,0,152
799305a800ffdceccc2bcdf9cc2d092581c77ada,16,1,0,17
7c0bb79b41e7d44503ba546d5b1e841779f69343,2,2,1,4
e4365c33f14794cc695a5be83a564d06d6ee27d5,159,4,0,163
036655278193e5036525e613b83875e96471161f,147,32,0,179
59ad9dd8caa943306e0909373f1fc35a3152802c,1087,35,0,1122
d7a8fe2a1b4bf9dab50bf8d3facb69e5918985e6,2,1,0,3
0e1e128e3872017233f2452aa9f4392b12a5ae54,4,1,0,5
bf143cdbab14cb1c72f6b6e19adc018e6dc0d263,1677,91,0,1768
15c3c912cdd01d0fd197de11e5bb9639309815c9,306,15,15,321
a8026ceb4e31aecbfc7dc34bbae0c10380f7692b,60,3,0,63
6d2beb7863cfc33c20cb574215c5ce7343d32d52,6,2,0,8
d95d627cdb506b5b083978da0cc7fe2b9f4c8f19,96,1,0,97
a6a57ab01fcc8a05fbb21bfd12dd0260bda91b4c,1852,78,1,1930
33301b96b0462ece609f6f05a450ff299a6757b3,96,1,0,97
22c8fea52a795353772d34f0dbcb03d6bdb12e9e,3658,580,0,4238
8090f07d82e466f70f2f5accf7c46ab184418fa8,4930,643,0,5573
7dcd1641b4bba71e61350545ffe1ddd563eda3b1,16,5,1,21
2f9881d3f609d3ab2b4d28e317192fed02ff3b79,220,7,7,227
33834a3449031786d2b1cab919a09beb15bd8df7,1675,90,0,1765
015745ad314ad63e260607c5b7644afa74972213,1524,81,59,1605
fe6b7669fb8c0612246e56f331ffab432c09fede,3836,614,0,4450
51cd3b275761276f3b604c89535471aabe5fc152,1,1,1,2
994a298e64168b1ab2d2bf956e6ea389c46e8477,2,1,0,3
501f62288bcdd86dda5d322d69628f98256978ef,2,1,0,3
b1959a30ec3beccb925e65cc7d0fb46f42f7b66a,962,8,1,970
1ac099ae95a384d41e76dff77a1bcaa55cc7cd7a,26,7,1,33
55fbbe834e6005cb8d144f583ee34f1cd9798fe6,10889,691,0,11580
724a3f1b2d93d67d59e16b810fbd3483edab25f2,4,1,1,5
d803519d99f4868d2a78a2ecb2734143750e2425,4419,630,0,5049
d227081202d76126d6aeb6827629ff2938ecbbf6,66,2,2,68
d531496bbf9ce8eaed99ff015473b3bf6fcb5f56,4,1,0,5
7d9dbf72d18fbebe885529accb3d02e16453085e,115,2,0,117
bf2fe41f713d7f66f62a38ac88d3bf5ec04a477a,11,1,0,12
2d4866d5ba367995c6127ccaf0cd86827b4abc76,66,2,0,68
3efa8ae052d1a4f2a86735f215de621d2501d108,12,4,3,16
0194aefb97e9b9e21f964c1f6feae6245d6adba0,6,1,1,7
f43a4e2d9e4ee5a2db855a18da8c9267add3692d,9905,668,0,10573
dc33058da3ac5e62ab38b2d158701a1986ba7629,30,3,1,33
5e57ae9a2b34f812ee6e9b5e556b8231e60b93d8,25856,924,0,26780
fe0d10b5e3708d7ade6fa37321c1a8f5c4e4d1ba,16,1,0,17
e0b3193bed4f46cc53a1148bbe796f44aa088821,175,7,7,182
d2f07f56ef7940894ddbad1d0cf297450517e4e4,212,26,19,238
5df2b65e50104347aaf090795cf6d29a88477741,203,14,1,217
2263710f823f66238ab84339a4135f17244b9f14,406,30,0,436
77ab1279960c7fc175c9b3319fca6f7f1a51cf21,6231,66,0,6297
fe005ea30dd96e747aed0c500b845980b95932e5,957,1,0,958
e38750bc53f47b6e899ef871fe929a5959d28fc8,26,7,0,33
30901e85bf8c56548d373715032be99649632a5b,284,92,58,376
65414eeb479a25ee8f88bfbbbe64e19abe6b9c83,184,8,0,192
b860d3625dbbb97696c432e53acfee43ce0764c0,2982,524,0,3506
ed55c48a3c8dca6ec2ec9eada94a45d5163dadd3,3163,532,0,3695
4154c62401b4c06fa7f6fa2b87089749832cdf85,4,2,0,6
f5c2f069e5c1f86bb462f3387b064f31f2c91e64,9310,589,0,9899
bf09b1a6d9a413618529d7a33f17ae1d47b9f23f,12991,1119,0,14110
d483cb65cc47d67ec188b0f37f383f1f9b035d04,533,3,3,536
967121f76cfd2feb7f5e0f903dc71f69686511de,4,1,1,5
c12c674bc589bef5426ec9922e2f61c8d57ff2c6,14599,1151,0,15750
9140a08747366186778382a09674c0e95b03d53a,179,9,1,188
f659b3f107216035977991e0a7350bc6ae172f84,103,8,2,111
345098a57b8738a32813d4ac83239ec6b7b4983a,2078,33,31,2111
d0715a6eb143ca369b5cf179fbd262c1b5da8922,533,3,0,536
b08492a58b210f6f2817dd9a8d2a3a63ab4d77f1,13319,1086,0,14405
6463e2884d437c2579a3971507ee9f840d24a5ae,110,11,0,121
2ac7a8d8a352cd93e594decf897db5d931c20e8b,8,5,2,13
93092b995877fa16d9245139d7e0934ec63ddb23,59,3,0,62
2cfcca0d01e42126c740e4251b9aa2d80e5cf03e,6,4,0,10
b8e35888876125c8ffeda7428ffe2da09fa3c8bd,144,7,0,151
dfb41ce84a7356bb04e2b692aeb7c291a1fa2297,10073,1199,0,11272
08643445b3859e679be51e792cc3bac78747e6c9,2,1,1,3
84e7ba823737addcece854b00b1d8dc4f2cec50e,13717,1660,0,15377
a4f0e7d1dcfa1f7e91811d1cf4e395373569adaf,12,6,0,18
a43422d970a49fb3ecc1965648089695096078e4,10620,1208,0,11828
415902ea2cdfd76623b2e345e545a217e4eca352,2893,155,25,3048
6d2ed75338ad0a235913c5dfa54676126bf39ba6,10084,1206,0,11290
08db7f3c5c28142bcf3bf2462a9b44b931b2733c,1733,23,21,1756
ca6caeed111faca2c61857194be0bf7950a4cc07,612,36,8,648
386a973d68fe69dd0b78fb090cf617301d319cd2,1664,89,27,1753
9cd702990d00d68b3c21d87ba507bb12db8ff936,320,12,7,332
4829aab8251eb046a23905bbf329d6d2ee291fb2,24893,2031,0,26924
1a6422ff710883b4a50ad0aef872e7afc7da0b9a,12,2,0,14
9a694ab1192562b0b90c624b97d1cfd29eff63f8,27,5,5,32
8569d3e0e521f44eddda609d0898529f4c69d1a4,21,2,1,23
af83714bd14cd018c26f43ed34dd4389d2c51fb4,12,6,0,18
74356907f1b055ca29e5d9efeaea7193668025b9,140,1,0,141
dff026be8dc1d511003fb14e89b8f2b18b2f862f,5120,91,12,5211
df3a3b3eb130b8e92f3f39e72dedab7425dbdbaf,621,5,0,626
ce7cea01033b34cef69a472f943eb49d8e6acd1d,4,1,0,5
fd700908a7d5e053b78367e0a5634125e5a4e947,66,1,1,67
7cc8b8efd39a20869307fb9be2f1fe720cea9486,66,1,0,67
5055a90517838baa4100741276fde177170cd7e8,29,1,1,30
24c2a4d24da16e45c4604b35a9146e3e92f1bd00,5,1,1,6
b049b06405f255e005b9eac4d469fdf93979578f,21,2,1,23
8ca85f0122327082b2f7723f6f6960d8a8dcd934,32,1,0,33
8af208fa30427554369fa4cc7af135a2bc0684be,6,2,0,8
448731851ac53ee54be90c4ee7755d8d8046d4e2,1,1,0,2
62ae0d7730595763c9e4bbc3f0b1b13e799e9c4f,28,1,0,29
ba9336cb52bfbe3ec0aca42f99900fea1b4d353f,271,4,0,275
e8302ce92a9a3bd8477f3e6696aa8436341bb418,873,10,0,883
a61b12d8a1a69ddfc27f5fb959f48664b513ebb4,932,16,0,948
43e19ee9b01cb6450348090de2a924cce466f603,374,20,0,394
39fcfb630672dff86780d4c7826af6f27429990b,95,7,0,102
b00461f9669373a8a8f9013a6a2636e461b0a254,13,2,0,15
215268fe5c8461c65fc93868e21bba45e415072d,96,4,0,100
159c1e84622cdc0c1ab9f4aa60a721fbff0a51df,10590,101,2,10691
01b20a695ce7b5207888bf2dca998942d4224440,371,3,0,374
70c8f23d1a1da505ec35e57564c59c51f82901fc,108,8,0,116
71c7a694cee50ac34519d9346e15925656901d0e,228,5,3,233
88f5b9d49db9e90d44bd9796aa91e14b53caf769,32,7,0,39
3b76b524fe5efbbf4782cac93adaa18c87ffc26e,299,5,0,304
ac548723cc3e608addf8a9ae5b7a563e0b83d799,132,8,1,140
6bbaa99f6dac52139b473dcbfa86e398fc5658c2,643,12,12,655
cd72342a93fe493e125044ad5a5741619568eef7,331,19,19,350
0100a50cd85fa46ff0a7127ec3e5f10769df7721,176,10,10,186
75ce20d498aed705b8d081597bd23db93730bcea,583,25,25,608
89c1e292ed02e94446d71386b4448632bd15b8ac,115,8,8,123
c9e2e5e23b1737102b492cdc7d74a31d94684b94,321,22,14,343
403da6db3098cc67a186c163c10e1ce48a075806,2758,72,0,2830
9c1139f24610a88062016e7b542fd5691c9005e8,241,4,0,245
de8b54c69483e4a47014e9d61fe074be1fa3b4a7,58,3,0,61
505e2fc716906e9cd11cc63bb70d14e2bd36c463,12,1,0,13
d82f4cb1eed6edd178ba340f796db0b9372b72df,2,1,1,3
68a23d98eb7a72d868734a3a78b71a0848968472,5,1,1,6
8f3ee1097c23757b3c635e4e26fcb6538c8ab06d,120,5,1,125
0bbcffdf1158a23aa823cd3b336d6acf862079bf,6,1,1,7
8992c6cf8b2487755bcb1a956446e24a1fa3abd1,3,1,1,4
32d4dec8e076827947bf65b7646ac41a0c13309e,3,1,1,4
7b6409f3579d382570723b1a324776c47a77e7e4,25,3,0,28
db5e5d362b24782adcfceff4fb4ddf0dfeaa34be,10,4,2,14
90d61e0e3da0496e5046283f732ed899a238b749,3,1,0,4
6d1cf0bf388b2614ac1e7b9cd1a0db0c47129252,18,5,3,23
8dad83299fe52dcfaf5980a534e9bbaef7cdb3bf,115,7,0,122
b3cb580a436f1f08572d7c1b399bafc23db8594d,1855,67,0,1922
61eb6811fee442a3f722aba845adf47640482609,124,8,2,132
068931b378a49c9a3b2f93d92321182ffe758a38,56,1,1,57
0a2125eb1fd1b2eb5b39f9027ede40df2fedece0,132,15,6,147
876ccb0429f067aeb9638ace4792a5556a7d5756,2973,67,0,3040
167549b17506c86c500651c84c7c468ca41c8975,16,2,0,18
252ccdff7a6c181c8953f95efa0b5ef7c6ec40a1,12,5,1,17
33e3b38c533be607d062b91a6642bff0758f5180,8,2,2,10
fc0eceb323acd57efc527177801d3974a75cf9f3,541,21,20,562
b71137177ed94dca9b90b1211cd207a63e9469b4,50,1,0,51
2a799c9348daed85df627abcda0fa6d4dd6301d4,310,14,6,324
c4ed31f0773811dff87c4c219df06f1ba6226865,186,16,9,202
89977d7bcfce37993646feea48dfedf5b6e6467f,92,5,0,97
46ea0dd7798c0098dd4a22ac9c0668a3aeebfbfe,159,22,0,181
18fd914e73564cf967799513042b90331e0c0adf,67,2,1,69
086961808559993c87e10513de234174a6cd323f,2,1,0,3
e52bbb2bc6ff723ecb9b7a20bff148510a5c0240,105,17,0,122
3b721e304576f63ef773ea3317b0f4723a5f58e6,33,13,0,46
b17af274366f982aec01cd6a7848ff3343c97f93,16,1,0,17
7c31c7207c434e854b198f555e9979223f3016cf,79,11,0,90
f62ee2d36b23667b9f8cae289e991ce190b9d0c7,71,8,1,79
d991866d610c107311fba65ea4269cff72f74a16,155,18,0,173
a0e1772f0d44716bcdb963451e23916092327431,12,3,2,15
1c19aa4a1448ccf54241ca6ecacc082d2d42af32,1211,23,7,1234
db3d26aaba436ad11c7e93016bf6ced552597e2a,155,18,0,173
8c4d06f5285965871aa1b20bb0761a14ef627be4,130,5,1,135
81ffe1c9b701a828961a666553dc747a2f0cc344,60,4,0,64
c82d0a2998c77df387c55b99d5e92263eed3fe3c,38,5,0,43
ec2bc0a51e00a69585eaf91022365ad70e9b2120,16,5,1,21
d9f4e3b2cf795bf83f43801be2c8d9353bf35058,2777,97,0,2874
f5fec4b4c94851c76fab431402e25f02670a596a,4,2,0,6
bbd393ca6201d2f2609eee3da8027beb471376a2,245,1,0,246
9b6ad0e4c22117bd1b9bb91cea2b22ece63ce639,424,6,0,430
576620e4908e512edd7c51f9e5ce1d03b7e79237,235,4,0,239
d64fefb9d3459ca7b0cdb7183514e46c2d995b1d,4,2,1,6
1d7321b0612c633758b54c5e32b6cfa2f1fbdc69,2,1,0,3
656b8e40e1beaed8ee5aae670c59e37b931e39f8,2,1,0,3
14fd47cfd5a6180137675ca80d806e74c281e9c1,16490,1698,0,18188
c89ed06ecd966aa4c37a6c0b11b509c1e7ee36d9,2,1,0,3
3212d3b6fc05cd2f1b3aad3944d35c9932fd3048,44093,2238,0,46331
a05fb66505a63e64baf3325abb6c54930eb2bb86,90,24,0,114
b9cb15731239bb086895fcf1b7190317f90a483d,1407,13,0,1420
44ab171e1ed9d86161b4757e6ca7fba090bfaa29,3,1,1,4
f5901bc1a10b1b7ca1e1cd5c90727d33673e579c,13565,1247,0,14812
2307f7404ce1d2069dbaaddc591a4ca4ea8ca3e6,42,1,0,43
dd1c2d8a7f0f7e86caed9a3a39fe1d440e7ae852,287,3,0,290
5a1ad3b932797bbc36ec02a694bf3c43737d4e4c,22469,1731,0,24200
8ad3ffc742db50feea6e3f4b01691a5388b3a9c5,219,13,11,232
e3afc7132250c3125085d72e842da4a6990ad058,1783,23,0,1806
870935d9c9df040e8d8fc3dd7cc5425dc286e404,82,2,2,84
6e31b35bd60ebd3763375a0844d68a6b9b2117de,5,2,1,7
4d49fdb1520db78840aec745004268a332e9c4c7,9,1,1,10
1ecd32c316207208a3fd07a133e17f5b4e2101ae,12,6,0,18
62cb1e433caa00a478e8c5626eac706a5e62ab2d,272,9,0,281
37c699bfd425c34f0a9db3a18b3414984b5788a3,7,2,1,9
46d4d2608e1fa96081535beda6b4493572895523,286,1,0,287
5a307bc18899278c94e639ff43db24d28af5e031,21,2,2,23
62007484378cd6af7a7733c87f15f10c2b1213b1,12,1,1,13
1eda58dbb393803901f4a748aab39f8a2c068fb0,58,2,2,60
d4fabfbf2a0640dae579da14a1486619fcf5f1cc,2,1,0,3
0bd6b838585d961731ea3b83c1549f362fe5371c,4,1,1,5
d384e687b8c0ed5dfd848cfe804b362dd8a446e6,3,1,1,4
92b7e03f72e43fdc732817ea4637f5f73a49f032,40,3,0,43
30406f2a93e33eb9beb220b05da0a0f35f099564,3,1,1,4
5f5af6fdd459100379af7a3d7c867af16a89aaa4,2,1,1,3
af73027cd52344d4b3ffd82c4e7edcb5679f4395,6,2,0,8
a3f5ecd59033627bfa3c160740310d8ffaf20665,6,1,1,7
bcca2dfe6f4ee59152a8d1ec4ca116eb3032c93f,2,1,0,3
1da3e6c2327d4b7bf93ee5b0d0cfdac602168d77,2,1,1,3
2e8ff3db45248f4db3222e205408e0001288840f,8,1,0,9
bf7d876617b1e725bbd135693754dfc3c1a44c6b,852,47,46,899
7e9b0c1cdba37db20a09c2a2c1f6e89bd9b6df48,573,15,15,588
148753c03813f45ddd66cdc1d5587b2a809ba034,17,1,1,18
d8ae54ced82ecbbd45465d0dd422ac6bd9ed55bb,3515,64,0,3579
015cac672149ac894e8045e8451381f2571be706,151,4,4,155
87182a665489247131f39ae96d7776f828a5c046,17,1,0,18
4fa003fcd833d9715d48475d1a196b7e542d313a,2,1,0,3
e0ca5b61f6768e3b6aed919efeaf19d3fa8d6291,3276,61,0,3337
a5625e2d929e60a7c4309f23dd78d5af881a36aa,1910,103,0,2013
c12455d1d9ad995a9a656dffa708273820437aac,395,4,2,399
a757fc17236d7f9ba6319d7ccd40e9cfe9b09218,155,2,2,157
cefab8b1f546aec45082a1e131ce86ac6251e13c,1910,103,0,2013
5ac5dc66adde852cc93a85b42041ef633f0295f9,4,2,0,6
03d0282df3daeda0de324720e596e95cd7831e40,294,19,19,313
14efbcaa0af2e958c664fc4aec5fdbaab70d49fb,13,2,1,15
604a6803aff02c0a041ae1f47afb0da25612f2cb,166,10,5,176
80f7901dbd4cbbfc65e5eb4375330ea4381979f8,42,2,2,44
5f3c669ae39e01b56a308ccea6dea818ffc6a599,41,1,0,42
f08a824f35ebef9c11700c057c2371b652e6c138,141,5,1,146
577fdf5d8f63634571f2fc6793cc81f49b140a97,3416,138,0,3554
fdeced539b68abf9d7d7a3f557ba025d1d64ddbf,113,3,2,116
e23b86acb7648a3b1fa6f5ac1b740f2eb3309d4a,8,2,0,10
37877ee6e93ac4226bd0b537a479b0105e99064b,134,7,0,141
571223f6f74ac5a558231f830644506affaf99cf,5525,170,0,5695
1d7267a77108e01f5a24a0af9a994dc7a0aee779,219,21,15,240
05163cafdd3f0a9d0ae42cf3748053d0c659f0d2,161,6,6,167
11348f1287285062aa316fe8747b42fa4deef77c,6179,145,0,6324
5056917f1bedf1674c34c1419e561f94c9dc4aba,1976,111,0,2087
2c2204d6d942e829cbc93d6cd16c6ba289088998,63,5,5,68
740d6087a1fbd3d1d4aa8875a81e83451735d1d0,2,1,0,3
1c84db18345cf016f7c71cce80e673f0f71103e7,58,2,0,60
d461dd124b081d833a9e528d1bed12c16d2ef937,34,3,1,37
d016c0f094bd8774a7176a41951510469577ff85,3416,138,0,3554
ad996d7b7ee72a6d83f99003d73d073421d90ea5,5511,166,0,5677
ae5198fc42d97472a33daf2b822ccab814a1e0b2,3503,24,24,3527
40715c9eb9e1da727564b1a48f74e3aedae01677,11,1,0,12
cfa265207f2b3f9917e52c22fef7136456ad08d1,148,19,0,167
a5a5471fd2c6269e28fb7c26f7aa8e7858e7c702,360,13,13,373
41ed9a1df81e97a7f9a7364f18f727f60f814eb4,208,22,0,230
19a3a9acc7012bc1f947937e043aa7a3c1f1befe,82,6,0,88
9ba0030e85d29ca48ad3b894fb7d4e68f424351b,1,1,1,2
cabc840a2959b09006c9985efaa7fc2cedb0e747,45,1,1,46
35b4bc24f4adfd31b2abe57dc0f2629cf7ce2e7f,45,1,1,46
63025059a24045b4b4f315ad02748e385a29029f,3,1,0,4
2a6aa9fb4af19efdbea0884355a2f81491fb1659,2,1,0,3
4e434848b9fd26ef78b0210f622ffd0ffd332f64,9,1,1,10
d58e8085af062ac591ce4b57c3adcd39786efbb7,107,6,3,113
dcb0ea5ec06cdfe1a8f31d7d5fb89c995d6c3f04,5605,179,0,5784
1f535d50e22fba0dbcc038a5e454b9cf3fb3ec9c,45,1,0,46
d4ddf85c95b1dc121d943494ef3dad3a6b5b849d,457,3,1,460
dd3e77253ec252fd58a2fd52295ed08926d5bd5a,208,22,0,230
6a90e0f772cd59b2e21d1788e68a6175d901cb67,112,4,3,116
b26fac9301e19bebf41b9e4814364c7370cea58a,112,4,0,116
28f3b6a30e1e8dfaeda18d5a93bb98d5a6357e38,112,4,0,116
9ff5970715fa01fceddc1cb12722374c6703f2d7,316,25,0,341
5f92028bd3f1c803fa8294799b7d459f73751903,4,1,0,5
3eba35205bec122298bc25dbe45c64f04fa1f29f,5,1,1,6
1c1178423147221d582fc94adef1805e1f024c4d,3184,40,0,3224
824eb57ec9252f3481601b3048657f49d73f686b,9,1,1,10
865c42867e60ab9b8abb703911bd9ff8ca351195,148,12,2,160
abbb198c571c5b87c55671a1b82ed64031f0e973,14,4,2,18
07a492a3070d3ac526670c951d5110918fce6e9f,59,4,3,63
8558fc880805e381fef48e398139d7c67e39f648,37,1,0,38
a5b3fdc3ee6f105174fd00231ad8b09aee17844d,3,1,0,4
4ef1baea4c95a42ab6744516a18919ee29b4fee0,14,5,0,19
13475f3db38f5aee7bbc81c220334ad71b2ed4b8,236,3,3,239
6f27726d8e0a5f48189ee8dafc0e26367df9c8aa,2,1,1,3
3d4b51803742d86f6fb6cdfdda7049f50915e5e8,3456,61,0,3517
ce0c94a299c4d13f8ac04b8f76d09b4f2d11aa47,3196,41,0,3237
dfba5bf0790c41821721efe427ea94e07db6f409,9160,221,0,9381
f7993d9080d7102b3d24ebd62a69e28735480ae1,18,6,0,24
a5e4a4a9bcfade00f19d117120b006a0447888ce,5,1,1,6
6c11ac03393043ed5278392473dbbfb1825f3762,3,1,0,4
08c10d073cd5ac2635019e020620113084335be7,236,3,0,239
0d35e88fcb853735b1080717a43ad8b8d7bd20ba,84,5,3,89
ab53ae2dcdb3656a78d74ca96f125f8c52dfc5b0,241,4,0,245
1023cd1425aff3b91d7c74bfa6d268ee7f8c4dce,251,15,2,266
aba3df7e8c6e7d02a346d2ea0cb8b4e2a99704a8,4,1,1,5
3dab05e1aa5338a0256b5e29a26b2a9684da2a82,9,1,0,10
df777c3a27569280181e19ea1417b34486cbf788,87,4,3,91
150e25bdf9017cc3b1562b92ed9917efaefa9934,68,2,0,70
6cf139fee4a628d12411480cb357cd98281b6570,8909,217,0,9126
f3c503ed5a5bb04514458d6b422bcb880dd9bbc0,32,1,1,33
34088fc9828e89f4047d1c98ee793a45bde570c2,152,1,0,153
f27f7a1cb92cda59fcd8cc50d3ed56514ea56128,21046,197,0,21243
1c114052b9b11a1d8cf344ecd6b40603e1e41bed,4,1,0,5
e23789c714b22cb1046e9caf21736a6b943c4250,110,4,0,114
2d1dcc6fcc1bd1470ba20f8ef37e4b45114afad5,21050,197,0,21247
9564b451bd30104fac510ede9b29b05019e2d999,21155,201,0,21356
81c443ac3e473d931d6506deee9ae508b8c1bbe0,12,2,0,14
935a40d07909a3aa50c808b0453b72e95ded48bd,24916,264,0,25180
db298dd7121e9ced3207884604e0f2adbb8dd156,24916,264,0,25180
179b87cffb39b862213c7d1c2e984609bac6036f,5,1,1,6
4ec4e5d64a3f9a2274365cb4f0f6c501e5813451,21160,201,0,21361
8ae4e9129aaa78f98d2a9f60d23151cdf8e51af0,2,1,0,3
24c6f90a306035682ad71a1b1d30ebd0c2435705,14,1,0,15
a0210455263b6d38153b1379d6c8689325f41879,5447,100,0,5547
fd63cfde01f0d7dba31786376e241ec674853cde,5951,205,0,6156
668d71739bc5d79cf5bf65c29f7e3d6a20709a66,220445,3048,0,223493
11cd874db703bd4a6cb5964e8a9dc17ddf7fda10,63,3,3,66
7fb81d487bef0c780b27d6335658fe46932d2a4b,5449,100,0,5549
aae71de5fdb59d0ec4248c639f26212983de2e50,10,2,0,12
0a1b1b7ae3dcf0d4a4b985b1ea89e91a5f2deb15,77809,2436,0,80245
e68ce32a488b440d302a49a0571e258438cd9772,5512,103,0,5615
a1809fb835c7086bbd47d1bfbd8f81c90f3c71ba,5512,103,0,5615
4e60207b2a1636f536ce2c0c34976f5e6f9ed718,5,1,0,6
244e604a66d764cd49db0975fc973ac995de98c0,762,23,23,785
c395821cbabb97f3f9f412df9f62c0566b5bc6a3,581,13,0,594
3e371e69ff895859e2230516565bebf89d8e2400,26559,295,0,26854
f138c00364d04a6615fe0c243e2914b4291f45fd,510,29,29,539
137b729684128adf9f06dc3ba6f6e1f6cb0ddcd4,16,3,3,19
95d2c9566ddba340bbfa47676add124e31ca57b7,810,5,5,815
0f437c1b820ab1b872bfbe8c488dd306225b9325,33,4,4,37
11d4192c8571a2a28d09cab87158b9765fa9c85c,4,1,0,5
d70e59f0867306f48859763444c10315dabca0c0,391,11,0,402
d42453e9260c701b14edf7e3538efeb9820d3edc,87,9,0,96
eb9f7029c28f31428949abbabdb186d297ca77fa,44,4,4,48
9b8c3d7c99d1b84b71f4fbcc69febeae3b1f29ae,2,1,1,3
c56e4e3345971efa82f8cc1d307abde70288c9c4,32383,448,0,32831
79217847245f73e52742380a8487771768ebaa09,459,15,0,474
5de45214b5ff812ac85a2ee8a5b399ebab460ebb,29796,331,0,30127
1179a06bb16d45ef4070493019f2c41cc0de771b,32375,449,0,32824
9809ddad644301d0a66447becf5e3c8b00ffc3ef,29796,331,0,30127
1ccfda750826dd091e9c612c3e7fc0ccb7683442,9,1,0,10
3d89cfdf7bf220cc79491479ed6b2be63850374b,42,5,0,47
1d6a442e67458bd1defe40ac9ef3cade56d87ba5,3,1,0,4
ad0bd6440e7f918c32f3a74d1391102a1fc9bcf7,14,2,2,16
428eddeff692c3a21b99e0b1cceb75beb8133dda,139,8,8,147
c3ea6fd4210f768caa8ffb7cccd4310083ebd25b,30450,340,0,30790
e9b822d67aad49ee78b8679458e30f49411ca229,336,2,2,338
cbb516daf39361d3422bb0f02e3f67971a8a48f4,53,3,0,56
7757c4480c827d3a7b1077b8a442d6410ced8273,13,3,3,16
f394d950681b8554f389852fde09c844442a2a51,188,6,3,194
b182b2ea6cac3710cf700d3d5dc8345cf7e5d351,608,14,0,622
1090455dceb4db53a7a5e3d3b1b31c1fdf42d1d5,5908,113,0,6021
3853effe1e9ee4da6ef88e9cd602ad216e13b977,27,6,0,33
7996d1dff9de0bb61bfcb15017d138706339648d,5,2,2,7
70f51ad67b69fa34e2bfe1b07e713b093a27aa0a,2,1,1,3
5d27bda8bc700520deb5a7e12b810d850238cbe1,40,1,0,41
e92eb9c2abdeaded5ed91150539eeeedaa5084dc,21,1,1,22
dece1ccfeccfe6e331829e88d1d12c991f2a3d21,15,1,0,16
cf58c10e9bd4ad57388e19fdc9f8162c78164227,15,1,0,16
ab618be1ef23bc193b11f9bbb68b998bae416c68,2,1,1,3
636667da689484a03c7005a4d08dd9f3cbc46ee0,2,1,1,3
7a2a620470fc72e966030a985c33ca04c5b7bf7e,2,1,1,3
bc7a6410fd19a73b6e39aeab48121a44aae015e4,24,1,0,25
57268b6430889b196bc499625decd9dd6522bdf8,3220,243,0,3463
93e96dd3ef1ee9cf1bc00e09b483e30f8987cb1c,3,1,0,4
e13af40605c9c9fadbab9be0dfc8fa1c32100cd2,396,12,0,408
c66fcd54b13beb3f9af511a2d53149268beba480,396,12,0,408
2bbb519a3cdb8ba39c5d80e3439f2959c5206358,391,11,0,402
aa455763d9ea454cc99b327cdb52abc434ebfa08,95,13,1,108
b66e30ce2067ac41e10e3d2822fc98aac892f809,2,1,0,3
786f5ff0d66429499bcc66f9dc247a7e80a509a5,3222,243,0,3465
5772b549881965ae38c71ea2952e2933ccf948b0,3222,243,0,3465
88d24cc20266a12e9fe7faa220de12628dc427a3,34,3,0,37
89deab1f0ffdd36009810cf7b3843ee46203f987,91,1,0,92
bbbd02bb585f20f1820a871536a8ad25c22538d2,4413,265,0,4678
1845895daa8c345189faf348537c1944c159d3e0,8747,229,0,8976
faf3f2bd12e4b987cccec984daa6307e172f5d2e,189,9,0,198
98e41f1554f78cd8f06425259574241f814acc92,454,10,0,464
c06b9a1935f3d68d6dc707b3814d3d0148e4ee57,39,5,5,44
7d498c4c1d54a69cecd0d996921387beb0a38763,2,1,1,3
d4c7e86b8f816d370a6a9051de0f15767c8551e3,464,79,73,543
6366718a503ab8d100cd46f297c13b86a54ee998,1,1,0,2
7a35d388683642d6451654120de2dd1d618ad724,19,5,5,24
fb583724681ebfebf8da56c736f44bc1d947533f,3,1,1,4
6f7ad436af07fa980c2aa70f88e330ae09550e35,8,3,0,11
b18d3a37b081684468826d695017e90184dba896,4,2,0,6
1e65f16369284dbefb7d3cd7deb894e9e8173876,8,4,2,12
2dd61e076bc72ad3658d2b978aff458ca350e688,552,6,4,558
af231de335ecca259a7695fe02c1727a4431fd41,4307,264,0,4571
167f67ec4dbf2a09005692733f26beaa78be582b,3,1,0,4
b15cf5e282aff9820fff9da53a1733085cd45210,70,8,7,78
7096bf2d152d326b05cbb876a322c05edcc1366e,106,4,4,110
0e55e6cc73bc2772d422511d75d9a1b3d45f78ca,196,2,0,198
9d26ec6087e966ad115a9f025b6338e7ed82494f,8,1,1,9
42a8c0feab262da6f0b67f91437c5619bb7d25dc,4508,264,0,4772
8e5b052ece9e967eb25f6385b89c0a9f3b069992,405,18,0,423
6902a030494b256dc9071c927a7fc2bc016dfa3b,28,1,1,29
4f460b1efd89b6cf92674802b5f790338c73f7fb,10,1,0,11
61d047858d18381126c9e3c473311b9bb2665cd8,30,5,0,35
fbeb9e058aa2b4bed8d821d3a62c576f395cfaab,11,3,1,14
1d04fc7214182d42864bc7a9d71a41e324cda7ab,30,5,0,35
a2bdfadbf966ec787a41c4d764480349f1090f37,4997,284,0,5281
5c1f17fcdccd8cd83b4ab837215e805f0d21633e,68,1,0,69
74b3f284b0c8971abd8a5eccc2db71654425282c,101,5,0,106
6f5fbe0b9bfd9eb2fda18eb56353394fb30076e6,2,1,0,3
8117f576bf7383329d8b3cbb50b361e04efe771d,2,1,0,3
d71f260dc39e5d77c051f3abb300af84b318419c,13,4,0,17
2ea5785b631bea9c0c229262bbdaeecd60f29064,29,3,3,32
15c423011de127bdae0970e76cf6ccc93e3fee46,10,1,0,11
e0d0ca992bc7acfc93dba81973a51581e4d0a9b8,15,5,0,20
db09278db14780787e3c37e53affe1f749534f17,565,54,0,619
f4b6337f936746cc7c3a0ffc4a8c1cafc543031c,8,2,0,10
7e8b6c747705ed82387313bbc779582437f08f65,242,12,0,254
24b46dc4c7e74fe4f59541a0d508f1ffb3e0c08e,4941,284,0,5225
cc7aa6225e2705556915b2eef681e2d88331265e,4113,255,0,4368
4420d8a0df4326cf6cd7d746fadba595f824e091,4,1,0,5
1c97f88b0c5f1e0cd0952d5c49a70542ac0c4799,40,1,0,41
b3cf44ba196889340e31a74a678f778572f995a0,7,1,0,8
fa51a9c8d4c9472e4e39ba4320f5abcb0d6c6080,55,1,0,56
3634fb2ad1f11f3cc2a63ed470b47c4ce52f6146,1,1,0,2
e8d4d6e8fc8ea22488a1a343b9ba324adbaaccd5,26,1,0,27
7afa5289ec390d2771a8d649f43f7faebc1a758c,95,2,0,97
7f6091bc2e0ed3e7a2ddb4535c09d97d14a12132,4,2,1,6
755637408f17cbfbac7f459d6146e8b4c42e5076,282,1,1,283
69772c7fba54fe569e0fd2b4c5cc88a7d4bce814,87,7,1,94
b64ab8023c414dcf1737517bf57d34e6e728c88a,5,2,0,7
70c8eeb6d73a77018945fa47690cd1c07ebf2f91,239,9,0,248
ff0dd3c7fc9919324631a5e6e3d7be24d2c073c1,3,1,1,4
5da06080d59dccc66c62bc23e2dc83f103bcf018,15,3,0,18
8804cd2df892517e2208cd3300b2ceea0c7f85dd,139,12,0,151
0f17330ef05b8f89e81bec82b66d03a4d2979b10,3,1,0,4
7261baa7eff57f104f72d535b1cbd0dee3c21628,7,1,0,8
332ac70f3b56be6428c4bf7c7fc2943decabe5e4,15,3,0,18
4f05e4f7708ac53972f73bee1ed3786d8afc1e03,28,2,2,30
899914b1f7221ad8dbbf5ccb808fdf7d7dba5710,155,15,0,170
61436ba71bf065e9f733b672dfbaa5804e720d7f,26,4,0,30
c930607b9f163c7c2571dfd87b90e26d792fcf5e,11,1,0,12
6e5be01f92a80a88d495385fb52a0f381cb02a37,5039,285,0,5324
87305632a091dee8f30b6342ff598602e4ee046e,5,2,0,7
76b3c470539bf37962e5caa5eadacd456c52d911,61,1,0,62
3d519a98da771ea8e1c661520ba026297fabdc72,22,1,0,23
f67cff25ea8abc4954037b0747de093b5e861c30,4,1,0,5
db9d607e2139293ecb9246421d0a5a5f16b233db,1549,14,7,1563
9e4d9a6a6ea8208b13e2d9a641348596f2699570,296,5,0,301
4b321bcb48cdd37961c494b8206497d0988e5f83,6,1,0,7
1daee0e19cad66aa449927ff1a7bd97757d0798a,4,1,0,5
9bfd7f191e6aa5367b53abf28609cece301134e4,2,1,0,3
db8b4c7eb407da2725e66688f031eb6f9ceee5f3,336,15,0,351
8874417578f211161327d31f5c1de064a48fa7ba,97,1,0,98
5aef92b17e1a43d3eb2561f2192a0ffdb064476b,290679,3863,0,294542
278ae1de1829445f923a629affb84688d632cd08,366,20,0,386
8083d9a25e85a68f292a18281ce0c2bf452af6a7,27,3,0,30
da54496660b52a4090f87e37fa44929077e21ee2,50,11,0,61
0c899a885589bb2d9ac00e11bf43bd3e271aeb63,786,33,4,819
49cddf4aa291841ba365493c2aeb38446b0951d9,5,1,1,6
74ab5e0df1972d741cd35f04e0a631dbc68aadd3,540,35,0,575
a4f9375f808cab9e3f8f8ea666fe38e5da38d141,19,3,0,22
980cd83c1a8e569ed3e25c02ed0066a65a30126e,3,1,0,4
54f90f893112a47ec75ca7365e2d06ae818bd9d4,427,12,0,439
8d2eb7727c839db86bd4cce389fe091787f52dfc,552,37,0,589
34931f3df09220087c434898f0bdc55a0f64c3c9,1,1,0,2
f5bff450a696b6f42897cbb52cbbddae31a34e04,3,1,0,4
c0f872eeaf188d5a81b8aef58570717e2a929eb4,19,3,0,22
30a678312f03d98ce2e675b4180ef6c03ec3b197,1032,19,7,1051
ba632af30f744309709f16be77bfb404a00de4a8,1017,88,0,1105
04927740bccae57ba6e9c9b440c18b8a191f9fa4,10,3,0,13
7a4711cdf671faea158b64bd73bc5d9597fcfd52,107,2,0,109
4383923b884897fe20fec36bfa97a6091e32a6c4,66,3,1,69
8d0c6068817a22249d3252cea40e982b89392bed,1017,88,0,1105
59299cbf317a37aaf4ae5cf9a8ba884225fabec8,49,3,1,52
90c4e110dc5093bbec3fc3b3359fec5b44082006,92,2,0,94
9d1cddbc95bd1441d893fea6fd9aa27b647d65c4,92,2,0,94
67f2fd8627a57eb7ab17a363d3ca7ee4b93e7f2c,7,1,0,8
75b5b8b374735804bf36d8d005894631a6a5d72c,2262,112,0,2374
0135a4cb089faa828c9797b80ac0570fffffc4ad,6,1,0,7
b434ae8f8f5876e3f9a9fa07b8af56fcf3f5a98e,12,1,0,13
2a7b090b749f14b013acaa49255eecdcf9baab6c,12,1,0,13
533944a5a62e9d4d08bb25dcd4bb2be9ea9f67f5,17,2,1,19
f93ba09bbe5897286d3b365fb311287077acfd96,51,1,0,52
bb03c6e2cc245c87ed0336a0268d641be6c15019,202,19,1,221
e8c1d7c0f7a840bb2229e3d50cdf5106837a7d21,108,12,1,120
9728459dee3652d8e615e6525dcd3a347b00da66,116,4,0,120
73199bd2da2fa8ebbcd0f97d055e6be372da43f6,70,3,0,73
1ffeff91563939d23e4b66d77ec36e502265eb03,1,1,0,2
b7457a9eb17ddc6eff1250ada5c4324e40ac8f07,56,1,0,57
d72fe0d6f470579d889c65b52f2af392b932b594,17,2,0,19
03890cc6fcd0f3c601d89ef97c16607a5dc61329,4,2,1,6
1c5681afdf4df4cbd498b291e43c5c2ea4494cba,28,2,2,30
362820e775985b1f243725f277ab895c08249d9f,9,2,1,11
d106f4ec8febbeb93853668aa055a58dd9bc37d5,1869,98,0,1967
20639a2333818e4cf678cc35ef2a39ea8ffd599b,627,20,1,647
3805c688b57dc8d6b260eba2cc61bf0cc67eea95,100,3,2,103
bedefd51ffeb7712585e530a82f0b403d7b5e85e,12,2,0,14
efabda59baa9c297f6eb28446865fbc8832127f6,81,1,0,82
3ba2043a2c1307327419d0bb22d30881fef3dd72,1875,99,0,1974
f84e19e20c0c206f3594e369dc7849f0f30b4a9a,2,1,0,3
fb38190fe34c937bb5b890ae18e98eb4e0d16b2d,122,6,0,128
78cc69e03e6340cafb439e5c320175de50fe9f1b,43,3,0,46
0c988a77aa64d270e907ad8da76525bfd4c28d95,162,10,0,172
5bd0db75062780d750a4becb8f496b85afde5b8b,43,3,0,46
c443245b12e7e4272ab006c51851396374877ff8,61,3,2,64
c2e0a4153287e3188d79954a7f3d203887616481,205,13,0,218
f559f0656ce66b7c41a427842e099e3331aa0d8d,29,1,0,30
89834dad52621a1868f6cc2145006b4d0da3ffea,3,2,0,5
4db559b895f0fac86d6bbe64d8125b299d63aa31,18,1,0,19
c5ccc705dc4b69aac377060415bdeea2263109fb,223,13,0,236
8a36ac0fd1d6ffb12747bc38d76f37b3a27ed04c,19118,400,0,19518
463a5f812054ac2268f8f74f113f8b390124af25,5,1,0,6
3f327882d5930bba5576a20d08bcb0868d6c4504,18,1,0,19
210bd2e3b128378c11f77daa85b173df1e1f1379,634,15,0,649
82cb9fccaa9d24b53fee881fb6f8596e652821dd,416,11,4,427
d83c7fcc2a1deb039e86e05ec3bf9ed3ff4d4569,18619,403,0,19022
f403ee368c42017386c9f6bb626709b665332d44,18620,402,0,19022
1ec96251ccaf8268b62ca108fa7d660b68dcd46f,2,1,0,3
9513a62721423ff586bbd04e2073565ea744275b,1,1,0,2
efb5272af56e567aaf575e322ef6fba75d6963fa,22211,520,0,22731
c049edb0bd43a5fe2dd518980521a701b9ae596f,7,1,1,8
8292f3297fac4bcdc7c5eb7d47ad1931720f7c7f,1762,84,0,1846
d4387fedfdcec28ff0d648c0cceb1228cbb80b9f,2,1,0,3
5183ad94ec7db6fc61c0ef697a7f6a2c805565ed,29,1,0,30
4064da30ae18c7f6e0aabdae8c2df692f3a09bc0,19,5,0,24
46a40dd31db81b04e08ad646bfbe644deaabea22,1,1,1,2
48ba8850cad7acfb12dd0707aa94fab67e59ab76,22036,519,0,22555
66ff19016a80f44c040bf332e04a6b372072edfc,22033,519,0,22552
0e0951a6eba70bcf6709eae9a84471f5d8deb603,84,8,0,92
458de6175630d70ca96b982a356d4b0a2c143c38,22385,535,0,22920
f636bb1593afe78e1af8674097ad7ccb8904f4f8,241,12,2,253
5fb28ffaf648218f160cd6e0ddd998e5f3de1d4c,5,2,0,7
569a482daec4ae3f77b2cfd6b7d4dc214eed6738,1762,84,0,1846
aa4ddbef1fd2192b9d83e052605924f5dfb3f3c1,49,3,0,52
51175c7cc9ff8d63f456617b3f55836639ea4cb1,7,1,0,8
de91e82fe8e95b8d26cd7cd4645ede18fec29093,69,5,3,74
ce17ad56a505a6808b77037b0594afd95d62b537,4,2,0,6
cf44b520ae52462bcad78f6ed5f44c11d3b7647f,472,4,0,476
baf008813a97c71d891bc19f2db5c5b2f851a255,103,22,3,125
f38677a6a70cdd910f5251178ab98f283238d2eb,2,1,0,3
7dd9d4bf66a0dffaea1151c6ba0c8c82833319ae,474,5,0,479
58bf9dc69d86b29402f498cc881e66a22246b1ed,474,5,0,479
10efad1900566a3fb338d420ce3498d83b0ca51a,178,3,2,181
c13c569c8144a274fdca49aa26ec854a6de4c09d,22913,543,0,23456
eb7b1702cfa954b8b80fca5af8b3db8d83167ea3,255,7,0,262
672c413b904ed49b391fcc3ca2ab7dfcd3ca0c9b,11,8,0,19
b7864bb0a85ccfc6cc3d39b6132adad9f7d3e469,729,12,0,741
f1bee5d21c1c6e82a2992bbe0a0741029863b26f,17,2,1,19
0012a52d2e1fe2904d0babba6848b7e5af2615da,2,1,0,3
33532482856419049323927f1f1f3ba6e1f6f829,24,1,0,25
deabbaeff13de0b02cb7c1dc7d59559074ef449f,32,3,3,35
be5939057bfca32b34532a8eb7bd457ae9953472,474,5,0,479
665246980db15d3e9926563172908811b9f289e8,257,8,0,265
bb909c0e14c4468ddd1149023a4e3feac3b59c0a,346,11,0,357
63502e4033c0e530d4caa2853764a2fb4a9e9fbb,1,1,0,2
46b448931e4c274b609a29b66243ea1af3a51e80,9,1,0,10
ff788da8a91f27adb431e19270f16f02ac2f6d70,154,5,4,159
76ef0b3f2840a57bd1323bef4ba8ecccc213dbd0,41,1,0,42
4fe2545f5331c31a16974ad4e80995e06e5cde6c,2,1,0,3
c95128f719bde81ddb16cc2f21ac75803647f441,48,2,0,50
be23ac6189de38f54b6bb830f029beaeb9ea2937,30,1,0,31
7e6388c56ae1e62d05b6f1176b7f414ffd2beb78,5,1,0,6
422ffb140b4f423c953860c44b91d74db74ebfbd,2,1,0,3
bd2ce38a73eb6fb3625684c3033eba28a2279968,6,3,0,9
2703af8def9d95153bf49e739c13b10bc72a2f8a,5,2,0,7
cc118e80fb243936c5fbf7cefced2f02eb2bfbd3,24,1,0,25
81b19c4d34cfe208d57c81015c0c1dc39c2abebe,243342,3023,0,246365
b5b6c3ec0ea0074329c29259ce6485eeb3ddfe00,57,4,1,61
fce74d45b2a9c466f9767e64a07dea7105aabee3,16,2,0,18
60d00720f208c5b38f238703c31b8cd8272090b2,154,10,0,164
99c25a51a63751580c1e4d289713b8c9403c838c,6,1,0,7
420c74f8c30c8ea85f57619e6faaa5db6475a0de,2,1,0,3
43e574da1c83f6d1af9441b691dea5a6262effdb,31,1,1,32
d5af35b8f3da82a49c8485cf5da825983893ea8f,2,1,0,3
c131bf040483b51b57e8a38fda9c016afbb0735b,311439,3912,0,315351
daed848b44d6e48025167c44efbd7a3112aff558,6,3,3,9
36ecaff7464091fa15916801f2c442518371b1bb,10,1,1,11
df55ba925969ff0345dbbc3e686a522ef1cefe39,210,15,2,225
3728ac33c367216bf170aae41988c7089f5339a1,453,11,0,464
0e50dbdd2a3c1a235e50e3ef200bd54567ebcfb7,5,2,1,7
34f09120dfeebebe18b36e535298bf45a4b21d53,49,6,0,55
270246dfe78891031a9641a292b21b22dba31c6c,47,5,0,52
ff2da2090d8296884e6a7c7ccfcb17156aaf3d91,255,5,1,260
908f97f1672eafc86d1479b4369c921f1d6d5187,158,2,2,160
b778387cb1bb21155ffc37977b2b4779e70f45cd,79,2,0,81
43a7391e5f7a0b679bc3c10ff192d599c6863c37,19,1,0,20
09dc44430b2904e70c02e538e17c21c9f8f14895,140,13,6,153
f0b624701975b1b2fe6c4a411190a5efe4902317,6,1,0,7
126ce4658cebc79d3211b9f21e5f642ed6712af6,19,1,0,20
c2a7f6247ad7e568364a810fc19aed71ac177d15,63,20,1,83
4f430a15e420505ec3c00931f1408c3ed57120d1,18,1,0,19
322408f01b96f05f9bb9a831a91c523bc9c9de5c,97,3,0,100
77f1695e843d715b6864a3bacb04b445f6e30476,174,5,0,179
6bdb192a903c46de5cf900b57373932d8b16c949,63,12,1,75
e9ba67ff519470d3c56d3307588339039fa97576,963,34,0,997
8669623fd5135960ff05e2cb633f749f0e029398,1433,38,0,1471
aec17f3307535022a8cc7b5b736342c8b24fccba,6,1,0,7
97c3c90766647e2d95e43354152755ccee20e0af,25,1,0,26
e6beac46b50924f8a25f9ea77c20492ae846b8dc,65,2,1,67
4fc95f9bfedcba7aad032172c512ebde75d470da,204,8,0,212
f9f7134b1441c9d566c6f28a6482e4d4a606bb9e,96,4,0,100
e9d311504f76a28fdf7ccc1781ff697e48d1555d,116,3,1,119
4563cce86086c5e0ea8e176f4a9de0e98bc14631,97,3,0,100
156bd5aa456559f6199fe91b99be15eb9bf68d42,4,1,0,5
b0a7790d45761ef6a82f8743cab7847ec9b0d3b4,11,1,0,12
c8a02892e8d30113146e2c7dec8dfc54d6f9386c,4,1,0,5
03c899224e19af3597652a64ea1a4c0075c8e74c,2,1,1,3
5aba02348f125b9e737a7e89594c3bbfc51d5c55,96,8,2,104
ce926e973a65d5f40a79e0c8096aaf605fe05e83,34,3,1,37
85c5b69a142406355ef447ed9133a3a7a8d4f8c6,116,5,3,121
8b7a2c1a9aee65f5daeb3f7faa88d612374bcbd0,929,39,0,968
43790d7ce5b8bce68fbb131020084e5e49e9d917,10,1,1,11
d169d9601aeb8d69a43f90e6d5f55498e3762fbc,276,6,3,282
0802cf2b538d96200856a2fac1e3d3d0c655051c,17,1,1,18
d9a3b3bdbac406a3cc51632b3e3236ffdaf98bfd,6,1,1,7
61910ebebde28ad45a43f0e6f5fcab595b7b6a33,172,1,0,173
196868f8c6dd89c36eacec8c8d2b8d7d64b4062e,62,6,0,68
d1db56752f402fbb656e34c94c785dbb53cc1bec,257,15,0,272
a9c37ace42d328ffbc72aa7d5a7f92be78b5f47a,26,1,0,27
602eef7a4ed319b3134e3aa5f8a589f3c628f804,6,1,1,7
49a7586b1e8b0a2ffdb8e9959343c804f754fb66,2,1,0,3
d92bc169bca37aaa45e31c16a22afb42b6d15199,178,3,0,181
f6f6419975556b6baf059add103b432f17d33941,2,1,0,3
36825273ff83e3aaf92c7c4fdd913491b8bef1aa,131,4,0,135
51bff36648eaa032aee33d44cecccfdf64939faf,178,49,49,227
0ca50cd39b31d215e6a0bfc6a8cac40ebd7b295b,216,6,0,222
f05ade26bf9dae48b6bb3c9535936a606a276b8d,5,1,1,6
d3529492ccc48c51226681b18a5b280b82da302a,508,62,11,570
25c58a0cd438ce7c8ccd44e8bdcff7048fee9e89,13,3,0,16
1be8b77310565d6e9f3f1dda5a6554a38985f16d,1869,81,25,1950
915f997d786b1325a8383f725dfc6c2859434ce4,72,9,9,81
e9af68624d9413b806b2faa8cc0df45e9f8a926f,63,20,0,83
132f900c46b9e44c2a4b43f81da984e94285426d,214,38,35,252
f297514933565ff18e893b288cf06c28b0182411,209,7,0,216
b20d898b2d7b37173915764a106a62f02d73bf62,382,27,3,409
53efedf20ab99644a3ccd23c7d00fd5b3fbeb2a5,73,13,7,86
21218e054a761bad5a69e8a3c840af9d56c19e31,518,33,8,551
31d4e0270783326888881e66e83eb217f2405ae0,362,30,7,392
639ff503b91606be1bbf8a6c11edee1e488c6862,2125,102,41,2227
19c7b35cb3d466d631058b9f8c2e8570e57f0fd2,1436,124,64,1560
5f85d98ed65af7fb87017b83a62a987e1932e0fe,4,1,1,5
6261113ec5b7ef38404f6614250e150c4442c880,30,1,1,31
88bf1443a196a330a372d03778bcaa6f3a861892,510,68,31,578
470ca3ae8be977f47783ee30b34de7cbd07831ea,134,14,0,148
4958fcd1f6c13e77b5971a5b7123e0d9c8bf9dd3,69,4,0,73
cc4cdfbec7ce4a34074ae0d8530735c2d36e8f9a,21,2,1,23
03ac850af49a8bf3a65e1c45bcdca4f7b7a23da5,464,42,0,506
56c832cfc7f01b6976c9b8f6e17f35f9e9902a63,2,1,0,3
161eaf6b953b2ceb598c877fed8f07adc5f7371c,10,1,1,11
a66a89de125fdc1c5c8416f4aa3b9262a1fb6d06,2,1,0,3
06795fada7d4d9f97884dc13c06ffd3d00cd1693,69,4,0,73
0c4a1dc0556b89db8e3ae6f3b2c3306d49bd8972,209,28,0,237
124856ae28d4c62e4867449299cfc4fad74ab60d,2,1,0,3
4d8e3edb457494cf2df713afa9e668bd538b11f9,13,11,7,24
31dd659b073b7827eae2d9d5e7a2b14c8639e0b7,4,2,0,6
298b0ce98777a8af662da1fc70ca1bbe5718ffd9,2,1,0,3
2327355755215f5f458bb32b69222ea76cec447b,29,2,0,31
fbad20c81f82c364f1e4c6884e3cb4f7ef3c3057,35,2,0,37
56b4afd3e5471948b23a1ba9cbba1da02202e103,211,29,0,240
09ef80ae1174f2327645544cd4c3a233b140ed65,65,1,0,66
1f6d6611efa62063c38c39d5fd38410762898b0e,30,1,0,31
f9facce755e4bb9ea13628b6b5ef2aa3af8e943f,100,7,0,107
f0bd8864f4c9d926e164ae489e112adf69ddafc4,87,13,0,100
d096d138a8f29d26c867e64c3f204c3c40431f87,97,8,3,105
db6d36a9ed1bd5c41a80eb23c4728c171520060b,306,12,2,318
1651ccc49babdbbd1177af3381a277e862a439ca,91,15,0,106
4daa021399f9e4e56716df2a2487acd771252ec3,12,3,1,15
a2f138bff046c23cf9eeb0cb703779909da8028f,630,187,78,817
84da0e0c3113949027bf5f188efebc28e8dacd49,22,3,0,25
d9ce9678703753a641b5efa8e0cef53084488215,209,2,2,211
1428b79640de69f74317fafe63a7e4a37321b9f1,140,53,10,193
4ba47ae5405068413dd6380ad735162d7d50ae2a,555,56,0,611
7848855acbd8c888c942a6b3a26d605f84a30bd4,182,6,1,188
141f82824c1d04b909c22beea87672b2c8747e8a,274,129,50,403
5dad54e8adb79d0ac061a893fccda8ffb8bf31ce,672,85,39,757
cd5f9f00e1b004459bd6070269b0b719613f52e4,440,46,28,486
660587ed7a23544c14de065a647d86fa6ceee49c,200,29,5,229
9b49a5856f6a7e0b1a4a17ba5eb2f6c0b4dfc2e4,48,17,0,65
5e12908b8393b7b08e632298beb2c5341b915f9e,1577,35,10,1612
c98696d3db950d120b8cf9ce41c2d41624996ac4,638,19,0,657
5443bb38fd41287a09cf314163fc017913ae7903,1154,38,9,1192
453d9ccdff6ac93735042dff07987834a1b47812,286,19,3,305
a7eae1af1b7db7818e888f3d395cfbf3f90c41d8,24,1,0,25
9cf92dd533c11970f4d5cd8bffd0ce7b15da9c7d,168,15,8,183
60f91d3d45553fe38f44bab88473a2ee7b34d4bd,1033,44,0,1077
a018c87fb3e16d801f4e507f07fac51d6b922974,120,2,0,122
9b33b8077c8cc05e5652835ab2e14eb7c3115ce2,21,1,0,22
d56c4408e430676250997356d57dff8625990a0f,1037,45,0,1082
e0c4980292b52e038668528c90573a7b8e43d584,1240,68,0,1308
526cb042c767fb41c819ec64aeb115d525df3e26,12,1,0,13
5eb1d5fe55fb0b9ff7363f47288e518f75b8f45d,2,1,0,3
b74f2c75cbfd99c38bdee7e554caef3f050215c9,120,2,0,122
5caad3cd34dc275cb9ab99e8f80338eca2aec0b2,26,1,0,27
d69c254f6103ef8ddb020b68914188767061b43f,94,2,0,96
0f08d413cd6181a288e205e0ba186ba3408c3351,94,2,0,96
5236e777e04e3595f1d20ccc94639697b7eac2af,359,15,0,374
d9f07a1f2d74eb242e7eb001980e469e45062109,2,1,0,3
764b187b023fa778b7521ac856253f57e90abd2a,50,1,0,51
d0cb08e79927f4afc944c0845d65f9f0e39bb3f0,50,1,0,51
655b2398ff9ef0c32d5bd191fea0327757c9b735,1273,47,0,1320
f3dd114a94cd0df63e1aeea31aed763bccff7465,124,2,1,126
fdf5af0ac09262641f2c6169f6f585e0262b4cf9,273,3,0,276
365812721020ecbe15da37229ad0593979f4631e,65,1,0,66
412482fc8cb9ad5edd3825af46bf6dbac5d1148e,3068,114,0,3182
04da5066fe8397087a310030ca5691219a84b081,2,1,0,3
bca0c22ec82a86084771c437e5e15be20f2d18eb,1631,43,0,1674
a0140db39bf65d78585cab99480865d393585578,92,3,0,95
2316c9acb014c1dbea3cc37d4e4bdf21d469b87e,2,1,0,3
039afc89bdb97dcb0784ddcccf615cc7b0b210f5,1482,72,0,1554
52e3b54d6efca0abb0ee3dd634d9af5fbeac7c8a,12,1,0,13
167c1b1a597364b850e2922a10d4b0fef073f32a,1566,184,51,1750
186aa20d37890452ca0b0608ee4f4890c5ff8823,32,1,0,33
8d6347db80c563af7a0de15f7a728539f734f67c,1012,20,10,1032
5659f91b92bd2275406a5c2fdd9c95c84c1900c8,54,1,0,55
e301841e21d118daeebbbe8fc896f5ca0a4e7893,4,1,0,5
3ca365a713105771d8b5795c69b03bf21c94b809,30,5,0,35
4f6f60fabde709a6489ea1134b9373325dff6f50,44,1,0,45
a79055cdaeb02dfefaa9dc9aabc3cff7ac8cd489,126,9,0,135
10ce84a41648c8ccdd81af60ba7ad01f9d54c89d,2,1,0,3
f05f214098279876613f3d598946c90a371fa0ae,14,2,0,16
5948fde62349a3ae24e0c26283914c785aaf559c,50,1,0,51
75eb190d4d253d3cb7faa928bd44826d701ab221,14,2,0,16
0cb8756caf5e28ea3405ee7c05f22298f2eb191f,10,2,0,12
a368be4b15514306fec0128590a3147b19a5aca3,180,3,1,183
d7df9b3c36a47f93974493f4575d71abf9b80189,2,1,1,3
426e48ef7d15ebfb5e9f0c16879e8eb5d3260b30,19,1,1,20
a21f3ba3f6e5a347aef8f07a4996909bf07db087,402,3,0,405
9e5ac7cdd232d51d7199aa21bd09221bbc193701,615,14,0,629
de2b5d3536e06206b588379bd4bb088ace872643,2424,109,0,2533
d15cad8cf59612ed32cf48db20a600422b3e155e,4,1,0,5
cdd3c223f1d646ee2432d6bce05c9f87f606a309,125,1,1,126
6558f147957e91ca32f5f798c6b2eadafbfa6df0,2,1,0,3
fd1f854bb81c6388fc5ab761c9346237ebc92051,796,34,24,830
2cd83eb99027bdbea942b6a7597bc56951f1a754,4,2,1,6
7e90f81b728ca1c7b61e1885b67f3b597f57a5c2,47,2,0,49
e19aa7ce004ad0e5e5b02fe7fd5468a691be40ae,94,5,1,99
29bd271c93b8db8048601c449da214f12212feba,16,1,0,17
8ce64bad6fded2c26b42424e25cf29cfe5d7630c,34,2,0,36
2364d12f0309f7732209475541a315b52a2ccf5b,53,1,0,54
d2207c6c11407e9f842bf9d555547c71f8740485,200,40,8,240
68c0d4fca83c1d468dd50bccab8fa96dfdb4340f,2,1,0,3
fab12260c75ad77fc5befa37ca082c264765b0cc,162,24,7,186
8fc0ac771f178623161f601e9adee2ffc9b79306,63,1,1,64
5b953163af526b2f46df48cdc97f6979bd4fcdfc,83,6,0,89
9684ee0d71621a70d4c490cb9b045cdbba50e5f4,2,1,1,3
456ff0b19b32502d525869177dee8fc0d39eb2ea,77,4,0,81
5b65f983face2c3486c65af6ce988c8f48f8bb3e,2,1,0,3
71091f07ed07bb9556e25fe844676383f7de6112,1291,51,0,1342
867cfabca475fefdfe783e40d7a47383c2cb6f63,59,6,0,65
440c629d0e3489beb453800302494e0d174d11ec,2,1,1,3
2df53b6121c2e35a6de020a53ca2cc03b78d704f,41,2,0,43
5fe90b597bf0f39a96acc80c926f03c741931e50,15607,324,0,15931
d1778c1a42ae284482f719430f3e021dbedfbcf1,15684,327,0,16011
0542134d9a6569e07b1c2dd35917bd9d09d571ea,100,2,0,102
848a9caa020e3022c4515d5ab9e28ec57a1d5a7e,16,1,0,17
2b5a131e6395c677fe9db6250510b421f59aab23,18130,375,0,18505
cc22b43a258d39eed794461fdbf891e720f4d1cd,20125,459,0,20584
0c9c5b804c409a51b971bb8824d8d7f6e803c14f,15,2,1,17
e91f214f829b1615578e430d16a09c1a14ac68d9,22,6,1,28
7f062e65786e32ce12ef3d15e61c2227aead587e,4,1,0,5
6f2dc26cb709c11ce433fbd4cfd2192923cf6d44,1015,13,0,1028
8be3faa768d43f8427b44afa9684a945814092af,707,45,28,752
7e6b8df66e0d01fd672c69ac81942ecf8902043b,20041,457,0,20498
550457941c749712b0d26f3f965188f4cc687a2a,296,8,0,304
773c207eb7c1ba093d0dcd03af4f7290313b6798,20151,459,0,20610
d5dde825380af6f9a81837e89d9b07a4bc177282,22,1,1,23
5cb1fb4c394a5a0e26eec6a145b8af72ed40545f,41,14,1,55
cb65ec550fc3f89ac04f1eef09f31a8d4e206e21,132,66,31,198
3b8f9a64db71245b307f0f028149a0ded85574c7,1224,12,0,1236
85ff699510843b0bb8b1442b6ffab0463bbb31d2,48,9,4,57
7f7b5620bdeb6450eeadd93626bdd37cfe74e97d,4,2,1,6
4f649be29a298c3950cd09b641fba450d7fd0241,4308,32,4,4340
e4654779f0e24e5a47b830467f25abb3b61dcea3,4,1,0,5
b42fdcd247b3f3788a1b3b0431bdef09b0561630,30,1,0,31
82bca8ea42635a636876c508164eec517a952a33,318,12,0,330
25980ba4d0ffdd53073a251fd9961cc9a797b421,11,2,0,13
25f55de1ec650f7a342693b9f4888f3785542689,20,1,0,21
79d5d325d68092385a34b8adc63a9fb0244dc79e,2,1,0,3
947723c92df8d430675f04f00762b1d8f0261682,3455,93,2,3548
6699188fe3c0a4fe6e64f908706dd313150f111a,7,2,0,9
e66c060ed6bcb4fe8a45790ecfb1476f1bc3b7b5,13,3,0,16
51eefaf79d36fee49dcde2ade6e7b1467f6f2052,3829,30,20,3859
43ba8317ec604602e7d464969249f1483b221e70,52,3,0,55
bdb5ded04b9c41f4dd552c63ba280ff09c769c84,2,1,0,3
e7e7c18c6b2916d1d512515cd1d24b2dc7b3d423,14,4,0,18
c63177e983177c97cac4a07157822c12055d3ec0,74,1,1,75
671d1447bd14d925128fd5a68493291218634b47,5687,66,0,5753
8d347ed6ba99894caaaa526c758f88b7c6069545,9,1,0,10
7d1671b4c4c9135659eab46f930bbb71b794a8ca,5670,66,0,5736
09ff25c4692147c53612d804593f5eca01517c55,16,1,0,17
a348f43201d7d65c698f8884b1b0af61e59cbc05,5696,67,0,5763
5993a245d6be6a2f85c5630ae8b1eb24e483ee59,12,2,0,14
9c9255ee72e11b3999750468997d82e849b25440,6,1,0,7
83cd4e5f89e87fa11e57bbf37bb1700c42802419,6,1,0,7
07f533bddceafc5737ec28e0aa6b715dfc41b965,6,1,0,7
2950a16a5d409340f28ff391e8486733dd38f778,100,1,0,101
6c37e47794d0c192285b9d85bafe18b4f77505b1,6,1,0,7
9ddc9813cc97992e261c829061cbde0ea6f48962,36,10,0,46
4ff6cb4e681cffda57be7e948003926a1affe6f5,18,3,0,21
d7f4097f3f21794e3833fbf7eb8b5f4155a0b547,36,10,0,46
a9a1b86f6564926b2606edce994b033fd5cd470d,6,1,0,7
e4fc6b7d7d2f1e17f630f025cdcecd744c748487,6,1,0,7
b24628322f8ff54d20c01e120cc4aa3c8dca9ab2,6,1,0,7
19fd04d814c95a67379a28e8632226c94faac182,6,1,0,7
f1e453c3b93500a2d70085aa71166a1ae0425779,52,3,0,55
a7b2d7218b9c1f5b8b4fee3af1858dab347ed3fe,102,19,0,121
a0f9e67dd46b73cd2eb9c93c4b4009ae13515373,5880,92,0,5972
f70ff5e3415e3668a8da02ad3686e9b722ca5189,42,4,0,46
92854240cf66f0ec2e40861b038b3b3fc9cf2457,6,1,0,7
23781f3bfb4ece965bda8d67aec13609271e7de9,8,2,0,10
4d01989cbeba984734680103bb6cec28ae670c0c,12,1,0,13
c92a044c301181f05a7f5c8d78de739331b1c9ac,177,7,6,184
8bc35189ea3036553b8b027bd4fbdeb5c8032d0a,116,1,0,117
9ae0eb892fa7dac07655b097826e9def4380801e,73,2,1,75
d026ccf6870542351be898e2eff0b32951cf8497,89,13,1,102
de43b9380bbd7c640d47afcbd4b62b0bd213c5cb,208763,1554,0,210317
40a95ccca0988690d192b9a2a3d9a317efb39b49,3,1,0,4
c1e649dc33d2597d9120fd99c81894f22942cd88,506,12,0,518
ee27d241c0ac5826fd021fd8065c57fbe4b6e7ec,102,2,2,104
e06e97345be8b573f3d8fbe190c1baa446fc5b43,443,48,43,491
eef98c23faa640eceeaafaa4fe6bfeb6ce650274,268,3,0,271
50faae23a98b7a747649434bd2b810fbc6a46513,652,76,0,728
c1ac729ce2e4a69bcdffb99e04ea92d1d78fcc9d,652,76,0,728
72ec8d62595a240496c9a948e6d0374785c318b0,54,11,1,65
42e5786b7ccc46cd39a573fadc3907fc0d623954,268,3,0,271
306a4ed44066c7d3bbc7c7b8e6a6ad53fe0b2cae,177,7,0,184
b8c374bf76580da86b8d313dcd40ebb0ea7f7fb2,177,7,0,184
188a18d556a35e7038a345cd53fd9672d8a91b2e,207,4,0,211
6758f736f1095e288857f81c5c1fea993132e26b,33,8,0,41
c3557e4cf46726eac336ee846bd5fb033eb5d75b,12,2,0,14
f0a674770d24e5375cd23ee09c8a560d5a573c80,39,1,0,40
d5182f506cd0cce4e200448cb06103d199c60963,558,10,5,568
7508774774d156d39a5ddc9d32566a26b0528585,40,3,0,43
efd0902764f6ddfafd53a5612ffff74cf9875b33,12,1,1,13
5fac852c40261cb76dae48d1e6c2b214a3e01f30,12,1,1,13
b8c313583a73a2c0fe2825a306d6a5da5ade7118,568,10,0,578
3feb05f7f0c20f32b467c8998c2be173decf9545,511,20,0,531
7f8655508491e7998520337b39adeaa75d5e5c7e,2088,114,0,2202
bcd76e174821a4c846c6eb84378b6e3fba251785,8,2,0,10
f846f8a0c00ce65258c4328f8f96f07cb182818b,166,4,0,170
6f20eb26ebeb2df7b38b6f6b1fc63fe303b33134,7693,175,0,7868
109dbe7649f18a1935d460587e2f34e1316bf43d,200,14,6,214
e74ff005db2442888c5fc67096a0dbfe9fbbac93,624,102,4,726
a3fe93393a62a35cc72ed839e663b5dbb8676c65,104,8,1,112
a50e0524421dfa267488b8fa3b430c0e59f33ba8,111,1,0,112
d674a080ec0588a6ed11410fc332d9554e00efce,200,20,0,220
f1d419418b9d429634658af38ac47c9f156f0931,234,3,0,237
2e834e6bcfa256ecaf988fed343b433976d75def,416,2,1,418
4873f0437aa5445c95daba509c17a886cb6100fa,39,1,0,40
ca27b586a298b859e176779a0458c4b5c882f18b,467,47,0,514
ddbfb711000b4402a4755d865da4bf6d0de43e84,2000,92,0,2092
f9f06c0e5c085687a6ecd5957e05883b4ec42492,64,6,1,70
a8573b48ad454c7c27271e8eb2dd512ff9fb1f05,15,3,3,18
dcb4c70930787b74a0aa421982f3fac717e73ebc,91,10,0,101
16c3cceeb2e5110832b34d8b77596036071c2f4c,11,1,0,12
911f33741b53ff0d250bfa86b386f7d88ca4111a,4,1,0,5
e63ce5239df83b8b02e9fe571746a02d6b7c1b28,2364,107,4,2471
9c30477a2510012c38327659ff1a4a9ee888e42f,1251,55,0,1306
dd79c9bfee31281dcbfb1573cca2f3ca41f4b886,1986,94,4,2080
953e2437af01180840240451698973d37991784c,11,1,0,12
3a05bf1a6956cb8dab8b3e25ed24d25aac3dcea4,663,48,0,711
af8edc04c356be979e4e10c6ed3574c43a547dfa,2793,93,0,2886
5085e46810534f4e536b1c3f2e85466ea2f2a5a9,71,1,0,72
01689b1d576e02179c34eb1126b41b341c40eb52,2793,93,0,2886
a214c0a0af5dcad5ae2da41e2102aa707ec95394,663,48,0,711
35e64ef296653c4fbe961e2193daf37de31a18ba,2,1,0,3
387c24dd8b87ba5b0dadb420247c0505ffcf1163,10,2,2,12
aa83f60fecae61c7c7edf8a0bf2ac8799a143686,2,1,1,3
c09107ba20c0a92db1ca6e848e60d51e3d918a22,7766,159,0,7925
512ffc51e310c0461fc2167d1a90bf1216c13bd5,25,1,0,26
4e0ccef955138052e87ce5f63e85a9b94fcab0b0,4,2,1,6
90e38c1f2b7db05f26d5d3dd06e2b59088a31762,7932,162,0,8094
c4ffc84d6b223daef100d54b795fbd69ebb3e7d6,6716,86,0,6802
37e76c40064575b55c39a6f8729cddad3a7cf526,6,2,0,8
73bc9d34b3aa5718db913adb52c594eb0e7c5ce8,42,1,0,43
b46cea826650fe83072dea431d4fe2a234778c27,7,1,1,8
497fc8761e158c11cecd83c7d2606d6dd059b5cb,138,1,1,139
d868865a867abaec9848c6f47b176ef2b0307131,14520,241,0,14761
ac3769be71940f11914733c9572db7391d02c504,6908,87,0,6995
a3cce2548827dac348513061c0ee3d75ac644692,531,10,0,541
c851305c3599f5784f6749f8ecdc9f7808ffe5b4,1251,55,0,1306
436fa0004a79fb3575669d36b106a3187bb83c54,4,1,0,5
e533d153240286ad9b3d1239fa2c19482fd33a7f,2,1,0,3
519daee13e902e115334c5c9dff53f19ad60d544,10,2,0,12
d85ccfc301c4e9006af7fa6d15cf9c4c42581255,144,1,0,145
9671e2187279f78c46973b06ee5c3b4e8daee64b,106,1,0,107
cd74aab73d279ad1ffe469dc2d72314cb6a55e93,110,3,0,113
2e8c2453415078f8565cd7319d63a6349f506aff,260,4,0,264
e608da8fe8635efdcbf11f8395f5df6e6459d78a,110,3,0,113
157591e307b3d0ca1d58c96bcb1cd67a30cf483e,18,1,0,19
aa837c6fd76f74d43f534407895d3180cb33372e,239,33,23,272
11f99201564a634c36b8ad023a10e9601e243962,54,11,2,65
92e2bc0e1ff529945a4abafef19dc7c630ad7682,12,2,0,14
70c50f526af009f6f54d98770dd98eae9ac99ce6,70,3,0,73
d39525971b78707a4829b734e6fb824d9f0a4820,2,1,0,3
ead767681d24868490e19a117c58418db3b8336d,70,3,0,73
3e0695cb26935972cebf3dd2678cf6669eb34b8f,94,1,0,95
274679d74cf482703e0f78493287e5253df605c5,14,2,2,16
d78a84c950f5e06d0b4d6bdb9cb62865d36a575a,54,5,5,59
2546ac7289cb91b7ade2a76470ca8a2d643f10de,23,1,1,24
0a1fcaab95363a260c4d70c4f492e19379c5de94,7,2,0,9
22f42a3230fc2e786934b19f38c2477aa5a9f3f0,53,3,1,56
8f5ff4a10b2663bb9ab094542b401242937f40c4,4,1,1,5
36a4feb5e43c156e3861e0185ca14b1a37930914,7,2,0,9
4db4462482434d791d58239a4708e512a1422524,46,6,0,52
494e6ddef0fc89ae28904ac98d096ae4795ec8c4,13,1,0,14
66fd52c0e6c5a1771005f21135cdceedaa0c7861,105,9,0,114
7326485ba5854b2596ff9b3d54b727ad841a6fff,52,2,0,54
3efebf6660dc006ce2c5a9cb2f620759c2167e03,5,1,0,6
3bd7e18855c6e24daa8c7b5da388ef046d494ba2,14,1,0,15
0b53903361a18f87bf1a3be7ec801f3ef48cb911,2049,211,115,2260
f0a7a73900e8a4fe8ca21d5983cde4cb21c9ba26,2,1,0,3
0e91e572204ed1f660ccd1cf7f5641dc9d65ffbc,27,1,0,28
efcf397e2804f7236e6b9edc874a401fa22f35c9,50,4,0,54
21b5e38c12b98e8a48139eaaeb3077d236edb0d4,34,3,0,37
7b0466e55ce1ac2fd7be92b4a01eb7fd31a9a5f2,2,1,0,3
2d20498d2eb2b7210b68dbc25e84fd741d645368,3,1,0,4
c554af3b1f9fc48afa61fa9be1f0431bc6ffccba,177,14,0,191
7f33dcbef73d9b1e46676546b5c9ad47f03e5059,2076,212,0,2288
fa92b09522289bf184d771c2a0ea56b0eaea7fb1,5,3,0,8
33d50f672ebbaabc8acec8fb777fc1dc987951ba,3,1,1,4
9f5b28701799c7fd86d53fbe4c839eb2ec49d0de,2076,212,0,2288
34d0e44d059ee181fea100aef23091476516b7e6,3,1,0,4
63bcd34d78bc7efcc254b68ff2138c19aaed32af,2693,256,0,2949
41f324305e7e72f9f4fa5e1cfc779adadd01fbf2,9,1,0,10
9cd987c52c9bc64147d64d8cc9480c412a9ea7ee,423,36,12,459
da1fa4e62531c71c59323a6a529b1dba26775f11,1952,29,1,1981
522b23b4a0776795251956a0e6ce4c21dd25ce13,50,1,0,51
3174bdb4af13c022aff67d3f0660b37d52fe27de,120,6,1,126
60d678056688316b5b4380651c84b4ef94684be4,2,1,0,3
cd74359c982efe24d9e4247af61629c4d4538fbf,16,2,0,18
1194fdccd144a79bd6d99b7026063483d64c13b9,120,6,0,126
7007771c58d376fe3ea1e7ae9cb9465fe98a3b96,4181,14,0,4195
7997602afd63ac1670d8007738c951a84f1f02c8,129,7,0,136
e630c9c88872db48dd29a1ff2757fb3973b7de25,4,2,1,6
d0fbcf72f40dc8de9daca70a665796ac4354e97d,43,1,0,44
bbf5163f76c37dfe45d7f0030e2e57bd5234e5d4,43,1,0,44
90684d32eda1da14294f99df83feefed80cfd1fc,50,3,0,53
89b54767ceb27725eeb05527daa3df90be647c8e,439,37,0,476
150a3fb72803153afa768df426a13f754914d243,7,3,0,10
c0e1b52da37a1d8daa819e79feea7535d0a422e6,532,41,0,573
4ffb6dba0f2ddfab75a57500c61dc39ef4351d6f,4,2,0,6
6e536271f5f24f500ce13f46d6f5bce3bdc1c8de,57,6,0,63
b1a7ab40fbe46709bf1c460e874ad8c1c3620834,4,1,0,5
d220443a356676db07e9e05e27f670ca6212f210,8,2,0,10
f4597140f82abb8c25686f3df7396e8fb59d23f8,2,1,0,3
9edc6ca2afd61176407deb33eb6da686b2b83441,53,3,0,56
56818bd9f7e7e29914d596b2ebed94579f75334c,15,6,0,21
0cf20b3013eb12d30fc2827ba300b1eb8cf2acb4,30,1,0,31
bd28d7db79839ff10f6998e8a5eef4e8056c31ef,32,4,4,36
2c1ba55a81304652acc64908cf681066cc5c853c,7,1,0,8
3ba4f3cb129b49b4d76d4644c9aeb601a3617c0d,49,11,0,60
9b3bae79d5a51406a9b993a5f4ea4480bf795cb7,703,58,0,761
9b555ffefd3d3c9e0ce555d8b47ef3c8b09a5746,39,5,0,44
19c1b5c28a463f18282d50fb8ff5d879b0c3217b,2,1,0,3
156e0c193517d83b87ad1d38bc703c65b73fae7c,35,2,0,37
f0209856df3b4898fd54b331e05ba0a7956ab250,1913,8,0,1921
d13fcd06bb520a36a232b77c00263d62e6b5c928,705,58,0,763
42fa6d397c591b22d12019c89a7c8524aa4904d7,2,1,0,3
4567925220c448eb101b1c7be97df80988046a33,42,3,0,45
d7f173cca161c826a0746cdb940ff491df1dccfe,108,14,0,122
78b432c8b852cdb425c0c8d97ebb9210884b0df4,35,2,0,37
b79d3ae9cc845e86250a43de32b7027711d3335d,35,2,0,37
887a80738ae3eb6544fd2fa305907c4cb0db1725,0,0,0,0
be8f2562de9b33fb231a82d834399553ccf52359,731,59,0,790
9138bd628a869ff0e9342f738e58880825807f9a,49,1,0,50
761882bb129dcc87bd2c8ba12bbc26c9234d2d5f,35,2,0,37
9e058a1d20bf4f54d1f81915ccbf6aa180a2b88d,1,1,0,2
d78666605989c9e23250726e5fed513fa5bbe215,2,1,0,3
1441a7f5877caedea1ea77d2a6afea8dccded6e6,49,1,0,50
ff69a8f78bb007ce54c4569d1e45f3c8f09ac959,86,4,0,90
a2b5123efc21b5bbb80319bc2b9a0e96680f3479,5564,73,0,5637
56da893e7d9470197d451bc51bacaf5bae672e03,5652,77,0,5729
f27a989cfa963d3e6301118f5337c309839ea72f,42,23,2,65
397b730e0779687b618ab73e49e618f7e0398fae,5781,102,0,5883
5926470450dfe799849f722dadf7e0a100fc6be0,58,3,1,61
d9c86fcecdebe856fa6433080a494d715f3f8a4b,5605,75,0,5680
b20091270022f24e7427c04d6db6b476a9c4b16b,1,1,0,2
706f60546a04c11f8301565a0875e91be921e757,131,28,0,159
bd820cef2be8123d5c906091e57e57f835e0a50e,58,3,0,61
82924b62eb16567ce7a35f37c4486b931ee3beb8,12,2,0,14
bfd14e529ca17d4ff09591a5a3aa70ac16afd50a,12,2,0,14
66ca11612077871bb05caf77aae8c5d5f5087d66,16,1,0,17
a8dfdcda54459de9499135ec05ba94b5e0390fc1,16,1,0,17
b5e897101cedbfa899dd912fc1d5d57c6dd16b3c,0,1,0,1
659b4329fb8936d2955a441281359274b25ee8fb,28,4,0,32
4fef190064364dfac5d59d89e356de71420fcc4f,44,5,0,49
a245325256be3bafd7a221a8cb8988b48a6bd9b3,0,0,0,0
ce9fd4e32b64448762f9980a53c77aa02626ea61,60,2,0,62
a4101a5f52415abe68e4ac471b317657d49099ff,1,1,0,2
16ef8eac5492b362d03481b4419be87c75849212,1,1,0,2
677e643b217ecbc92c081711a688fde087e42949,183,3,0,186
27f7c6d6520b7ae61e2e3ecdb4f418f6c7e60b7b,1,1,0,2
d340958984321f2d9b8b548ea2323466fe80fcc8,1,1,0,2
68a3b77b7492cdf7a098ddd66acdda78ebb75c00,122,2,1,124
2f7d2ad9c55ad126d1e7a18457361f2be1fb1401,22,1,0,23
684ed836aa13386cc5dae364b18890562e727ba7,3,1,1,4
862fac94ad9d7ca541d839e5f54dc051516cadcb,14,1,0,15
570bbfd975e8996f4f1aca1236e0c90688a56175,6,1,1,7
41ffb8191a3797f0f00cfd9404cac2e0706518b3,14,1,0,15
df008b23e58b78778af9a9552887cfa53c9b01bb,167,6,0,173
38e1389ac57a9737680b63d446e26f1666c45e5c,35,1,0,36
f7c5782473ead17a1fc460b637ba0b4b143552d9,4,1,0,5
5de17ee0deebdf1013583fa83679f941257008e1,2,1,1,3
81a688d563414638e3d35e804fe517f48d11b318,2,1,1,3
7e19e2e82cb5b361c38d5a8a9f32ce43cc738a8a,4,1,1,5
69e2a7d97d6c04a1244cdbfbd0b3855ee6216759,23,1,0,24
3bf90ab18495d25dc380251a6bf8390b3696f004,208,7,0,215
b3a53842b79428ebe73df6f98dde17d1d3f5a519,1,1,0,2
0dda33a309e5928362a4a165d39cb51979b06a0e,13,1,0,14
0865ad4d95cccb05286077ce1d649f590500e79e,4,1,0,5
8e54ccdeeec1d622465bdb98e9f4e5d06c66d6e1,35,1,0,36
90e0560f2da7efe2c13168bd9474c18278fd57bc,71,2,2,73
e3a6c22f7e41b0b4171f12e3708eaf69a735cebc,2,1,0,3
04b0880c06c7d9b297a8b73aead50bb430dfccc0,1,1,0,2
fd06847cc2d552134d4db11c49c327509ae4ecaf,77,4,0,81
3021ef8d041932ce393fd7f581197ad85e06c795,14,2,0,16
ee6c19d8345cc5d1f743aa772b2e7846a8992e20,66,3,0,69
65d819c0596027e58516384227d488d185f3ab38,42,14,3,56
7cfcaa7e4f77135db8a1bf31d2f33114a027eb83,56,1,0,57
e8daee318b441a8d381886e700f6d0aab79a0410,41,2,0,43
0303b402aa37f3156c3f624c5c95b85b12a9be9f,127,10,1,137
8f0b647b56f2a51f1874f83d8cafa90ebc0a8e24,549,90,1,639
c7dad84fb3b8ee6d2199e23644f2335837781b70,9,1,0,10
60fa4a869ff61dacfaababefcfffde8d0b18f577,177,11,0,188
f13970678a99adb3280f43d0da01c7e276ed219d,14,1,0,15
3cbc0ca392a4622c81028f5815b1319db9097f41,11,2,1,13
dd6c24f4e45cf136aa1d496028c20ce5f0d1a35d,60,2,0,62
7ada6a5f5a339b1282bd554c068b380254f78065,28,1,0,29
7d1eb8ed32e54d0ffecdb976fcbcebbd09ab302f,6,1,0,7
bbe5a5ebda1aa1db3401b908e0c910ff13ce9d56,36,2,0,38
c5a15a16d80401fb688b6ffb8d3a0aa66fe8291a,6,1,0,7
ca2f6683b88803597644ad862df67ac5aeeafb42,1,1,0,2
958282b9d5588ed1939e63b13ded57c4e1c0f49c,42,3,0,45
6289eae3de1147cb6cc9ead50a2a15e2df2183f9,4,1,0,5
2131929e314985c95aaadc4ac92feb2688b81e61,53,1,0,54
ba21e685b35e554b8facb1cf832825a594a5d83a,13,2,0,15
b70a4d983adeec7893d4e9f30972542232a12ace,7,1,0,8
364c293aa548f3a54842b0c54d032219320c6d62,61,1,0,62
928318cee789c4bffd35b4ed84da6d7eb04fbf13,59,1,0,60
ec166d7a36fdd8a1a2ea77fa0ab5a196de0b3523,60,1,0,61
3929b7ae5a74cac49e4b75c768280b81f8f51b4c,1,1,0,2
e855d9a7c92bad81fb1494963bbf1fd1dffbfb1c,202,12,1,214
1209175d7d1abbc518fc7a86a4574e74313fcff6,344,33,2,377
beb3e47c476064df4f4f9d1b3bb80649d53c3016,323,13,0,336
a80d176d41883f25fe387747e49785d4b3d7ef58,441,19,0,460
c59f283a2f48a9ba0bf2037149684d6b0969c575,2,1,0,3
78b8df50e8407d2302e68b3e078952ac51d07204,102,5,0,107
eb2b1786efa6f261f70ec7aa610d8368b5b62f96,132,12,0,144
5d6948812630ff3847688d6e816a52ea6a13b25d,198,21,4,219
b9615dc57dfe779946ef5a60578c216c0228846e,8,1,0,9
bedb39cef506c6be08db792c69d000c51089848f,132,12,0,144
e3d563ba201d8d05fe760d31c1b92173a53d80a0,93,8,1,101
81cce4c6d869404f9a461090b679af664af86f35,239,10,0,249
65a852be839581099688593dabae75490798f1b2,452,24,0,476
831f4efc0797c91d702f0c297debbc75696d8a5d,251593,2017,0,253610
ce153e4d76122d2c1f060018530e94fe443ff2bf,16,1,0,17
fdbf0ed3be36bbeccd1441d0504cf5f99a2453ad,3,1,1,4
c0deec7aa53949d4a3274b8fc51c003943d2debb,452,24,0,476
4756e144e00d639ebba470b13254e608b54a30d1,70,4,0,74
0c8c2eb550d6bbdeedb4ed9aec8659753c381f6f,16,6,3,22
c5076762b5a04c3c8451494e35c1de16747aafcc,22,4,0,26
17fa00b21822c704a843f0dfd99e03d297c442f0,270,4,3,274
f9f27f01d0fdeea0f14d89f74545ad0b8cb7f280,252,2,0,254
30108dbf02c4684bf9752ed039e6d26877414102,2,1,0,3
786690c7165ccbefaf0ae381535c45b59eb43f9f,452,24,0,476
15a5c084fb2689b8511f6b1e069e3ccb9364252e,521,2,0,523
1b3da578b2b05637c7646047ba1a87ed26a2cb01,17,1,0,18
7e8e0b0f4041b55f70b09b66eeea3992e1fbc607,171,10,1,181
b387122e88340d12c6670710f8f6eaded6dba6e3,589,5,0,594
2ef337cc7d35407f7541b1035de46de40df37e98,208,4,2,212
7f06ab0d1dc2b6676c60472cee83c37a7ee80404,35,2,0,37
3c4a85dbdddd245dedcbb41de4d0336eb7034048,105,9,0,114
46386e55223174fbd4b08c5b80c44724913287f1,208,4,0,212
590908227402f81df68f65c342a46159d2231649,34,2,2,36
826b09aa084b220d88e2cb27c5961ac0fae11040,105,9,0,114
f7230aa172f73a87850c45ac4487fb95d63a776b,23,3,1,26
8c526b9619dbe33a86d7c308765bd620805783b1,104,2,2,106
a2f6acd0a5fe8c1c3aecbcfed4153921b92f5f43,454,25,0,479
344be3474f6bad4710bafb08ae383a00c17ec7ea,347,14,0,361
2b388623c13320abfd45a662aaa28935c8b050c6,24,2,2,26
87e3be301c5b249e9e4e1c41f8de9804ade9158c,8,2,0,10
8ef9b8b5df42254aa3701613d38d4894d29cd197,34,2,0,36
e63056420ee9db197ddcf82aa0cc8389709193d3,246,3,0,249
510fd17e796e4286e19cc109a920e2245d7b44ff,31,4,0,35
6c04c0f83646f52eff87ac94da5b4ba544aab867,7,2,1,9
a7cf457f22750601e58e44840a1470235f8ee5d0,928,28,0,956
7e0c9cae2c689247cd68f78a1fdd761c736d56f5,628,19,0,647
e1a7c8c89c44b7e9c3068745d23cf17863a0873d,13,2,1,15
e6cf2193b9ea60eabef8800c3136a4d7290a9458,21,2,0,23
79e40989d64c955b69a643f0662a9693be02b746,13,2,0,15
2ad23379c4730360940d879197e829c273d22c7a,82949,1400,0,84349
a6e5181d3d9628f6fec06bb242502390786f98b8,25,1,0,26
c73220712f9f044758b00b39fb57c40a8846b243,43,1,0,44
f303a4f3d16692e5446dea383f2c9f2afc73dbed,279,5,0,284
7e23aa0cf30daeebcb2c7fa76db99d76d2e09d5e,112,1,0,113
ee386394f6d0c8cb034ac536e011577f34427e70,42,14,0,56
b1531c029f92b724a04e4bae0f6a4b7dffac4a09,7,2,0,9
9c1bbc1ebe61b45e806eb6df52b988117f12021c,238,16,0,254
aca9f9827ebe445039ac9eef7683215143fda8e8,27,3,0,30
5b91850c5fb39a8d456602fa2462f3a9c36d649a,1286,51,0,1337
2b1a74fb16cff211dc7690d43b19ac6cc3978408,1166,44,0,1210
3114cdabe762a0bbd7250afd027287bc3525d918,1594,61,0,1655
3c884b5d5f52210ae94aa35fc465a09c8b0025bc,10,2,0,12
e0a087ce57849f007a6c7ae7e8f2a7e134a6d426,107,3,0,110
f20d4fd15c9e14f9404e8bd292d2dd7a3dbd9632,2066,70,0,2136
3503f43274cd97981bda313127844e61f11e2452,3,1,1,4
42dee738217706449087ae8b385c0a541415db00,2066,70,0,2136
5d27722d3118201f6dfc7aa7c11f9c32948950a2,28,8,1,36
63245b0e80774dcdbe78308adce119c13f238526,20,4,1,24
83d073f366fd8d851a06fdc8882eb37067f12cbd,16,1,0,17
28584e73b20a30f3a09f8224ca74b3b618bc92f5,5,2,0,7
e2f2bc0abae6d9d570aa7eff5b084dd75e0443cb,265,94,0,359
56a83677ec4e64c5e33891f829e6dd3537482841,586,36,0,622
29852495e6ebeceb2321197843c2afd6df872007,69,7,0,76
7f923e04a08fae215ea46c0dfb1131543df1b533,586,36,0,622
94286c74641d8feb043f229ffa88cad2e9fc04bf,195,2,0,197
d030518af2199e89e70d61f5ca73b332ef5d855f,69,7,0,76
656258303605068503f75289512e3aa687efe435,112,7,0,119
36acc478f4336bc95ae86415f4be68ff5bb419a5,1509,74,0,1583
f9193fb9d72766613e9c19bb2319f0bacd5da11b,49,2,0,51
305ffaeee38c2c5c615c171c1bbfd196ef3d04b3,7,3,0,10
a67b72ca306c4b9211646fe3bc6bb7482b7c689e,2016,103,48,2119
4127e9d84be03ebbcf1fc4694acca5e4d282b39f,244,4,0,248
5fbfea0403333afd56e66def9c2fae95322ddcc6,49,2,0,51
c93d86f9bb705172299160280c4f284d4dfb8cfc,67,2,1,69
775d4993e7bbf604ae4cee6ce9264f27468429d9,16,3,0,19
2a73b067f082d1c24152145ca1453280a4b6a741,82,1,0,83
b5cc14f6ffda25bd2ad65285963a5ae2a078bab5,102,5,1,107
47fa3cefae42cca7ddc2b859208480a4122db319,64,4,0,68
bc6553b2c14d57c4f3e2e26282b51b3ef3389af8,19,2,0,21
7cb404d9c93da702478ce676c09b41f287af5baf,55,3,0,58
1944ae3aa0af4fe9c4c0eb2511591a9962fe420c,2,1,0,3
e00122434a8ccc200b6d01ecf9f19ce3e04276e1,79,1,1,80
763818e94e6cee028628cee1d88967491d224d3e,51,1,0,52
1cff8b1252f7c2b9006cc8360a9e3498061f82c0,38,2,0,40
0cd23132de866cd74dd23cc2db003eb28f029614,79,1,0,80
4565dfdc86866ee6fe7256595b4a089d02c167ed,2,1,0,3
75debb4387bdcb39109c3444c44b4d7a6b649c45,14,1,0,15
413143a9b2a906f085ad4cdc642d71da7dea2b37,2108,105,0,2213
a9ecd99f1b0713890c16e42cd53c264167959e0f,248,2,0,250
d591ae812fb2dc2427c1911413b914ee9959e5cf,120,4,1,124
17344fb3765bed8ebb541c2b216c2be566eac18f,67,6,0,73
6237be25ab98c43ef4e8561addb2b519cd925d31,5238,205,0,5443
954f3ecc632c1dff78ed6826c73121b6527ee6c9,2583,117,0,2700
203da0201ccf9908fdc07bb129245b730dd73fa1,11,2,0,13
f43880638200eed0afc0daba99ec7ee82a2da8ab,2534,116,0,2650
0eec7d47da439e6e71109db1d29b7df59c1088fc,11,2,1,13
b14aafb4e1dc6a4b1dff54f1b7056de119c992a3,11,2,0,13
62de5afc94074d0d2509b67cbb1519861c9cba72,143,9,1,152
446192fafdca3f3ec9d58e9b78fd17417e62de3d,4,1,0,5
1ad3bcad975c049f3c306f580e685cf374044abc,58,2,0,60
da5f52014b5263e3ba70c1a7d133e80ff7e939d2,2,1,0,3
c51d36d995a560443ba86e0767d1678bf2be8820,3999,174,0,4173
a0766464f6ef2b7e903a3cfb40cf5073a72cf451,3593,161,0,3754
ae9df458a582c28c9179fe46914913bd05a6e54c,282,88,0,370
b689abdd3f9a6a595fd41c47f5f5af8db4d0f851,101,8,0,109
b4cb17cabfe18af03a38356daba58e0e108a7fed,8,2,0,10
41bc77289e81e9c1038c1391558ec4801b8781c5,61352,1121,0,62473
42c1213b1a5098dfa62b1da20283aeb148866c4c,1005,17,13,1022
695defdb193b6b34be5752f8fda939cc954ff324,7,3,0,10
16be4616c6e172d0f5f10935ffa377b7f171f85e,4870,202,0,5072
86b233c9ecf27ed88880231d983e823af5f819d1,19,2,0,21
d85b513338009dd41889bf1e2ef02a7a01042136,461,88,4,549
1edbb8d9cee22df6422fbc65be2250e828692eba,363,87,0,450
1b62cf4434c4a5630597a560961699907bb02c80,181,1,0,182
d9073e28cc46b9edd05729341060495c750faa18,339,15,0,354
380b72903d3a959637c5c9139b9ccf819a93d7bc,2,1,0,3
4ed6a9d2d884c67d88b0e2eb504a7f502ced8c29,4195,180,0,4375
cad3dde6acd552aa0dfa209b525ede51b835c281,8,1,1,9
6577807554c07161ab79dda7a4777bb27060ffd1,22,3,0,25
add4ee47b1b74ab993dd2155847e4134395058ad,14,2,0,16
1a027029393d75595c04db14638708b1d7bf4494,360,2,0,362
72b26959b937f04e3ade68a99a86084fb908ac19,181,2,0,183
f1ec719ea1e89adaa7164ed15392325b02c4678f,179,1,0,180
51acac6bbf338d083310507b6975a1724c141d7e,46,3,0,49
79572adb47bfd98033b39dea29d1eda8f989e288,363,19,0,382
08fa115f4e37af969f26a37bc668baf92ecf7c80,45,1,0,46
9cbf337dfcca966bd9d923ff4c0b0d8053bc786b,382,5,0,387
5a287b164aa05af22fb41ef6206f91312ee43731,181,2,0,183
413b6c87ddc422d41f95b757c079a08d97b7cb26,201,4,0,205
56d278d26b8b1fcd0a6d3dd5e106ea69c9c740be,15,1,1,16
5027f2b7eab696c72d092821f95c221d3afbdcf1,15,1,0,16
89b610c7e7c24ba1d34664b410eba07ba6e1e0e1,19,2,0,21
36e9236c97ec0b8d98b929ff965405f688d5c24f,4,1,0,5
c7a7e445225cfbfbb8476ebe14eaeed12d8b2ae8,0,0,0,0
3157a6ce5d19a22bd9ce6ce95e9853bdd7c44a52,5,1,0,6
0eadd39c732bbb0dbbb21fc1c166fe4cd216df49,212,8,0,220
687b618efc653e5129a1d04c7b3f42fde556c155,28,1,0,29
81613b931afca89bdfcc16efd2c941784837d5ee,5,1,0,6
a22c06348d9c81b4332c3b5a764f6d8836e4bb5e,33,1,0,34
63c3f5494cb973c8c034a3ebc15a20a95d59cb7e,7,1,0,8
5eeb8a2a578d77d648977dc58b7588da5e6df6fc,6,2,0,8
d57dc2373a0127a16f0c1f10860c40259b228882,8,2,0,10
a96bb1029c68eda1dee28a424cc8874ad04c31aa,4,1,0,5
bfb09c49cef0b6853fb1ce8294339adbc67593d3,6227,232,0,6459
798cce8161c88a87c2bb60973c2d5ceabf22826b,40,3,0,43
be5291173934df07745da556947e5ecfde956cc9,13,1,0,14
890d6c62df3b8b7a29917700341f0f58800be7ab,73,7,0,80
5dd1e80c660f3fd586d78d29012a139e46e4b647,4,1,0,5
a248d719098a95ba3825d642dd4dd4b5aff134f3,448,26,0,474
4ba5d0e0d278e64f7ae48518e60a9d973f8ca02c,124,20,5,144
f7affb3ef31accd77d91cbb38d7cc7f75426c07c,73,7,0,80
91cb00f42eccb21dc5c21274bf142f05120e60dd,4,2,0,6
afd26f21bccc7f0c8b7b544ae6da54e93181c68b,179,1,0,180
7e2b2e250ba70b5f936036d0d9003812f2a6d07d,58,1,0,59
8fac20ed49a79bb33c44ab69df2f51f59d6be886,73,7,0,80
8c11b3b92a7aea52cdfee6efc2eab7f872f5a6ab,4,1,0,5
ea57e07481e3755fe5e0ecc0d33502dd2648e531,39,3,0,42
5da93f0736ffbbd3ad7c4fbafb5660482a5697a1,2,1,0,3
c1b4ad70cf1d1d954981c1056e4e66b021c465c7,356,2,0,358
6fa46c37b4b691ba90232dbf823593ebdd89da9f,187,1,0,188
22f7a8365f49356112fe1253a0b897cdd5984908,208,22,0,230
4397d2296c0575c23f52be4f18f32f38997066f8,89,3,0,92
c6accc246544f748dea437a74bb7c1fb7af07e3a,73,7,0,80
51e25c1b4108d147fae0628cd9e74ac0376893d4,8,2,0,10
b7ea910fe242177f7b30c663c652aebd8cdb0c26,3689,94,0,3783
51b8ae51d24a7fca41f083794866eac30ec58a98,7,1,0,8
97585c63e9735f2f73dfb354a8f444ee24c7beea,285,16,0,301
9c1e5550e00e4aeedd8784f4441c0eef3a22b2ec,198,3,0,201
ad02d6e3825702514d430e42dd31a90a182814b2,2062,101,4,2163
cac7508c863521eb1d8dac7a294efc35d44d073c,426,84,25,510
61898b894c13637a311a3aeb4b58b8f49ebfd4fb,2,1,1,3
10374684637a69336511159b3d538ba7bcc482ed,3,1,0,4
02e5c37a257e5279c1a739cf841309cdb272246f,2,1,0,3
969731f0b292e884f890908fa85bea1b1b3e0abf,4204,151,0,4355
c1e5afd5e93748bc9c7b27fa574f41f8a4974991,4206,152,0,4358
e7171b064457e50ce141261f0946326f4165f565,3,1,0,4
e89a70cc911648b081b56c4c19e6f59d137b3a8e,87,1,0,88
493775aa00c2ffd2e50be7289e17c448d6ae121f,6666,273,0,6939
49d16aea601c26eea027d5062083a3dadb9d276a,82,1,0,83
991f5601b0951026e32588a49d2748e2d01e17b4,82,1,0,83
8bc2340352392139e59ea27de496b2a3b40fb789,1511,37,14,1548
abfa555439315bfba000e0e4e3c49c960f0f410c,82,1,0,83
2bf1bde374f27fcbd26edb4f2513da1f30d71d3f,4,1,0,5
323af75a5ec1537b30fc8208b7d71de747011351,92,3,1,95
896347bc55cae74ba9d1cff9aea13c9594bd0350,66,6,0,72
6942a85f15128dc243642ef2cbe089186183b8f5,4,1,0,5
3c6ab020926009cb197d8ed8268093de09da6228,86,2,0,88
e86c69ee8ecbe4ef1ecb5dfa903f40f636a1b0de,970,20,0,990
1ff1c8e6cf91a77bfe19802787c33eb4fd6cc150,6819,276,0,7095
c3b7db8eacb778d6ab303265941f59cf5094115a,482,7,5,489
f9038471553d5b32d76443acc1c9104d85016e5a,854,6,0,860
42ba6a389033b063f0b988cd46c81ae24176d2e5,5187,167,0,5354
8469db791f1789ae83275a4394f7550359c343cf,287,6,0,293
b5c966d7c3f3b2eb07462dc02ad8a89ec422d669,8,1,0,9
08d17da65f37a8d4ffb333ac5394961240a17d50,5187,167,0,5354
ae37301b966d9993367333fc0ebe344dc9e659de,16,2,0,18
09dd499cae1087706ad98f058bb227abecdae902,5468,194,0,5662
fdd150b4bcd93433f4345704c4493aaab2e5c697,2,1,0,3
4d9ad56bb3fa036e69a918e982c314ac79e02b67,1,1,0,2
b0c8d7aba03b904a8882d78cadbe12466fbf6e3b,497,14,3,511
17344b9b66d1349df52a077c4430ac59a653a640,3,1,1,4
962f78c79da4a3280b61d535c772c290def65b38,3,1,1,4
45ce81472b47a4c2fe15489ef203e2c7502ae996,915,12,0,927
23338a4c5f3f58a30ce6254c35602644f2222ca9,26,1,1,27
dc085d828cd5ec574da2e6abdf5dca7c3bb4d8a5,9,2,0,11
d6793f24b0b6c689321759d61c1cf20fcac11bf9,5,1,0,6
fbc8ed3231d72598efdd209e43e1185a744ba5c2,5393,89,0,5482
1809af1da4486dd1444f011e37e2eb43810205ba,917,13,0,930
1a3a49bffbc001bb6435e73fd1a98a8b5f4794eb,32,3,0,35
87c1a7dfa802505e1810f3396ca7e35646186454,2055,53,11,2108
25b01d9feaf2b629ff9db166be92ca19b7556169,5397,90,0,5487
387547b883ea3ec5bbcf852e67fe859cef29b812,6,1,1,7
e8ff77931dd481b96321c89280c27e4567ae9598,3,1,1,4
f9cfec9947858d30b2ef3c18195593720cabf169,925,15,0,940
cf7e4a409a05f05b2be3fe2f42920e9b99040cad,2172,35,0,2207
772c5b6d7e0803676251cd5f3e65c199d4a6650c,347,4,0,351
a52e700e57706d69527fff5831fa4ac34adb967e,26,1,0,27
1b9a97adc0ca74b5d6e0c5056d092114ea300bd1,64,4,1,68
7e5034d7f8c092b1da86859d303962f1f4e10942,1895,35,0,1930
7bbfeb171abee57ec0964ea8eb776887e3d5a882,14,3,0,17
93c03ae33a0ceacdfc9d90c066862bdb4a30e65f,6,2,0,8
69c502a0af51d5a132c9fe3428fa9aac29eb1536,43,1,0,44
550e5d853d64924695948c2b76ff3cc090be5c90,285,19,13,304
9ed2a39bd6aba5db40b29141a5994d29576f8f39,10,1,0,11
03c67029c41f374c60f42cf560d435f5cd74352f,247,4,2,251
6cdeb5754a8fca4ab50ba3bdcfd6088218459c18,574,17,2,591
dd51ef5f14e4b0bee8ff7192978b4ff153618a71,28,1,0,29
2dd4456ee6c391b01b0561dcc5db6d1d851dd2f7,28,1,0,29
502b4a68559acdd3f9afff6f8f3f72e61eaa3590,102,1,0,103
8d0f1b8b388044374882cbf2baba2bbcd6854bc2,967,18,0,985
c982177761dfb3fed83c304a0c6f1b8056f69a91,10,2,1,12
e92b6026df208b9d7575c8a7bb8d2518077feecd,6064,190,0,6254
8070f575024e1b15e090a85817279a016add53a1,166,8,4,174
52f935f87a8b2b0ccb89f47dfd4d978ebb93117a,78,7,0,85
9168bfa2046312845df7c173b1314801114239cc,22,2,0,24
8b86bdec24df32014a06040b5551220f7554e375,799,19,1,818
98f177f6195ed8b1a8d2e24e8ed035a8666a8f2e,6,1,0,7
6ba60903d2dc1f76a15dec8d3f88910292f4a433,34,2,0,36
7f1cffbb3a174a0c1f03c6e0b6b620f58c414e4d,1001,20,0,1021
e24e917930fbb81abdd7e3bf95b2303db49586c0,11,1,1,12
c0345ada9d59e7a3b54e5a58b43fe0d22d5a4bac,11,1,1,12
a6177d4968b34ffba58e197ae36b068a916ad4ba,34,2,0,36
8fcc91e245f3f955095e7497306e86367e9bd2cb,55,8,2,63
b39df2456431d2475880cde6c73931e1311d22c2,1,1,1,2
f33c07486ff932672b838604af3acb67397f34fc,192,7,6,199
c2f96e99fa5f8330eeeedba1cc750fbbd8ba55f9,6,1,0,7
0fe6bb488bf17c7fd879619c9387687b95dded28,555,15,0,570
8899128028dd3f84b93394f3ef425c24d73e8d67,74,2,2,76
96e449a7dfce4385100058a99e0fecd30aeb9a4e,48,1,1,49
07cc9212cbb1222292c40b7506d81da8c2e7fae6,12,1,1,13
3db5faca60709319ca82eb92603a540b32ce6e94,15,1,1,16
c26f64a187c5683714b1ce2b695702a42d21b73f,12,1,1,13
12ee896b343115d0d10dd7f8f1deda14f93d945a,2055,53,0,2108
760182eac69f1000485960ae74036f82d9fa53aa,4417,137,51,4554
ffee48d5e8539b1a8d090c71d814cd63bf9e4831,2689,72,0,2761
3d4ce6f627297d7377c6069e324448498df7c278,30,4,1,34
9a69903e5b390ab52745fb8853edaaff9dbee440,2024,53,11,2077
c80ab63626a5c9519476a66cb386b427449f5cea,419,24,0,443
4dd265c3c5b434e46cc13f4e39590d49f818e53a,165,11,0,176
7c2443f956004b59066839a292817fa8e7b39590,2688,54,0,2742
e380b96bd5f6ffe61f8fa883c3f5a4350d8c524d,111,7,0,118
18548b256510938e597a6ecd69be3f0d01a6bb6e,6,1,0,7
4362085aac52105ad8106019f9b59660500675e4,1645,120,17,1765
50b90b2543499a97a09edbe0aae4bb58d40bee45,83,1,0,84
cd9300880399797214c9e10a5dce3e3ce912e41d,86,1,0,87
a2dec177e962816aa2cb6ed1dc59f64d955284f4,406,24,0,430
6d15f90f4be98632eaefdd87c9a379e5e062d27c,51,2,1,53
bc9eb3bbb6ac25a08df7b216bceef2d543594ef5,40,2,0,42
7bf540372b6becfd187dbcbca98173fd0c245cba,259,4,1,263
7423b7cb3b27e68abcb03103a9a998d7e483cf74,463,83,53,546
7a905f5d875bfc139ff9d5eca6c429b75474d115,32,1,0,33
fc23d1d9dbfd077fde1d4f276d63343e45af2699,79,1,0,80
2bfb89322473b6579a59d114b45eb6e9532df4d6,693,12,2,705
98b25e9af761a1389f88d428643fed2c6c48783c,24,1,0,25
b239fd392d3b6ddb11ebafb903462a0916c3d0f2,4417,155,0,4572
e09b037033b7103b60a351fe2149b517b9303e27,175,21,0,196
29f294ac4e5a865016016b4edc321f5c12a78b65,541,16,15,557
17b75ae608bfba175321bb39901769c92b1b56ba,20,6,6,26
566287a1ac2a1096076537d8d8ad2b46a7adaf37,58,2,1,60
4010cd33909126424fd10b77cef0aaba77331031,1844,138,0,1982
a6b418331800a4d117c97016f263b5270e007fa1,1396,23,0,1419
a265949e8da58c23263aed470749ffc67422c848,4372,184,0,4556
38ea38bb45aab20de35f5c54f4aac9fc228b3ec6,4384,185,0,4569
ad7f5d86d28d165bb133efa5c3a52885621e41f6,6,1,0,7
972644d327d7065e699424e0c9b0edb82154d6fd,1844,138,0,1982
4a356f8195a44c10b8b30d7fabc0a77df6cb60a9,9,3,3,12
6d85e75de739c4fd3f8a889a661a8c33130f633a,3025,30,7,3055
f27e9d216b0a612058f71730704eb1daf5b22544,11,1,1,12
9c3ba0477854ae34dc2e576c145372beb3e0e46a,10,1,0,11
631a953f6b4f6863a76e2a4f1edd5ce656e51972,2,1,0,3
7b79009e2d01f937038e28d233ca38d0e9fdae71,30,2,0,32
4e579967a00e55edfca7339c2b22d069cf4c5854,10,1,0,11
958e23bba18b1af048659c92b8af8edae999417a,2,1,0,3
1ca603e71222a124d2254427328d3acfda5c79c1,1864,142,0,2006
8be8fb80d422eaefea3eec5b6e4fb8bfb107c1b7,10,1,0,11
38121faa4824f150e89e1a214b6b707661726dfe,4412,186,0,4598
18a30ba0ce125a67d5898afc7b7fb57ea14659a1,6,1,0,7
339d57b989d3a9139f6a3bf1bac46adbc8cb832f,4,1,1,5
d6d95f8e960809a359500e9b1da4dfc9ae03bbca,10862,360,0,11222
509d2d8aae37ac2da4030f84717ad4c993abbc0d,71,2,0,73
6e2ef56a2e9e68629d52ace16c394fb58b70ad42,5,1,0,6
75ba3e44cd8cb4268a26203f39736ae1db420ae5,4752,190,0,4942
52704a7393d36108f733f7ffcb50fd4f5eb373d4,5545,187,0,5732
3a466e8cbdbde90bbc4debb5f9b998621e2804e7,8,2,0,10
5ed43d19995f70e0bd338c74626d5236be3b639a,81,1,0,82
e13b3b1b5f11587786071f462a63a1194855b4b7,10862,360,0,11222
dd11f19c1a340b1478a14fcb4270edf11d00b0f9,7,1,1,8
7aec19e583690bc14e5c9235b54ed0d7ca6959f0,352,2,0,354
482ffd1815bc75ef2f13820982f26b1ff0cb2bee,30,2,0,32
50db6efa0b0a48c6e23fe48e71436cd5949b66e3,20,2,2,22
0ab29453bb8d3a6d7f5c2641a079eed358fbd3cd,6,3,0,9
399d2b9e803cb90825f2d5eced3252c65a407fa6,17,2,2,19
d4dbac03905c0875abad5bf07dd443af5112a4a5,45,3,0,48
02d46d7bcae3d1576cbcdf43413118c4dd9f1056,31,1,1,32
6a5b42f5d9fd0523c9203389cfcce4829ddc0df1,8,1,1,9
fecb680da583d27fc8feb292da7176f7ec8304ae,16,1,1,17
df3c76e4a353c599832a105ce0fc22f73104edf1,30,1,1,31
7d8b54f868fa34d9dbc82c46e759a5a9b32a01e0,4,1,1,5
356583e53bd2256e9dd72cdaff2cf2906f05b034,3,1,0,4
6a083e5fdb69e845d895a1a139974b2da81b02b9,83,1,0,84
f358766f944714acb29a9df313db70dd4ff01f8e,52,12,12,64
7cbc678e05ad23dd6d4a48b5d73dc62b785a8e03,4766,194,0,4960
d99892590d857c7a9b954cfaff747a0c46b339c8,81,16,16,97
13d0627183b6b65a8696a9f3b45765c3489480eb,1,1,1,2
262aba541504dde165aab6e0c7456879a42bcb22,54,2,2,56
81fb145dfbe02268d7cba49915fae5861752838a,12,5,3,17
bf8c048383d26ec2afe8b487cba8f28b89707847,56,5,1,61
96ad6c16cd35a1552d54a515034f1e57edfbffa4,2,1,0,3
87586da9c755f343e5468806ac0302b108cc434d,4,2,0,6
9f35754fdaedf0eba1cc7f7f230cab7558305719,56,5,0,61
153cbee41b8adbcac1989f7746d1ef51049cda1f,6759,228,0,6987
de75adb288fc246e710528b42fdf78d7d1b8cdf3,2,1,0,3
4e152a2139624e2794c1924a3060fbc5da75c64e,104,2,2,106
832f114e8eb6e2cfeaccefd632de783d46e83768,1533,29,0,1562
8a92246a0a0c1cf1c9f5293647ec7ae10e1b4a4f,110,12,0,122
4e7097b0667af2414e63fb9e36b8947ade72ffb3,70,9,0,79
8b9e7f8f5ae205da389411f5aa763d329e3ea6bd,86,2,0,88
83108458128c4e5161332e2a62e2cdf1a96c01cd,82,13,12,95
9a956b9e393e00c0cb6fe33a09baab407c04f423,4850,199,0,5049
9f44e103fd5812617dbe7e7458e3c27f058992e9,2,1,0,3
2999d205d963f444812c9d380f0620f30c095196,4,1,0,5
535aaf464fde5e035b594297a57ab3de06257d1f,640,2,0,642
36f2681063e4b447c409f131aa1981b8806eeda5,70,9,0,79
6130f7e52214ab0b0d0876d8be0c141e9dc1a2df,49,2,0,51
9e1377f78a4df6f6ef649665a7bae6eb7b996892,0,0,0,0
7d31dde89621f1407505ea9942b81b71d7458c8a,129,8,0,137
d07931d2ddd8d4798c1ca2b7bc9620036ff59ae9,183,15,6,198
75d960eb9b16d587193deb20d1347aefdb9cc4d9,4,4,0,8
eb14f3bbb96865ce656e8facb747e35ff15fbf33,17,16,16,33
8f566e005fdd56d83fdd00aa81a017baa02bdd28,40,4,0,44
adb24548b7a934eef474a389acec14c0905ff241,104,2,0,106
31180aa1760aa2500393e5fb284c28b4289330e4,174,11,0,185
07905ba44924473b51c7a9b1c827d3dc12797bbe,70,9,0,79
e16f2a19b789281d10407945aab31773a0a6233b,2,1,0,3
971f7b9284e002936270e28ef7bf976dcf3c8431,20,3,0,23
706938d3e3a56b1392c2694386ae851dea4e1016,254,18,0,272
47539d89f8f1a3ce9ff63b3732a27a42fb1b4a88,0,0,0,0
4348d9ca8a0e6e95817ec90b43bc4f39847e1d9e,1273,24,0,1297
71ea0d7798343c800bab6fe32018a6621344fcf5,144,6,0,150
3cdc1fa510c1631944e6bab46a2c9d6b08f0e3e5,144,6,0,150
ff0c1e1dbbd6da1a8724b4b40ecbf1095f506be9,1224,11,0,1235
53141e550eb8af27bcf9b5d0d6fe73c465150130,0,0,0,0
a366928f84be9b04393c15fbaf1f5e2fd3ca1dcb,197,9,1,206
c6be5f2b22f27ba1890092eecd65f2997079f7ee,13,2,0,15
39428532fbd3fc402323b7e4580328fcc11cf653,7,2,1,9
96deb436833efa77eadca95753eca2a2d0817814,214,15,0,229
9ec0c865e85e72a25d44fcf9645f2fca91977338,144,6,0,150
388da76293f4f0a8ed3265b9782633496863508f,3,1,0,4
4e7463d1d2d5eeffecb7ede458597ed86aadaebc,315,7,0,322
120711b2f8e81634f11b762d3c8f7f0f8aafd18c,34,1,1,35
4d54c502fcc48896fd2e4321f18ffa6ad1611656,66,1,1,67
3bab015f3e7e086972b90998832d6003d05b7c1a,49,1,1,50
c9f83ffdb0b1df4697ae716c76c29cba0a074922,5107,190,0,5297
555e3f9455dc82a011943a561c0aa6405cca82bc,328,7,0,335
7fb3890c609f4c04af9b057686dfc3706a50e59d,355,11,0,366
23bee413c6e4f382036ab63433e1a38927a8347f,40,11,5,51
55c093d409be131637ab295ac2ec8939f7b1a1a3,63,13,1,76
cefc8855b5d18c6ab2c27ec88f51f0bf8c73476f,41,2,0,43
0c26585c353d558ae42aea1c42c92da2e0dec42f,28,1,0,29
57bdd8a5412bec7fafd2481bc42752d50de36463,1149,15,0,1164
d254da4ba7e22f3ba6931e24c0e9a4ed7139db09,19,1,1,20
148ca09572b336cfe4c55683e059ca13fa8cd238,8,1,0,9
5830deb20bf02705cb82203db074dfc2bb01473d,529,22,0,551
4f0feeecb8c4c48ee7e7ffe4679ff0ac28ef3a0b,72,1,0,73
a80af86f509dcb738a7142b73cb8c0dc7565d3ee,49,8,0,57
5121aa07bffa08a59b678442e4a68f36c9a6b51c,144,24,0,168
651b252bea708a8e11f31f4d7cafbb76b849faf9,459,31,0,490
dd66167656fb2364cac531e7780f1ec069ebfb03,38,5,2,43
bcf802d9a235b0a0e451bd2ac50ec0369e02f76b,178,27,0,205
0e7a7ef58711d7e0136eb68542f089b729459ee5,49,8,0,57
27a160a01584cd2c780062cee16d94a5a3d6b41c,756,57,0,813
7d6f0945f1ca99e618c1f8d8ae00e34f187a6774,16630,560,0,17190
e50d1eadc11651c9029b81ccd0636ea003f5b1a7,20,2,2,22
29230856c0c359a498818e3c799a2903233dd529,12,2,2,14
1689a203b0dca44b2435e676d5c2c9c9c3fda095,178,27,0,205
b08bfe7bb789a85cfd2232d9bdc4867fe1bf6281,1626,8,0,1634
8c49ff681809deba01b4128b3ff7f2ff562d27d5,2,1,0,3
4f7dbf76ea6638792abd23e7d0327eabd8bc377b,71,1,0,72
42f138a05f1308ff38a52e22aaaef7540d2420e8,89,14,0,103
b14be3bf279dc8400621ff65508a3df7082b0de2,34,4,0,38
28ecf57acd93c7ca5fe6ca9abf90fa9a233e3707,2543,69,0,2612
e1c0945dd6e459ea9c5a890feac66d6c70274a60,4,1,0,5
eb251dda1aee48582d2a17bd61ddf5977b0aa608,922,40,1,962
2ef2271b3f214db6143cd4166377c46f465449f8,2759,84,0,2843
a9db397293e7cddaea0e9ef224fa77fca2b263e7,158,15,0,173
2e115bf663aef70f6141119adcbd11e2c7bbbaaa,30,1,1,31
399fe097a20d1a920690c3b901227a7d79729cd5,2090,41,0,2131
d1b9436a467148539d69a6dc70a084dd37ffa58f,2052,36,0,2088
a663f8395668f6a473b63260a373776312f78154,81,1,0,82
941c97534ab49103cc365920b595f0099ca5a534,1,1,0,2
f053746ff8c6f4c03726706f74de7bda3e0a8468,2,1,0,3
4ff4fd1d7ad0d7691bb911a5453d69d1a5ac627f,77,1,0,78
8476463b9145eff58d28da7e57d83d96e50a066c,4,1,0,5
0d70de861e9f9beb8bc237ce81909efccd18866c,2133,37,0,2170
936b8792b9bd6839c7620f8f1021dcd82952aef4,32,2,0,34
414410bea39a7d8bdc46b1b63c5f506ec96d653e,9,1,0,10
5ab45915173e5ea44b234c8afff5f09757455af9,81,1,0,82
9fb1eeb55e8eadf9190d0d675f65e5020543ad39,55,6,1,61
472ef05159149d8c6c53a9b41ee473842fff641f,102,4,0,106
e3782644789c565162870fb2a41bd753e7631922,703,1,0,704
5692d7e39a4600b17dd9fafb2003a96a2fb51489,181,1,1,182
8e587386d284373dbd6ac310dfcb2a9369236867,4,1,1,5
a792c995ed211f56b741396ab9c2cf2f74646597,81,1,0,82
10ac88a701618249f4e23ecb467fe0099c034a4e,70,7,0,77
39754fe673142ea5d76c570adce49065c1a2b781,70,7,0,77
2710ece0fb8c18fec65d7e4f745f048eca07790e,2381,71,0,2452
5d3a2be2b24b0d2c6e72648008219d269f92a142,16,3,0,19
416f6375b2da915b15e6e491814e782b7d666bbe,632,34,6,666
bceb33a1f973cdc0212d41a44801bebce47cecd6,2950,95,0,3045
eae78d227da0709ac4b9843bd08ab3c8a6afa738,19,5,0,24
61908d6d0cc68ac2da2c26e49a87ec5555139969,523,20,4,543
6653e55e502a001d3fad8f2776c38550bc056580,1116,76,0,1192
375376b68ccb9e8d83746f6eeac49a6388396012,6,1,0,7
a14ef18335ad5f6c78c35b711f4bd8d5a40f6910,10,2,0,12
6097e7bfc3af49296b50017d5661d313aaa3db80,6,1,0,7
9a9a2ad3ce169eeb8cfad0ba420836667abc21ec,86,9,6,95
42ac23f5730921b773f173c219a5ab873fecc4a1,2718,82,0,2800
2deec384adaa854fa54b3e97689e3c39c49a122d,1116,39,0,1155
2192069cd2bc167e28324478cbd71a84491d9f9d,191,1,0,192
f34d34912de9ae2ff761bac614f50c73388bff1b,22,4,0,26
061ea8aed7f43a47b5097f3c626701c688014e63,230,5,0,235
16105ec9687732d0b01cfeaee9a5b1c227b0921f,135,5,2,140
3a77acf759cd30bbb7bdcb51ab8e1bcecb273639,3,1,0,4
cfb5f056e7dda87c5637eeceaefebec289cb9edd,31,1,0,32
0b027f866910aeb5be4f1bbece53486f33f1cc72,156,7,0,163
036bd71537630b082b747f518172da6ebfe11105,4,1,0,5
6a8b322440e48bf0577700e615e196df55d77891,24,2,0,26
e9d99de8a042c378d24b579ab49d251f780a775c,1693,9,1,1702
3a5aa3871aff5d10c60b4ce16541e9e3160bfb43,16,4,1,20
d7db0122bdb30f4e06836283ded36f8d3d8fbd52,1117,29,1,1146
ba010da403a0425f6d0ccfe006e41e1997bbbf9f,311,16,0,327
55669d46b838a1312e1067c8608243b89462fc54,172,1,0,173
095f31d328ad0bed93f7baceb6b21b86ffaadf20,11,2,0,13
0dfe349c28e2fc24b3b2e092f4f36c1d63f84ff3,28,1,0,29
b378307eaef5e41a5de0cff33c7265cec9729d61,3110,103,0,3213
6531cbd1d7e6fa937f8536e349c8e8dd9631c17c,1603,64,0,1667
c9f46c1b39577c82d1084f13ffedb965a8e2c83c,343,3,0,346
6deba53c2747432c36503ba83932199a943cdcb7,19,1,1,20
40fc67aa5032bd8e07fa323475e5b0336bced6f9,483,9,0,492
bdb0f55721ce81d68bd1270fc4d628335d271aed,483,9,0,492
0b1eccf96a260b3208c153ead6b4e314798726ad,343,3,0,346
6c67bdf27f962aee64414c90965e8a86a1cc907d,343,3,0,346
13e2d1f678cea51f18b7c5ae2ec48157eccbf4c3,230,5,0,235
60e0ecb2e269e6af2b0c04df2aed6f494657b03c,733,16,0,749
08df446b39f28b7a4b670650f0e39797c0cfa5c5,10,1,0,11
f252ee4177c3f1cf4b8eb47014e930da696600c2,8,3,0,11
5f620d62191188ff4dcbe55c5d0399603e494b45,66,7,2,73
c847e88513d47925a03e84faf8739b6e7b012755,24,2,0,26
5a76d70f99c276f95cfdb4ae97c09341fefc468a,324,2,2,326
aa7ce405cb1603a099e23a7feca008e5eda2134c,3185,48,0,3233
4df7c85990391206c7e6247658267185f11f86a9,6,1,0,7
0086e9cd2ab652d58adc4edf016932388de9686a,38,1,1,39
7ecb1701ff2162210b415c40631b83fbb557acfa,38,1,0,39
ea6a1c03c66c1f78a9d9f00f73f9483c32569858,93,4,0,97
3be22ab1f4d9e9096b5600cf8728b19800760ccc,2650,31,0,2681
a040311d2eb88d4d3e49aa9c885007c85a6a442b,1420,50,3,1470
29508fad7fcbc555b8ac0b3fceebb510b37ceff4,172,1,1,173
aad668c67a1919f4a634ef478585a0a24e60cbfb,5934,121,0,6055
2f43d32d17d2000a4c251ab067bfbab393f687be,88,1,1,89
141067acde5e9cfc58e58422a321371780f20797,4,1,0,5
ea5bd46aebbe67357b2a20f58027d53a8323c17e,262,6,0,268
810be9a2fc62f0cc7837ed3d7b8a55b71fc66981,88,1,0,89
7f9a6630b9480c580b4312a44e20eeac866fe4a0,12,1,1,13
11efb91874a547c408dcac58f0651725ad518abe,43,3,0,46
f1188e0321f4dfe5420ed7732183a5ca8235f7c3,2743,35,0,2778
0a084f65ae9d837ba43a50a2e73a84b09f43ee0a,8,1,0,9
6642c660e200bb1dfacd71d8c8766d5e845c4b9b,46,6,0,52
48ce2a808be35381b218a8b41fcec5deb31c3636,52,8,0,60
5708509c42689103534f85e9f2c04592f15a1915,59,1,1,60
c48ef793a62b659d9cf6fd3716f8a8b60b6d5d56,4259,87,0,4346
dc04e98c616ec68f13d591c1536fb2b275f20744,1322,145,104,1467
3f5757a59b655e2f8f944a70cf27f05928b60ff0,59,1,0,60
69b8cd853c04ad5378b30d8f8be82078c66a2f1f,5894,122,0,6016
4ba28629f5b682829761134f0897872a8ca414a8,2788,38,0,2826
4e3b4cbba2f10f63d53c7623c64141f5198842b8,2,2,0,4
99d62df3680499eeae82acec472ba6e25d876aed,9,1,1,10
96714719d98de537accd7c7c571cfdbbabfa948d,598,3,0,601
8baca046e02e703b5ce5c0a2f1a34ba279392a3e,389,7,4,396
403d60feed477a4598509b619b2f63de307b9b5b,598,3,0,601
b0e6ab17c284850190012e7c120a95c34316b982,57,5,1,62
9c41c79b44e0ab93898cb1e6a85e7fe0c8be6eda,94,1,1,95
2511ebe18c564e43e642bc879ffe44b02497c90a,6,1,0,7
235758cd98f4aca320a6f9c07c5d90ddb956d796,8,1,0,9
028e44637fe9ff3fe3347d685f7d52422ff1cb0d,8,1,0,9
874a0009f1e94abbd63ead3638f4d973dd45a85e,14,1,0,15
1965bfbb72eff7a86276bd83531220458238c9d3,94,1,0,95
9a931983f51f96ad9b96551aee654874e746aa94,670,9,0,679
3b309f250e872fff4ea290fb2b8acb7388fadfb2,8,3,0,11
b2675bc3a6875c462e3d0aeb1478ee4d72039c44,8,3,0,11
9efcd8035dd74977f44ce7ab6ebd989b57e57482,4520,67,0,4587
9cd9c1f5e3b967660cc56a942a0e19f01ef4bcde,13660,347,0,14007
5850e1c3ae211138588650add2565351dab3a316,10,1,1,11
ba1d52af563387f23785ae015e94825ca062c5e9,10,1,0,11
c577685022f9b59342acd2335efeb9149e81049d,1910,37,0,1947
b05e462d3922303e9b26439cc7bad63513390f3f,1872,36,0,1908
4c0cc9acc033716427ada6293889e49821b07c7b,185,1,1,186
64453897237b8d4d0ed72fd3f5564497de9c3bbe,185,1,0,186
e1c7e120c9f702203b23cb783ea585695770d354,1779,32,0,1811
de619d9c8042e6957093c0ef9404f067ca1af397,43,6,4,49
c7fc2970d344790566184776ed2b1406432c8304,5,1,1,6
f144a892e9747b297610f7d9d19c44f362dd4b1f,2,1,1,3
dbca43386b7d5ab4f981d09d9f76567f25fd06ca,12,1,0,13
7635588c1eb28f344ff02c4be87964fdb3a45442,4849,71,0,4920
f06aefc278bea004938620f4395f01dcdb9dd2eb,158,1,0,159
ea39d669b0964b0d420c4e21f0f862667c88c41d,1059,41,4,1100
fb13a9a0d7b35f6249fa06548bbf871e7294e1d4,469,13,2,482
346836905c551d606ec13e8140e46d9d81edbcb2,5025,77,0,5102
70d4b90753ec999ba73b3879433405e0d41b148c,429,14,4,443
71f403a31251844a7fa4f52585052222e65c55c5,462,13,0,475
151e2c31380fdb02e2233842d396f4e4e84b1b26,52,1,0,53
f045a57dc84a17093819cfae0d71f7754eeff295,57,1,0,58
2f2122ba7d1c87db66b68a89352013de51e902fc,1969,2,0,1971
35df737ec84587b2e3e68967def2e622f9298cb0,1706,3,0,1709
7032bdd1559acf5376792579db33f07a702c9688,31,3,3,34
893d0fe08ebe6502ac8efd772de3e5bc120be6f3,475,9,1,484
3c340cc9eda1649be61f70c22f17053271fecdcf,32,2,1,34
15768ce99fff886c8ce778fea9b77c5ae73134e3,4,1,0,5
d2b13535a7189a02dca0bdc679ac81b92676079e,24,1,0,25
f26b0e82a23024cd83a079e0e09ff63bd5a7daef,12,1,1,13
7aad6a4849caa023e4a9270bc142855733e3e002,4,2,0,6
05bb9d2e0586f1934d4cd1771b82e3b681e292fc,1779,32,0,1811
0687b03822c2b2aac28bd9f1b718fcb46996127f,6,1,0,7
9fdb40c947313437f9bed36dbcc3903fe36fcc79,58,11,4,69
d8f6d8e71ece6edd547fbd0d00719666532580f4,1,1,0,2
7488eddd6e0224d18ecdd9b7fb51566e926ead5d,163,5,0,168
379b7f799f5b9e7280e4f9b0ddd0115bc630c81d,136,6,1,142
b81c6a25ba2ed743c251a34eb044123667d4be44,62,5,0,67
99b215a05fb3397c7f5c77415955a4a3a6e68c75,0,0,0,0
5b0d7db77cdbca9c2d33b3c64f567f61faec8a8f,7930,157,0,8087
e5e2a8e1f1881abf80420d4bf1b64d2775f6cf29,6,1,0,7
d33abdba733987609f592b046d87209e976ba616,2012,73,0,2085
736158dacc3a20b1925e26d67bcea918e6cc8b78,154,9,1,163
2a68e64eb50460b4709a7bc4b8e88be3db0604e8,11,2,0,13
ba3fcbe1f5f1334765abb0958c47982eb2c6fc08,3894,108,0,4002
8d2218f76fbc23d28d2c93c4e3dec37806ad71b3,13,1,0,14
04eefc9fffaced4b753fe5d5e2b868d67aaa3e3f,2254,84,0,2338
482094bfcda306bed2e9a392c9472c3c12814395,3894,108,0,4002
90172c7c863b9f710c7d047c1dd8ee7342ec3e31,368,7,1,375
4ba6e20e7530d892fce3f631355e087df1c593a8,425,3,0,428
6909cc4b45f78dc6ab649462b075bf12a9047eb5,2,1,0,3
ac04da2fa7ba52d0f976b77e25108f1a0b60e0d6,407,6,0,413
38ebb3e3aeb242efda79d652e83a41ed7b53cd6c,67,4,0,71
e1cf7527ed0c4a861b4cd87d9d3f461819df02fc,26,5,0,31
5c26926c7c23544f9cdb49ce0fbeb87d80131f1c,28,3,0,31
add068f1809bffb9580d35ae156b1b8801c972e1,2,1,0,3
f138b5760d081a9521ea28e0437b8f33a5781d6f,310,4,0,314
8d617ea2d74826cd23192e60ead83302aa3be626,10,1,0,11
22df51c8b866585c838f22b3e664f837a8a976e1,613,3,0,616
6febd89af5768c7977ab26a3bea3b277a66b74b9,2591,68,8,2659
954777cc33db970848a8b006e339a0e316d645fa,22,1,0,23
cc7fab49ec5001d04f58e8298549c3d0c073f7c2,148,2,0,150
b3987e76ceb7e8a5e55cf531d192f2242297226a,60,1,0,61
43c04a0f3609871e37d1c9d584db91425c9461c6,384,10,2,394
3d2415af4b7cd77eaeeaa100de95d6a0e92ac88d,41,1,0,42
a582ceca93495bcf5069bfb906e30e34b280c4b8,37,4,1,41
a44468fda6d4a89f5a5343ac20a97747f44ec2d9,2256,85,0,2341
9b33b6510f5b82c30c8e75a66eb328b00bc425e4,188,30,11,218
36b7c8f74445ccff81c6370685d85beeddfee76b,24,7,2,31
43e533eb81290286514fe9f1a8866d6d6b6ca8f9,92,26,11,118
b33ab6a2367e533d452cab278266e6ef4064f633,10,2,0,12
350ec49d819eb0ba1fd75604a3665f610b1f4e69,54,13,4,67
9f63999a2a5ebe3e6b140dd3cd806f5c46fe8b83,90,16,5,106
de3dcf011a1ef9c872fb44317f00550ff6a4abe5,10,2,0,12
e5f686239d6e98b6b9cbbf754c21b6b3b44e4bf8,8,2,0,10
0fb139ebdc7ac38127a7f6a94f24a71a6400d087,2,1,0,3
8c0875f8ab4b14cd62817bd47cf58c4b82c80975,2,1,0,3
fe2985b9ed475cc2bc51de81662fcb25f327eb1e,2256,85,0,2341
39c7f542dac62efc3922167671295b3f49b9bc5e,98,7,2,105
9424b9cd3e9373034d3fde4218716fa7fe9c386e,371,5,1,376
ab5c732f6913f03f03789e19e2b722e7f079f4b7,3895,109,0,4004
836c410404ebac5150726f4f4561d23706385f56,8,2,0,10
a06dc4ab44d84a02b767467f6a2892cd423aca80,24,1,0,25
fe2185d0424ff607173472f4fb9de02afe371146,2,1,0,3
501bd5c39d7626094dad2e4068f823a4e05dcf42,994,4,1,998
74078f6ad397a823bb5d5a687213d72fb31899d1,73,8,2,81
c083c91deaa8b7061c1a0a43f700c349dce72023,152,4,0,156
55a9c501c4a643596a6ac0dada9dfbb7279bd8b7,155,19,0,174
0fd5967f471228edf89a87e7370e7e2512108f12,738,28,1,766
c08158daaf59fdfa0a7781a69154b053a3a4b3b5,88,2,0,90
8e65817dbc89f7e30423d70a6c4c225787dfc80c,190,7,3,197
2d5586e258253d3bb115a91ed0bea38352bdeee0,2,1,0,3
8e37cef42c71be5a3d5caeb666162e628822792c,1605133,8107,0,1613240
f8478f5c83016a49b25a306ae046f06e843235fb,16683,430,0,17113
0147c4e1cb75f33ad1378b9b1b9e7ceb20abe7bd,36,3,1,39
8b81741e76a896b8459bd05f7cc76e7515de8e9e,11,1,0,12
c4030f926a7339cfcae14e19cec22d9d37cd94dd,13914,45,2,13959
38be2cfedb4c8d686d5fceb2cd4defb422bd047a,4,1,0,5
d7353974e4be847087ed84f86d1c7ea8ea23e087,13914,45,0,13959
75b231f741228cb988c7a51511cdd759e4f772b4,38,3,2,41
0f3fc691b7be9af0f536ce46792fd949cf7050ed,13916,46,0,13962
30d96ad594b2d9372a400847068e803bd3c9631a,275,12,1,287
647691f1789ff4b32e21245d03a7f3f6bcd0549a,12,2,0,14
57fc321a70ab116ae17ece1a760d3a3bb8e1af47,82,12,0,94
5d40c422e7260f92d087536f6a184a64dfcf42bf,592,19,1,611
d8036ee228ae95ee81fcf6b285ce6b48df167906,12,3,0,15
43753a8e0d777177dfe0b637df69c75e93ff2e96,21,1,1,22
c32e4e086abe4ef2143bc2ad0aa2b49918e04453,1,1,0,2
0c9ada090d272fd5ad9023bdc2bf854cfbdc9db0,13998,58,0,14056
25b1e5a23e0bc81d3abf92110af1a1a1418ac9e4,7,2,0,9
b184ee058317ff7adcc7348eb34f5c4773a6183d,3,2,0,5
4dd275b191dd87cd28976bbc2699862b6e988455,7,2,0,9
be3c24cd3fd4a9aaf9a6922eac7bc56b5f85473c,49,1,0,50
e229d1b13acdfdc75fd28bb4851990c25bfd8c15,80,12,3,92
25cafd44771d2943dcbcca1b3ff3fcda8b7332b5,49,1,0,50
dd13b744ff63cbcb84b1df3ecfa91f304d9c1715,45,5,0,50
6916545c2b92804bfe0e82d3a2891ccf6813bc33,16219,129,0,16348
44b5c4ec9d20a16cd9f3a12ef23f11df69edce0e,49,1,0,50
b7c65bd04f85d650eea598f6e7d9db3cff558822,2948,70,0,3018
bf2b5ac2803e2950f6cdf1abfef575112edbce78,16219,129,0,16348
0aedd9cee143f4c121112217c916c952abcc92eb,10,2,0,12
e9356ab06e53a147cb472f3113f2bfaddfec9402,30,1,0,31
a59da80fbba1bf5bc9527c5225e7c492d84f8cb0,2993,73,0,3066
6554e9a5dd53c10c3bfecacefdab66ad83778990,42,6,0,48
656ee473e2299c16a0f59dc1aa37bbed04ee656e,6,1,0,7
21cdc80ef8b2a159aae1a75045c38d58ea30c9de,77,2,0,79
4dd565e22911b218234d0bd703495d845b11674c,1273,24,0,1297
832657ef01740cfd34a3469573a7ada097c6cbef,78,6,0,84
3dbf815ca7fab42d9b66e395d14acdb2ee3569f7,24,1,0,25
ebb880cbde7e4901df467b75337df937227dd01c,19670,209,0,19879
52be74ab9fd9aadec30f484d75b356e908667350,40,3,0,43
fc6d9bf51bb7b35038676953574b9e52e983b2aa,230,6,0,236
5d2a7c6ca6dac1d64d1efd4196e5130a117c6ca3,4,1,0,5
362d073d42336f1d30e6f0e671d266ea62bf188c,31,1,0,32
4c7f4566fe60fedbfb76ee164388b8e56dba50d8,410,14,0,424
78563875afbf95088bbaa446af5b98c1b171bad6,1247,31,0,1278
c3fdce8fcf7a08b5e12993bb5ecceb42c36a575a,340,26,0,366
9eff8f0bc58cb14cf3c409c9b2a9c7272fe7ca6c,6,1,0,7
614b202f47fd0ebf24fdec95873434a6fe7f4f2e,1,1,0,2
02cdaeaaeecbe763405de8643e3b12bec31484a9,279,28,0,307
75ab4d6e57180dcfad605a34260803c364ac6114,306,28,0,334
b4f2f8f5e46edf65bcc3f3544d86e43582dae8eb,46,2,0,48
96f426bb0b5b3d19badac0610726f58ca4a0c15e,54,11,4,65
9c8217c17851487f783bf4fc05d75b4d2996c251,36,19,4,55
3f76db668068ed28e708e7c4d569fbc8a6bb49c2,86,31,0,117
c0705de2b0aa90a8b99f34af03dd8a70b3752726,4,1,0,5
208180cb186d35605b88908c299a7ecaaf40f7df,196,28,0,224
7457968a2aa93ca03243c59539d09990a555be69,578,18,0,596
ae71c789993d57a76722a5e31f32b4c161e93225,17500,151,0,17651
0a224d97dfc72ced004bfdad55e6bd2fc1e6945e,110,28,0,138
909e34f8a457a392c6624d5b2730891fc8e7dcbd,306,28,0,334
69fecdc045e1fd53ebbb6d04bce9affb1f9720f3,76,9,0,85
8157fedfb3b3d56209e7f7125a331726a06d5b94,31,2,0,33
88bc98dd2dfa1d56fed77933ac49c8a15549a172,410,14,0,424
832d1eeef4eea64c67764a7ff18090fff6fa8da7,1268,12,0,1280
00e03889feeafbdead41f9137e659f9b397f853b,928,15,5,943
7bf8e613c305afb5f30f5acb4dbbe67a1b19d37d,21163,217,0,21380
e7f7f57d47305ad0c476f91ddcc1a748e17a7e7f,2,1,0,3
882ded509d7eac6e24fcc69206fab70c33aed60e,7,1,0,8
8987f61dbc0e282c59c4b42033e07d77cac18402,1292,26,0,1318
03b966fe01c341a9ff6dcfcbaddaaa8e7f64ec84,813,8,2,821
9af256661cebeb78710d87d273663be39c72a1d8,9,2,0,11
7c1e5b7a46038056d69ba3087053e6734b04648a,45,6,0,51
ff5173d8da38df8aaa5d83cad36f6c3d739c3164,186,13,8,199
855f087bbf5c5e837924aa2051ab16c6c82c236c,56,28,0,84
9b2a034d5fd1a8c56701fbce99937b0b707927dc,822,10,0,832
e0d0584db1365eb9815d0e39610d1a936abb90a4,4,1,0,5
680b0bac27ccc159b20e509d6a62ca8fc3631b9a,214,24,11,238
80e5eb957ffb385f0d76c13d208dd98110c06090,56,28,0,84
3966c550157df6a7020e91caae653978ed67f25b,56,28,0,84
70c81315649b575159b5d0eac6393db2a1b10c06,78,4,0,82
6f649413cfd0af1eeddd352df77aa2e2ac77869c,40,2,0,42
6ce2ec6df89e513fff2369df27924befcfbfda65,76,9,0,85
a8f1738671b6e209dad839219099d4650bf7e42c,22,3,0,25
9dcd5b097aed41812270f12ed19aa88bc0ddb037,164,11,0,175
cd65fc271ed3009d2d6486cbe0bcdfa04062958a,199,29,0,228
82f8d00beed2e0bf24eecfbec600f38244224d0e,999,21,0,1020
82996bc2688e989fcf4b0056ae4355c16b173ad8,132,5,1,137
d6cf7b4626c41b744493454b0531c24db93a64ae,7,3,0,10
ac2a03e3f5c373b81826bc5a2eea0898a73da47d,16261,92,0,16353
e5f05c2edfeeb1b701530bce147bc17acd2402cd,27,2,0,29
a6f97b292eba6ac9f1d38f1da37bd23d0a896a72,4,2,0,6
c1b46951fcb01de43a3df71b287cb69d89ab065b,2505,120,8,2625
b876320ecac810f592920a3c7a2b6b7c781565b4,691,64,5,755
9537359b2156f3d055380533674f3897da21725a,2298,50,0,2348
32e26d304337d952ce42fe18d6aa4453f2f1a212,121,9,1,130
4f1568d75bd0e8182317b09b29016eeb1fec2f04,42,2,0,44
065b81edf5ff57f60eadfb137ca9dc4e2866bcd1,3031,114,0,3145
b93f7a3ceefa9ad9326cb636ca183ed7bc6f8139,47,1,0,48
019f05e6833de98c7ed23a90ba26e6b80bfae80a,1329,7,1,1336
114b0d61038ae7810d7ca52af998de4e8e127f5c,93,2,0,95
713d43e447acf078cdde5e6d46ef97e65e840c81,16261,92,0,16353
6c55f86eb49dcec32d2526fed9b52f11af1895a5,277,73,56,350
381a8b962a65ebf1c3b86f5015d9c8a896dd5780,16491,97,0,16588
d427cd50be00f1e2e424f386049970cbd8f2461a,4,1,1,5
03ca217c663acb0b0a0f8ce541bc81e7509e005f,63,5,5,68
54d46a08ad254412e6b57b0f68a28db6f85b3f8e,133,29,1,162
197929e52e9100f6543bd2f1ad89d045a902d23d,33,1,1,34
91740cc39d531b3c84b8aef3ce7e23d9219ee007,4,1,0,5
3b8c8f05c2466ca1ff6a93feaa502ab8950c2e2b,16,2,0,18
7cd3cb4ec793f321917750de50fa77935315c5c4,175,7,0,182
423169168a25e12a30b0f0a43658835739907c3c,125,5,0,130
96d91090900e556c0d845744e2d5d9d54a2f0f4d,2,1,0,3
0149a0d3e90fe488572fd05619a536a927f1b850,2294,49,0,2343
28167025d47841e0586f4506832408cb74f74c7f,23,2,2,25
64394ebae9db270818cbc71c8af856e3c9cc2e3c,2,1,0,3
03758eaabdaf3b0cb69016fac66ec85f95d06a60,720,13,1,733
927678e53f10c75470ad24abd7582c28dc7cb574,4,1,1,5
c0e60f890da238c06c6a5c9f9bf0065246a52351,70,2,1,72
a851cd9468bba159636a1187348a3139a13aaaa4,36,1,0,37
162760b65b18ba09e50c428d73cc130ee5c770db,6,1,1,7
41d9e1782ed9a98127e44c4f23432a0bc585bdcc,10,3,0,13
d4d96c4544aad77adcdeb83c0d83534c458faab8,126,1,0,127
62d39de2acfa00d8cf6abf1d1596d9e0116bc534,102,5,1,107
1837b8883d8dd8247a4114c84d0fa92d6fcf65a3,17,6,0,23
5eba59daa140662b391db3b6741acf368c2fd66f,6,2,0,8
2866f02f2efbc9a67ec5471ec532ea6583fc0c76,1136,7,1,1143
814fae3e4f171fcac55bb7054d56469772196e8e,310,9,0,319
5ed9eb861471ee52ccf61b66d34db98b44234604,34,7,6,41
2e2fe349feb1d64c4431feb994c96ba4366f8030,3,2,0,5
47cef36d4b9b7b40ccfbbc0c2cb54a94136c45f2,164,3,0,167
ce37315f5701f193b90644e952eb20f8880398d1,3109,118,0,3227
6423cf027e9639b5260bd0cfd6a5e8eb82cd7acd,5518,328,91,5846
b83700ebab3035c3ab1f3285cb0a518e403a37cd,17,1,1,18
42e94854f1faa3c87a18c90b57f7064eb07cc26e,61,1,0,62
5d06523b38fdea164cd4f1e62759b0daa4c12ce6,61,1,0,62
1bdd8aa86dadec9706c18f9ac538ff1f835302b4,4,1,1,5
bc18635a9358df5f155eba69f30d74410ae5d3e7,302,3,0,305
e4d04761d1699f067def01a9ee8c2b7375f78418,20,1,0,21
17ac3602c3ea9afd1efc8ebefc06009cdcd87bb9,5615,334,0,5949
cce63fdba2913977de6477a9e5a6a663e3ccc3fd,15,1,0,16
6e5216292966f750b7420d072825532694a865c1,20,1,0,21
49af1cf28a0c15d208375f821c2c262794704c9b,95,1,0,96
121ce6ba642ab42a152f0e804de7fe9069bdb0e9,59,1,0,60
07b8a882749d932ab345e468e5eed3ed9ad06eac,5093,126,0,5219
ae413fb5871436f7d57761d0dca85a5aa68b2a37,4,1,0,5
10bb0da5bda6f5ef6dcd0a0f622e9c2a8af3d023,32,3,0,35
0af4f27815d2674f11fe25ec327a840aae4fbabb,5713,331,0,6044
401835cc63fcf7f4412397eb953d41a2599a66c4,99,2,0,101
c3416bccb2f6db748a30a66d65eb76f6f72b28e3,38,3,0,41
91253f50b9c18acf1b01eaf0f7da6bebcf50e34f,27,3,0,30
557de1d7126158fdb0916811f75e1675deffd159,38,3,0,41
bbc815d67dcb8a6904f3d5d7b5dc185f19646430,407,12,0,419
b4b077dc58264588caeb77750986c004c23b0a46,23,1,0,24
e47209d6a3ae11ce6d6f4cae3e8cdf28fc6b7761,4,2,0,6
e77688c5d5255ee9ab0db6a355f78a0da3cf0531,27,3,0,30
88760b72158b08489f0a9f8e827a92d88da36d44,11,1,0,12
27d7d67c90cc6e97a267e7bfafdf0a2587e81daa,4,1,0,5
65e6ad60b6d0d942e409980cbd0b2b51a5982797,1258,77,10,1335
aba2b55b0f8f076b097babdff137d0d55ab5e8d5,73,2,0,75
b0dada0c4fefc7682844789fac1250cf1f65d5c6,15,2,0,17
13764cb267a6ed723220a2b6390bd1a35bf64e0d,71,5,0,76
387e164d8be825e390055c012f81f854af131bf6,385,23,1,408
1ba48774cb9cb270d93177fe1da94e5717761aa5,14,3,0,17
5a3afdc0fb9cb06f198281e1093bac428a5912e2,4,2,0,6
b3be8e57be18bf6775b88519b632706a40c1c352,201,9,1,210
15e73b6f5a6f197fd65fc6b83a3458e67a214f57,18,4,0,22
04a317be7c033354de94b636de834bafde237fb3,927,83,8,1010
c3b1493da73ad7bc5232f7918188d0ad38302c0b,88,4,0,92
e0e6945cbd1ba1749a4ac508da022eb4ba381a5d,12,2,1,14
61828c1d496e756a66f8f8dc774df667914d3e36,73,2,0,75
8d9724e89e2c49992259289adc672e328dbb7e98,11,2,0,13
e6693d4ca7467c95e6737d87c13fa19a4dfc2e78,78,8,0,86
d0767b473fbb07e1ff7614d527b1f37519d7efdd,196,28,0,224
c2681331c09a876374227b8ec67d42a281a36278,2,1,1,3
7440aba1c2cace8f9802b899bcb2f7e4db99f336,2,1,1,3
b8b243aa2b25f648348a836327ffedcc1ce18c7f,430,2,0,432
7253adddfa9f64c77a5a36b01658f31cbd35884e,1051,38,2,1089
f589cfa64f451640ee08162231737262d5b820a9,12,2,0,14
9b92c3db3da5bda5c791710190e3c762e2422a85,202,9,1,211
0d76e19dd669b26e53a1f6a93e5b8696685b0f27,38,1,0,39
0219f3e0e7d06baf8ec07a62ab5901079b4c61b8,19,1,0,20
37f953907c91f92b3ea2f5e61bec32d23a1a74e7,6778,352,0,7130
440be6efb678095c405d52a66fde3a529051d560,1310,26,0,1336
86cf5e3ca7be2d830a1aa575e8af7b9f5d7adcd2,12,2,0,14
558bba1b773bc5ba50652e7952225105b5d2ed6c,7,2,0,9
eaf6227c2a94dfadbcb8837dbda581d3f4097b37,3,2,0,5
86a141ea9ba0f289fbaa26fd1ad1e3202ba35d33,196,28,0,224
b774704366d72a353e476d9120f53caf37851ad2,15,1,0,16
d8ee19a5e413ac8932d5f9277d4648961a921299,5823,337,0,6160
ad82e1eae763d21ce7b722499caeb5e119d0564c,73,14,6,87
34294e8594ca6f2d93979d7f3fababab2e64d245,73,14,0,87
86c549f13ac26e732c36b4fde422f3f1ff5a3765,61,2,1,63
5d58d618739eca9b141c793face528d27ffc996c,73,14,0,87
e40d5f45e205744842f1e09969fcb503a6a66f70,6,1,0,7
a06c15043876df01d89da8c3fad4d21b6b882573,2360,67,0,2427
aad1fe46fe55bf433a3d909a36968573a43166ac,156,2,0,158
83c10649c5a72d1075b67e9cc7f2feddfe19b831,19,1,1,20
9cb91b8783d9bb7af50328a0a15e30f76dcb8e98,304,4,1,308
15d761be00dfbceafd83080ba75352f219d02e2e,164,3,0,167
d3a3a3e5d2a018471eabf145da0e2dadf595758c,16,1,0,17
d1ebb02bb58b0c2e2e76bccafe832a900b91e729,11,1,0,12
1e83a269b530ca32c39dfee3e11c10396435604e,6632,354,0,6986
be12b2d781c0de6957fe53e9a2d74afb33560e82,43,1,1,44
9bc57f0544fe2a69e11ace0c7ac13cb36541b2d5,1,1,1,2
bdd6652b9e1479e80dfa9b9165250c7b890b9b06,885,26,0,911
9a37708432475e2f083655632b4c8c02ab77d153,22833,439,0,23272
5a2d62e6d64e6fc310bc5303a8095c225b88e765,4,1,1,5
2d45a470037931dc3f5e235e0e63db6c5e9aab7b,33,5,0,38
8759f8b6507829c83d172286b3c992888e4f5903,901,29,0,930
431897f7fc5aacb6118a1b00ad59c6d4aee1921a,217,15,1,232
20284adac13871df0c0a0e9797a629f24a6ce199,210,9,0,219
bf01a407f368d870c81660e3dc36086d7751eea0,529,15,0,544
df281a3f00004c422c25eea95a3b76df4701f476,2,1,0,3
5570cd1a8ee152bc0f28420a7c39218404213fa1,59,3,0,62
b8c3d0764d2618e9f4d76e43620fa6476553a440,2,1,1,3
2ebb27052e8d48ae453b540e73d804192fce5ea9,1043,6,0,1049
1a1a49bca0b9cc36c78cd37414c6923e4feef0a0,17,2,0,19
5825666f8ee1eed22e5811b62f3d59b32e021085,3,1,1,4
af603c00fa602538db47fc95761c57d5df82e75b,6380,51,0,6431
257029d9726c0bed357efb8ce8820e223f38b5a9,74,5,0,79
ff5c047c66d98b5fd937dff3c8b2ff8ccd7b31b3,31,2,1,33
71be6c6c869f5a745c783e4a6b57920b7d99e49b,29,1,1,30
378112edf19ec7ae9dc0d607731109c23b810155,199,2,1,201
94c683889eed397753c6d50fbfc6ffa89818b891,14,3,2,17
c6c2061ea74fa281f635151f3821eacc02d9dd51,2,1,1,3
1bd34b509ff554f637a031eb1c9f6cadb707f771,2,1,0,3
208db5da90a9d4c8eb4525150fab563df0a015c5,58,1,1,59
ebf8efc789aeff5ef5210afb42589831a2b5b3b2,72,1,1,73
8f315e6b5f5166fd0f5d78e3b3b72642e874fe24,29313,491,0,29804
a847b8bce9d8fb57fe1658c4a5c436d80006e9d1,2,1,0,3
551b3d1eab2a0b78d3f259f1bf24f1f6f3ff7b06,2,1,0,3
89856df6a9c95478008e3023b6aa6404413c3509,14,1,0,15
2ff54f230fdf646ddbe290a50b6942a5d252bbfe,835,35,4,870
b77698ba34918d994dd7e226b1d2a1d16d00082e,0,0,0,0
caebf623e132b053be33b9657e7a6dd4d645a558,75,2,2,77
116f52f21ce57c74b9f3b9a877ca5802da4b71e0,6384,53,0,6437
dadcf92f4dce489809937b536f01175e065f8350,13080,410,0,13490
236f40f6dca77e6f5d2f3e749ffe14153e04b452,76,2,0,78
31f2c0de29c9e7bdad0d940ae0d9983fb0b20d97,40,2,0,42
684a8aedbc7e728d7b4a0eebbddc43acbe6d3d71,34,1,0,35
7bc901f23e174965a3653f7df066de8f3ad9a758,6,1,0,7
d154ea89a362b266dfd3287557143e3bc8d95a52,14,2,0,16
a806cdd8b1d119682b8d46a9fd9ce86c3a053059,26,1,1,27
d47470c45fd0b17c12f2b8a58a066df904716e0d,6442,58,0,6500
95f840f95551bdc104502825ff53310fdf292182,6468,59,0,6527
13badb8c5585754f5a70ebea8f120fb49b0c5192,6,1,0,7
189366bf2db548ac3cdbf9bd4961c5670c70cb93,3,1,0,4
82dca6d610c8777c653531b02429a669c656dba9,0,0,0,0
13bd63186931e1e4a8f692ce078e7930a063bcfe,84,7,0,91
301865fc7a5478b584c7b04757079c636aa8bb6b,2,2,0,4
ed11001f8968b2e6982f5d4de32e51fdafd71440,429,15,2,444
2fdb49fc16621997ef139c68b69e4f9e7845c25d,38,3,0,41
7fe6c27b41f2f5e95524769526b3c0221a06eb39,2,1,0,3
715d587c4cddb590ee64ed6d9d9f79b3934579a4,6526,62,0,6588
8285e90ee2f8f813fa587aace25943c56fca3fde,2,1,0,3
7070eb326c67658f937ee7981dd6246aa44b10c8,9,1,0,10
c454acf31f17a5dff45f27004ab19a8b9701493a,14382,452,0,14834
9251494e2891cd37fa253209fd76fb668cfbcd79,2,1,0,3
cbfc3276f4193c4e7a912813cdd8ba7932920604,108,12,1,120
2168c942440cbf576dac3def9b8c40df48fbc659,11,2,0,13
18a3ddba42b2c2b2848ebe226ba398e312884ca2,2,1,0,3
af7cc24b7829e8b13337f69f342b2d2a76e8c6c1,31,1,0,32
6a96fd40656d56140a4859164dc1c843b40ea00d,2,1,0,3
33413abb9cfca7639a2886a0bfe3ff0bb61eadd0,88,1,0,89
9123d47940cefe6fbaae0b385ecc57a5d83a80c0,38,3,0,41
1f62056779c9138fccd0ff7e1fa79067f2d711db,104,1,0,105
a14d0f36319eae0183ddc36cbf375e9c73ccf13f,36,8,1,44
9f3c240422e63a91bbe01e10024ef3ef3da257e5,8,1,0,9
7c2cde3b7f151e43278a7b96660d19acb7cf7760,177,14,0,191
868ac446086fe038efd190ce33b99dfdf9ed2221,580,2,0,582
efd4d5aee7dd11adf0d2405247e524d0065e4051,9,3,0,12
8a5bc28035f36634aec5d1c73c1adfcd214bcc4f,7,1,1,8
e986b62f2e5a29210fcf9f4b57e5fddc9559bfd8,4,1,0,5
623709395072a61a3ed4164e1895a845c52dff02,10,1,0,11
99a22e2038e5160d75507843e2c689739103853c,36,5,2,41
d4eb97ce43e0d99ed272b838ca1bcfd55708e1f1,52,2,1,54
c5687d92f58bbdc6b0c330d20ae1bbebe8cf208f,13,2,0,15
07abc0a0dec2f6ff96803c9e0986990cffbb187f,62,3,0,65
5ffeeb16b83d4a11a908c6c68a48ea94fcb34879,60,2,0,62
94b8adb8261521ba19969311d4826abb21960064,36,5,0,41
95a69d01d7bae2234d8fd999ecfbac78925d4fb8,65,2,0,67
4b234cfae1f29a6fd20828ab40f7b52919bb9a16,11,3,0,14
ccd956e11c6014d3bd2a4ebdb12384890a945c30,7,1,1,8
0fbd3906cc074b853e5ddc64a3bae3e2f6db342f,2,1,1,3
9b0ba865d6903d6f48b5010f44e16fb1c0b8385b,9,2,0,11
f470f68263aae642b1deb4aedaa8882f8300b7af,33489,597,0,34086
5a19f82c4589b8da976a7f093dd225c52f73afbe,44,2,0,46
3a4ede2f7f307aaf4eb83bb0afc1d7efa374b310,766,21,0,787
20b9019580d0366dade90091f56e1cc52f153f7f,193,14,0,207
9eb8381b0c14938af8b7e1845a60231bf55cd332,8,1,0,9
cc32cced9c30e18387c811e98e5f30210b0cae8c,125,12,0,137
f86bbe8b90d5324d7c17bd231003050414aa66e7,48,4,1,52
6fbf7a2c6c95601c239cc4f8d2c86d1ae21943bd,13279,419,0,13698
1f2b8027bc34075fba1e0d0e906a432090a93482,2,1,0,3
1e7408e37a54a668877688ac7ae7db89a775e3dd,12,1,0,13
73583be39750563d503e3db6f1bc55b0a97bc725,48,7,0,55
9d63a88d8c052b7abdcf14f9c05ba36d9b25f992,211,10,1,221
13518b256727fc51965c69f604271766c3b5a26b,2,1,0,3
1cd95ae6216268ccdbe7bab79cf41c1e6a926fc8,682,4,0,686
b98e7e6a3321be8236165e0b37129d1667db4979,584,6,2,590
8d15d8f60f379995bed2794a6754ee6ffd785f70,982,54,0,1036
3e65882a387697a50692cc424aa38456e7158b97,67,51,0,118
78e6670c569fc916ae2ab6c2612274308f5269b3,0,1,0,1
7dbbcc4c7446bb39f9da2f7f74f8f195b1df98ff,3,1,0,4
bf4203ff0ba09c8ef299e9627a05f2771b439350,18,1,0,19
4fe827074727e2f27980dce547070251134dc2ff,238,9,2,247
1b35ddb25685444d028a1938b243a9d798309fab,962,54,0,1016
62a66394d494fc08a5e29e79799effac7846241a,21,2,0,23
8b26ec63400ebe0634a7f9db51448b2aa503b1ad,4,1,1,5
471ae3d60858b194981c080d2ce8419dc57f18e2,315,13,2,328
eedab93b628405cbffcb8cf73235fd55d9da829b,49,3,0,52
158cbf68c784046e7bb0bf43f95753ad5924f02c,962,54,0,1016
84979b40a5b7a3fd5d56d2bfa6b4ee94f9c06b82,169,11,0,180
e8ac5522cc9dd8bfae4884b2bd0027a946fef4cf,0,0,0,0
bd8339322c724f8bfdae6695b9d5ccf2a274b1c5,4,1,0,5
d22706bf457eebf3668bbc8957da0ec1682dc076,962,54,0,1016
25b7c8aeac211a934488f6a4b124cb08a8d8aad2,38,1,0,39
45b676afc1b6f2555d438c56c9654be8926fae5b,3,1,1,4
7bbc80a678b57545027a239bf871143511aa0c1d,573,33,1,606
148b73157b76680e57a3810bb8863f2f00a04a6b,1656,88,0,1744
1e4ce3449e4bc73ca201f88ac50afb07688022c6,104,8,2,112
95672d6cfbd61173b82dc86811dec33cf657b9a6,99,5,0,104
af0123629ddfefb61fbbe1ca722160a52dc99738,1,1,0,2
52c610656c9a8400d269c1aa1835e0dce46ba6b2,483,7,2,490
7dbe2a3988958d1f9876a3ceece9df785a770170,612,17,1,629
365b35988646dd72d96e723409286e74e7fed547,106,5,1,111
174241cfab34e8c7e5ac191590a1302648c9c849,10,1,0,11
210d5ca137f590f3010dba2ce19a129f6bed136d,424,3,0,427
ad061ff7aca7f68ee72d5783c5adec9bd1096747,1,1,0,2
57ae9ec6e2e6bb029738c34eed4dc81c95c30446,1041,60,10,1101
ed9602112095e572bf72f95e18cf9d0ac59a9410,9,1,0,10
3c1eeafc063c0fdaf3ea213415abd503c2b04d31,1147,62,0,1209
ebc5bde147aaf5b787bca924be9d815abf4afb85,6617,211,0,6828
07c9aff788732fe9de817256dc5678a321330e04,4,1,0,5
ce8d705f9da067acc78597f22b25e7af247b66d5,20,1,0,21
869b3e215b4992b6a7d65235f1a2b31179ab0020,20,1,0,21
8a5eb634b06df4a52ed782e5d8c6d1132a688d8c,6571,212,0,6783
2b3be98455a98243697123796d5b06a4913c3eb7,200,7,0,207
fa500af58a3c730ebf24b15e0e7dee002dbfae38,15,1,0,16
1122105e4480b4880fc0762c7e8b6105e16b4bd1,21,2,0,23
0ab6a5896217d0e85ac3d8d95ebe58a98ed92e12,11,1,0,12
57aa945e8cee42d46c1adefbbc1118a45293eeb6,25,2,0,27
1ef545a54560ff66b1b6b702dbe01a159f7dd367,117,7,0,124
9cb15424336d3ff9d2229aad5e12a6cac2de9353,35,3,0,38
a6a5e48ad194229ba20e6c806e62f867a5ba9234,1356,36,2,1392
a4a59eb5f1f7e7c5c97e70658b40b6ca981b6bd0,21991,629,0,22620
4e0519a01c9f6cea01ec7b8d596b9f413e4be91e,10,1,0,11
9f3380f1c746f028c48cc5d5d326199efc4df166,4,2,0,6
9d740c693a4ede29885ca9cf3977d0f5c01d6008,126,5,0,131
2458613da7c5daea9c979518442fc177493c2ea2,21036,613,0,21649
b18c913634682c5b4636a383def818db87edff62,3,1,0,4
888a0a2b1e4d717950fa9694774160a29f539644,28,10,9,38
21064c2bedd079d8780a673dd904aadf87398c6d,45,1,0,46
9bd2887038c1fc5bb6f1df8bb54373532937af08,6,1,1,7
12fe0282ab668fa3e118a90ae833808905c88bd6,14436,293,0,14729
2578b7da78f4945c69a6dab704f864db5d6ee83b,347,18,0,365
e59ea49803687cf6bd96ae93a34a9a13377ad736,6933,229,0,7162
4c78ee58ebb15e471f79780c5c5f7730969766cd,514,8,0,522
83e02dcfa422e8f91a281b0c29ff9843cec66226,23,3,0,26
e520021011f3e577bbd6d4be7aaddffa6315998f,110,12,2,122
a15c96b6fade20898e65d720856479589580782b,22,3,0,25
7b8bf515e8a046fedb546383195a01e25988a29d,45,3,0,48
ffcf04caf38d0a303707ff1a8d846b28ae8fbd1a,329,2,0,331
3d9895b878a43179c2bd2fa98fd0273f5d4587bb,329,2,0,331
59f008dca7ec41de9b5997837f365b75207224a0,549,1,0,550
314bf52acb98cd59ba01722f48a6292fd82f6c93,45,3,0,48
026c09a35ec27368f4cee429d67d2832e5cb2e49,25,8,7,33
d6320be9172ea62fcbf07c21da70e33568dc3825,8929,295,0,9224
5f232ae407936ebb509ff6312965f862f5cbbd75,5,1,0,6
4a072f4b638234f36136f17c92f9a42add619acf,37,2,0,39
d7dac569bf095837294168e66d0387971eeaed71,1447,42,4,1489
33a4beed44444ae806d86709035371c773ac11b3,1043,20,0,1063
f2dbede4804288187af40087ac71aaf9f3f4c58a,24,4,3,28
def0467972450d800756177773ae76488a4d19ac,34,2,0,36
c96bf1656cc9f1989e4bc2d8fdbd0237cea702df,1043,20,0,1063
40b96e1fa664ee4e42ff519f19e7d71dc7382093,62,5,0,67
1de65eb06834f2df87b373bdd9e55371bb5bcbac,8997,299,0,9296
7719749c1338421d11b065f3c7f1c8d984d6060d,43,9,0,52
1941625f3d4182c7f8f1d3db4f0e34ab5652c4a6,4,1,0,5
c5a9141a801616507ca7560ec5c549f698913aee,20,7,5,27
dab66dc1b8b755f03ac3675b9193424791d7324b,53,11,9,64
30fc7927db8313b00a9ef3d4c599990991430dc9,40492,767,0,41259
49fa33ddd94f2161e746279490063ae06dea5cb1,115,16,0,131
d7a969bd653f01a712bfa3e2fe5d4bfc6387f724,15,1,0,16
6c82371fb674b340e44d30434391a8ab67b94d7a,25,4,1,29
9cf45b43f9e365d5eb58bf8ec08dd90b22294e1c,16,47,5,63
1b54b7f452c3bcd600319affc775a891ab68f6a8,203,9,2,212
67d65527ae1ab500ded74a3858ec164cc62ab6a4,175,3,2,178
ff40a19f03ccaa5e6f3f7333921aabee54d7d69f,4,1,1,5
b8c1544378da8ba36dde1a9cbdf2df652a5899de,125,4,0,129
6b7dcb8a20b506b0aecd5bd3efdbe7cbab1c4c8c,53,11,0,64
b6876f30698e5c0812a992e6f68083a730b0c5ed,7,1,1,8
376eb293361a1771a43d79a259cbee3d09d26767,47602,841,0,48443
ac3987b78ddc016fb54015c5989be9f581895d8e,51,12,0,63
107545953a5c85254acc610e28deb177e806b8ff,11,1,0,12
e962ed69f4125949c07c8155b93ac9d97b259497,7,1,0,8
a0976cddc7433fb191247ecbd217d9cea6553b69,240,19,0,259
b404071f0ba7a5af0d251c1406a9933cc8a269ae,6,2,0,8
3dc95cb28774e5e884797437aaebbd65a8577229,129,6,0,135
2bcd6473fd61b1efd1efec9744f51a6f9ca10254,281,93,3,374
68e47936b6d33e103140a34354e354645ddcc907,9,2,1,11
91bca564635f21a139d1ba587f64cf3e9c54be0d,98,14,5,112
acf140c40369e659c963f0b0665105dcdcb74203,41,6,0,47
359a6986c5c9bd0beb26064bc6f65d6e230a4fd1,125,4,0,129
ba579aa0aa570c162775f21358a7e1edd50015b8,41,6,0,47
660597310899cd45a1f21b5d4c82652d81cccb00,55,1,0,56
3b933a49ec0af9764e8e39fa1588774064d76a8b,27,2,0,29
4da5a45f6c4a19462b3e351987c68de5355f24c0,1032,17,2,1049
82af96cee755700912fe031a085daa6747c95398,410,33,0,443
38d1e703b511c7a8050227862f7b8de8954ac3f3,2,1,1,3
1692ce69153872d2552f5c98b42baec1c47c919e,410,33,0,443
231731f8fc0ba58c068c8f362044146c41d6c09e,2,1,0,3
f66508a0b3fd869ebaa94c7877696d108352498f,2,1,0,3
2a6536d01725d6c4a833d1b0a3ac0b5d909d4d2a,14,1,0,15
01bc45dd201b2d7962be8e02443052380629f944,19,1,0,20
421805258d423d7fa04b6060e254ea762ee387c1,1732,50,0,1782
73d8d4cb9de52563ce3ef7ead693001b952d0428,1487,57,0,1544
72e9e0a3a3d279412b81f90559b01a28ac6ddce8,2905,131,0,3036
531533dd5e0a2f7779d337c1fafbfd390a5cab40,9,1,0,10
bf013a3750af9f6025966b597702d90ec8b631fd,102,3,0,105
ce2fa203798dd2665a18c25172a278de2d3c351a,4013,124,0,4137
6b40967522b81d33cb082c77ef834b5fcf25af71,3219,106,0,3325
334b668085c9393fa6d011dd2878afdf59f742f2,63,1,1,64
71594f46890dc7325cb31eadda627a68a2fe3047,6,2,0,8
c5355cd45ef2e58d101c28c440aab44154bfeb20,24,4,0,28
c4bdc0ed12875fce433c449ee0b8bc558bcf1541,16,7,0,23
566625312b90b1b40b2f663a8402b83c87358ce3,2,1,0,3
697d19997ecb213a4d5b5dd2538dc5d636e459f5,10,2,0,12
52e4a96c5c1dea0a6afb482400a2a79f3817c6d3,3253,345,310,3598
958bfebffa03b94adf7438b438d270a6d76b6883,83,3,0,86
9373ed3c3379e50a3e7898688c1ec424f1da20b6,159,5,1,164
b784d45d041ef382b2a5885a7e95864bf1fd2735,53,4,0,57
4ca6b061ef3be2f00bb73a67fa21385cb4c80797,2,1,0,3
011d925a976b47278eb3d531e1834c6ae321c142,6401,140,0,6541
b37bd358434685798ab8106ad2daff175731cc16,9143,227,0,9370
9b288fa538449c1d8796a20f1e8f50e544cc357f,180,9,1,189
095b782965f8acb7f3905777b61978593dce4995,1,1,0,2
0f7b0286b5d382aa55754c64d67b6d4cd78d53f0,5,2,0,7
47fc925b6487b9e89d5eb50c94e15e8ed077e207,10,2,0,12
6031b87e2b4afa977214b90534c9a771aa5c3f9f,234,26,4,260
a5e9abcc5bac7a607a1426d8b012615201b37df3,39,2,2,41
caa0039f65a017a7aeef426cea7c9230c73993e6,16,1,0,17
4809eab5b39be91a02435220753be3d9177ae4ee,8,2,1,10
f49d0b7faf0e5de3f110907f1f6565d2da8e9122,49453,898,0,50351
3c15d6a4c360466ed45b9a6440871d39b307caac,6,1,0,7
8061123b4f194c8a9a7c61075102e3b558ee6de0,1,1,0,2
9b23c75f9325514a945e600f64d02f29df29087c,7,1,0,8
999fd03cbe5c9ccfd412ae53b4962f8c87a0fa7f,3,1,0,4
6805b7ea650d9fc4b2a51e40da4f6ccf40fcd1f7,2,1,0,3
4df20f3643a01f526afa4db27fc92c1c775cf2cb,3,1,0,4
bdba93412c1d3a349dca19f8b2048ec3f3e40421,5,2,0,7
b9485529e775c7813c4fd2fb83af7a37474534ac,8,3,1,11
9d78a08b65d69cf041ae8420bde9685983658eec,3,1,0,4
cba2edf5e266fe69caddbf98668df853d5b2a251,5309,374,0,5683
4eb92027c016c8c2c7f57deac2e889a65493a5f3,23,7,0,30
ca17be026772062fb7726deeff22caaed364f61e,34,5,2,39
446facb5de403c4c6a168ec83896fd5520fd10e9,70,5,0,75
0d3ece78c38efa2d3d2aa2d3d8328c3de32ffe61,4,2,0,6
a6a2fcaab74c5df27199fee319bcfdd7243c92ab,29015,415,0,29430
3780457f71bcce90c57121fec88e09c30c198ea2,31,4,0,35
1991b0ee04eb88d5aec835e5410f815a30d5c30b,29015,415,0,29430
07f0eed2279114e125e75376c62b8c0f33d1b292,4,2,0,6
b820035168040f9536059da88c37659f0e8c093f,29015,415,0,29430
e4e9c35123203b238e51de5bf78064cb68d11de2,64,2,0,66
dcbf9baddfa04e9e79b49ee5f46c505319eccc39,23,1,1,24
9714c913e9c26017b4251d9f3d9705b50bd66c39,2,1,0,3
1eb870e630c6490795f463a42669ab2c75944480,203,9,9,212
5308c1812e5c4735800c259c7b473d4a81282894,2,1,0,3
b3bff7efbfd69118de2d648be6fd63334055d8ae,2,1,1,3
b1b8aca1b6e39a3005938ea2ebbaed5aa81c8ed5,14,1,0,15
efed98d2dbf7fc602dc2d28a892ec773642b82ad,17,1,0,18
46b5fd6176b06b0a2b0391389a7cfbdf30db3034,38020,561,0,38581
fb60ee21b4dc8c3fee4abee349630d5e4a6810eb,2,1,0,3
ab683d186585d642647b7187bf0b8b9a446f5255,10,1,0,11
749ef8400c1e5eefa28b67053f239b290e6fd379,16,2,0,18
712c122b152a034a3bcbc2c2429fe8eec8d7429d,2,1,0,3
2bd7421dea2d1d2e6822841936fcff1626760428,67,3,0,70
8f461c5ebe03b89254cec1a576b242223cb8501d,10,1,0,11
94327f9ef73c63f4ad91b2983c7ae593de7a6b11,4,1,0,5
14dcb40e91842b163467a0fa7cc6172ee38ec4d8,15,1,0,16
0761b1e19442a98e24d67c041d7e5469e19ce364,13,1,0,14
077c9cce064b8d52d72068095a7e8c1b728516fc,17,2,2,19
00fd3c3c5804a960b64ba2464a3fc0cc733caee8,38430,577,0,39007
0c9f8eb247e46f1b0ca262b2ff708fad09ff4e79,35,9,2,44
264d62b908050afea6b0f1cad78cb403d3344f67,85,1,1,86
5d460e06b0ac23876b22b3b1c29323caf06e3830,2,1,0,3
b2c679e5e6e0fcc34cdfdf6250534979251d74ec,299,27,5,326
60a1a481781c0a8c6533489c83adac82ec2ed4f6,44,23,4,67
ebfbcc44063600688eb6723b63f60d08a1fe43a4,22,6,2,28
1e58da00c207b9ff1dfa08cfc7bf2ccd0987f576,39241,584,0,39825
033826b91c76e2be2a4abfdc38f427014fe719d9,51,4,0,55
57cd4924168549a163e2f2944d1ce4594a111ca5,331,20,0,351
77d23c2852e474aa6b26cf791f620186f3c0e49c,329,19,0,348
2d1b861f84e29770fcebb61fa571e661f3ec38be,50,1,1,51
573b658d598d588424fabc80578a4ae4325c9c34,125,4,0,129
6bb9dbc4692b774bf5ba4d2e7d93d8496faff01f,38569,580,0,39149
190078796f06291f8e2ecbecf90725980f3832ff,50,13,3,63
b73239ff038af217c8f8a0cbbd3771c083eef731,247,6,2,253
c55c24c04e80ac96f4c77bc9f989789461126424,3,1,0,4
e5569512eda93dd0d1b7cd560f3a510d9d907e27,2,1,0,3
330a7057ffbdd0f83a308cd336656b6aaedbfbb7,42,3,0,45
6717796eb5f06f71c6da7d0fd8b0f03e960a6a7f,101,4,0,105
c799054de1dcf109a9882a757337aa9b9f43d628,17,1,0,18
a46067a464c80d07f0cc0b31b34b3afd3db15a8a,14,1,0,15
98b6643f74b34bf68f0b417687ff2d06e85acf35,26,1,0,27
f89c3da69844e466bfda8605f1f166c15d5025ec,16,2,0,18
79293ffbdd3351904d1ae1250c8559c1d341995a,356,6,1,362
986e88912434c75ca9ca8d8456883aa0000f317a,29938,446,0,30384
6c4282a1d0ddeffbd5a8d26715f535f54fa89747,64,2,1,66
1d36396bd9a6ddbddef23293ca4f64bd81c612dc,64,2,0,66
ed5bc4af952f769a2b7f4f9cbdf646cf38bfb86f,137,2,0,139
fafb5f2ffdb72cae82f8f33511533462de957909,29975,440,0,30415
545b343aa3e9b52ee381eb3feb78b85c3bd8f3bf,23,6,0,29
71babc7f100d3c359719d51f6e68fbc7e6c9393d,2,1,0,3
bc0f87d60f9619e082a006a5588f3f82515032e3,4,1,0,5
00f5d4ee4ae52476d748f48556a49c24423d5926,47690,768,0,48458
b85d95f5a6257ab042a85881c0aee88cb21cf292,207,26,2,233
d7cde2b8eaf65b6a5962c0c4bc69031d52a58a49,145,7,1,152
25e1fbdaffe27692dbe6f4592aece5d9d325c59e,57,9,0,66
c459f306e9f9d4646065d38bf6fd421bd59d65b1,213,10,0,223
3aa606c8e37ddc9ddbe25717c71ed0a5a805e2e0,15,2,0,17
cef213040fb2201e25fefbeedb5bf2ea8e18df78,701,10,0,711
65d22d5861eafda5912fb83df197df35024a8f9c,575,23,7,598
0f8d524f2aea1afbe83935c1840bbc260a4922ca,852,33,0,885
c7e1ccc19b6cc1d45e525c8e6ededa502e91190d,1375,150,0,1525
cad3d1fa644be0d4867ed524ee9b160f5dd2a792,1644,167,0,1811
2df91b02023e88bd92a194599e59d548fa5cf1e8,31931,571,0,32502
532c58d6a6a3b86a861ed130d850b2e47d5a8ae3,43,2,0,45
9640249b8dc930712d4eea1e96817cd54880db56,34,1,0,35
91a8673f60bd6b6f33f2ccb64df1a651ccaec6d9,356,6,0,362
5806e443fa672334fd437c984fae7122b67d1682,34,1,0,35
d423fc7e25f8f7848dee2a13c7446ea3eef3eea8,4,2,0,6
6a8a75ad82d114f009e423a97cdc94d97be43b8e,4,1,0,5
5a9d1d2a2242376bca110c607f3c000a20b795c2,2664,192,0,2856
3ad5e42b28929bb6d3034e305db81b2897347289,46,22,0,68
4b0554eafeab5ce828cebc585d6a01e2b233913e,89,19,0,108
1511004805af38185af83b98d636830e6c6a105b,2751,199,0,2950
63817ab95cd7ab9c72be15baee7eec08f7b07c33,32,6,0,38
a9fc9b6b38d69e1856279fd295ef2a2765d651ac,68,8,1,76
dc941c60c5bcff8f725cae97705f3be6fdc22f57,81,3,0,84
0d008db02b402ffdddbd990921e74a95e36e77fa,42126,783,0,42909
6abda67ebfa190e45de7514ca4d4abc8c675d64e,68,8,0,76
f08510a7c5893141d33199922e1a5f7d0154b43c,147,2,0,149
934304a17eb4e5af179a75eb84521fe1ce752325,5,1,0,6
5506cce4c6fe0cd9dde0ebbbd3dba40e73bd3bcb,61,2,0,63
110443fbc58028e686c4e9127402f98222855fc8,90,6,1,96
84d5cb9f76fb757ec831e184c7acea7268cfea7d,1001,74,0,1075
a094c8803e4cf6a53c95cffd0d5e27385ec67021,386,5,0,391
18d48c1e32aef3826d95699e7c36749b16a7479c,68,8,0,76
92b23275d9026afc5a4300b433bedfc04f6d3bfa,6,1,0,7
ce3dd32998523a7af34440cc85c5d0a8fdf0b0d6,1001,74,0,1075
dcd7f423433d5f0ce475a5152c8e97307c6d9a3e,524,13,0,537
c83d5a160b5599c34baa6814210fc7abbb344db1,147,2,0,149
b9203abc60b3834ba85253310c76fedb286b1493,5,1,0,6
13f15f6dc33499c1fc9619fd952bc396073f2282,60,1,0,61
70e0cc69fad892e79969c4d93a55e0d98305a2cf,1001,74,0,1075
a483c5b8cdc8f6b0876abb9bfa7a8941986450ed,12,4,0,16
31922e0b626eec4ce3897940e99c0b5d51b13f21,12,4,0,16
10305c14a109b485fa28f334f0f193ccf3af2a35,2,1,0,3
53acebd79031858b6ea4ba92a251642280e315c5,0,1,0,1
d4cb47358024c7976c9b9c605426c249a03870f8,50,1,0,51
767f689772dfb7447430342fbed0467756d8b31b,2,1,0,3
cfec83f89c1613205bb11e4de57ff35fe0ecf6ec,2,1,0,3
b06af8da9e8ec259a2c032d9d847693216e3e4ce,122,10,1,132
68061b0dd88136d10951bf0cf934d6699dda2ea3,3916,289,0,4205
7458c918b9054ec67b7198a3905aecf48e302bf9,0,55,0,55
4573475aa548dd8e2078de06ac9b15f631560162,64,6,0,70
b48899b8698b8d7ddd2e127f91a7c99d6187b50e,120,4,2,124
6da0acf010234660a9ab16896548688cd2566fbf,163,1,1,164
da4f24f8e512f7e8366f6875a147634307ea54b4,64,60,0,124
b1aff16721acc17d459537e49f3a2837fbf0f822,6,2,0,8
adb07b05b656938b183511bd488c305fa1fd7582,120,4,0,124
44b453917ebe43c8829a64dd8917736e1be6ad98,4968,381,0,5349
2f518ae2a19165b89c8e115970b022620766fda7,15,1,0,16
795e2fba07c457fc040cf4f0d3a869968d3435fc,126,5,0,131
ec5a5f20e02fb9cc2f51d4cebc9d373c7ca2bae1,14,1,0,15
fd500640e553764863ce84817d7acd6ab0e784f7,5,1,0,6
10f66439c0dd071feeff716508466623005e08f9,126,8,0,134
a892c7565510194d21d4192a89e43c7f2112d3c9,2,1,0,3
748d637e268e779248610abd12e0fc24263eba4c,1137,118,0,1255
030c373fa6e95d3a44295cb42ce5c821dfe5bdd5,1033,38,25,1071
bdf76343b85518ee58650edfbedd356ae09a057d,182,6,1,188
3eca9cc6c9c6fb4a420cfd65600d8f03a8b8be3f,52501,1021,0,53522
c757c0b26c4a05328588586d031a40a3d8804cbf,2,1,0,3
f64212d02ed03c7670cc963ba4040ea348e8e011,11,1,0,12
e13d9d5e89fbed7a8b2c6ed787f1c066943e9b39,14,1,1,15
fa22af39527216e8eb3cdb95b468822ea1c388db,2183,158,0,2341
fcdc4ce93355514ae36d79acb382df3c476a1a7a,9,2,1,11
d8c07667a27a2ec3a753803674f427a2a95ad846,11,1,0,12
ce2230b03c07b4aacd9b4a89be897860f0e79617,4,2,0,6
fd7bf7f81a0a1dbe7aa345d820f90632df201144,351,1,1,352
5030b16f460577c0ff450e853718667e85e88f96,1,1,0,2
aa98990921e4d9b044b74ef3403be6d3126f8294,721,30,3,751
2933a78cd07ddbbc28e0a6feb2b0242acc90d97a,36,4,0,40
6f5944cca3da334691f84a5a8f40e7194d551beb,25,1,0,26
8c4e3222a0fa228d246da6f6f95a7e72d59b6529,45174,914,0,46088
20afb3038a54bacb952c1215b00c3212885e24b2,63,13,3,76
7e9e41ef899922c23b8e5e6dbbc43161367ab32f,1212,51,0,1263
43f183db8b6f8287124d7c35c5ff772b22aed69d,35,1,0,36
eb2e68199907025545be1ad312364410f4cdbdcb,200,11,0,211
1921e75a2efd9c1e707a3772321575ead368da5f,0,0,0,0
d7755046610e2195d9d73ad63f0b9ced8420350b,801,15,8,816
3f65d0c630dcd6bc6ddcdcdffd302e338d222877,3,1,0,4
502c5fce6e051f9fb7c5acf1e0d663d9f8198398,801,15,0,816
8749696c12202d4d0dd403266bddf478e3bf07c6,207,9,1,216
f7bf6d3a273c311f1ad40f560bcaa0d9886d61e2,16,2,0,18
618f35d710d715e2518d858c023702bcfe37d47e,801,15,0,816
0b2cd978fc9edebd36cf701746ce556bb5baee4a,812,16,0,828
4f26c2ca886d088bf0b51a52e37422856bbf69f7,11,2,0,13
7e3ad2442abd2d27b173f4a0eee0afc0d8b369b8,66,3,1,69
b39bfbe2cdd0df156b05b0d05b58748c342a9f13,66,1,0,67
ada58813621c82c29954d78720f36a3ce134d139,31,2,0,33
b2f1e43412e4d66bc911f33da0f1a094b822d28a,18,1,0,19
7096ca9db74507f035108b270f0850a269b852c5,32,2,0,34
ae93578417ddd4cb241d0e3d796d0c98c3fbae2d,1627,78,0,1705
72c495f2c333b272cc02ea8ca342e8035d52e7ed,18,1,0,19
2442881a2d540f476261b1d3869cbaed7c534508,10,1,1,11
ab6119ec66a3cc973987e8e8a4e51b3d8e6ec1cf,3,1,0,4
3ccf65621308a749499925228864a94ecba0cd92,11,2,0,13
69b7b98679eacb2396c0d2c3e5949ce499eca075,133,1,1,134
3e3905ba5d6b8cbaa7ecc2f0b5bc035cd99165be,367,8,0,375
0448526c272d80bd5f4c94c4bed02dde58fde1cc,1,1,0,2
2a9ce52aad8a2af7e1a41171f63417df18599c7d,239,10,0,249
ea6c9a4f4ab16223dc33ddaf669afef264a6a139,1,1,0,2
0875eb71dacfce72352ec7756f2d6c3145542a21,56,2,1,58
1c97e8449c930203dd53624f11d3699388a6c66f,1,1,0,2
b12945a05feca1c418d5ed76b71f69daaf2cc2a9,5,1,0,6
42b32947cf0b7b859d16c5a0eabb4c7315780e3a,13,1,0,14
0b1c0d73691984677081164fdbfc1e735cae5f99,258,12,0,270
62be9d1eb3259b7b2931e5603a31ddedd3581cfc,258,12,0,270
0003d705aa4cfe237d70f09a787c28c5b7c3d723,29,2,0,31
37ddf31afdb61692730575aceccd174ae49bb676,7,3,0,10
cf6677bb044e6969c67230d5b79b97876989b471,152,3,1,155
4ba50f427eda5cb350b0fdd4937bccd0325ca451,13,4,0,17
76bb9c3daf04bc31c628b9409eda817f43fa5587,15,4,0,19
7e806106fc863f2c54b04ba5afd007e1926d2b08,240,11,0,251
e4afa03514d6328af9eaf15da65b449fea967e08,629,7,0,636
c2a895d4957e5b7429b1de142edc2873e591849c,2,1,0,3
0cced36e2da0464a84a4c2ffd177c14f900e936f,54,4,0,58
a0d6f5d55ba4a472225f5b8bf6e5c767f59fb62c,1011,18,0,1029
a08fdd74545aa2a87bc3e01f5f309440894a5095,340,1,1,341
7c6317047efb2fddd6a2f9d5ebaf4d9051ef55c2,2,1,0,3
0d4ebb6fc2f49795ea257ab638312f86b8d51440,162,1,1,163
eacbac44d26c259fbd3c8cb5da57affbd7a7c769,115,5,0,120
96742b5286b66606d1dc209ecc5afc88cedf1d43,613,32,21,645
fba31554d823b4f5195c9da31e320ea9d80da299,34,2,0,36
3f23de3ddf79c2dc1b2a08202d5d9c42c86d9a1e,36,3,1,39
c014b0017cc271a5942e242f0d28d075355e94a6,190,2,0,192
d0ac78f3ed00ed367166fb254928e2cbbecd413f,28,2,0,30
910cdda4e415ccce84cdf0a97d7e9114d1983ab5,407,19,4,426
dca3ca7dedb73f18c2e107d27358cece1d2092de,14,1,0,15
c82d4d8e4ef06207564f36a2f1248c85286c7b1a,18123,591,0,18714
769cdab3a9a5f29156ab195b4db3b721e8a74a0f,192,10,2,202
6c78f455273f7ab543c85814b62ab1bd78620a81,68,6,0,74
89ab9a0a778c690f838a9bc9eb655a5a8869f571,35,2,1,37
8c598c8db613c5611479d30f0a0c30374fab3e42,73,2,0,75
5d3f2abfc838c9fdd054a97cefad23ab92e8f6fd,21,3,0,24
f732f57cb319f5af1add6106d67eff338c59aedd,6,3,0,9
f54fc36cc29533ea0ea49eacc345b7f769491bf8,7290,52,0,7342
c80dd85f16fbf0de7f541166f3aa0906712ed669,8241,92,0,8333
4bf6436cd19fe73b1f63b15ddd589450f24cc36e,303,5,0,308
435543f8dcf761bf043598e28b296d747ff6e749,22,10,0,32
52ee2353941d6559e73c93d272e6a1172aa36f5b,336,6,0,342
6b0503a148a6ac19761bc8615edbb8ddfb117cc0,3,1,1,4
43f13f957357a243d1a90c300edee38cdf02ab31,1,1,1,2
39ae21b30eee7bc78ec6d92ce6cb0b3ed98a43f2,356,15,0,371
e37457aff0565b78569d6469a2b9aac8dda4d199,8661,102,0,8763
0e8a44232379f950dc12b2121b77b8572382445c,166,2,1,168
4644fa676d9a2d644f08e4996f855fe5ea1f1f04,23,3,0,26
f68fa57ac285606f86a6214f8f0f8dbe64d7fba9,342,4,1,346
a43be64fbc50e31b0ad96c92247d99507cf6e1b6,10,1,1,11
0b12f928fc221d0e2216876a69ca48d830748f0d,4,1,0,5
794e715deff423f96f46fea2b44dae69ea56817a,32,1,1,33
95666e99b00687e2bcf18d2a373acae9cd3ad6da,7,2,2,9
59528bd9fcea9f8dca9bfd11e533272af06c8ecf,26,2,0,28
41dd7379c76607b18088159ea2cdc8248656a90d,319,18,8,337
c7137c3cb3f492486cc7ce20a294a6686379d94e,381,8,0,389
a530f1d2f32eb8acc7a2717746e48c7402e92341,2,1,0,3
42ee9aeb9e0896f8f80fca5758e3e91ad211d13d,8,1,0,9
b330068febe72ef63c88770679a6507b966577d4,9800,131,0,9931
84e31966d0b4e6c3671975da221b89c5a22f04e5,337,5,1,342
74813a60127c9c5584b95f7a3ca755a232a6f983,84,7,0,91
afe27c70a484bb1949ab1e8e9bc25f3df69c1cc0,381,8,0,389
3df716d94e1c9f7d254e68cbbbcf7ca7cd49656d,191,1,1,192
b87eefaeacbf2fe1aeed4c4cac394038f4a3ddd2,617,28,0,645
5d2de377e785ec8a6b63f9fa7221d4ad4d2250df,4,1,0,5
72f9038da7cef1d8cfdd50d8e14791267c6270b3,3,1,0,4
95c58d81225d35b6f926f74a52fb3af397fcfb3e,2,1,0,3
0ab0a5adc70107b7f17b5ccd0103be8f9a57f503,8,2,0,10
ce38fd42a3907142e6eb412777d71672e8d8e348,132,10,1,142
b3d5eb607ee3bca2a3c0c53255c3675801011592,246,75,30,321
524dd05c6a121bfb3640786e058e70a712a2d614,6,1,1,7
78d77bcb98347566e4d8a606c62a18d62fb2bb07,80,3,0,83
4df09f2aa28bda95691c6333cd2ef78120951bea,11,1,0,12
f3c866f1d0986a9492124c315ceb92766c008199,6,1,0,7
e84ffa0ce9268f325e6ce82e7fd16e4b87ccd6ed,14,1,1,15
f54c6b3a6a9830f9e6ffcd922a31c328d3bcc503,260,78,0,338
8792734393f62549d804c61c151113951446916a,60,2,1,62
4bb2b3f21b16e6f27b291b5eddfe0b453bc7fae9,447,8,5,455
b34c88e52f6b6be9945d65243484ce53740438ce,38,1,0,39
d2cc690b2b057deea9fe0be604c7e59ca301e5ec,304,4,1,308
57119b0587ad8da0a5b139debe1066e014166466,7,2,2,9
cbdebf17454f7f66ac553d599ef0733d8bee0a4d,9,1,1,10
371774a1e2fbc73219f49852895e37e28bd0c889,474,11,0,485
fb11bcf9243a825433ff33480474fc3920596d59,5,2,2,7
f8c2de97845d5ea1a2519aee37b253f76e0cf5c4,79069,1271,0,80340
953e7b3f8408324d48e9f7c708606337d2594f1d,2,1,0,3
c9b0bb219331be024430079c65b763e3184458cc,20,1,0,21
dc05cd54a327bdd1695cf114c6dd1e72fc9cd12e,100,6,0,106
73dd34d77a0092b75c6dbc256eeea5bf50565c21,2,1,1,3
9d7bf978a5299cff179054cef6fc91bde844a52a,83,3,1,86
28720c44352a778050cd2aa97b4cc10835403c31,11771,127,28,11898
4e76acd2e5cd5ee419662f4d4233c128266956b0,740,91,0,831
940174d69c6e92350b8cbbb63217cc5ad3874e65,257,5,3,262
a05f2a14208c02f210a65e63d393a4160efbbbfd,6,1,0,7
0e000d459e79d9434d0cc7bca578e9f0301b35a4,311,9,1,320
88519e84955ffb26e480a4c7a9acf9598444ceb5,649,10,0,659
6862ba91b1df75d27a1c2c243336c1c51ef3e997,6,1,1,7
59dac1e87ced77ec987c3f25ca71a55baca1194d,81,5,0,86
6cbaab4c70c778a550218a9342b42ce4814fab6c,10,1,0,11
898c19b0beaba092fdbdf7539bcec68e0cca0eb7,64,8,4,72
2624d856a5dbc9da2799c68ff196220ff923f706,87,6,0,93
0620e9e6b0e4a56dea1f5df948c7f381520d43ec,24,2,1,26
17ce4e9bd01950eb83584dd353d6727fcea1bf1d,4,1,0,5
42275cb6b61d06856952fc1413c028aac72676d5,107,2,1,109
50171ea2df563b6c375e70e3e6537dde19f6aeac,10,1,0,11
7ed41cf992d9d59288419edfff181a75dcf3cf87,1070,99,0,1169
1d721826a1a62bc27433170fb67ac7cbe1d9261d,17,1,0,18
78fbe306530b37614f112b40f3fae5db9114bb98,2,1,0,3
6d8f0403b723fd053505f5e497ef3a1eed774424,6,3,0,9
795630ad902583c3af465ca78851b80815954acb,3,1,1,4
dbfdf76b8d96477c79d13c3cecda6970d563e9fc,7,2,2,9
5ab695bbe9b4f8e741b9f4fe6cb5076cd185faa0,372,8,0,380
c72a45875b55de9f49375070ad3821a9138458bc,3,1,0,4
5b42256983e78f0fe16b9f50c70992e13691f2fa,29,3,0,32
9315a0f397d6308520f0acb892aed2a530ac4ba5,4,1,0,5
dbfa6f6834983eed415562f4c22c759adfa65252,176,12,3,188
2446276a3e882c1c2ddb173646e40ed96034cd0a,3,1,0,4
5d6257c7ac0c7b97f2c83a70546316e79d7601e6,4,1,1,5
7b255c09287380ff48fa6501cecbad02682cd86e,6,1,0,7
3161c3cded1e3b6cd657d86cfec30a7f124ff1be,3,2,0,5
45ee8e8e27e6840d0d0cf6b5f8fa572678265f8a,361,13,0,374
c22b3d51afeee984ea5963681782d4d5ed56181d,1,1,0,2
78bdc2631997182e0a5b2fdfe6c74f33411982ed,4,1,0,5
e4433296d078d1f02cbf35c3b2dcd83ca0c4e1b7,130,2,1,132
188554bc8f7bc1e15d4f95583470c9ee3451f433,75,1,1,76
d81c08b5674d0abcc7bc4b9cb2eac7edc89164b3,2,1,0,3
1adfd615716412706ea67cc6ad13cdfc2b7341ab,166,29,9,195
835c1448c6661b28a4507c7f4e62e52e272d686c,77,3,3,80
fbc56e856904932af77dca6e5c6f240441b344e5,10,1,0,11
d9d895f3a470ca0ac9dce47f938e9e4104cfebd0,7,1,0,8
aea01d50e5de87fec4ed6bc26d1d663acd7ba58f,27,6,2,33
f8f3be0d3c739204d0291646e6cec4c2a8fd2d6d,227,1,1,228
cab47163b9fbce5ade77ff139d6b3e4657b7ce6c,2,1,0,3
bd595e8b5bc81537baff78f964d642fe00bb54ac,254,16,15,270
4476efef0839fb70aedcc86956aa066d6578b211,5,1,0,6
3c757939731979e72546ec836540a0671105457f,490,21,5,511
260bebabd23598526d1711f9448a3936d142c4c0,240,1,0,241
498ea5164badc913208c5cbd8be59ecf139cc0fc,451,19,0,470
04537ffe1cad319c826cbbb18365719dda213948,17,1,1,18
df3e4f7acf4267c0701512f45b6d99d3e905cf32,1,1,0,2
cfcb9a42f34dfd038be2451a7a5ed62e3753810e,8,1,0,9
35cda40a374c5a2151a6ed01c4c107f745a5b170,342,7,4,349
7d8c8ceb9ccba9b06392b254c9282ab1e7e2b2e9,107,4,3,111
61c7a4939e2bc72f1d9d3709c7320ade643a43a0,94,2,1,96
99151c208c39486e640e36bbc8d6e6c99fe0ee19,30,1,1,31
f69fc7961b68b45837f1b5932bbee2e4d0e8868f,84,2,1,86
a06a55750c42649acba4a27697809dde463542f1,286,9,1,295
5b0778f81857cc23479c388586cd42b7d82c7227,535,8,6,543
4d0cc8a8a924929ade342809b438e776968bf77e,8,1,1,9
6ba9e755ffa5cfd81f9622d568e509ff570c5e9f,107,8,0,115
734f820fffa5863ccd9bf45fb7986dd0705871d5,14,1,1,15
9267b90bb8f8909618cf0918ce9d6a76a7b9f83f,4,1,1,5
e53947792f1924344e63b8b54451ec47dbff7854,46,5,0,51
9b2a16e69766053418a4d809611de520260c297d,115,6,1,121
f65cbdb0eaba0ae325e0aa4dc2565b769a8e6884,6,1,0,7
0c06c62305c8ce700698608a99a558b4d2bfabb8,4,1,1,5
59e27ee65627b87de50178372048fe48a339f396,187,2,0,189
8b2403785fa78b231965edfbb1567d54c3de2f25,6,1,0,7
0f1fc65bd595b55e81639f96378c532820e0b441,16,1,1,17
cb3eecf83d31ae1dee05803b2ebab6888d6d828b,10,1,1,11
8e0c00590473914fde415524854322a5408c6fe6,20,1,0,21
afa588225a65be608e23c0ae6b1be5ab25615516,1,1,0,2
87da8961cd973caf8923e46976270d6545a018e1,12,1,1,13
c55d4010a827721b8eebc52a785ea75169f6ca15,22,2,0,24
0cc2009c76c38185bc6752e36a949536439a705c,547,8,0,555
bfda62188ca5cc35a7cb18950d8b7956604a458a,2,1,0,3
4b55cc3d2245bffa6528aadcc24d270ffc3992ae,3,1,0,4
c76de093137caa6590fc3ca02f660e6e81f2eed6,16,1,0,17
fe1f1d454b10dc2ec48520a8d39c3403240c8c50,100,1,0,101
1e6613c2794eae6cbcbd84d4566f8818b11fafaa,99,15,0,114
6657e083d6e298dd6c2b761c3e7d6774458c7f81,14,3,0,17
eb8756c668beb7e2ae40e43ee7a51df04c5a07aa,109,2,0,111
1f7ef61b6a47ce1ac9c20a49be5bf7f617046db7,11079,238,0,11317
1bf6645b6c40082ea79922c3ef8efd062a75f891,44,1,0,45
3a22db9db21c25e2ea421f4a411a06533e8cc9e5,38,3,0,41
86987b033bf066fa635d2ae2c427060aba9b84c0,80,1,0,81
3fe4a987c2e56435bec6d44dc6d65fbecbb56354,3,1,0,4
1108b45715828b3b8485774124653b18ba739cdf,8,1,0,9
bc337f55f959bd5665df5db37c6fb5a53d1f8547,71,8,0,79
06a5b1c92240363dce6201d7bca80f02f8d66124,103,2,0,105
4dc826cb92ac239d37ea5c00af5c56b99cf9c83f,57,3,0,60
e35da91ff0de53533fe4964fabcd3ed3d8fa2885,684,28,0,712
9d985c8c5cf4f74df6dd9ce0f2067d1b63d9a6b0,20,6,0,26
71253c8ac4debeb120eddb07d9ab8a4484c28de3,4,1,0,5
bd44e13dbb7652883a5b7fee0069f0b7ab998dc0,64,7,0,71
c57ce8525836f153585d551d87b7b1d3c9fdd933,4,1,0,5
7c92c9c712b6ec81499fb0c5ace5de09e5626a45,125,4,0,129
33c3d43482935c5f3eb567f2e565e235b457ec6d,90,5,5,95
b10ae795e1c3760aeb5763fa23c7f929f240b98a,200,1,0,201
07866c4810ecbdbd339208514e1ccf0ddec0bea5,1826,126,0,1952
85d444abf12d4c47661e008f54ca654037778a0c,200,1,0,201
2ee732701fad3366f9d9f0f0e914b63ae778defe,10,1,0,11
384e5457e9e476ef589b69354118a365f51947bb,89,9,2,98
7972da93f7ca851642fe1fb52723b661e3c3933b,3,2,0,5
6acc79d3107f1e9664223d14758818ebcfecab5d,502,2,0,504
7deceb2ab433b443a65837c7b0fcbdd762b3acec,13,6,0,19
8fd3104456349f956a73495d16fdc73f5d3044b1,110,9,6,119
3eb79df8b5bb45580f1ac8ff1a770807ad59b19e,502,2,0,504
f0a805ff5715dc251cc17d4d66e091c69efa1e58,2570,136,0,2706
42f3f2fae957f06a8ef520b846dbb11b23d22c23,2,1,1,3
3eca5e705599033d1e395ed0e5f438dfcdcf681a,40,3,0,43
dab080d4b06233265c84c967c1bd70dbe8ed9c71,15,2,1,17
ae3144ef19039815c2dae22d2071a485dbc95d60,44,8,0,52
1708c5851714a0bb75d2588dea73461f114a8b7f,12,2,0,14
8d38c52925e46ceb04239dde8d01e5e12fee6751,781,4,1,785
1c5b45a8b9796c7d6760aa3d370a28604e5204f3,12273,253,0,12526
be685c9c59d350e3edb0a35719b0851f001bf192,470,10,7,480
96527d0dce935e635af8debe010eb44e2bef43e1,73,9,4,82
dada92fa7586486ad4d3f724ce9f6e71add21c63,56,10,0,66
412b87d020a67ee96d11265073e3800d9b904414,14,1,0,15
1c608cd3f7a898cf6b77c1e1a952830058a79212,6,1,0,7
e4834f478fb4a63b87f56853586afcf422a0ce5c,6,1,0,7
be0ddab33e2d0eb87f5c6920efbdb672f7db19b9,7,1,0,8
acaf9cf3c1d801ec3ecee38d49627e58c15c1369,183,12,12,195
7eb269d61c84fdcfbfb383974acef8d6ad920507,16,1,0,17
2ae6d273d65daefc4b6c02255826b7ed2d38e8d4,8079,558,0,8637
6657fc33eebe1f45bd972bd926b00c1211e92d39,16,1,0,17
1401330bd972be5ce4a39304f96ef8d2b0a3f850,23,1,1,24
4ce78a061ffcb74d75fd84e863f7f68c37a02ce2,12515,255,0,12770
7a274d38c2c3e49b8408aaaaddbd544a0d5b7dcc,3,1,0,4
ae11c586e950a76775ecc36f84ecdb44ddfe8bdf,155,2,2,157
a6f75cdc09d0cc19f56a77bb9dd7002af36b6788,33,2,1,35
3236419c00ed4d9cf8d34cbc1e4cf384fddc743b,32,2,0,34
013b4bac275a6c5c98ac5da28b0c54e96591e336,155,2,0,157
9634cb2dce9f47e77449fc1b50c898f1c674e028,91,3,0,94
291f3bae60f2dc3ad75a64bf5c78be2569804ca8,27,2,0,29
c32cb7f08edc2f2078779321d9b58413286b2794,49,12,12,61
1e2845c5d5bd5469bfe42e43f944ae67221a578f,9041,603,0,9644
26bda0c67e0987bff8a5431a0d38ff7b4fb53bd0,50,24,24,74
52e0ec678b9407c99870ca89a637f2eb8f2199bf,8,1,0,9
45e2b8f01ec05efb885e85129ffb9a190355038a,1,1,0,2
9cb9c85f19974fa35e4c26ddbc83350f99f0dee3,3,1,0,4
a7d9a1067f475646e6be2d064193f057190403ee,4,1,0,5
4aabbbd896c88aed33f9baa2c062cbaa1ce360d4,9207,607,0,9814
0a7176f4f923c164f2ab345515cd0b1f5a98ada6,8,1,0,9
4e62cbaca088aabcd0d72c0a47fb5eeb9cc0a86b,7,1,0,8
b1479f15e949e250a02c890cc3c314faebd63808,70,2,2,72
7e57d47a737a2aab86dc93693456df1142db43c9,8,1,1,9
d683fbe4daade5ffbec805e009f1e182ddeb6144,5,1,1,6
5740cb1fb47e3149c85ef3e12802aef0c2c70d3c,3,1,1,4
54672e896b709f528f505a557b1e0156681a3d8d,2942,174,0,3116
f69865a93cb02f2140142573e33cbf268fa2dff3,1428,84,0,1512
5183626d2e5eed9b7de09c645a3530442874ef2c,374,22,0,396
fd3018c0960661d84e21c2e928e9c902ff791ba8,2,1,1,3
8c082029ab28b08402c0c8663fc90b8497315a5d,5,1,0,6
b92a4299ebc8868d2cf340bbeffcd83fbb9039da,46,2,0,48
f16407dcb258918847621f90cc063d863af97f28,2,1,0,3
503faef26ee421a6695ffe0889683b301d9868f5,27730,899,0,28629
591b365638309a57e52a06a67328c7d4f6c5b3b8,4,1,0,5
e6a08d1b41866dcfc6981560b351b2e95e530711,2,1,0,3
796ff52e9f6de8a8cb1ae300e38fb3dad650f984,50,3,2,53
79ea1593bc6d2448f22c019159aafdc185bd6840,36,2,2,38
c300f6e4acd0318f3326eb62a75994b33cd6abf8,5,2,0,7
fe649a4c9adaf23975ad7b4051cd1989ffe43f9b,31,1,1,32
489d1b834ff7895951d0f96e549ca4ceab6791dd,66,6,0,72
5ac2673b6fb0a5af1c68bad07b8776441a001494,120,8,5,128
3065b0ba03402252423a127a45e748e50689316f,9,4,3,13
f3348b41ff32167399ee7ce5f9ba7ee7889f66a4,14052,615,0,14667
934d4e069095c8bc4fb6c320c243da2e0c97ff48,1,1,0,2
06324b1bc6f0b0cda8a724a5dc0191e694efce8d,57,5,0,62
5c856ed50aa1b4c61eff520fe2c84c5ed2762671,14107,616,0,14723
dfdfc6c823230cb62ac0b70b698d4df18d2e6afb,18,5,3,23
2e6e93d33827348031bef3f061e387c172318140,116,3,1,119
888f0a3d1c9d093bc1ea471b0462b4484d34d09c,733,33,6,766
d49f9c88506b39e384b2697a33f075ceaed66cef,415,6,0,421
a88eff96572996c681c08dfe398d59690af0c420,134,7,1,141
d5f29b238adeff428b35a61d7196ee19c3d20825,786,35,0,821
829c2b1c79a0a3eae3255e6bed56677d1b2dbac0,15,5,0,20
f48c968c43f522a23dd33451a9378e6f7682441a,21,4,0,25
ff3244041857dee753a4317d96cf7e7ad1e77b17,21,4,0,25
2af8c3172f94b4a9a8aa87a374cd3c8d8fcfe977,2,1,1,3
10b971b817cd54940bf023a10e3645c5735a2f47,6,2,0,8
3d6534f735935a9bed6d83d98f4ea592a8056fea,12,2,0,14
0cc8a781c4193154fc74f899ac98f862748db66b,10,2,0,12
c5f1e3769b2d05a27a76a8e326d3952c608635b4,12,2,0,14
9d01cfde4eb6ee43485686abe71f571ae0cb799d,21,1,0,22
28ad5e2bbbe756cd9ce7c2a21393cd1c1697944e,37,3,0,40
b9d5986bcd69c687db29f4b11748e0ab148f0164,4,1,0,5
df1cb3b6a2e6036c315c40cb8073bc07a6f1be81,37,3,0,40
7d0770c4190d5d462a10e8b1bbb56030c9222088,15254,681,0,15935
385d9c8e5d13423bbb7e49e36afaa3775e075f1d,175,13,3,188
50b75e4c1b9b4578ed0294798197f4dd1d147aae,5,1,0,6
184b1a558628f59e36ae6a377cf668f3bbdf7f53,2,1,0,3
d50065b144cead7cddfdec50e5e3ea6450749300,243,16,8,259
e53ca2e9c5147dc788a0ed3fc2aace01e32a97dc,821,5,0,826
8656001e5ce39bd26302cf8b64a226d1e1c2abd7,45,1,0,46
30591b2db0967be32ed759c575bc9853502bfe76,7,2,0,9
92656726fb56891c58e78bcaf2336cd5f36b3b25,5693,293,0,5986
839cfd0acee72fb3903822c8fba3512b72ad23a4,2,2,0,4
944b98c3d4c447533ceb164c851f5499b7b44311,2,1,1,3
12f0a8d2ac7c479ff42470a31361f7961a1014b0,177,13,0,190
cdf934ba70404aa99843ed18224e07d760e2362a,94662,1693,0,96355
3fa658fbe228fba6889920c28acc4179c19b5808,7,1,0,8
bbcf98cd29f3184769ad9011859302c1ca2f8585,10,1,0,11
f3b49a5533fbac9886c870b33375ccf2aedaff2d,12,1,0,13
242eaa51cd5e52174962642945de7a1dc51129a9,1056,5,5,1061
0db819bb23d37707838df85ac0114143cfcc5575,122,1,1,123
99321a1adb54899bf65ac88e8c20ae51d41c6bc1,6,1,0,7
a8505ff3d71e4b15f4e2ce2b0f25c1b9961481c2,10,2,0,12
f2d23ff916e746e6d1bb682ee13af5b52f7aa3bf,155,2,2,157
48b41f2d82b0d792b880342e14c82e699e18ee7d,32,2,1,34
d6fdf05f1c04b21f9be964bd587d41f26c0bf0b5,186,16,0,202
eebcc9c72e8f81a49ec1a78a1b5fd90b0e9b6256,1037,22,0,1059
cabe947410acf00e15758d9aec55b76f5dc75dac,130,1,1,131
448e9c3c685a8ad08f2e0c02ce455409d487f989,157,4,0,161
0c00f930121a6409fc35f4207a17f0b768d83f4c,379,3,3,382
852b0352503e1087e17cdd752f0ceef34471ca9a,11,2,0,13
1c72f34bcc42bf989dc4fc23f3d6a45785ae92e4,108,12,3,120
71e7133fdb2b936b647558428ec89398eaf0d973,321,1,1,322
d57374e9b40f830c89e3c01d1f3adeaf67f6188f,3,2,2,5
8eb79a74d4930f479b4a44590b1075395f8033e9,39,5,0,44
21e1f16ea372a7c4356a73857b5fb7329a9ef8ce,110,1,1,111
073db0ceb03ef03e51fd160920fbd2420c67e5a9,10,2,0,12
58f0ec97c201890de95e25586278c4cc5b377e3e,128,15,0,143
d3e5e81bfb1f9044030e48130756695fc2199449,1069,22,0,1091
fd12c00081f2b967ee3c53800f9850474725ad44,74,15,4,89
6e25dec3b3c2f2d560782d9e318faa9788df0faa,78,1,1,79
1cc3d528f8b04e6d5760de297ccfd18afac5c087,20935,122,14,21057
74447a2ecc99e7e8996b1526999112c876a7f97b,15,14,4,29
1754b9d54bfc09e77a02189468a2a700d32c2d27,50,1,1,51
75ea4a3d6f8bd680a3ffd4a8a4d1b2b6489ed1c6,531,5,2,536
847aeffb483ecd30116375a44d8dd74602f54cfe,39513,1083,0,40596
a7c201cded47a7a1066c3780623696699f2f37f4,2,1,0,3
be6cfe3ec6560ef2fe6c6c6af40c3015689388df,307,11,0,318
074d6dd9ce21cd4628a5543df6582dbf69419f32,41,4,0,45
77d7eb8f1a6074aba2cc4a543d528c03ccc95035,10,1,0,11
bbcda443299d4110868f8174b755b8c41afc2af6,24,2,1,26
39547027efa0021e0f44d084d6489361e65b0768,15,14,0,29
89ac9dc57530a4d21ed70cbf247b5d2ae0f651c3,157,4,0,161
932c6069e481ef2bb834742bf18bea140df2947a,86,5,4,91
f16eadee1c230170768448114a05358542b1ab05,215,8,0,223
2fd6e2608a29c6e456909b2768fd734ad202750d,36,3,0,39
f08fe8b60a638c2991396c566f5f642643ebc31d,53,4,0,57
ad1a0ab101cd5a2119976b93fd671563c6ca46fe,24,2,0,26
747b4b82c3fa5ecd80e12220f40aacc782bcc8cf,51,1,0,52
f2c3c2b5915e90809e7f9e91494b43ad50da9bde,388,5,0,393
6482ae56b731df62890cc984f85e01cb8503bbff,62,3,0,65
f9a85b0f28693b483bd774bd263313e845393951,4,2,0,6
947b392df22476e898cee35f3f7f65dad095fe7e,4,2,0,6
c1f89b2176f3d299a0a758b66ee4905d26240167,5149,42,3,5191
46c9d81536e55e9715bd0c359a5619632053a4e7,89,3,1,92
ca3512823108517f68919f7d4de0f1f568ecf15a,4,2,0,6
07ac8b1854426f24df5102e5ac815a379df7b3dd,2,1,0,3
d673092ee60bd009cf88c6c9874b68dedf14e239,15,1,1,16
af95144624a2ae242d1a59215edf720f9729ff9f,6,3,0,9
49027b7983ac77440bc428ded6f949f914d78e3a,4,1,0,5
1356a20627be5aa0405a8a04823e5ee0af47ba5a,56,2,0,58
ea5231b93e2f61889f766bde472f6b406507cd56,355,70,1,425
4477cdb2227a3450d90b6c6c3087a7bf6dde69e8,26137,164,0,26301
317e4bb5d8b869d07b0e7aa588f32068a380fd4b,422,21,0,443
fbe025f6836cad2f52a1ac7414865e6c3d998e7b,5,1,0,6
2fbaa428033e12d35f57292bba7f9b21e446ddc9,26057,164,0,26221
4e4ab9e24d5ffdfe4ec05db38bd06494d9f19826,6,3,0,9
2be7cf033f5c4556566438b5978d12f3f8211f3f,4,1,0,5
1b0b9986ea6308baea284012c05e797a1a4dfdfa,2,1,0,3
6fa2e992d7ea68ff8dcf4b3a6227515fd2dcf282,16,2,1,18
385f86895f378dabc2de55ef67763d4e71116b52,13,1,0,14
16a4265ea6cd95d7319b0c995653f259fd42e21d,26137,164,0,26301
dfcfc0e4bd575b7b253a159442529a8e6aa5f873,89,3,0,92
55ff0729098607414aef8de1e183ce8e5dc0cbfd,388,5,0,393
ffc9dd8ef3426ca8f8313c284415f5088b9dc8b8,6,3,0,9
73ba6d66ab66ad6b0d61a9cc782c4d4ff39d2b25,133,1,0,134
0e5070c6b6924e8ca806b8f2db555e6b106eb83e,521,6,0,527
8271e51e22244ffe85b509f4f86be7ddf9a5a681,15,1,0,16
d85fe36d7e22e71b933beecc95e25290010876dc,2,1,0,3
f74751c0202fbe6fe033287ec868de2f63785e2c,26350,171,0,26521
e6fbedf822069a728438d394268803c9b8cc0b31,48,2,0,50
302e683ef886368d00fa4cb1e35f54480930da39,42,10,0,52
40df35145faafd435cd5124d927807d423b9782e,203,6,6,209
38a99a33f8ad4ee7851187abbdafb0283ad6f692,536,5,0,541
de28a7f29aab11a6dd5c084aa7d7f6e8ec6ee0d8,4,1,0,5
cb3e6d0c42104f49b4f12b7612e5fc5111ca8dee,157,1,1,158
1b6740cb20f39f857af9d502bb478444dfa6ef9b,537,64,0,601
659396f2ba64d7ddad53985489ed985747fe70fd,20,17,5,37
6b4da9d38437b6fd1feab5f6c173ee2098db2daa,11,1,0,12
38faddaebf257eecdb756441ab3f9e267369c250,32,2,1,34
8bdc67adf238899a44f236cf2bf6b295421b1116,44,1,0,45
2272d553f3f8710d12deae1abf6940357bc02611,4,1,0,5
8fff45aef62ed0ba4f3357d9590f957f016ca94c,207,10,10,217
0d8ec47b9231671b40369a800b9f9b9452a40c65,6,1,0,7
f9c7a5ced503eb7b65834c6dab5237ab03c354c4,2,1,0,3
77cfef619f61a9d900250969f67a3bb4296467c7,46,2,0,48
94c3a90d8f971fa5a3a7013dacf15905d6075c9a,91,1,1,92
f83cfa15216f083d432d4a44019bb30165edb4b8,52,4,0,56
84cd91cc2cc1f11b7491da17a9b33cf421a77a2d,7,2,0,9
2bf5da742228e1001cc0adb6ffed83647e8711fc,101,8,0,109
385114dfbef9885f1b9596ec2f58d05f16600fd5,2,1,0,3
299c5d15b349399c8c6e19c9c8aeb7c6c2805647,240,1,1,241
cd9a2bcffcd1e7872cc96ef9bb80fc6752cd6809,3,1,0,4
204627a14e9cbbf12405f2fb75fe7daf8a14c1b8,2,1,1,3
bd8b1805c71bd7e7252e8846cae7d819c22be8a4,713,21,0,734
c42bf53c72f502f21d691194c4cbc941438aaf79,21819,752,0,22571
b57e47ed385ee2984f02bef8741eab694d44ea34,50,2,0,52
c2d761a35cb1fb89b77d421c18ab5e3e622d9a13,25,1,1,26
0271114b6169b20c976116b7edcd43628b4b2137,59,1,1,60
07238aaaf1170d8becc955a67688554193330366,106,4,0,110
9135e3c32648e1c071c5787e2aa0791283f7d142,257,6,0,263
e99a52bc55908f39bb43ddc6ca5592e4aef728aa,26,7,1,33
eeedf73aa64f3d5299a93b482344ffee72e8a6f8,34,1,1,35
488e1161abea92e57bb10de2e96b1474ba2e2ef2,1,1,0,2
77e7fe28f74b7b0615576343cc8e7bab5cb137bc,76,8,0,84
4659f5e04a9cca08ecfd666ad06b607f84e13a02,17,1,0,18
b967909d441f45f7ec7075aa9f8190bddeea3f76,941,38,0,979
bf93dad09b97eba26931ff0e265524a2bba7e83a,564,64,0,628
4af3397a3805c24d18f6d3481c7baf8461404bb0,8,2,0,10
7557dad16df1d93ab4bc4c81570f8aa2b2be2184,582,66,0,648
1c440bf6a557cd032abc6f40ceb4288216927e4f,10,1,1,11
eecc5dcc0036ec6e8da4d5c7cf9608875e54ddf1,43,2,2,45
eb335a9d8ba256f182fac3e9322bd7ed8779d182,26960,188,0,27148
76766132300dbbc85a3d7480174d340f75209367,12,4,0,16
d854e3f887f60dcb8ade0f589d9fa8172cb2ed9c,155,7,6,162
0db778b7054e14de83e1848152249523e227375c,8,2,0,10
9a8abf3ce806bc020c2dab5f71df0e66912d80c9,8,1,1,9
9894f5f9b97aa179ea0939e06fd0d86cec8a5382,120,7,0,127
c493225f8314af823c416e14b4a89a2d8fd4ebfb,399,5,2,404
dbfaf0a7d305216ce2d02d7da34e52c153c065c8,779,15,0,794
9a606d57502ac2a3f488775999af551203c01776,29300,364,0,29664
deaad898cd11805deb24e13d54da94529b53eccd,46,3,0,49
3e1a05b8093df017818a8a6dd54917f46f718942,4,1,0,5
189c5fc9e5b4cc42dec41edea05abc6db8a8557a,30,1,1,31
c08f427e711c8b2cb61a42f7824f6c27b803b441,19,4,1,23
90300adf152bfc2d16836c8362a246da73df24b8,817,17,0,834
f35938b3d9ac4aee67b26c8508e3574a9c030452,7,4,1,11
64e6544a26bc2d5220b39afbfb203980e82e75e1,2,1,1,3
36c43185aaecc2965abacd9dffbff32d8c5dcb1b,17,1,0,18
75e7b31238d472024f96b14a3cd11b1aa19495ee,6,3,0,9
b9a1e831e15b5b27a23279ce6c4a334aa58904ef,6,3,0,9
62f93c20668fa2fa940481ffde968a0a5e05295b,8,3,0,11
bd9a635e675e150d7f4f3e51923f3a1cc2dc3c0d,75,11,0,86
be25aa36787e1b0b5a04104d726fcb6c328a649a,998,9,4,1007
00b8a28ec26952f6eeab795c5b3f1bba02dfc791,272,12,0,284
4e4feb841a16e313d7304129da74596145b00057,366,16,10,382
0707af2c839f40c1be7f3c517cb6c8a50cd08e0f,274,12,0,286
d7c3d0a316966e62f8fdf5e3467b14e27530c25d,75,11,0,86
1a9105400c904cf00ed024b3241ebaecf146e899,366,16,0,382
6cb8b4db2dbbca83e8e60eef854cfc042e38a929,167,4,1,171
886ba0393787b2656aa41ea69d5b919806ac15b2,3,1,1,4
e444ffc2c0a55f0b0d067ed36dd09799c4a04783,6,1,0,7
77715e238754dc983abf6b23341bbf0ea1060e5c,33,1,0,34
dcbab7d647fd77c65f90a0472fb749721d8c71bf,537,26,11,563
af7b83562efb08fe58315271ac8961fc464bb306,6,1,0,7
d03ce1e1413c90f30b6ad4a5d66bd41b03f2df8b,2,1,0,3
c9c4f639879d8997685a559c529f4143b78da7ec,2,1,0,3
151a2e52285c1370c4202095eaf7f70b97ff1cad,73,6,2,79
ef5c2f2e09b2137a1f338d35d737acdf0f26b82b,274,12,0,286
1229c7fb9ceecbbc90f3c05cb72c543e211beb50,4,1,0,5
0eec3ba12ae33e6a4917a74bd58ea902a0fa6615,2,1,0,3
e1c6290ba53dca6090725e2f8bda3ea2488e01c3,3,1,0,4
95d690b911bb6470c7eeb4432f78450919ee38b0,47,3,0,50
71ac8f092f37bc83d6ed8161686683b4bc6a7b2c,47,3,0,50
728528fb9641891fd98f9d127d85717ac58b4935,609,28,0,637
d8e8131a25d0168737f54bd85242fd63f72f674a,2,1,0,3
95537b58c9b9116d37db85c00f157e4ee5049561,2,1,0,3
05dacbb92162c29b46599f676444d1d9f885c9cb,187,6,0,193
6dbffbe78edc503858d70f8557356c056c64234a,6,1,0,7
115c7125ad287d6374af8b0e4dbc667d4e8c52b6,1288,57,0,1345
87a941a3bd412307e3e10af18fc4ea5d38f7d27d,1168,13,0,1181
3c0efc52f2a61246ee8f569d38cc7da6923e9516,193,7,0,200
55fd133db25c7e7e99fc4b0fc3989e258cac1694,2,1,0,3
6837e1294718dbf4337b8d35be06f36ae955bc4f,2,1,0,3
8ec30798cc26dd8d002a3704bf0e4a1a5ff8e7f2,264,8,0,272
f1a46c4add5264af7d21fe373f9ad3268e31b5b4,1363,21,0,1384
6d551b11434b87612294d2f06be00af23fb9b3a2,13,1,0,14
a0b4a47031ea39ecf9e432fde8521ca37c685c06,42,3,0,45
77ca91c1c390804f1df92ebc22feb9526cac427f,21,2,0,23
01bc9847814f2854889fb2b4f9b87f25e83e2a2d,3,1,0,4
f90a853d0db4ce6af874ad3ff451b1550c2a101c,27,1,0,28
7deb146320758f37cd8f469c2f6e2038f0179957,66,5,0,71
be0e755b03898bb891d4f03a0a67026dccaa03b4,319,110,19,429
41d6c97df53c0a3176e4221e720a116cacb12511,27,1,0,28
63ea553fa3d208c4a23caecbedc78d36e2de281a,10,1,0,11
3d209d7b5c8f2406cbe9df8a6f5f931522d07311,319,110,0,429
cbf64c92ef81b5ea1d3bb99f1ec9fedeee005ecb,1910,46,19,1956
305f8a2e336c6386cfd26a1634cad8b8db311f75,10,1,0,11
093a2fc94248b4d67cf4c2179f450e40c41b8408,373,10,0,383
a034ed02d70f45c841401c99a962c077aa27f9fd,20,6,0,26
dfc1a49c69c259126c25dda15c37025dc16b50de,10,2,0,12
dea117528a8524caec5f1b7dffb09d04c904a8de,52,2,0,54
db974fbace0d893f21771ab3a24e28b8919946a6,22,1,1,23
19350779ab90a64d4e707f84ef8669130acde2ab,52,2,0,54
7535b142800ffe5de065b58389c80341008e6be6,293,1,0,294
56ae536b750b6051681e087e0273d55358b4e416,22,1,0,23
1496f8081b2f95e526c9e4875b8f90dfb75d1f19,20,1,1,21
fbdfa726e476553cf2aefc59f0060d7375ef2390,68,5,0,73
24c6fed2283bc2e29174ee7bc1e3508164f20bc2,415,12,0,427
4c5e43b238097d62f61911bb37a5f95f1a07a5eb,557,48,22,605
df5e6d36c748c59fc31561ebbdc6b6ae17089ac9,2655,37,0,2692
496a65c6509c83bc9aa642cc558130baf9d712af,8,2,0,10
e05b21871f279e85ae03176ee79f9d1b7a6dd8f0,9,1,0,10
d94641e10a8f27ef44dba54ffd17f10f54fa815a,2,1,0,3
3691cede2c027a12f5b8097231b98dda0de17dea,6,3,0,9
f279b44da837969abca431b0474e4d58bc6bff7b,4,1,1,5
13b2736f83b6a6e7d7c9a2f3a328fa97ae4ec02c,16,2,0,18
533c0e457fa9d9f4d7a3427fda6af587ab09ff94,12,4,0,16
e292069832dcf220ca356c8f46516d187f8be45d,310,7,0,317
51f75909b751f765947a96adbe49658aa20e4806,8,2,0,10
b97bc6690f60cf8d723c2c656ca21dc3f247965c,621,11,0,632
7a68a06787d398089ff5a44f86112a967b8b7ab0,26,2,0,28
9b3b2bdb0f4e070083f75bb0d0ea0d8bffbd8e14,24,2,0,26
46431f8ed2f77c34e237e270f459bd785b0fc8e5,12,2,0,14
2df67c567631819f105d3f8df82412522fdb9964,65,5,0,70
9dde6c14799e946092572bea540b213b19d614f8,0,0,0,0
629560086e9face071aeb3dc4f945dc779de8041,46,3,0,49
963e9c26185e631186d9d2935445845f239f403b,59,4,0,63
b473e309950b5388c007832b5bcfcb089f11e169,629,140,19,769
aa6763269a04b837be1a4fda578f1cda767fcc6a,59,4,0,63
f7888333242e7eaec645ba1c189203c01b239838,123,3,0,126
08e65e9d80a691d3dd9d4f2a2867ab1b919356a8,3,1,0,4
4230e03a1502840b4000eb3ad01cc003092a2df2,254,2,0,256
cc3c939d2978d54d254c5a0aa887529d63ef75c0,37,3,0,40
4971a58b44610ad3e9077a96e302e53860356e80,113,3,0,116
94ea692508b903e2ce05b6efc70d30c4011b03dd,3,1,0,4
b98be0c669ad701b6a3f633e012bf6ec724964b2,9,1,1,10
38fdc247f1c822ca32c6acd3f491966e9984d19a,4,1,0,5
4b84c2fe07a5135b8b7a67a5ea00c3eb2c6a9e1c,1039,146,0,1185
000751688b42d4008e596db2d2d7932f3a9872a8,35,4,0,39
9cb0af706808116b5e5cff2338d52028d303d9dc,605,4,0,609
19cf04431bce5bf24c0acee89e4b8d7b2d989dee,35,4,0,39
a6e063b6c21d82e58b7be96f5af004782797b30c,5,1,0,6
a57ada5873e83d2ea6dbed75fb1ba99f19c65c0c,640,8,0,648
b052ac129c8c8cd270a70a6757bd8f83a10029cd,17,2,0,19
27fbfc6bee02edfd327536b1897500c7a1144c2d,5,1,0,6
74009c98172870c132b74a27e366920618a7a17a,18,6,0,24
4ef066375c7676feb7ef4b5150a5dc5ca68fd93d,2,1,1,3
787cab5c19ea6ece92e584671e252115f3ac0a46,35,8,0,43
5a46b2977e898ab01f53bfd85a64f6ef751da63b,26,3,0,29
658b82342937653746cade566fc57b9e16875741,1,1,0,2
5f3c90b325c15f84a97388e1918a887368c4bb69,9,1,0,10
c9df98f8a647067d139cbd26f591e505bbfeada5,1849,30,1,1879
0eb53a9d6be8c8d7d886772b3f24ba26c1a7430c,18,3,0,21
cc5bd026e7130589d876dc8e483dd23a28bc9f44,90,2,0,92
c2bfd69626523b0d35bae08b4aa39dbec46a8724,46,2,0,48
b34d7ae4e6bf755c65093f38237ca2246b0937b7,90,2,0,92
b31c9c29b2be40b3a03ffb1189d9c5a2fbf9d881,7,1,0,8
45329857ebfeb36db06e8c3201bfdcaa481fd976,2,4,0,6
30a78d6ebc470db8ebe653b09f3801262790af58,2,1,0,3
a7f2c82977c61035e96311840181bc4ecf995b6f,1,1,0,2
2a45e827f6ebab601afaffb280dc2c274dc9e854,0,1,0,1
b8d18b84b760a5539e2d3daa285ccf10fe1545aa,30,5,0,35
7180e5baf40a7174a98254dc1b139f1d369d2249,0,2,0,2
e43c4655c4d271a7b11130d4813cdea6493b6129,12,5,0,17
49be282f12f3c3fbec7478c5fbafd10566132f92,3,1,0,4
ee46194e3ce487fbd5a6500ce1b4471f9a1a6740,4,2,0,6
564576391e9c74b1dcfa280cc4c154c154283f6c,0,3,0,3
e7f3a15815e071e858ca99d0916d003fec72fd0e,29,5,0,34
a515b470503058f9c8f4d8e1acbdbe36e0ed678a,0,1,0,1
249537cd2c0c7dadcd70a946c67ae668e68890ff,12,2,0,14
e192257677cbedda9890f9f64ebb5139799963f8,15,1,0,16
6ff0792fd119adf5bcefa04633a845d959d41170,4,1,0,5
2f32b7ed68bac65f2748631bc1e41088a8fbf6ca,59,2,0,61
c2eab73e636d79e1dcc7e5df6aba88a0e6a56e74,2,1,0,3
ea5346130eea5857ec5503bea4537d68064d9a40,3,1,0,4
c7b864532ed910a27049588c25d6aee3b741fd5d,15,6,0,21
082ad6b0ad44f8134b83733e756b151acefdc81a,3,1,0,4
71976a7bb416d36d69f3e37a07083305d24c9bf6,9,1,0,10
f4e9c473a5c32f9073726eb0b1283f82c951088b,37,1,0,38
60d63a61a33e7c1dbe4e1283793ba1dd11a64955,245,6,1,251
afb1de605d36b5b8f2ca4e4163485d25c34a7ce4,22,4,1,26
9fabbeab00029ce62e4255b22e5cdea9faf6c81b,4,1,0,5
61d8a1a28b8021339003e1c8e2a0f1fdec8c7368,22,4,0,26
2b62e4348d89f8fa7a1c7cff39717ca0cf400aaa,4,1,0,5
da36a72df408de3bdd77dd877121ea0f569ebb38,60,6,2,66
8f26539f8a16cbc52001f5e84199d9e257a3f4b4,178,8,0,186
f6e02dcb0e688c76e56dd77aaa534e0a9c56d0d7,194,5,1,199
60fb365aed324634828663860057efb03654925f,8,2,0,10
d22e6f4b26c2578fb554f47ffa8afeaa2c63ffdc,2,1,0,3
364a72307190e62a1724d390ea2cd1d9ff3fb291,196,6,0,202
16acd3fb1a2eb3a310ce95cf7d643f8662226d5d,3,1,1,4
8568c703c7371074a74d5776ccbcc1c1157b6c6a,165,11,1,176
280b4f68d6421f32b952d62cf1ffbe6b22fcd08a,252,5,1,257
2ea4871ea0984c0cfed50d404dc2a9a4fabaa6c8,1,1,0,2
02c4ca590d5524ae711057ab5448360135520a93,3,1,0,4
2c8716430db5f4461c34974b9266a21ca90c0372,449,3,1,452
d086ae05040e5c6f28bccce0747d95e6d15aea4f,377,8,0,385
1466d1d086aa9ccb23bff22c8c9652436e5048cf,2,1,0,3
94270c2055f3ba3546c6bd04dd6fe40c70ba7fe7,22,1,0,23
1653cb74949f83db96e89c23ed10c7aee87d8bb5,24,2,0,26
75a8dcc0b71dc76fe74df48f5153e427b786fdc5,3,1,0,4
2cb81f9b4f689167dc00026f5309c6444080d80f,441,192,56,633
46fb0889b26690c8c451afcb1f2e3248bb8ad7a7,42,2,0,44
6986cbf2336c9b2bc29362a61bac16c3fadabb6d,486,195,0,681
224bbb0efe1bb3c3a74b4f0fe2347ace2d8dd518,72,2,0,74
0778c915fbc8ebe5a7250017b0d56864ef0484d1,2,1,0,3
b54b7514179654da4134384dfbc4e8455aabc55e,6,1,0,7
d6235b6fd68adb102dc75635602a7ae306e5baf1,2,1,0,3
1e26c78b465867aec1999059831fa1a79fb110af,29,3,0,32
c316a8e24c087f8813a483e72b40dabc3d242af2,4,1,0,5
d48f580276a2bbc275340c3c8bb42c463d5c863a,354,4,0,358
e5af989cdd056a94cad438ab1589ae9be71fde4e,564,198,0,762
da512f476c57eef9af6790ebe684b4d9a35e5399,354,4,0,358
31273ba0dae97b434ae307cac833bd993bfb19f7,4,1,0,5
a628cb921b4458b9b4cbf55fdd34ac28fb009555,30,3,0,33
235da8956721133e108f1b2c86c7d8c3338b6fec,188,2,0,190
0af281a6cb93a61204a8fcfb8893371ce85b9339,2,1,0,3
1125fded11a4342123730853024064d95dca1ee2,651,14,0,665
704c686d5d781fdf1b1fc08dae8aff89f4e62e9e,2,1,0,3
f716692b944cdc3e54fec88e257fa836ba987e70,484,7,0,491
92918f481486a30402047fa7911ca4d3195a7f87,73,5,0,78
d43409ed304163438a1d9cf809ce14cd0ef21469,73,5,4,78
f8398944e5b2fcf65b6a80e234bdab75a2f31e69,621,15,0,636
6aa1a016668350dc336abcc53e10319c9e1a64bc,29,7,0,36
0bee444ac72a1fb19687792e55d8f6ad3cd052b1,413,12,1,425
6e14f08f7769e3763a127af4d6e59c20be661d33,73,5,0,78
36d3a552ccdc6f9e0c2845de38222baba6734b49,24,1,0,25
3ea6c46e862eb34057e9f20625de0a5e90964fcb,2,1,0,3
18db0a46dbe27245480c5fd6ddf0f18c9ca719fc,26,2,0,28
902998c43d5f45cae7415e586783f7073a8ceb1c,2,1,0,3
135fe35d41cf85e65cc4c62f07999bcc89b31bf3,168,3,0,171
fee55c559a919dcefc8c597fdc56abba12c108d6,73,4,0,77
2f468cba1a30d7bd0f9b4ea823d0b24987992e5e,54,4,0,58
dccea81fcbb30c31d67eaaf8f4bcc55b0c6d7648,855,23,0,878
e2f5cb6a11af12452ed34a7203635bcbf29d63d1,2,1,0,3
3a65ec38ca24af02c26bea0c110d92bf81ce324f,2,1,0,3
d7880d07df06164c41eced75db9f86d79254441d,21,2,0,23
7a7cc17ce7543c58505c471b0c8582c15a06c30d,18,1,0,19
20c103ef1c3e763734a4264a447e6bc208107e4c,68,2,0,70
9ee50052dd5705db59672c95973f1f92e6288115,2,1,0,3
675bd3b9028e9141b673e9cd2474594e968b3e36,2,1,0,3
2d523a8ca83b4cf618f8a8cea791d57f1af2db18,2,1,0,3
77dba0c2ba65a9ee981efced392ba32a7a70324c,8,1,0,9
107eea7974da150b03460f8c02b401b1488813d0,8,1,0,9
5d2860bb166b1933169eb9067b372217b3bbd27c,14,1,0,15
2b98d686390df946cb231af30286c09ed7474d69,24,1,1,25
b15d44fd376df3b182da602640801fcaa7c1b26c,86,4,0,90
bf2582c8d6cb129022126c50fb80d554181dc369,38,2,0,40
f4c5a8260993220bf6ef9ccdc5784e71cd29266e,10,2,0,12
39b3cda309f7750079899bad5a3f4c46f6c9733d,25,1,0,26
e5d5365cd4a048741a2c7933c76165b4ce9870a7,54,5,0,59
43284e63f54b888d979430d2f9a517c1c05814e6,118,28,15,146
c99469f8aad704bed32b6f34ee6e1a5a9a2aaf87,15,1,1,16
444ee285035ed6587591942c1a8fe3f49ef92765,18,3,0,21
48fec9819d12a9ae7a844c4e437032f685d225e0,25,1,0,26
d1f0831556d5d21651262385a4e1a55d088be037,25,1,0,26
0ab931dcdc785c0d53248b893e6899b1b21e2a2d,14,4,0,18
59aa480db230eadc93f4228b00ed658f6e5d0d8c,769,18,0,787
2146a90670b063667a71d94dad2df17102c3dfbe,769,18,0,787
ead970c847e848db3d955902d3ec776488af7598,62,3,0,65
654db9f8ce8b0644032c5ce891c4634608ebfade,0,18,0,18
201340e163f9d96a7cf509561d8494d61117e94f,4,1,0,5
e9933c96ed9e77b551b350597ffb9dabe4777b4c,4,1,0,5
aa11ddacca84d16bb9203d0a5c794deab00c2ba4,0,1,0,1
0a347828a0384244f8165446948542541c6a0ca4,24,3,0,27
8abb8cdc98873774c7864fd862aa315683edd95b,24,3,0,27
856621bd3337cdd3db6d3b50d4444ed788b50b8f,0,3,0,3
b97fe00abb37f22a6ac233823b182e35ae21c2eb,120,1,0,121
827e43fb440f03ab62671ab2953dc13cd32a518f,120,1,0,121
a20d4cfb4937db0012a6d4a7235147396f66a256,0,1,0,1
ef2c0d8d4cf216ef4d5e88c71c40144f7a8ef5a0,0,1,0,1
00a12689205f71de26cdd048e502567d178e5b2e,0,1,0,1
567dd9ae8c514a4a3191f6d8030c00cbea6d0654,46,2,0,48
03a6847539e254e69a8e78c7de92f20e806b834c,80,6,0,86
e743e535f969dc994adc06d6780000cd2639d60c,332,10,1,342
8a22c32ef8fb807d86c9679a9ed5acd39ddea46e,2,1,1,3
5d5245f9647c30cac9bb431c58ba865e09f306cf,76,32,0,108
37c14baeab0e64e21ffe1865d6c2eb91478be0a7,179,30,0,209
44f667a4e012c0068db89212a27461ad2aaecf7e,1223,39,30,1262
25539fde2888ad3a5fe542af2e7abe7fd11e2f0c,3,1,0,4
62afb92fe36d60cae2bff0fa72c302f2ed99f6bc,418,70,0,488
e2445bbd6f67c5e186869c466cc0cdef61bde12b,148,15,3,163
1408dcfec7cfd3c4a461d0943b930cf9d65a30e4,3,1,0,4
e10fb963c90b59da62226990f068cf77d9ec79d3,15,2,0,17
33e911c7c9d7088064fc716fb51a7189a68f49c8,301,16,10,317
0eadc45e1c7c4792e8f611e84a33a559a0c2315b,23,2,1,25
e7c880981afb7640353f6ab36c477966f1c632d4,324,18,0,342
f2ae2e7a2a06527dc061b2827a7c2c1125a1da1d,1420,72,0,1492
86e765503c120f62ed7eb73a2d79454c24040427,9,2,0,11
5f5d8b0936517d981599a9b924be1e32da51de2a,32,8,6,40
a1f326ffaa275866063cd0c88fcd5794d5c0478c,9,2,0,11
624567b6ff7a8415a913d81a45ac2a9714a0503f,8,1,0,9
48cc689fa6dcd9d03b9caeaf2ba448ec5f0f04d3,4,1,0,5
a0dcb7ae51005b07419a5e608648d26ca12e2697,25,2,0,27
e1b2ad6a56c02908b33eea1cc2b2e49621e8d30f,4,1,0,5
4ef189ea7d5afb335d58512326fe0eddf33e2fd8,2,1,0,3
35de8f63300e5f04f9251a897b5f350bc2c3ad0d,25,2,0,27
bfdb55a70eafcd014fc059e7882e7795f8629d32,27838,242,0,28080
d67e7dd201f1c1a99b6974177a2ed9d39d124505,2,1,1,3
bd3545043810a45dbacf8320d4a71e9a88c7a4c9,14,3,0,17
5772ef4647b80ba7198dc517d88fe32b30501543,4,2,0,6
60484429ca0744fc213e5ecfc8aa156ae2210886,13,2,0,15
54c653f62621ceffefc398a3c62cbcf6d34143b3,2,1,1,3
c1c464bd76774ff6b2c903462cdd712eb0549376,27,5,0,32
6e2dbd9c6bcb7e8f14a834d18294ef63cd853693,39,4,2,43
36cfb495644954e7580f83ce9230f4583fbf2fa5,355,5,2,360
1371ab494ce367cf5957c610fc2381c2c383397c,89,13,0,102
69c67c36a2c96c77a53397c8decdee15505953bc,7,2,2,9
0306e7a5b805a97b174479ee4fdae95eef5f04e1,7,2,0,9
10e78bcb67e5b0ee63583d95eac85ce2fbafc950,7,1,1,8
f3fc9ace016161536cf25c54713e0020c2bb64f2,7,1,0,8
32af4a60cc7b0b598c1c19fff0e8dbb4dbf8c0cc,14,3,2,17
59cc41be044599e9419358a0c89ea09f8d22cd16,156728,2303,0,159031
a4da5741b820ae1b3cf7cab2b52005aab8f0d438,124,3,0,127
04a22f104499e0762153eb913547da16dd2b88f4,25,3,1,28
67addfdcac3109d878e430d609267fe608988a5a,70,11,0,81
f16ec2acded93ea3f36e5415c894fa4d1c88d525,78088,1310,0,79398
d930d6f7d0cedcde10af2540f16e4882c528855a,36,5,0,41
0ada71c95d3950ef4a9b96392e027853719e2093,179,30,0,209
a34d786e3a52fe4e219d1d938433eee3100a70b4,38,2,0,40
ec417a93e4c54e4bcd1b29f5c8d2f74bacb9866c,38,2,0,40
46d054d2920657f7854520e4eb2cd7ce36798de4,16,1,0,17
bf5b8f4112d904e85ae4d6575abb5b077e8e3313,9,1,1,10
cf083b9f85d018e1fae680d13627b187ba7574c9,54,3,0,57
c1d532607dd63bfcea819b631936194e27c06672,25,2,0,27
22d766ef6495099df0c1ee9fba9edf488a0ad798,15723,576,0,16299
40af5fbdb6d61c4b2ea30df1e1389858c11ef65a,103,2,0,105
d5786835849d3b292d274aa2781a323987240d27,21,2,0,23
14d96a5e8ce7ebb78b6ae2ae63da4d63ca09311d,11,1,0,12
6d0ff1b1127b1089fbf82a26af09abb06d00b28c,930,25,0,955
0af0baf926d351c6e1eb47f8e300129f6780e517,4,1,0,5
67a73557d5f858fc3552becad855e3d282986361,50,1,1,51
23217e4789d1fa3ee651059efc768a3c97410866,3,1,0,4
efd6cf45afa7194633df4524f4f57d6884a8bbdd,4,1,0,5
4b3079ca91cc86971114639846130edaed63cc9b,13,4,1,17
854617ef754be536a90202832d24925fcce1d946,108,2,0,110
b994d3ef73c36d999564a6ba213e47e5e9235f06,131,18,18,149
861ce5e75a42870addd6050dc48eaf153acea70c,4,1,0,5
2c62edd552cc58e656b1b7b3f222d2047e0907e0,8,1,1,9
27c54acbc966ca0cea2e0263715e5254be18b7f8,3,3,0,6
acf0c6bfbd9a7c0534b56d5aea62e8bbf51e947b,159,4,0,163
57db52481c49fc68f6c2ab1ca543b47f1471ae25,3,3,0,6
9b54ec037fef12256d39c430452682e695dc0c45,13,2,0,15
d8f4a980d48352768b018f261a49753c79928b05,166,7,0,173
85a0e3c9b7b183896613e0d672888074cc3f8190,6,1,0,7
d33edd54ca08b22a04a89b0cd57a19722a8d00f4,108,2,0,110
29a91b87f715521a99ec9cb9a6a0514a71d29923,170,1,1,171
a97444aa3b7f1d80219c43bb02c73b95322cbcb3,6,1,0,7
28b6b51a6361d5eceed464662e0017c97346da67,439,10,2,449
0106f48fad8a60faeecdfa8d766706269a68db30,44,10,0,54
02dcd388820b6073284b7b2e3837c4334fc37ee6,286,45,37,331
34046ec8b7d65fb71b6ceaac10c21030d94cc882,2352,327,259,2679
1a8a51df6db6fed8198b0d5c4ada1030a634363f,227,5,3,232
56ce0d37ccf76ad0c0427d8b1748612cea0f5f23,139,7,1,146
5de1cc2dc89ec8af2bc20a342262068b9554ee3f,3119,363,0,3482
fdb269d5e0a1d36f8e567ce7a571d3275c1f7a08,224,5,0,229
a1951057cfc592fd59611fa4ec7869df776cb8a9,2,1,1,3
5d489ff6aa57fbe1b984dc50f10134b1048f81ab,109,3,0,112
4f3b12854b3786f1ca42a087ae4d2b4796790c65,3482,371,0,3853
59960c9643b56700a79cba2e3fbc005465f7fe9b,5,1,0,6
f586d43dbb4a1fc87aec489133362018b2a75dbb,19,2,0,21
e1a067b3ac279f8cf80222842d0572e61fdde331,4,1,0,5
b3298b61c8af7a1e63e50642910f36fc1c495868,19,2,0,21
4bd46420c11b4a59b5f9757f30a6393986b08eb2,2,1,1,3
03170829bdd6e4d704f072a5e5567a87e6bd38fb,22,1,0,23
0600234031ff8bc204a86f713a71ee215ccace17,6,2,0,8
fd30ef2122cf234529a40dbc2195dd89875bdddd,3,1,0,4
cd1f1de355f1c9adde917709fc984650f564beed,7,1,0,8
b0caf3a4a7d898109a67ce409646671ab126a419,8,1,0,9
bb9bf893e5ed9a818eee71463013f4c66c83e985,38,3,0,41
f164cb4ebc2e65f7ae90e72ec13cd7aefd863840,6,5,3,11
1508444087153abf0ef151c97d8bad00a38358e1,23,1,0,24
7ecb089ae5f90e4959b5ea2d1f6f9ec76161c046,44,8,0,52
9607738a932a30be9e5e74ed652dfad815696167,2,1,0,3
d5cfe33529b8bf30c07cb0358a9214f549ee2785,7,1,0,8
c77c2fa1aa0e6d58e2d46f3e5bc11de9bc8e2ab0,2,1,0,3
76c39d6a4cc6ae2fe70e5a5e08778a247083bf73,45,1,1,46
78800c324c61219f6ca83edf20f1e9ca5240fb39,2,1,0,3
1628f67a432eb59a871b7c883cd2888032c325e0,2,1,1,3
8aff704a9ed5b0509bc1a59bbfae2eb0fead4938,117,4,3,121
b585c6276b1fdc013123058e116460be1534c8e5,17,2,0,19
b401c0e0de5d13451796cbfb46387a17f5d25a35,119,5,0,124
96709cefd649088c0fe199b87fc2cef06dd0f6bd,19,3,2,22
4426dded5d2062277b2b775d6b2a40de8d09bcbc,291,16,0,307
65b0b95633cce29aa46d484984b8a36e63374940,9,1,0,10
90b6303d2ca6fe5f4f0a1453e7e33f1eb314fb1a,19,3,0,22
7befb2376dfeac56e2d47ea20f7ac0bd6f79ab4d,255,5,0,260
b478e4b9ea0b429c2f76f06030528af31d40f00f,4272,397,0,4669
83fdf7b9919ab3f2d4b0310247cf3cba075e9c35,23,3,2,26
2fdb8c6ca67235df667394c088c3460edc8bc11a,14,1,0,15
4ade1d1ffa9aced7a8ccff43a47f0481ec9a7704,24,1,0,25
15a09e9966643c53c8ddeb011a03e197d399d672,132,6,0,138
beccdcff38eeb7cbdc4da5a8fe30e23afbe8b24a,4877,415,0,5292
fac29f0e6e28c5b6f0d6c15643963a4165907a54,192,6,0,198
f0f2f7692c230c0a1c03e540178fb85d4b4625c5,170,8,0,178
b48aa9f907653c1c1b395e3a3cb98a31c7b77a18,97,1,0,98
aa5dc805bcfd0a2bff05c40134d1592d04a99626,4937,415,0,5352
f9dcda0684137e66ace39b719b9ea82b044cf5bb,70,11,9,81
5d46399b7c8463ec4c11f824e42552ff9e30e4fc,286,8,8,294
b981d2061e9b11ad1e86baa8aa1d2519db22167e,26,1,0,27
214109fc5425cba3637d8a6e76da60a5b3c35915,389,20,0,409
d8cb6ca36fcd3f3321c057bfa3658ea339c6fbe4,7,1,0,8
5aabf2237b0813b381b2ed4c59bee5329fd95c75,1,1,0,2
6d0d4ed5022cba0332d1450a2e233a59f05162a8,8,1,0,9
22bdbce45bb1044b4834625fa445512bb75152d2,91,8,1,99
8b6643c7c4a4a0b9d795852730213f067a2a92ec,2,1,0,3
b9462ea54a8d8430959ecca84d3494d3a369ebfd,8,1,0,9
36fb3626b096f503c050100c46d440048f15f804,91,8,0,99
4ba0ddaf3fcbf63ab2fd9e9df4bd3f6bacd12971,78,3,2,81
4254404b7510f55614ab919575611e332a0d570c,22,2,0,24
69b52dfc96d04751a260d9aedb1e9a3a466d20c0,8,1,0,9
e47e0f82f4c553a8b3c13a591ceb2a7edd321edc,563,23,0,586
3da4a3634554e4293435818a05246cb0648742e4,54,1,0,55
e35493af5c92b1b9847ccb8ad1ab18dc77ff2367,8,5,0,13
e4194aaf772ab0e406d58084d07e8f9da6197aea,24,6,0,30
8e0ce1bc048b968ac9d8544e30c7f47faed51f17,1,1,0,2
9ae378922cf7e071571aa360c70e85fc02f618ad,765,42,0,807
21e6bfb265cc60a9035d33ce946ecf37e43c2180,2,2,0,4
6fda1d5ac50d44604675a290c2efec52c090ee81,1,1,0,2
fe91e0c20bc7f4f944f95893708c953b84eb1f8a,97,2,0,99
7e78e03d6fccda6e4915db76c0492fc3a5ccc9af,100,7,4,107
0d30a6143440fa7dcf9c0c00186daaf6381bc009,97,2,0,99
8f9861c5c5e1f35ba9df5c86d89b9903ee31f82a,28,1,0,29
a15d689b30e52d78acacc0f916d6b17cab2662a5,17,1,0,18
aa4e444bce23b19829fae7f878b25f2957479750,83,3,0,86
63ce97e3e1d4d36a72921b23eb4253d23a27ccb5,3,1,0,4
5adc4d33658da9888e95d8113a85f43141acd2da,340,18,17,358
169ae4b33aff865aa1083fe8cbc4dfb9443c4620,8,2,0,10
8aa36486a4b46f1e9021f6f2b19ecf862029490d,83,3,0,86
3324ee9496b69c0f108919dd78fd13961dd8ea0b,2,1,0,3
e2cfc3d3923be5ea3aece326a93803b4fced7ea1,121,21,8,142
952effa0719eb05b0315aff06cf177dcf9729e39,46,23,18,69
36bc59a89fc99618224a694290a81c5c29af973f,8,2,0,10
8921129266ad0fc10ca5007c0bbcfc22313b401d,55,5,2,60
a5be9a53798a52f5466602e378154e18921df6ef,72,10,10,82
8837527e8f61bc977ffeeac6d25f32714081f6ec,121,2,2,123
3b8f5060b6e9faf0d702c84a1183a1541ec993a8,14,4,4,18
0729b898f82d9b5a64539b4e56bbdc85c47ce5df,81,1,1,82
d99f272623c40f3bd669f648843f0f5ac44dfc40,6,1,1,7
4e7eef349c7f87bba1b1ba081cfb7522cf6ffb12,94,3,0,97
848e1de73402624589b28ba5944167cc22007711,169,4,4,173
c27ea4f71d29967233d70f6474133301efc4db44,2,1,0,3
89f7544a83b8007ca8e7966a89170a5e1aa7c551,421,64,0,485
6d70ce2dc6ac1a006da372c44713515d9a72a324,8,2,0,10
db1e5c0bc03a5e3c9e636f99d95abd3285838626,2,1,0,3
1821ee675240cb72b70abc1b63587012f879042a,5,1,1,6
c620ee0d72af70ddffa1b29ff987a9bfa5aa6b43,395,55,0,450
9875a639d03308d94f1d8c3c376eee9c1b98abb1,77,9,1,86
e168c633e7d19569e62c46346941cbeea10f6af7,114,2,1,116
b7d5886300b9cb331faaddaa9a0775f75d8abade,6,1,0,7
12e9d7570066d3fd324209a17b84a9c50ab39bc0,38163,1312,0,39475
216f8cbd6dbd7b4370b3c9b1ccd6623a4b0975cd,2,1,0,3
c745d1284e1d9f11d822c69b3ebf79a95508219a,4,1,0,5
b370720a42a3bf49a0c3e2e095a7fd5d77a18a2b,3,1,0,4
740d4be2e3cec587c3a98d03a6658e918ed2d034,16,5,0,21
1424f9d7a67c2d2759d9063ae03b4766a55fd4cc,18,2,1,20
987a5dc2d8dc1f4bea123f6777db11c93a45f796,7,1,0,8
aa168f465f1004cf29d72f924b3dfefb66581c7b,98,1,0,99
aa09b3bd9079a5b5cadc303aa67813c8a9e83181,2,1,0,3
70475a237e6ae5434d0d98b5b909d92acdc24b5f,16,2,0,18
4ba0b01a4c5e2511039b38332a862eed65d1ed24,1644,220,123,1864
f78138e4e38fe7fe85ac990fa066de31ca383dda,2,1,0,3
915775cc0aff274276963963fe811f168778f367,154,1,0,155
6198db7e92b31a75d422da7d872d71111d425e26,2,1,0,3
68e08291c5bc3fb1094ccce8d1673fc5413b761f,2,1,1,3
56fea8c5956a625f9a105a273308f06150f420fc,110,12,0,122
4a25b6f3b3e9e74eff2f1b4047df57659a483dfb,289,20,0,309
688e52e52662c9229f66780a77c73b90e3ced26a,2,1,0,3
64333f904d012f62c7c3eb2cbf2f5b741638da17,264,13,0,277
14b29ae5663088d31dd6296ece3c10a77e69b25b,268,15,0,283
25b4703c22557c613783d14d9ceda1cd2d8a7658,6,3,0,9
952962b869b84d6231227b53adf3741b32bd49cf,1650,220,0,1870
ac048de7c9c7b769f7a7c84db82f470eb633cbe2,2,1,0,3
c25e37a63c3a26478eefbbf3fd86ccc42d379b3f,19,2,1,21
2fa0c9d3157f2cd131ae425cbe32ed36a465bde2,1896,231,0,2127
57c09252b01565dd7568b3804580258f5557dd0a,1652,221,0,1873
bea707c31f957d7c75e9e68ba0f710acc89bc0d8,1898,231,0,2129
4a79172b5f1701f214788c75364e4b6cea79398a,33,1,0,34
d5487f5ff6621c0d4ab08ea33cf7e09caf3708b9,4,1,0,5
ac9ffe8cde3e15a0dae458e7489b54237c73e561,6,1,0,7
4ab0b6e30dd421b26ad5f4c27294ec202cc36d3b,39,1,0,40
905b67b6e1a9c5a1d55da7383835c4aaf7b0f0d0,51,2,1,53
1b241ee11afc5fcd97d0e79ca6e5aaec7beb1892,67,5,5,72
5f2453d0d8971edfd527e0bb7a1ea7c55f5d1498,39,1,0,40
7161112bfe8e792101c9dfd925dc5f0241901d5e,4,2,2,6
cccaea978e162d8c4bbfb1d090e80090d03b6545,180,11,0,191
678272707d2079638c7811a5d5a06e8b8e977ec2,13,1,0,14
e4fa375bc48945655ecbfd1fb437510e26b941f1,35,2,2,37
2126914f7dc8bfa1edafb6ad623ff3ebad36cad1,13,1,0,14
528bf007a252017592ca34623ed89190da6f59b3,4,2,1,6
3462d7446889cebd7bc973fb019cd1358cdf7acc,6,1,0,7
1939e20663be7c49efaa04629de69c6f49ec8e98,7,2,1,9
14ed9ec80d60604375ce74e79023c0054a51505e,4,1,1,5
88f7fc2bd9f2e26275416081fe66f28984be8067,2,2,2,4
c983325195f0022205b8d0956c84057de3d8b8b0,28,2,2,30
df029c917121044f79664787b0af43efa22998be,4,1,1,5
15c9b3f1f2e3016198beea65a9e8bc698c27f19c,4,1,1,5
7001c503149b08ccc63f24646fbe19cbb0ffdd8a,2,1,0,3
cfef5943a5c29142bb2fd18c23f72d5d3593a879,13,2,2,15
43723b6dd57770f085cd737c3ff8310f25bfaed5,2,1,1,3
56bccdea474b15f8a3bc3e8122b4a24d195ff601,67,14,0,81
e12a4e2c009e2eb85b4ae5a2968f4ea00ab2151e,6,1,1,7
3631132c5cce0c839f7d03d5651119f62a39a848,7,1,1,8
465e2ffac2feaf91f7899a01c49f1965f8fea3f9,2,1,1,3
debc982bf93d588ffd929c73f30b8d525eb73042,39,1,0,40
32a441fc290344efa5aa885dfe79f337574163d9,14,1,1,15
02aa612451a045a65f08c85166c9e2b269aed46a,125,21,0,146
c3768f74c6cc5c6ac19e8cf54c4dd4ce5da5ac3f,69,15,0,84
ccea39129da828ea44f3a7839ffcd0f6027e1d90,1,1,0,2
414a963c4926a8421341477c537a7a41e90624ec,3341,313,0,3654
10be14075582610ac397836c23c624d760167881,8,1,1,9
c491de8a896a7c9fa5a65bda7805496ab772659f,2405,262,0,2667
9a51544e76fcebad1bae14e40e9541e3eecaf05b,208,5,1,213
eb0474e8387526ea5655eeca195286953df6372a,7,1,1,8
6bf2cdf9fa80891dd1e167990aa5548d00bfc82e,5,1,1,6
bb5a27008b3ce44481ae544b7f33ba493f2ab10f,43,1,1,44
470b5415f17628df38b8c9f8576a4858aad50d7f,8,2,0,10
fa4157fff4711db193f8cb3308c89549d8df7744,93,19,0,112
a4567fa4f04e764cc2c5c2353aed03d300b11ade,23,1,1,24
57948af4264e53185a13374a353682f116aea67e,18,1,1,19
0a1df71b8a3b6b2b3f9cda26f32cbfe7947f1d22,8,1,1,9
c8678498d609d3aaa88fce6d7b80a0e065843047,16,3,0,19
00a5581ab286e5d0246d04a45676c1d747612107,85,3,3,88
fe92bfd2a76c4783b5128515f58e86d84e53e363,2,1,0,3
de13f57c0d2b55629374b0f0ca239631d14864ff,39952,1369,0,41321
8ad18f747b72901977a5f78c51699fb5f2ec59a6,77,7,7,84
b5b369582fb1fb8543fd74699fbb1146553122cc,9,1,1,10
a65cd74157810af67a4ac7a6095f7469b918eece,2,1,0,3
7d8ad6e5d630768a045b997dd128bc086aa246db,12,5,1,17
5b0a5f3878e82dce23b35815ed738d2d12f8e825,16,2,0,18
9f3a94a8fd7626d63106472948f2945784b693b8,4,1,1,5
26f3412d379b04507b0ffd5ebf5c664deb791da7,7,1,0,8
37fc7bc25fe47b6f3d2419f2260c6ea555960bfc,53,7,0,60
19a895dcb8e1a64ee7b060188ce3eb3c48161d4e,48,8,1,56
e373dff5eea6d6a9ec4f1b594c7663ca573ca1e3,13,3,3,16
419df0f05d79de0e0aaa8a483aa3c0213e7ee8da,10,1,0,11
5771dcae0def87a248172f28a78f5e4a48e1278d,17,5,0,22
33f34e4698e3ce11bea36c594a1aedcc097d1132,27,4,0,31
175e0f99af83b7282e9c2a4bea1f322cebf9b482,52,2,2,54
42e467c36ae7b13f2fee59e9a483eceb8f1f261e,14,4,0,18
d1c60a07601222cb0a9a34a5ebe1db639b1b06f0,7,1,0,8
ee98054b505613f72439888653caccf6cec3285e,20,2,0,22
b62a71a0b13cf0c1f63d03bef8503c05f27c24df,11,1,1,12
3adba52ee526cfacb7783ceacceabaa96da5e0c7,14,1,0,15
8481dc170778250e46a73bfab52e63edf54e9197,48,5,5,53
1b7fb1db576b37f5cde48e12afa77e4fb420b3b9,44,10,0,54
e712b490a9b7e036186605bb58ac88fd35d2045a,9,2,2,11
87ddfb8f1f620276f5eeca26528ad6854606f400,216,30,0,246
385c7de1cb6e890c1d38ee0e138bf1c4684a7394,31,2,1,33
0a7a684dc42beba86cf20dadb76076a9fdc9410d,59,11,0,70
4833ec989171efed810bb312aec401f2afd54540,176,3,0,179
db75b7e3262446c038b1a974b0e64a455c238c2d,10,5,0,15
2530f696c87e00cb09dac8e53ed2c0d24a46fb7e,2,1,0,3
50fc5a9d1adec115a5ebcae26aecfd752ecf37ba,6,1,0,7
15334cc528d65474a4763a0e32e25dd9c429ce97,175,13,13,188
a5ae1700f40dc8934f524e3d17658034ade84bfe,12,6,0,18
5d7568a8f4fe5d7f48867c87fb571c5016473a2c,3,1,1,4
d88992f518576dc9ff3742ad55aca8000c7cc9ce,9,2,1,11
60da391c93f9534227b3e36b3b42b908bf120e48,65,12,0,77
40da9a8c61bab44d806b9dfdae1b36f9c7b47bf3,1,1,0,2
a9b43a2f865e4dde0b482a093645c3151c8e5c5d,16,5,1,21
8906d345a6a1b50afab5a165721ccadb2ad70d6a,10,2,2,12
d11b21106f0a1dd9f0af4d5dd9a0175282e9dabe,62,9,1,71
af8aaca95720ca2c646eec6ffe601c83e90a773e,229133,1968,0,231101
b92f1cd4a9b02bb69e528764d6773ba327a06149,2,1,0,3
b7fa7a62f1515c595351490379bcf7a980937141,22,2,0,24
0ade085952f1e9ff1ae7b161bd8c191e438b9353,22,2,0,24
e832467fd44666a45e844dbab712f4735b7f82f5,24,1,0,25
76e45aca730cad36f56baec080c04974f61ef1b0,17,2,1,19
c29cb272da87d742e58e97b436f1eff42baac180,4,1,0,5
f9f649aae3943bb9034dcdd56c279a3317db6f6b,79,11,0,90
1b592494f981ed1be5e4d892f4fc83b83822ade7,12,1,0,13
5832ed7a82e26342b3cc85da4f863f77786e22ee,426,51,0,477
c3931a70656f32dda6a4ec5c3fec35e98aa7c9d0,8,2,0,10
0bdb9e0f7234b339eab6056a8f0ba5fa5eeaeb15,2103,261,0,2364
5d6cec4b4ece663e2455511132c632ec9a3d1168,13,2,0,15
486ff5d00350d0bc2fcfac34d183e1b282a46851,91,3,0,94
3751ed134b2610f793bea5533b2d5c5f8d741f73,161,1,0,162
411481c80797384b61e520a0b2bd057058701a82,36,2,1,38
aa8ec7d6d6aad7433c8a7d1d44ee9ccc84f22e04,264,5,0,269
542cea748f993a04356e2dc012b4b541667f40a4,92,2,0,94
924295ddde2986c71bd5a19aa3cded42c67c72b8,36,2,0,38
0132995ee16dc41223d4de8a922aba597cb01ff1,51,3,0,54
2871d5d26d16ec7f2c33e9e2422717f9deb462e7,3,1,0,4
9e3557a6364e2ae52a536088d02789a2edc75550,547,25,0,572
5aa305b42c21876e90bba9d8b88adcd6fe3a2ddb,446,12,0,458
4d867a4ef06860032552c30c2a9a2d410fc3a2ec,402,10,0,412
c06627216658a4b0a828e640e2e561922011f62e,402,10,0,412
bbeac6b24c94152a9c567b490900d3f3bdb65f8a,6,1,0,7
5a2349fc876800c1d7d9979e9d43bfdb13f1b19a,402,10,0,412
06261526200a01a081d0efe3bf81d31f3b569b76,25,1,0,26
0e8edd196d925a4cb869f015c124858065062f49,6,1,0,7
198a00eb20c747d523aeb5bf4e50d9b657539cbd,38,2,0,40
571273edebe5d39e49c80420c99d7c73f3f80328,170,3,0,173
23d965fc1e8ee426fd5d9c4b6eee427709819ea9,1132,36,0,1168
2550e774b93e7bd673cd06b1230ae191de59e982,1150,37,0,1187
50602fdfb024c78ba384621bcea19446aad305ad,119,3,0,122
b21015974b20c83f58e32084ce6351912c171fe4,199,8,0,207
ad5de5ff3e7dadcd02da31572ca4086ea33091e0,8,1,1,9
d4400c48db4a7b9fc348ebe874a89a026009cdce,60,1,1,61
3c216569e4c45951bea76c75196a531d2b0394be,2,1,0,3
88e2d932f02e25aecb0a5ec2cb08591c65b553b6,54,2,2,56
278e9ff13132376e18ed8865ae7ceb3070e5f1b6,1150,37,0,1187
d4dbba1cc82d5b8fd17ac9f76ec7a5e53adac3aa,1470,49,0,1519
184b20099afb1feb88645815eeff126ada8fd15a,1156,38,0,1194
8da80d4fb395a98f7b22c408c6592fbe3b9f6d93,2761,33,0,2794
18f4eb7647105ec5014fd7b5b01db9bb3b54eb85,3,3,3,6
98c9ac18cc23c3461de79ff185836abc03818213,216,30,0,246
bb6c70b04068224413bf3ad71c5c5fe460949334,2,1,1,3
0fb700fdef9982d54fa21ff01c9a1ae4cf307a0f,91,1,0,92
417961f77027c6c87eb158ea9bc0a181d6f3cf7b,14,1,1,15
0de8a1bfb81678b72c54a2da11b7415371c94a2c,91,1,0,92
1a07868fedb9b8b21aa030d25c946428e1248394,2,1,1,3
d4236d03f83e81724e3b13047c312263457a0bf3,411,13,0,424
2b788cc5b2c5e3de3767559bf8c689437f92d011,6,2,1,8
c221613663ff3a536868b14b5fd90230e2979edd,98,10,8,108
dc9a486fc454a4ce6b41269b47602d021b9a7fbb,8,2,0,10
83813b189ff3bb9e3198133a803b9117efea16c4,81,1,0,82
190e1402d8bf75d674c44a5ce50aa09c2109b2ea,7,1,0,8
828d71187054450e40659aadc9d8865633c430c3,37,2,0,39
1ab6d38727b67a688ecca5bab4a59a8fa089336d,188,8,2,196
2ee300c88dfd0add987ecc12cbf006206bea202a,189,11,0,200
ef2bed63d268cc9ef1a4056cb07933893f3b6d7e,125,3,0,128
c463a8d71fa732fa101be722af1e713131130b25,5,2,1,7
68c68f7494a8c0c05e0fd6cd2e7cbf3f33ad7515,45,1,1,46
ea903772efcb978c4b653687b675d0ff0469c842,4,1,0,5
195ed52c2a0f7320c1cb989215a29992c883c740,45,1,0,46
75ea413cbfeaed97abcd9bb3ecac78ad6d1b2077,41,2,1,43
de53fbbe9576d52013bbfbeacbb6c4dee2f4a69f,4,1,0,5
f1ab7bce69eec1332fcf2e2284c05ff691e587a7,88,8,0,96
1953cb1505909fb1701994bb82d8c67361c61fc8,44,2,0,46
62cd664bb2b0135f07a646a190d41c7c41561153,4,1,0,5
830a10252a712e2774762c9dd1be1d5df5eabe36,428,5,0,433
9a955e75b0005f918dcd17d5da67e7a14760c409,15,2,0,17
0351668feeac3ee4bca756866d363c25f0465297,120,6,3,126
676a568cc6d7c59285ad468a1adcef8a747c2e9f,34,5,1,39
e70c98da367f3366ac39ce6843b32fabc2477c9b,38,2,0,40
1b025202b54e3fab29f4773a62397e9cdf8ad741,111,2,0,113
b53e5318873ad64a4c6b07d0e6fbe259467a9e23,216,30,0,246
5066aeadbe942e66f59869370ba28143229a143a,158,3,0,161
ddbc5bd0f064e4adb41e768efdd43a198b1e9d4b,220,8,0,228
30a6b127fe7e05c1b6666543a9697d142f413a04,171,7,2,178
0bbf011716b8032140ff63c71d65a82de843b4cc,16,2,0,18
b87d4ef5ff4154efc26200d1f7abdab66dbef442,9,2,1,11
e60f86a17a879ba1f461577b701464c2149b19d0,16,2,0,18
de5572e06076996615331e7e55e81ae1b82c7dab,25,4,0,29
23ea87896063c5776aae0cf2499f402000b1630b,26,2,1,28
3d30d5f38d40498cabbf7eabce03e17dd02c3db2,26,2,0,28
756f3e6e448366de300b63b476a3f7a566101585,74,4,0,78
988b6b914a9033c3c08023644e792ba39f1f034a,2,1,0,3
3ebb7238bb5bf6994d60631d7a6f2ab5bc5c241a,74,4,0,78
71c69391c6347afd4fb85f5de0168e6b97a31ff6,13,1,0,14
3d19a1dee1b32685d504773be9faa047680b7da4,721,24,0,745
19b05bf2a82cb6165af22304daab90ce03ed3520,21,2,0,23
f860b80adf61574d789fe045cfa69325f2e26be4,102,2,2,104
64c67e6e19a69fe0d999884f068262f6de0b90a5,79,5,5,84
f7f08983c448a49819535a2a612098d14a7cc407,1,1,0,2
ccc5aee67ec2d7cf360903431cb10071f5e4ba9a,128,10,0,138
8aaa5ce2fd002ebd07fc40143aa27d37c89abc60,1,1,0,2
659aecc4cc6fd1cb5f1f6c2b6d4734f0afcb4c45,401,24,0,425
e08933d18ec8d1ab837d95b842c08e020c9130b4,7,2,2,9
82c354d42c500066da27642fe7dda6439c794317,21,2,0,23
0ff244d24e9ad85d70634f2f636922a05afa0b9e,742,26,0,768
36834b82ab490fb7bb6222a8329eeb781638a627,399,23,0,422
300a52824b22137f3d0bf9d1a9211c336a27ada1,2,1,1,3
b6955cfaffaa1819cc53662fd253c3470a7652a8,80,2,0,82
9d3720f22c1361faf1b2671016f4d93a1fe7d100,44400,1417,0,45817
484005a641cc98318c2142872ee71ad42fa2242a,22,1,1,23
cb074fe98614907b0dd20fca71a44beb2dc5d8f4,824,22,0,846
2aec8dacd5de5cc01de719a52a66b16d766c05f3,182,7,0,189
95540fd1da5ecc8bf09194df457e4945f940120e,298,9,1,307
71ecef20400824a699b16742c13f22e445fe2189,57,1,1,58
b4285d2b61b60de53a1940d9141186d49f37fb9e,45434,1421,0,46855
2f0bc37bba3175fc2daf197e1bd32957cd347156,3716,41,0,3757
10bb52954a502e025d6e16aae8fb634b4ea3469f,106,3,1,109
fd370b9a40a61c4c0219cc61fb9016e763a5f6c3,3,1,0,4
f1dd8303267d36a1c87890010d004fe3804b1a4e,401,24,0,425
eeee22b8074cded3a76b46c4441f7297c2d82030,3822,44,0,3866
2962b7689be85ecf4a0e940ec331aa86a48a4c05,824,22,0,846
684db5218db2dff143ba392fa46df933aa0a72c0,3,1,0,4
7c2e0e4fcb80c5e9003bf03f4ee2005217136837,824,22,0,846
d61edf129e6ae781bb5a856652b25b8864905dc2,27,4,1,31
7e56bf6fe81d958943ce33565f8dd5da03da08e6,0,0,0,0
4bc5b2225d705d88aefcb6e655f12a4f13d5e5cf,153,11,0,164
25b92e2651e1803e7479222ec7804660c5628507,6,1,0,7
f640eeb7bd6cf50cff7dd4eb46adbba16eb3ba73,1,1,0,2
7f2fc777013240eb2867d71825356c9ef307db52,3716,41,0,3757
3b036463b10ac0937809222cbc135c052f15d25a,2031,94,0,2125
57aea24a33a6aa452abd6d688239bd77eda3053e,1914,93,0,2007
128c82eb7005e079042b57b73e3bdddca8e5ba29,2861,115,0,2976
748ddb65e80ae164e3ce2f257acb50a4ad557c7d,27,5,3,32
d19e6c66197ae3afbb1667c19952a86b8868e991,18,2,0,20
078f99b9fae2567fc2b882aa4e0034f2421e11f5,329,11,1,340
2fd8c33dbe062f6c15715c8735a96525c0318020,2918,115,0,3033
8de9a2dc663de30077dc6a59d907094863d2cf24,186,8,3,194
94c6cc53f71ac39c7694e89fc07e936763bd7fb0,12,4,0,16
8873516dda3a834c8068676a38cf9d4144e3f9af,12,1,0,13
b9b828080b1cb5e0e000f8fc827dbd1b9efd1dc1,391,12,9,403
520eef1c5aabec9209aeda45f8ab4d8f2d6087e3,4,1,0,5
aa99733c64a06409be6a96ae95644a95440336ea,35,2,0,37
ab4806214df75afcc600fa096902583cc2f888d2,2031,94,0,2125
2230fe7407c4f11e289c7013661e3b0453c0888a,2,1,1,3
be6a16140f6c56beee5fc5c82d95beb26936a3a2,18,3,1,21
4022338795ae45e381599aac709dbff0d56b945f,56,10,0,66
1d77b1b2bef3ba9aa16f981d3a0a78571a5c0275,132,2,2,134
5657b41a55054d26c53beb1322207dc7a10e402b,220,9,4,229
ef5d6474ceff4f688c498f58abe62fbc3660e4a9,21,1,1,22
ad84583b104c9af8222bf724d90bed632e0198bb,181,12,1,193
2335ef9921295241960af20e245b69b7919c0b4f,66,4,4,70
7ddf3748c27deb64add33a772a15531898983cbe,613,22,0,635
c0f9bf50774b347cb58f327c7827a8605a290004,3,1,1,4
014fe14ae30b4e1f16b6f617006ea252667a3f5b,2,1,1,3
e6a0ca1092e203f973da1b95311f5b4b77210e96,22,1,1,23
fc123eb6bfd07cca05501e0db613b3258714945f,4,1,0,5
2ee1d2776e12cfeb881b80015f47cc5909a2c5c1,12,1,0,13
de225111dba369a20065790fd96e2f1d942e357c,60,4,0,64
ca3b1a238ccdc9c134540f4f4678b98d3d8cd742,30,4,0,34
768290d02183dcfb53db65969bda24c8de12fa22,21,4,0,25
f5e891f31e41d728283fb17a5f12108222ee6221,20,1,0,21
3bdf1fffbce7cef2b75749d17a43d51581784558,6,1,0,7
0cbf6eed72b50a5ad7827811832881514f64a792,18,5,0,23
5fc2cd053467e65872f796e11e3edd2e6017d80d,9,1,0,10
50701cbdbb07bac7ea078be40010a4bf45f02b00,2,1,1,3
d172832bea28d411ec4301ded91060f7ebed1cc7,2,1,1,3
2289f64b9a955da28b2e63fa0758c9f964ae8d93,2,1,0,3
3073a5ecc703d9e1056b23e6fe81d6a7186cdeda,10,5,0,15
3381630e7b1dc091d5f282353fa903c24af8765a,108,4,0,112
2062fecfa560fc474faa617f52d43af9b90fd46b,16,2,0,18
5d5e8a3beb4a37c0228132f3242981490cd2fbf2,132,5,1,137
aa3864dd0ede52d643f5bfb7f3f060c72b97d3d7,539,24,5,563
87cec9823a2df33a89d73f68770d4d7af0c89aee,8,1,1,9
fb400f0b837d166f50723cf50460361d19d44e64,103,6,0,109
ce5f1683bfd6e83527d766a94154595cfdecc4b4,10,2,0,12
8e590f9967893d31c9587be5aa224cafaeb2ae35,7,1,0,8
58d241c63d2eccf7e66da208804fbd2ce4e6503a,245,4,0,249
a1725e140eddf9eeb77084089bebf67a414f8705,12,2,0,14
c4bef11f380946ac2577ea6081aea72676126cb6,723,29,0,752
69aaedd9016de150b9f737e4cc125f71c10106b4,4,2,0,6
2415712ac711ae3deaa624b8bd9efd598aa33fa2,234,22,3,256
e9a45c0c313b427d8c11fbee79560d464d24dae3,0,0,0,0
c02ff0f42e9ccd745234b5be26305cffcf640a75,42,3,0,45
a6f7294898129aed679d20cbebcb7360c00c301d,10,1,0,11
ea7b4bfa51660cd11abf492cd812d21ae1602a1d,28,1,1,29
2c49bf735e8ed6ef5bbcbb5459589257a950e6fa,10,1,0,11
40d6b75a49937f63654b434c072a8bf5fd5ebd8a,2,1,1,3
6316eafb282992a1882d9960f3961311cfb9ff14,2,1,0,3
caa0f089facf950f73fae88e2e0a8fe28b286057,1,1,0,2
50ed825204d223be52b08ab6cf9bee205a18264b,7,1,0,8
bca419877f2e136a3e9d35ecb6c9af8e770bf0ee,19,1,1,20
5ee3767d916018922f59edc2fd70b13349e1afc4,37,2,0,39
46bb91a3ec135b743fc8a2bdaacac64afeb14940,754,32,0,786
2f73436dd412c789d3a3de19aa17f6b903f84b9d,29,3,0,32
053d32cfa79f0cc0ce6b47386471ba3b1786753d,3,1,1,4
528ea7afab72f05ed367bd85d0a031f67094574e,206,2,2,208
211a7400592008d704340f7724cdd8a897f30433,38,1,0,39
a9ab57127ba41e44a9dec9e04efd266a616b757b,35,1,0,36
002e395db12f505f179ff3a9b264d1b73783c6ef,31,3,0,34
768ca6aab93c63f37e506318065bb491870ee8f4,18,1,0,19
6047580daecad8014d4bac4bb6cbac6020fb7382,1,1,1,2
825e2fe4cadf40acaf3d7a9dc1bdbbd36811285f,152120,2427,0,154547
c2f5211420893331813c77fb8a377e6397958690,6,1,0,7
3821f002956b14f7404b8943e320909f3d6c0067,91,11,2,102
1617648e448c3842b64261457b9b9fce0eca80f3,24,2,0,26
a9996d8fdb2ae5ecbf1a56b88a4161f5d8bcf5de,18,7,3,25
f8813070c13bff26824c52b0d25a3256b29cbae3,3639,142,0,3781
67b7ffd93540b4578ef28e6b2d7608dea09fad5c,186,9,1,195
82b34192acf6bea99cb49cf5dab40009bfd5be88,3,1,0,4
2d014b8299b88bf8c773500cf8938cbe69b8b4ec,9,2,0,11
64750bc17b756fe05647cdc2f2683026ebb1435b,55,5,0,60
885643ac03f52a4b4d97f1535be3c6a1e344a100,191,1,1,192
dc0da5d07cff084ae767d83da5998b4c8ae7e485,23,1,0,24
da1b89f18c8a32d0eed4ac923002f12e223dac71,97,4,1,101
6ef11d4973df0c5961fa23c6f98dc90d5cf6cdd1,38,1,0,39
50998c504573834e243df8b00681dcc8aa22dcf6,28,1,1,29
5b6700f1dc2583d7910444c38628768920530b51,38,1,0,39
dfe90fbd3b750d6af2049fe60e227a03ced43b9b,470,16,0,486
5fd9ded9336d3dd8cc0da3e88f548de8fb57c12c,34,3,2,37
a4f580e8bec7a5ac2ed8ac265ceb7a6c2e07d68f,466,16,0,482
4cf4de6c359871e9e32f4bf8b1d7341d823f0bce,16,6,1,22
d7dad487da127b66554f48e96800509be7830d78,10,1,0,11
67bb43aaf1a233393e5d88bdc60161b454c0939a,23,3,0,26
bf41e9e77c65faf5362746f8120d34948869e72d,2,1,0,3
b362fd2a036ec21b1e73b68b0750f1c9022dde6b,224,10,0,234
07683c9120d2eda5758a9e5e88b05d46587ac2c2,508,17,0,525
a3977128b5ec137f3a08b1c43e36069e16b36f9e,12,1,0,13
79c76cd16d0a506a2775cb41f885bd3aff39f96e,29,3,1,32
e182c34bde3321f7fb8e9af471bc0dfa2a938f65,13,1,0,14
c302175e49452c67ff5800f67896e7c20dba6db5,8,1,1,9
41963b70f02edb63080cc9b0e8f40e693fbfee59,759,29,0,788
05c8d2039f41c53a64136d3268c5809aba2ef7d4,26,1,1,27
7aba4bad9aac10dc140c484580bce195b25634fc,6,1,1,7
c6b3380f6391e92584bfeb6d3b2fe28edb0ebbe5,1907,61,0,1968
b297a4c4fe8db2880733b418c012b7e662ee4b83,37,5,1,42
98de490fbb4bb671ee28da5f9ad7d0911cf9b190,759,6,1,765
ea7d2485622cc455be536dec3ecbb36dec3498db,285,22,12,307
f1f873bf5eb1d5d8c024f68ab9aaa90bd0cc9122,2769,93,0,2862
ad140b906526cb95f6db14daf9f1c025e2e45c9d,34,1,0,35
00c934cc3921d05f92e1c0f7400ae9253b779b01,31,1,0,32
685209c6e360dc8299e9e5b3227e8e9a7929898b,33,2,1,35
ca472ac50c3e679a305bb9a01a56b180ac3fff82,44,3,1,47
17a9744d2b7cc23a7e27cb20b45038ed114c589e,7,2,0,9
528d46bc95fa40049c24a7eee1d27812934ac5a5,24,1,0,25
0dfb5c03bb785a8fdbbdb70d8260ea7922e2accc,14,2,0,16
8e21725698cf60cb9c28b8a565e6739246d90fd3,3125,117,0,3242
35d05e9282903ee9b78bbbef30bd41c9d250bea4,508,13,3,521
6011305b72610eb42290d090ccbf674324df5ddd,484,6,1,490
1aba457a1d10db19b79563e606085be9c913746e,508,13,0,521
dfb4679f912eb226b04c20b29e6e2d6872e95b9f,1189,30,13,1219
f7e32fb596a71f630237b8a06f846febbdbcf005,12,1,0,13
13edeb417cb23cf009e59dd862716b3dffd45119,882,40,0,922
677d8d8a0fa28f3e03159dd9a498eede70d1d068,9254,303,0,9557
9af35618acdba4c0f14eb4f1730e33a3cf5efcb6,3752,136,0,3888
3a8a15507d83f00c433240f39fc2af1eae5c51ae,4,2,0,6
d297e066ea110038168adddbacb31747e673eaac,2859,110,0,2969
98534aaaf8a9c99aed26eea94e6cdc4e652ca9f8,2,1,1,3
950732e48ab70396ab6b1b1426bc5cbc5be84e7d,14,5,0,19
0d65d117564d4ef8937236bdcaa917060a7248ee,4,2,0,6
588cff346be3cb47e65f3aeea693c8e158001dd7,12,2,0,14
0714c023348204a542dc549058251399da62c8bb,6,1,0,7
091369c751a564ea3b8273cb86145cb047a513e5,14,5,0,19
c9b3f21cff691150577937761b0d3530f5b687d5,3597,127,0,3724
94652c69a0bcc0819ca424c9be06317b6f2b4949,2,1,0,3
22d5915014ac19940b77f4516bfb62e57daa3fd6,7,1,1,8
b05b06f91ec71145656f26b6d0f334ff9ed503d6,330,15,0,345
c8428a453bdee6da2fa0a6221d53c41f157f4e45,109,2,0,111
f097a5b1e9568bc1f08b31e2b472e8bb15059eec,28,1,0,29
5caa107806fde27487a15b6c8f6ca3769dbb959b,667,15,10,682
dc628223a3000dcd19cab144f755449787d8a373,40,3,0,43
1a9de86780567eb99d82b7c9a08d32fd6462264e,434,27,0,461
39cfcbdf68a20aad45fd8f5802f2f1d78a16e6ea,2,1,0,3
6413426c4fe672a6f75bb89db9531bd72d761783,398,19,0,417
e78ce56aebcb83d43b25ae96360d586d72d0eaf5,161,4,0,165
63339663676e21974048c0108d0386414d58a3e6,225,29,0,254
b8f6904a37495f5473cbb9fd572ee3d9e7a7c6af,611,14,14,625
226887545372403f1042f163360e0ee9066e2a12,9,1,0,10
efd98ba01b0d1683281cc077dfa55cee0973151d,225,29,0,254
fd51341c05024ef4a501c756fc2db001f4d3a9c3,49,3,3,52
57b754912f1722f25126a7628ca1bb5d05ecf0db,2,1,0,3
f8d5d4457dae69966d94d5e43ba030d6ef97b435,47,3,0,50
9a6296279d03732f97defa11c591e075c1cc0e71,632,49,0,681
b7659f39787da4fd6808a3205a05692c9518db32,667,15,0,682
8a86e387be58d670acfdf06e4d9e83fe657106c9,259,3,2,262
3bc3b07b3705d66169284b99acab6d1fea3298fa,2,1,0,3
ed6632aed467c5dbb74eb7d235c7e062f94344ed,259,3,0,262
7f69f2aee4251e0a78ca563c5fc8fd139f875e3f,1534,74,0,1608
282e8a5717722eafeec0bb7abb5b2e75f8399f9e,66,7,0,73
d47b66a2177367e3e86e1ffba9217589783d27d1,1168,52,0,1220
e2cbd2178a9a4b7a4db171386fda0143b0a025ef,90,2,0,92
aabe5a9c37421910bdb075b4289e21f8191219b9,865,18,0,883
5e0050cb2ab4922b26fbaf3d8ec98799a57dc5ee,1534,74,0,1608
ef095dc64346ad8c9d3a641e8d1554bb18e97a11,58,3,1,61
69f50791818eb21bbc99e9568c54fb27bd732956,2,1,1,3
505a7bf227b1396ac3ff2f3b08258dbd58c32698,16,1,1,17
acb5d2b4c59bd6e17144195e36092f1cd41aaa96,18,2,0,20
bdea1a22571c12918cebbfe330da26a5e866b692,85,2,0,87
9b2310902503b05833c909d53d5099f3603665d9,12,2,0,14
162bdac1c1407cf870fb6b18ba3bb7440b1a300c,10,2,0,12
71f201cb203f68a497a404731091c254072fd10e,119,2,1,121
0e297a6e97af1a284a1be676763bf49922e91215,8,3,0,11
624eaf454d68bb82ff3ecfedd1b2208db4a2e423,30,4,0,34
ddb8e91ad4a7dd2dd5b6e7e8d603e8927fdae6c6,199,4,0,203
214a461e4da316ea92d92514327fdd6523ab451f,219,9,0,228
238e124b8d304588d08613c8612022cf859e6ad0,5322,196,0,5518
58b6ceb2722f2738f772cf373f98dc7d6901adf2,119,2,0,121
07ca9facd0bd67eba935c05b120457082ec51b5c,1,1,0,2
93912fefab66605c2cbca4447753385b07c9cb1a,280,30,7,310
f111294648e856b6a68c78cdf753a50e81d800f5,1456,61,0,1517
07ed759a89d49e35ec0ef3122e69e094af666f8c,125,4,3,129
6a721d76d7625a8c9bc645e785136fce4551c514,357,14,0,371
34c29ed74578bf569bf537a57f2db642e1d58d2a,196,2,1,198
cfa3a96f6d4c17bd20c8648b3872ff928fd95be1,249,8,1,257
5cabdf25e8c8e20015020b399621c3fd9b75212e,80,1,0,81
c66290121e8eaae4999ecf3104c556dfc778edc3,809,33,11,842
9d8566438d3b43d50feda54fa4339663c11faf14,127,8,6,135
3ec22790b18ae4eaa098abeacaf98487b16b0ff8,26,4,0,30
c213edcde1bd0649a14dbf72d03a580db375cec3,15,1,0,16
7e86251e8bb5d0c610ef8414a5454c5376ef75b9,4,1,0,5
0180d1803d20bfd52687a5f279b37688d616a0f8,289,7,0,296
b10fdc74a39a1fee746e177909e72c1148f76557,1,1,1,2
f19a61191eaf41ef66870bfb3d7d90fe6f4aeda0,83,1,1,84
44b1bb24ad41d5961b8ae9848200689ee2384a9e,1117,41,0,1158
6c3f1013a5dc981ee139668369ae75a427ebc49a,1099,45,0,1144
d36e301c4566d5a231b95046c7c8098f9a05d974,1099,45,0,1144
d33191c5c1965c97a093d49017ae691c7f5289a5,13,2,0,15
d173f370e9eb6c0707d76aba11c293643837e0d5,1,1,0,2
f3c1c6c08df0765dd4f54e16aae19c257e4dbf7a,2229,78,0,2307
4f4772fee06a0fd358f2f5a57f858d3d1cd0c2fa,5,2,0,7
e69ef35b6c89c22dd34fcf1623cee4856060ae44,41,1,0,42
9aec2293867db375e85d0712bed7e2036b4032aa,8,2,0,10
1f337110705c88435f1b5472ed13caba2adedbd1,8,2,0,10
e799b7813a03e4060e201dff676b00559d1557f2,2847,92,0,2939
7cb512acae1476f6d740e8cb79cbd8fa9f8314a0,1364,30,0,1394
c4611b83aeaf67f51b7ef9959e20a233a3883e00,3,1,0,4
adba7eba7c417b9aa29ec8f731712546721a2c7d,3,1,0,4
6dc40be9537e44adc86ac4f5135ece6647e7b468,20,4,0,24
cd7f1a9003b76081f706faa6050f1af80ea70dc2,531,22,7,553
66260cb745bdcd3232c4999bb92d80e9a1dcdbc0,1381,34,0,1415
09a3a82b346c5b1f913941b4e3d27576787abbe4,38,1,0,39
eaf7aaecdf5e92720962a005abf7acc5baf8f013,25,4,0,29
c88e8a771905f49764ec7ccbe4c9be7f9b00b33a,26,2,0,28
14a1916251afbee74d85c9fcadc115c88dda7514,1405,32,0,1437
0e89dde70168433d18fb4bbd67e7d992c2029dda,6377,209,0,6586
28072aa218f759c092c380a8c1b2a929f7c9a38c,7,2,2,9
0a81542167174ae803f1f9acda91434845b5012e,1419,35,0,1454
520cc47be0d53dc9b72409a56618231ce985cda7,154,7,0,161
f9af2d5685c8e49621836071e3f366a3d9158ef5,38,1,0,39
682bec6a5d2df9e91521622c82dd867a58f73be2,59,3,2,62
3af69146f37bf6938b408da3584d722088d2dc4a,2,1,1,3
093489e43fda61817c30464400ab21bda1d3c81a,2,1,0,3
3502ff057224815f8c033f71243f643d2635013d,2,1,0,3
d2d6def52dd469869592ee2fd7b9df2a83ba4812,20,3,0,23
8a5180c5f83013eff0e09f7698313fb947fdc756,43,1,0,44
82a93c5cdb0d8cad85af5e8de57e9fde0c1a1a97,334,5,0,339
b78dbfff1c61165288ff46b8cf1407f83eba2089,20,3,0,23
d214c21e850de6d1a8b746985e23f9400bc3d224,5,1,1,6
3061522f91779a45ecaba336abd25a2e3904cd3e,334,5,0,339
e100341949e19883e25d37968ade163364cbaa1b,9,1,0,10
c280901d67d7273573f4bf326d8d7304523d28be,138,6,0,144
015420fd166bb1b0450457c39b43ec62583cd201,14,2,0,16
a28bc74ce45c50730f0ccb1511f120ceaa34b74f,4,1,0,5
ea777d40f6a7e452b87a0ea592e8e0dea2e068f5,147,7,0,154
dfc3a01ba170025e91c4782e8b4636316e39587e,1405,32,0,1437
4c99d6cd179b2c805c0a1732c170e1a492463e0f,70,14,1,84
8e486f9c36a21d796dd42f0712365b913ca8baca,4471,127,0,4598
03a2b3f91f293662f3bdd89d2dd48c05545e22c9,8,1,0,9
cef5227afb48638c1c4aa0ce26eaaa2244a5edc1,64,8,2,72
a95e8de4377eeb6a840031d0254096f063590d36,128,4,0,132
5dd8ff1fffe4b858a1d6f11661b38a2af1065444,88,5,1,93
9a523ceb1486b4b25dc47a6e0629681d1394d216,2,1,0,3
5cc2d36ebd4eb2a759220891ed8027d3641e2893,68,9,0,77
580f0511771c414fc8e12937701f73946623b265,18,2,0,20
ab01e7dd37803a5a39b71d58429bccae79def1a4,1287,36,4,1323
68eacf8ed556ab3332abc0a955f1c040723b8334,3418,101,0,3519
0e3e6d0961ca9568144a2831f25781f6920dfc7b,1,1,1,2
a1544258eee4d67ca45f8f900089e63bb0ae2c93,44,2,2,46
92a7aad4ccf673d0161ce0f6d4d6b7025f67dd08,62,3,1,65
223a9cd172a2e4d0bc1349b2d06955b614b9ccf0,634,27,0,661
dac23c45e1e317daee1ca6e31d60e3c742ad8c25,636,27,0,663
6572efba2304756a0abb9a5453d9e1e0899ff865,53,2,1,55
20d3ff80f97c57fd4f79c226c741a895f4e9cc5e,4,2,0,6
5b806d8840aabd5cb9619c077d936f91f515e244,4,2,0,6
5e2704d609e17ba317e96719724f30ae5009f8f1,2112,65,0,2177
fdf56a5db66f4e7f24033f83f9d566a2eae177d2,269,18,0,287
7fa7f425ff23ac2246f94e6816480123163b0507,78,2,0,80
903bbdd8837963de75ab71b2a70c4fccfca86a10,695,32,0,727
cad2ab38051171499023a8f716f670a6f2144bf3,582,22,0,604
dd944bf83bc4c5cc9967a194aab3ff9a8c9ed56c,26,2,0,28
c3a03442f4b0fa81076a452671284d36181f9213,1295,55,0,1350
2f1ecc52872586771f2b43c9f779632d46d650e7,4,2,0,6
426f023be10ade518e3cd7756a6484af4bd0fe67,1295,55,0,1350
e06198559a65f0d91081a86e8fe68524bb91afa8,18,1,0,19
70d539cd3d239302ebafefdadae2b99a53d022a4,1295,55,0,1350
413889005e6ab9b193f19cc3b2bf4c5538cbfabd,0,0,0,0
6924f0fa92f8c812182f3b9977b7dba1d16ac8ea,10,4,3,14
b6c605c118b511f4191fd70825013c842a1d3a8c,97,4,0,101
9a3373f2e64fcc86b9921eb2fd7a1aac14933429,100,2,0,102
9e9a5c972bf78bccc8f486a3a9709bf8bd605621,173,14,0,187
ec153eae19050e309cafe7cc894311abd0d51d17,173,14,0,187
5c575f6fdfeae91e075c9b7f74d46850bbf1b8b5,3,1,0,4
67eb8da99e02b52e9f78015773d9614bff65828a,70,2,0,72
39ee71715228a2fe1557617adc4dee5289b0c221,5,1,0,6
aae951e7703a559685fc1d1f26d841b40eacb29c,49,1,0,50
e1db4076f1719364a8498d7e6f6a52d13a454443,29,1,0,30
5421701acaa5c7d92f39fdc234df165d7ec5459b,13,1,0,14
c0d6e8928e8bd66207ad70b79d72b10a06bbd921,945,42,0,987
a7ba0bea463648031bb7b2afb626a63ef2215f96,8,1,0,9
af5c9d3c9ab1b5d56ab4903a010a038a26443613,278,17,0,295
a815911d2f5f6f4fa5de9baad9dce6febbd6e835,844,10,3,854
60aaaaa08b1b6b7a15de11e533081dc444b5226e,278,17,0,295
0c1f3c754aa87ccc7d2bfb04c1b61f680b7569a9,636,37,0,673
88268bf8f1cf3c612bf0e68a471097817af9de87,10,3,2,13
360a41f258fa405d33045d3dc90fb78767b75677,329,7,3,336
5e84cda6cdc82c0471e991a2e2154d947341ba0e,2,1,0,3
888cff5fd74f0f84db7c09a879c26131f096455c,10,3,0,13
2f34c46a695ed93f39cbc9f32b790f443fe0596b,22,1,0,23
7e6d1934dbe25d501bd6023ec875bb0bf9e53745,2,1,0,3
9e7f8a4b81174ed1f048d3f19be37d9b5e4f81c6,1965,88,0,2053
bf7fdb2110cb75a7fcbb48ee006c2b082fda4164,3,1,0,4
7e07b90825a4a95789c87033023a77084ba0dcd2,20,1,0,21
fe57a53c3b4fca401969dba6acd85f5726ea1101,85,5,0,90
5397a4159d6f31740dd1c47971cb3856e9c29c48,351,24,0,375
1aaa0b09698d24380160e200fa03ab36feea1f34,44,2,1,46
15cebfc417176a47244b66ffa686cded2ebc9460,20,1,0,21
369a36d70f27571cd084b3b1b4990440cd4a510c,8,2,1,10
93bdbe28e6e6ff1388ce1c241c94065f88deb210,234,8,2,242
ddaede6a1d34dc71a4ffb6a31786e0bef67e97be,2,1,0,3
f2b40c166bceaf5a29efb8fec4a9f89ad4dccfe1,46,1,0,47
f7cfc366044ac91f3a264138ce132cc9e3d9ec39,48,2,0,50
d49c0d3d3c41bfcc3acf99a5f342272152f7f4b6,2,1,0,3
f14e0f26e208f07af0941dd48c6adda5babf2bc1,1342,64,0,1406
0a8378c72f54c9dbc6a27850e7787b4c61c9f2b1,59,1,0,60
e6a6b64c6731ba6568e74bf1534d64200c46e80e,68,3,0,71
650bfc790662b64fc9b5fc6e0ca5dff40dd14094,9,3,0,12
27e43cfa244b90a40fcea277c77898f5ca4fc95d,1448,68,0,1516
ae4dda19f3f1c91ef41b4e6e6d3512a01f401ba1,1448,68,0,1516
8242c1512657dbbb0efe9a3e0238c88d2aac447a,464,4,2,468
7f9b9cc8c911253bb3b6831f2eea40ea98009df2,623,10,0,633
5ec2af0d9a01e0b4a0b71cb0d3250e59e8dedc44,2,1,0,3
dc8c4a955ab501b3ee2f486202f268933ff71712,464,4,0,468
5a2b46c29771a81b04ba2992cdc1a38e2cc31a89,2,1,0,3
71fa3a224a9adf0bad255b2d36fef3124e948b80,593,8,0,601
063fee4a666eac5e7874b4c8c093e34d43ad0e44,146,2,0,148
b1898776bac93ea164db6d06780f0eb84c6b1e2d,1857,69,0,1926
349c200d11e2c961a503b368a566e6bd5345590a,108,4,0,112
86f23de5cf8b308c25072e46cd3efdc31e9eb545,63,1,0,64
975b47c4e9b6543649f00e0d1a30b860ffa793f1,525,6,0,531
43fa7148b37bbd3cdd0c4b406075d98491072b8a,156,5,0,161
3629cee2e79eba9581e8a3f79d6f05aba0538711,34,1,0,35
f1eaf292921650e4ce44f61640fe7992ee14babb,109,2,0,111
e144a68f89e156098e05c75b20d0f182cc5c47e0,634,8,0,642
f600e7e833055e9965209dcd8cdfc933b9cfe01a,268,13,0,281
0c836dbeb4c02e834ec7e26f5757cb631f569011,9,2,0,11
414882cfd2e21b961c2d766c5b78a2665336e914,1634,60,0,1694
b2984c9bf4a2563cfd943def1c94d68e9b75aef6,5089,20,0,5109
942f6de740a124358e954137ecefe164d85c9978,385,15,0,400
cf6e1afa957d5bd04aa93fb995dbcbefcab475e7,110,5,0,115
060ccf2018f04fb3b51d4154c8658eda020c5639,96,8,0,104
ed0b8646deadb20ab0cd86e987c2a326d380ed78,73,5,2,78
3c3931f5097c6779e7c3304f81dddb113848b0eb,3,2,0,5
25f900edac7d3a213ec30de673251777739848a5,354,5,0,359
dcd24e0d60f6ecd7339798acd8a5e6bae0310dd0,4,2,0,6
eadb5d5c2b53ba4ae374258e950ac137e713c650,4,2,0,6
f76dc007bc9f0ae53f34640b0c1cc66301a04121,14,2,0,16
bfcba3b8a9325250baec2b977245a7e052c983ae,4,2,0,6
d20d29b56a085dc61d88ae0792b5b78f4cf98015,3,1,0,4
5832b3a99f61ef298f2d8c75ae0d208a2f58be72,627,6,1,633
72c6dd1933985a443ca6f5781871f05182c9072a,6077,49,0,6126
3cdf666f57b32e1eab5ff3ad00a91ed142c95163,5107,23,0,5130
e449286923890085b02dfc9b3db44d87fb081585,236,4,0,240
6556af640f940b59d93b4eb375b10ba6e2c5e963,5446,38,0,5484
d8b2315beff844353d47c378ce7073bdddbc69e7,44,4,2,48
6be884eec804c5ef1f060a7b0364f5ab52caf23a,3,1,0,4
1a4e7f1b3d09a0e54f618f2527f98ed202f6b466,3,1,0,4
5bf4734a7cee9b6ed0004a05b0099a922827aa80,38,2,0,40
1bebf7ef4ed2593e2179437e0871c3e642337315,126,29,0,155
238cbb1eff6169d47536f5fd21eef6eb228d7558,172,29,0,201
0c9c60c666ba9e45d96fd416545ef023dcd06e88,74,5,1,79
1db85d05df790c233c4b11b5c4e0c916beaa195f,0,0,0,0
627cf059210e491ece489e0ad623353b7164f710,3,1,0,4
25af55a10e692d61adf05d15b4f17c113dacbcdb,405,9,0,414
a9d51775b0ab3cd31ac59146ca28ce0cf8d1ce99,58,29,0,87
1a8bd5b78b5ac848c2aa8c4f20bcd23b9711814b,405,9,0,414
404da5f2368f48f9c99c467c98a2af53481962bd,8,2,0,10
cd65c17763eef3924230bec4808c1df85b245072,463,38,0,501
74f6b680994e31127410383cb719e53d44e42fa0,5,1,1,6
5f2d8c29a0d13704810d6b4befcdea9538c2eec3,66,31,0,97
68a99f116dfc760a51016cc30390a363077fd8b0,430,13,0,443
d3b10ab49ad22026e8aae46740f4495a58f5507d,308,11,7,319
079186af3086a76b9d9cf98ad3f997f464f71d27,430,13,0,443
8f6e7a624306cbf184f7879c8f0169a3755ed1e4,3,1,0,4
5edf4d9849ad5ba21a35fa10e309d3b1dbae899e,5874,50,0,5924
8125ecce51d3eae1ffeb453c9b1cd0ed5cc25d64,19,1,1,20
f0bcbc9931e809b3dbd81f9232b7518361d0cc6a,1,1,0,2
bed567f9e468b2aa6b752475cc2936cb6c0dc6a3,48,1,0,49
1e55e2dc1a7e5be44697f9c4c78d32e25de6928f,493,19,0,512
c06a4ae1aae210ab200767b05e4da78b518fa111,298,7,0,305
174729d925cbe87d032cf9d4de5c6dcc5b2d7bef,3,1,0,4
943a49b26fd1fbc26d2b30ba15b6174f85ec862a,49,2,0,51
2a6462183c37d09321df61a0f6ed56789c562f14,27,4,0,31
21e328db304529da686b6d22d1f540d5e0a521b2,3,1,0,4
3daa0b6bbf501def9e88983194a2bb952709c97e,79,7,0,86
39e5f4d27dbafc5b2667bbfb146f061caf069364,2,1,0,3
aa812a130a2b35b221392513fe9bfd6ca79b18bb,3,2,2,5
6553549ff534fb64d1e4405b5f7cde50b84304c6,27,4,0,31
2444811f465e12aaa6639d661a954d00622bbe44,1,1,1,2
c6de5e1e0163f23fd551253d2950224ba7317b7c,5616,43,0,5659
db754aba1fcf9d762dba9b96e5333afde7efa0dd,393,6,4,399
93948ff10d76dc4413e8eb4445da26fe5cfa8b33,1,1,0,2
36c330a6ab0f8bff24ef05933dd079f11d76b63a,39,2,0,41
65f347299c8699ec8b43dad8ec63a40758677dd2,189,11,5,200
cceceb674bc6f132fb0203db5458b669567dfa85,5,1,1,6
20bc2ed7cf8e847440d12b38ad2dade6f412cebd,3,2,0,5
f11e3574a97925d01526beb9e3aeaca9f596072a,276,20,0,296
cb21533eb665776bcd11531f678b1e87b1d3951d,384,1,0,385
27a73f027a70de93197fd79b654bf2f26ed5d78a,1,1,0,2
beedb1789c6636f5823b445cb219ffa9ae28d6d0,110,1,1,111
cf1cf9d00788482abe89feeb39746f24035fc53b,186,9,2,195
58f4913905c3dccc2fe87da2a58f73da5416955e,311,17,0,328
bef34cd8e3fac1fe3b30301869a2ad42d5c7ea6e,10,1,1,11
fd011e282fd818ff3cab1bda94fd236207bb8779,35,3,1,38
65b51369daa820a5b9404f53692d37144b32517c,6757,77,0,6834
151f970c90cc7ffebc483c19ed6a47c8d6571439,20,4,2,24
21cfc8da70bf745b1cd9a7ac7d26ff75e063f41d,64,4,0,68
cbab850301e0ee9b72371624fd6756e58ac06724,19,1,0,20
5042e3b7bcc1498992e536a8c6f0e7b21c5bbb0a,425,23,0,448
b05c14fa8630062863b48c893c21a2aeb542c985,508,31,0,539
3f6beb36e207c76244dee7a6696d9414a65e7a24,2,1,0,3
76d80f4412ac08c224ad410e873d0c607f9d110d,2,1,0,3
76f8049c2124b965d142f8dc781fad2ff20419d1,15,2,0,17
080376afa04e2c4be07371518d44e5b02c87d088,2,1,0,3
6bf2f4ed7a139b1d68003ca6920b4fe7e4d2a6a1,955,46,0,1001
7e9f22ed4c80ecd3850accf0451c354e3ee687e8,53,1,1,54
682dcd143da345cbba7eeab8e2068fbe04cc4900,974,12,0,986
90f91d7dbdd8570bae5e9968e2552ed799a23d88,1499,45,0,1544
327a1086d60b46c49fe3fbfc73af49c21f1238f4,78,4,0,82
8474a0a8d3f8ebd47049724700222d2322daa37d,989,14,0,1003
257662237937de0ae13f862a0f2d975e1f9ae803,1,1,0,2
9ec77118f9073ab6a17a545a9012ceef379bae0d,415,38,38,453
8cc456ca6f4f3b296d71e94bd0612266bf185734,6,1,1,7
01d51b6d1d75b25f922f8f0b5919ddcf2c2e777d,1,1,1,2
21c8e893e2170ae7ab11761676ddb4f2dce912f9,6,1,0,7
0cf79e467ab532e21ccac9ee6d36f57145c457de,974,12,0,986
2cda69f10725be5bfdc1da6071cd2862a89d2161,4,1,1,5
d9e2a648136b00cb688789a8216f0ae02c73bc93,35,4,0,39
e0d88d3a0dc0f07316d9f48910203a8dd1428346,1115,23,0,1138
641b713d65f692a1165459f1cce6c8ca0542e591,55,5,0,60
654b4e98f2f618e4ffffad6486d13f883a1a5d7d,172,1,0,173
fa552bc08f2835eaa9d7f91ef88e1ac43201a363,5,1,0,6
9fb5651ee3ae16805b6295d20424c1a5aaab71ae,39,2,0,41
4d44e6106666c57870938b4c1699249c8d68beca,1593,39,0,1632
5e9addb568125d8ce5b375c64169178e8fc85137,10,2,0,12
8c74c787baf8e74d84436a7e82d4e5c84ae8ddc6,6,1,0,7
ab2fe77642294b9cfb432ed43ad41bf320503839,12,1,0,13
c2c4da48a9ebaf5d41e61bb006e9d590edcd5f8b,5,2,0,7
71439bc0e5040b9df0b3e27e5632133049bc4432,986,11,0,997
597c6c002ce9beb645c7db8ea4557e6afe58aa78,8,3,1,11
7f7c829c8f9a65016fcae4847c7991f5a6acc59d,10,2,0,12
672e9b21132446a7499de28c1392c25068414432,205,8,5,213
ef2bacc6462e4773cf2ecb33f7d7451888210e37,12,3,0,15
c8444ec535e2275239174bba3b3d13ee56567b4f,1822,21,0,1843
e37888eb253e4bde8ba5d56cf3e904fbbc244e19,136,4,1,140
7eef373aa8ba17561c9d89dfbc6c0af8bbc23ec9,22,2,0,24
c31dbd2a20f0a2715dfa158102e1b879bfee657b,3339,66,0,3405
7f4c5eed0af2b56b1dd671cbe76a4224b72f5045,481,12,2,493
2f458d28ac965da64ec6e30918bba3541cde9bc1,22,2,0,24
382229c51c7b869778e8dce846c111f51f70c699,877,20,0,897
fe743909cf483d00ab5189049523ed3353bf5a3d,1928,5,4,1933
9d183c50c1bab91f0fd03a10a588e7c7a63731a7,877,20,0,897
ada2bdefe2fe662c0bad26e623f39474876dd873,3,1,0,4
a3fe2e44a66e19c1afd1a316a0bea0cbe170ef9f,15,1,1,16
7908aea91ad23d04efd1e6bbbc0ae796e72c0880,992,12,0,1004
32aa57c5875cc4bc07ef9b3bc3fa61a8985ea31d,10,2,0,12
7466be2871b43c98d1699a4f393fb1aaa5cc6769,3,1,0,4
3e6da9cda37c094167ec7bad604c3f9baf631fc6,286,9,3,295
9eb3fceb17d7ef0e11370f0de65ad641860a8b53,4424,55,0,4479
2ba7b5024bdb042b6b4fb0862215fee2d5fdfed7,6243,69,0,6312
998d1fa4e2f5515ed7f008ac2f866ce0178638cd,3,1,0,4
6e84a3b3e4284b4818aec03a51988bdc51de7d54,123,17,0,140
7d16ca787b0d592b25da4f6b72bb5454fe24f341,5539,83,0,5622
bb0ce4b3567fa60a4c2097e4128ccaa0ef9e0a92,2,1,0,3
5fcb072927925ac2342a43bc0b81e226043439e2,109,3,0,112
963af2967f48e1914b790d46bbe0c4ae4771e31b,3826,66,0,3892
fdad1e7f22f945c8e0d02ee5353285aaeed8dc59,12,4,1,16
ffe0d9c287560dea417464e8aad79fb56e538bae,7427,134,0,7561
8b2324f11738b1f04d04b27aa5edee369e948d90,3,1,0,4
17c94b6b730989b6d4a5cbcc5893cced73518e47,98,8,0,106
5720aedbb3fead0d7e37066684fb76b705291569,136,41,39,177
c279485070090996a9558cb2f395f00be3904631,2,1,0,3
8803e17981fac145c94780220eff18093376df9f,450,10,0,460
2412422b2e40d27e5dd5a22c778027b41693c511,682,30,0,712
de4c61a2b54d7016be13dce06e63cb7e99170053,114,29,0,143
8b63c8a7af47f03bbbd9084e14041704f8c61ed3,172,29,0,201
ca568f5b4b1e0d181bd19b86f8b3f362ea05c2d6,2,1,0,3
fd9cdff66f2f3022f2028900d4a019aa0e3c7d21,58,29,0,87
5d1815ef5eb2b0dbb929136823fbc424bc9b094c,16,1,0,17
2793bd975eb78346a41c4e3a596ec6d82ac47c86,2,1,0,3
59d937422562182da712baf85e2788f21ae923ee,76,3,3,79
245f46765b673d3a45300874781a898c9ad321fd,452,11,0,463
887c1a8708bc5334ffb4dee3e1bf9d5f27ebdb3f,1284,51,0,1335
923961dc108b91ef5543e33c615f9098e8630cbf,196,14,0,210
df0e833d4897b652613dd964a22e3ca914575f31,164,5,5,169
2e55096cc6cdcea3a77eec6743199be821a1a5dd,1812,65,0,1877
fb4985ed52d389a0a73a84a50e5a77c06f085371,407,4,0,411
86c3bc551dff7417c24019339e567c2cfa75f726,104,8,0,112
260a494d0ddcc157f0a4323c08beb06249ce5ec1,244,5,0,249
c7a206f784a9da2bf229b073468117a1fbb6167c,60,5,0,65
ac92d78d6ef7e2bc7a51b5caead6e92cd78ead0b,124,5,0,129
a12a341a85390a632d096cc155fb7d02b385ffbd,27,3,2,30
064bcd897d3466b53b1b20785de5873f56cd3d52,204,8,1,212
d6ae9036ddd3f2c14c3c01bd73752c236eb11161,107,7,0,114
581d6cf907df15fb8d5e9e3df85e264419723561,29,4,4,33
d175ca683a38e104de60d53f0db8fc95add578a6,159,5,0,164
0c1ad007f3c76a0e9e356619707aa07ab212ef87,31,2,0,33
ac779fa35dcc0e157f4ad695131f3cb80914f0b5,1464,62,0,1526
101e0a615867164f3b5000f0843984d5f5ea05de,3,1,1,4
b5a52210c2155fce54e6d745a0757bd581bf28f6,2,1,1,3
040d154651a1b9a74b132888aa5acc391ec68cae,81,5,0,86
9933351483e5b9458705ee16b317edf6a3d0d8dd,34,4,0,38
0391d27c51b7590c3cc501b9a8d512fbb6cc4d7b,2779,23,4,2802
e7fa0a9a09df44ffd7caaa675c30ab5b1c6b9344,100,6,0,106
27b6b78875ad803c3c8b19fb4410e00f48791e92,12,1,1,13
968a3ad35b98a6989f0f64003166f977564af713,24,1,0,25
3765f5d3312a13ffe5b28821ad2fadd91b09cee8,4200,86,0,4286
7c7471453395beca5f21571a023dc7a2d824b4cd,24,5,0,29
33dbf24b7bac8b5eea2709b7cc2bbd721a92ab70,373,12,3,385
c0e6cd51ce1fe2d50bb084fdfd574abad7d66033,65,3,0,68
d74e1a066f57af74f16e789926f80dafeb5838c2,2946,33,0,2979
6923b4fd4e593934fc81f61c74518101acf39f55,36,5,0,41
12642c68034d985dad54a40eb4f747bd52823510,269,5,0,274
349bde7b5a6a2015d05863cfbe9ae764c4c22360,134,6,0,140
048ba0d38ab2bcd6f76d84b64ca7e6fa9877e924,67,7,1,74
5701ff032f2ffd491bf472d5799874a39d5f5c77,8,1,1,9
554ff4ffbb571ea7f1c310bd0f36825c3881c33b,46,7,3,53
8389cd0646820c9d4ef25363c64810434ee8fc2d,36,2,1,38
d471a0b1cd86e6f7897f211825a970090dd1506c,42,12,0,54
8500053b7e0e7eb63c07cbbe0dbed45ea9376910,3,1,0,4
a60f47db923d9395e72d710d9aed4af529acdac5,42,12,0,54
3a0d1fcdddd15b277933972600973ed97f7e7e27,302,12,2,314
e8f233456a0f7031bc994dcbe678322fc77a2e23,33,4,0,37
5029aeb0fd59f8303fc68586f22c215f913fb902,4357,102,0,4459
8cacf085b0a53320a059c9a3c69721b784b4435b,65,1,0,66
51416e9c408bd04a9c691e3f79303d09d2c2f6bb,14,1,0,15
4c4eb2f311ed6800f6e6bb9e73c97d3500030e23,5041,132,0,5173
c6877a7cb1a76f8030ec8551f30ae473511bd6d6,243,20,18,263
22252f1f1962d5d958996c447ea38b1b41dd0d37,4,1,0,5
88e1ff8810ebc617e08c8eea554ec451f2df603c,339,10,4,349
caa54a2d9a35e90bee6fba1d71d6a8790712428d,8,1,0,9
4208c1219801aa0630d9fbb718ba2ace2af5fb8b,90,2,0,92
80ab23a2859bb58b8e1458aea6afe7c3707ce724,292,33,0,325
06746ea0e7615324668293304d64daa41d9b46e1,62,4,2,66
bad0161136f5a1e99832439e8a294040dfc8bcef,18,3,3,21
12a914d015af124232d1505fb587b7c2a79b6591,7,3,1,10
845787cdc266ba1db1aaf3f61f4ee9acd97168ee,18,2,0,20
6cba5507dad2c0ac9f13b2d2b39b71890f506fc8,12378,222,0,12600
aa8f668626c4e0fd79fd00c0b46da24b73006047,283,26,0,309
ef12ba6007a1938abf64a97b2f020e2390b6a8e6,220,12,3,232
c1ee4823c88f59e807c0d6cc2487a96abe6007d8,1,1,0,2
c1c1cf9433190e2ae944b1559ec94a2c925d7f7b,283,26,0,309
9b03ae109400b0e0d0e52386b664758ff5a3af1d,36,5,4,41
d54b74bb55df21cb59512b1ff6992fede55bbed3,54,7,0,61
9e79a2d086474e6804f2a367be8a8d5495edb98f,1296,37,0,1333
48667e075112046bcb0397564175029fb9b5b97b,1296,37,0,1333
71f3d67b16c2c0bddfe39f2199a2633169518f49,2,1,0,3
100368471f7ae23311af9b26319aef1ff1d06c86,6,1,1,7
9d9d6f3547d286bff188785cd0c60f0d372be4a4,69,5,0,74
2bc1c17b9cc8a237f07f633b14ef4f8fbfdbc9cf,1350,43,0,1393
e87ad413183bba4cad5a34961c897df596606f09,69,5,0,74
97a83a034cd17fbef9e5f2a77410ee326e91a1a0,687,15,0,702
85462e27f0a2c433721d185ce7cc2ff71313978d,1401,47,0,1448
021ddf81e4fb492c8f21d3b81d9b89928fcae144,26,6,0,32
1732608a6d26030a1998eed85b358e146b272d7a,6493,182,0,6675
877562d02f90ed4b88d9955954b47aea9b713ae0,17,2,0,19
ba7527fecc6f000b8760e4c63566ee3abb1ec807,4,2,2,6
c72e8efc5eef5042d2cb4fc89184db897800fdf6,43,2,0,45
72a8802f5b2fb7886387bb5a573ab39e23472028,2,1,0,3
1cd15306107f3d367294ab7bee54d5ccfde8defa,16,1,0,17
e4cf6c5ff42e52533a8ff7bbdaf00e61638b9cf0,322,43,43,365
a0c5813d78a80f6c1cf0fc0e710b22398819289d,1678,70,0,1748
4a2d41d924e97431bacec09d6e174fe0902edcdc,69,1,0,70
96c616fa9cc1036835fc4dc38d109f4c365d480e,9,1,0,10
52644c50262c9f504db0001b2e248f60d506e7f1,759,13,3,772
c412dd0f832845e1a8b64f3a48d8fe0dc6e042fd,67,2,2,69
b28e6fec675899080a27cbab21f01f4cec1718df,145,2,2,147
73f1f1d7d7465a89c7611dde7a29b18e81c42bdd,5104,162,0,5266
162fa23ea0a2e9ea0c4a6e1be147e9108fed5cec,232,2,1,234
e4b9dbf6649d9127774333e151d4ec40185951f5,1090,57,0,1147
dbe0ac259c16fb0478ac7b46796029ef0c99dd2e,1,1,0,2
0a1a63edb8d13e1589ec7a83552b6e81f5aa4a35,0,0,0,0
217883c4fe52a523746333474ef3dafdadec049d,69,1,0,70
28ba25ec7f0df10abade74e4a71e4f292fc1a128,1454,62,0,1516
7d6714390f611f2ce431601010ba83552b63b3a5,65,3,0,68
03f87b3e0c3882b32d939b3bbdae11b84b8b72b2,3,1,0,4
5be8db77e0e60c65c40b3bb3c86688e7c8f0d6ba,615,9,2,624
46ae32bd7a748db2ea35361fd830ecb08d562e5c,47,2,2,49
219a2ee9075e94aa56f9de7aea6606feaa3d5468,87,13,0,100
2f05339d29f4a0cf7cea23fcb191c20ce565ce84,3436,113,0,3549
f0ff3d39e182c885ad0a680ff400ab8033bc426b,3,1,0,4
d6377134910785c95008d7d93bc712523cbb0f9d,56,5,0,61
06143f253585abe48f804d3eb237ad868ce57b9e,2,1,0,3
ace5ef688a94d5fb9b38c85a84b2d1970af4e641,113,14,2,127
03e05b2ecd464550b48274a7c890aee52f0b3d5f,25,6,0,31
26b5c2856cd0d7db950589b13ba3a0928ba340de,155,27,1,182
566bef0071f19c6334d3a930b61be984271c71e3,696,20,0,716
674635f4ba051294315eaf024ebbcc48c6ae0d2b,1061,26,0,1087
e101752f80b3037a22223944962cbd62b209acf1,2505,116,0,2621
9b72d7d4a76088599350eb6b1fd624ddebcfc8e6,57,8,1,65
622b8d35b3297009a33d678db46298bc38c01a51,2,1,0,3
b8870305c74ea5ed489a98de73086e5bb67ff9a3,585,11,4,596
60640de4cb1a667d52747620ebdb1972cb93e2b5,4,1,0,5
6f55baaa43d94235d8a6052cac9778a43e6f1bbe,191,1,1,192
eb85f0661d582affa47461358a829ca89394815b,147,2,0,149
347f3adba92ba9ca70f9509fc18105f3f5c0d743,3961,161,0,4122
1239a66fc7c4f4dc1a86ba27288d3d068d02eb36,10,1,1,11
3ca7c8ab0008710698f58c4bfebfffa3e5fbcb52,3,2,0,5
e544aaab7ae759631cd73b40f745ac23f32b84bc,109,1,1,110
49996e718443557200de54b3d655c12589258b31,4644,170,0,4814
f475b07e3e248b304b40af427aa8cbcdaf2f6eb2,191,6,0,197
abc90ec973dae4b57a04d27a3b377a33634c82f7,61,9,0,70
ce989dd731f8c09e47e59f3f30b20448dd02e6fe,7327,233,0,7560
b8543dc5e8437dcaa241b45ac675c57bc515735b,98,2,2,100
c669dfe9469f84c44be920e3bed375cb6c298181,21,2,0,23
431caa587af9bf4e9823f45ed11d3575bc41350c,33,1,0,34
1f26cc01dcba9d282cfdddc3ebdd274721afac8b,4,1,0,5
2c92f98314c023b7380de37962f93ebbe81d89bc,2,1,0,3
045973bfd25589f958ab7e2eaca397a874665d00,58,29,0,87
b30b14c5026dd9cadb6448b6cdd93824298949e4,133,4,0,137
660ed78a47137dae223e9195aeaba6e49271b3bc,97,2,2,99
98af3189c1955fe0e2fc83fa8beac5eca3d0d645,230,6,0,236
d25627c9af1038c7c7c6a573fa0b39ccd48dceb1,513,20,3,533
6a53351f9ddf2e185c9b1fa645ab4e4d4424f856,7,1,0,8
9d92bc770031f1f72f45b14fc5987b7856f63b18,16,1,0,17
d0dddaaf5b758d59d77469c86d8a7f27254f3f40,95,3,2,98
9837a4abdc87d81f7d640e413d7b47a782909203,361,6,4,367
ec8e099516f905050129d71c6e29f79b98df50e4,66,2,0,68
f128f93c3f3ddf2ddd912f29603e628860f07b5b,95,3,0,98
410256dfb504d3bb4c55ed359b1664cd6001d2d8,14,6,1,20
3f9a834a270824c6591d3c4efc02066222fddc41,14,1,0,15
dedcda164e6da6208a3ab76939b6231e792b3603,95,3,0,98
cd09524ea4b43cf04d027da87ff567b0d95cc6ec,434,37,0,471
c0947b9c6f7dee278d55f047775ac477bcd410b5,9,1,0,10
ad2ce58a81b6279a85fd71a83fb4bdeff37840f9,896,16,0,912
3eb0d441707cef19beb0df228f43f281229e7058,23,1,0,24
baaf8bb333601db949d3d1340cddc44e0bfd987b,9,1,0,10
9f44423cd819f76e636aad82bb777253b56db412,4,1,0,5
0b14239d611c2150740fcbb97dfda5ca9478d15b,1346,53,0,1399
db7f3d3b9c5229407ea5adf74461f2e7f275934e,58,29,0,87
232b10ba77cb5fcc939b3240d6ab719d81af68f0,23,1,0,24
1757473754a94e0e3ac0fb75c9767126de278dbb,1249,52,0,1301
26fa0bf357d07750da3ca0a95d38fbe65e605554,58,29,0,87
876beff516e02c205e69c02d8bbd48811aec15e6,8,1,0,9
c85175b7ebaf24c0c1cd3519b4c9889ca7efb071,24,1,0,25
2d3eac747656132ff877c76e70603580f6cc2efb,40,3,2,43
c3210d8035bca7dccae2b1accacd7e641c4e8cc6,8,2,0,10
f316e9afa523a945d8d02886a896fc6add8d83c6,7,1,0,8
439af36517d98280805c711eeaf9e24114c3fd6d,21,1,0,22
b9100618ecdd0626c8942017511589616161631b,8,2,0,10
4957a35a2c02096a5e01f4fb06f098334367e621,2,1,0,3
35537fa02b60f404b0f2ecd8620fdc83c7d26a61,1,1,0,2
7bb7586b202ee2c6dec8db85e86d6f0c5d94025a,31,3,1,34
98587c6cd66c42eee2fd8a27ad0715599ef8665b,21,2,0,23
59537866520271d27f8191690932e40985970a87,1176,27,0,1203
1a5990c99536580ad934cd916fc64695c86b9350,4,1,0,5
46d1369c2fb17efec325793ced87276b8be98450,526,9,5,535
df1fbef13774cf57c165023255da6b4d3ddaa22d,4,1,0,5
c0085a30eb350e0202879fd4443d6dcf716cd7db,1383,64,0,1447
0b24812941206112ae62cb2b86db0095f3d87bff,532,5,2,537
bf7b9f861add6a9bf73513066938fc49384ad381,36,1,1,37
8cf590ed2399e4ae10b80cfa49ee7f4003884bd9,0,1,0,1
d333feb6bf4a540b63027fe3a67fc2d795c3ed7d,2,1,0,3
9b21a9763802db62d781d1469678a3f8d596ebeb,2,1,1,3
a22e19744ca30b32bdd081b516cf2d54e4c744e8,5,1,1,6
aa8912d9f9910f83b46213beec94796d7efba52e,3,1,0,4
6dc400359256a1d268bba792f11cd909536ae071,2,1,1,3
1a5e45376857a019e0da91bc842e915475e078f0,3,1,0,4
22cee3f2e686b580da67d9d1b12c4c42600a6099,2,1,0,3
572d81bcf87baa3dce5f3d22b44336b5542c1d35,2,1,0,3
608975ee639054761f0c676f72b526b49cd9400f,548,12,0,560
37f8fbe97d4705d087331e3ba3c9a0595072979d,123,3,1,126
377349af5ba0aa766cb68e442318b8fcd39c8d1a,2037,87,0,2124
9c8160bf79fe4f441a212631d6630366648eed8f,1,1,1,2
54f48783b22faba3820b47d34d0674ca26e33260,9,4,0,13
b6633893f50152507d42c796d1378329b092ff9e,254,5,2,259
9a28a15a21aedd04165058fc6b493515296ceea5,9,4,0,13
686431517f816676ef5bd4d92a86807fb2cb77af,6,1,0,7
c8ffaabb96bdd0f4850c8fb1636e2e673722ecdf,28,1,1,29
b9273d05f058fd8da0faa10ca4787c25dfe7820a,254,5,0,259
b39fd2a46350d7113cc0db411206dc47d4328aaf,3,1,0,4
da0f193301260c6b550de4f33dd6b6a42a675b98,72,6,2,78
e5742de5a535b86942b385fef1af4c8c768658da,6,1,0,7
fcb4a9bb55640736f28f16bea44694bad9dca1c1,10,1,0,11
c7396a56092fac4f0ec1458738e3d667ab3ae8fc,26,3,0,29
fa04ba58f04aa17b6b311b20047fa46de8bdda77,13,1,0,14
fceebf26559068eac36b7395a7c6d51229c33469,26,3,0,29
8c2851777b95f45227341cde1229d366ef1e11f1,4786,175,0,4961
af3ba54c9e2123747148514fd110410ab25a57f9,202,3,3,205
ecbc23874a9076b25d64711c9ae022c33e2274f5,11,1,0,12
0c2933147a86682e0bbf7513f280daebf6cabbc9,5119,215,0,5334
03025deef0a5efd9ff2da1105a0d513a189ec2c2,42,2,1,44
8c2d8d96bc5f15a46f94a2c03196545f96134b48,106,3,3,109
826b2704156224ee7d3c5ddf288e25d3c9110018,2677,107,0,2784
7c76ff4d65024bffacfff2b711ebc287be0be7d4,4,1,1,5
81a009e42dc21142bfc4e24b9be5c56474eb4b5d,14,6,1,20
7703ed1954e5e26056d4318fd13165425e788a46,40,3,1,43
a9632b13bc438252c7e46fac8afa27074916a5b0,38,2,0,40
c59352cc24d0015b33edb7b3c64f71112c3cd163,19637,467,0,20104
fb7ea4c4af9938d96065654d0ad18349d0156629,2368,76,0,2444
70b0c296ae46ba83066c1147f3061c1a85a9e876,0,0,0,0
2a19cd9193ef3d22d8d9855aaecf65373468266b,25,4,0,29
4ca07ba28df86947a329e9a81ba657b92e7ec35a,52,1,0,53
92e9cd44f05f0296623782d618d6a97a39e129ea,51,4,4,55
bc9ae9552f869fd3c5edd54b638bd94b001441be,23,4,0,27
be7949411ea1f681a553acf2a74c0754bf5aa08f,67,1,1,68
acd9c1784f8d97968684a734d97c33162cc67069,52,4,0,56
2aca10e14d997aa72850489408a7de3d14fc3a2b,26,4,0,30
a0a09f14fd7d0c97ec5239a407d564b8d31010fe,12,4,0,16
bfed4b7b5084c9a90e2a3c1e0e95d2b74cae1e7e,39,5,0,44
b58752d1852abd0a2bc047e12d693b54ae8281e1,43,3,0,46
4596bb26db4c706cb0871357f0f4799d05b2b673,10,1,0,11
e7e6595c6e44cdc18fe3685a3ae3b96753e33959,20,5,0,25
b2be10c48396263b1e4e9d193bc9e137317a2134,2,1,1,3
4229801a723bd0b6c7d792b7dcb4539a73eedade,29,4,0,33
f0008ac08c30680fd1c272fe5fb3ddb2f97f8769,58,29,0,87
aa1964f3f8a62ad3ae9cdf5f51a8ef54c73bb3f9,29,4,0,33
edb0e3fc387f7bfec2c7bc4e1edc1c98fec9eaef,59,4,0,63
e914bc8ef2410f6b42147e346adfcd9c233d64e8,60,4,1,64
0bc8cbc6583f5a94810149dceba78c1ac373f8b4,32,6,0,38
25a5f09a25e328b6f2e0dee02abb22ff3a3b511a,49,4,0,53
db252df6bb542519450ad06a5986345a0b17d609,38,4,0,42
8113edd05bbc2a84df64c31ef7b038c4106f6a32,54,2,0,56
5f81edb43bd258ec6c192d692a0348a7765d4949,12,2,0,14
981b7b11c907535f6fa38df7cda5c1a0d84c9422,171,7,0,178
dd5705c801b863c8a43a56e000c349c9bdde1dbc,4,1,0,5
c1418f87cd593597cd2e139a58c6becacdd2049b,201,12,0,213
8388ef2544b33f1d84ce33f2000e21d1c094ec6e,19,2,0,21
bd317ee3903c058117fa2ea36b545cf232d2a762,170,24,3,194
d7c1f20b6495e57597d1eb1afae7bf0c7ca9a9e7,110,7,7,117
b026f2cc280d8dc5980a1cd0401fbebcc3bc8e87,458,46,15,504
114af54e7d0c3807d7f54533d9b393d0948ebab8,2,1,1,3
b3d371c28ffaebec123df57d4239d1d91bebbe9a,42,7,0,49
f9e922ae12a88f97602ba7b90f71dbde47ff4283,50,11,0,61
4623cadef3c8879738e0925d2e83838e2e364778,207,3,0,210
57f2c8bc0aa8efd2c45453f59286519a2d62e072,20,2,0,22
53345b6ba3e30e6cb2df30d87c0ece4bbdacc77c,100,6,1,106
0cdd605763c6e17b6989c93045eacf07d20f4148,6,2,0,8
d9f89706e6f94624291fc2262968d1cae8c99b49,4,1,1,5
aad30f7ff8ee14e519e271dc124352f7aef4ed08,8,1,1,9
dcf28350532d769337d5f186ce22cb3ab783f283,25,1,1,26
fd82d19158039843949bcd1f2b0a5418358983b4,15,1,1,16
50dd6e4631a36dad0733aed0a05b52cc4a40fbfd,17,1,1,18
b68aa1c8792693f11386656f1d5e3ab174460556,79,1,1,80
4dd76db661f482d36a11dfc3dc98cbf34684ac9c,17,1,1,18
b291e5fd42870303e246287334da0f83e754fc10,33,2,1,35
cc97b63758da239e77f32888de3e04dd2b6ab649,2,1,0,3
9a98fa8753b4e03af47de3baa385146b43745b7e,5,1,1,6
b388252ee366fcb8d8b14f9f05d1b10bbcaa8067,52,1,1,53
36f6440ca55d4c567a2244d8f2ef80991222f7bc,22,2,0,24
ec2d55e309042f592fa116f3240c9ae413a7fcac,14,1,0,15
944537b482f88e5d9d7153de30ef7585f97fbc6b,78,30,0,108
23e53bfdea74b023549b2e9a3facdf407be423cd,36,3,0,39
f57637acb4e63f5b60dc4dee4d77a390a7422566,1,1,0,2
9aafda72d6bf8caba09cfd8b76cf7599645faff0,232,4,0,236
806f51dd468dce4c83dbadcd98381d73ca522f20,1,1,0,2
f6c9533be7c172dcdcd6188736a9cc11afd316cc,66,2,2,68
d3c5ab4fd9a4c21b72e92bc4c090d30e1aa8dbb2,13,2,0,15
8420ea2aae5029325ce455a0ee3d981cae02de39,30,1,1,31
e25b0639fd30ebb7b9f517186da2054feecc89da,360,11,11,371
67adbcb18ccd3358ff471829ea0ca28287a13d13,15,1,1,16
5cdded67523596969b0333955f2a92a10a92a61c,3,1,0,4
042275e4b838387290d8fbeae43ef6046d7e0581,360,11,0,371
db13f6807594046e705df575d51428a2678ad005,41,5,1,46
7cec17226e131bd7a5119982978272457cbd9cf8,21,3,1,24
4964c058ad9ab3798e282530e61ccebb3e781ece,20,2,0,22
21f6cb2ef6a0efd0cfe68e0ed231994a81fc07a0,24,4,3,28
761c6cdc7b121aebcfd86f30b506b94afe251c89,43,5,1,48
9fdcf9e4aa6c69fad2cb8da563b93f7dc4028eb2,77,5,1,82
b6882fd4c33b5126108264a47d8c91fbacd67a2b,26,3,1,29
87d281467a81a174b81adf537a2d407e22788f62,92,3,1,95
59b11b468abb602c82a914d917ac7bda94572f99,2871,64,0,2935
679787172e7967c21231cd10d970bdd4188c0552,283,14,0,297
8b68ff1a88d1672f67bcb74f9413eda38861ca0f,77,2,2,79
8b3e02ef19907736e3fa03b832ce530110d15319,44,3,0,47
540299bfa588942cc1cd546d38dcb4b731cc2f55,133,9,0,142
0920bcfeda1dc49a50f20fb889af280e2d552c0c,83,14,2,97
b39aa56fc140dae157d07c8ff48c755c6f831b24,23,1,0,24
edbfcf700c78eb9b9e6a36ef680d5a435ff838ea,372,11,8,383
e16701d4e5fee6739a94658cb4b813e3976190f1,36,7,4,43
4649f85f2b1212495feb195fa5a10c067420756c,10,1,1,11
60a0249142460b0083af06ca83fad6da62ecf39c,58,29,0,87
37d1068357abdc80ec9a5ebedc87f5f9620196ce,21093,500,0,21593
211754df0579a6ac23e54a9d730e3104a453080d,106,1,1,107
cc62090917edb1a83d4dbfc09860952bbc6e665a,24,2,0,26
658fb44a961f555a9d7eab95880ab1a44257b1d7,25,1,1,26
9c0ef57198105c04c3a54581432bdc8232658129,2,1,1,3
1497cbe053fe849f2091355f97ba3f4596c719cd,42,5,0,47
6105ed3c841919fc216108a4d4e0047ace207ff9,260,11,1,271
e928b6a7b89f293b4504eb4fea53de09eef5726d,57,1,1,58
196337aaf0ea0fb183bcd8f8ed75559b6ba4c871,26,2,0,28
596535b7608989f8f4b0c84e35a1a6b74ee2eed9,38,2,0,40
6356f4db90935b6133e103f770d963a5982a1834,321,35,0,356
6497f014f83f5a88d40508f02feb08bf6057d22a,2,1,1,3
56ef2695a429709388ffb13288524993f4f28d26,2128,3,0,2131
a9bd0178772fbe785da496ea791bfc984b56b9a5,6,1,0,7
bd80bca168f4468b7302c55f025f47eedfe5a090,140,1,0,141
66a1b3c80dc9742edf4301ae1cb2018896a9eaa7,104,5,0,109
56a63485e7ad6bb838e8b158f24c7e3e6f88d064,93,1,1,94
b5d6303cca2d0869ddbc02c93c017661f30750bf,2,1,0,3
bed9781c247047a0d08444027d7c36fd8c0ed9fb,104,5,0,109
e15f4b9c13093cb7eea252d2caed65884c46c608,2,1,1,3
12c24e2b18fb88c864024d7f1f615f114203c9fa,31,6,0,37
5454ee52418f792d44e107d9b8f0f4d60de39667,28,3,2,31
9816ee4f14f19a18558da21ec5b80885f137cb0f,2,1,1,3
1a0ff8f154a6bfc853139fc50e09ca14065e1ef6,7,1,1,8
49e358e03b97397e9cc5cbfa2952ef9d94e8a412,20,1,0,21
6c694962e06444cc12bfa06e8b0e255bbcdab63f,5388,222,0,5610
8d18956fd5ab04288dd72dde6f59e7fae2187c34,82,4,1,86
6c1349ba6db19b8607ae374f6e25b887908004e2,245,11,0,256
88c58e8c334c8c9474aa6cb28bea6f2db5fb99dc,3,1,0,4
b5ebe233930981df2ae180c0a389b1111a52e7de,4,1,0,5
e196d309ec30156332443b9fd8918bc322d1f0f2,33,3,0,36
fb74a83168ffce040e082079d047ebfd7f86a697,45,3,0,48
4fe2a9a6b9112f38ef41e84adc42871ce425d113,18,2,0,20
8b904516afff7cf49492494660e691a015dfd4f3,30,1,0,31
f4afde91310825a5ecc54ba1cf44bb2404fd887a,40,3,0,43
77b802ccad5ffd688ebb338cdda412809f1c0233,5,1,0,6
51252daddc8fee51639e2c41c7dd0bbdc48aaf00,131,2,2,133
54a2a5ff70fc37c31cfa89ed652a6f97f5052c8e,6,2,0,8
6a115cb0974543d2982712c67b8f7fe2de84e6a7,286,14,0,300
0eadae95a38d0ff71ffe24e07bbc7ca8a17a2ea9,4,1,0,5
dbcb60a134d6f919d8b0e95c96a7730705fed75f,85,2,0,87
8f8119e1573f93e667b04fade5d4fbe758c6b74e,6,2,0,8
a4143aa35bf0704e16320d8631820901b151680b,2,1,0,3
840dd57b9211ca5012a42eb7d78a0e7392cd4da5,77,7,1,84
7c2092ef27e8f48b0034667d862628d9cbef2803,951,7,0,958
f4dac4ed520ca103f982a1941779e29ff8bce6bf,633,52,0,685
eb715746b69ad87e385f9f2ae330c859d6516b0d,2,1,1,3
fc3873ddbce1d11e91cc659fd93f0b51cb21d34f,2,1,0,3
45970f5caae0fcc97a9c1f0ac8af51253e4099c3,633,52,0,685
30e318bba63b52e6724277658c9a3886862c0ed2,6,2,0,8
483b620856d36d482b8c6bbe59af29cd38c79666,28,1,0,29
c8ca4e31beba720db0c14b688a99dfce00b3b434,4,1,0,5
2b0ec466859508e3e131d58b80f6126b1aac3a23,666,54,0,720
2ec94e003a63fe89568b0909f8b38ee222c5a0a0,715,58,0,773
f168486a58afd0c3f0a052786eefe2a52cab57cb,2,1,0,3
f3bc21f644ead347ee2afbb4da827845456dc4b2,6,2,0,8
6ec4fba2fc61c8dedddbc90912eabe4bdcfe4d32,744,59,0,803
8ee275f6904b2b7058eb712da9eb7b7342d7ca51,715,58,0,773
3a096e8cd3ec19885bb4532bc7f1dd6d06f8da96,61,4,0,65
3a86d7aa5fb71a85054f6d2c66240532117cad41,107,11,1,118
04a110ad265105cc3b97334e37f22f39e54560f4,2,1,1,3
ecf963e4de1cc508d213170802515a20d7543396,7,1,0,8
3a0338203c139065169fbf4756546263f92468cb,5,1,0,6
3fdc824565e93c9eac187444b6d71fb824d0eb39,6,2,0,8
7c6fb23e9628655fdc307ce50ed658e06fe45c25,168,3,2,171
c14eb065bbc59d6dc72f9417fd5b3bda130bc8e8,355,10,8,365
d41b19daa09a5ea67445882a9a9d4cd4ff9ab517,5,1,0,6
d0b5d8502ec7a07a041a31d50e15fc85e68ac679,2511,5,0,2516
235843e69f2f1f27458714bc7632cc7d9edfbbaf,80,5,0,85
921a40c5235cf5e7c96e1051a4dd9650f8f0ff0e,28,8,2,36
56aec5f036b04f1ab1472a6d54ca4e343d7eb21a,2,1,0,3
dbbc30e56c1cd88b8a14119448d2b1ee0164f3dd,46,2,2,48
daf30ae49ba36dee2af799f71ab59afda00f2e83,5,2,0,7
852a07d13031533722a4323051274b24433a6ff2,1709,30,0,1739
64b61ade6d073349a64fd90fcee72f27f3208159,28,5,2,33
0316790f4577f6fcb96b81991f2816904fcec24b,34,4,1,38
399ddd23d3cc007c79d1a88c81c27c9b4e2aec20,80,4,0,84
4e2b541431ceb235333ca0b2999f184352cf268e,29,2,0,31
b417eab0069613fc031eeaad1db13e1ee9b4293a,49,1,0,50
283498fdbfcd71e8b278a77a5c05106dbee0083a,2,1,0,3
a57a5205932ab66f72911bfd3c96633890ef952b,2,1,0,3
b690fca7e9806a01a5cce7a909c10f7b73d480bc,49,1,0,50
d55b80e0935d3a73d847338e18f99fe8e61fc912,51,2,0,53
4ed39f7fd962bef39c1f2f9c7185f2fa745558e6,2,1,1,3
7d281612595f2b0018ed2e93fc23360f4f62fb70,697,57,0,754
cd75a764621e26b4d8acee4473ea2358f6bdf0c2,163,9,0,172
e8a9dfbe31de94d1142d47b7c8aa00cbf15eb851,2,1,0,3
d6434bb7ad13a429fab92ee4416a09b7b08cf3b4,58,4,0,62
80b1e05085b3df94c66e5d43685bf236d9ca3794,1709,30,0,1739
3441ac710322a3fbbe2830c5cafb60d133806755,271,13,0,284
6bbdea0eaaa4a7829f7383826b96c499e34e6898,49,1,0,50
ddc9178ab8c56efd3cbc1287afba6b6be74733d3,581,18,0,599
925c45ab2a4e2ffb086f4e82b5cb207c611751c8,1709,30,0,1739
23a41dfd2b7904c72a9fdebe35ef00b02ad62b3a,208,3,0,211
82733d412f199b5fe588d3810b11da8331a25b9e,130,4,0,134
3811c9a1bc809c97b0e7cea6154039c7e341448b,1230,20,0,1250
755293991d709da91c57a24e2622fbecfc50784b,8,2,0,10
c769709865d88762b914284b4557b7ba2fc0c4ff,4,1,0,5
2dd74cd8a6a8d7bfca12025ff030fd2f7d690b9c,110,9,0,119
cb7347b0af84d4061889b251ec1ab78f85f4ba57,130,4,0,134
e01e2b6c542adbcc27b0f283eccc4199d6d613c7,490,45,3,535
5c936982b812335a054847234a814d5cf48e36f9,747,18,4,765
26368493d65162960760f322d82476d7ba4a6001,10,2,0,12
6b8ed50a22060919683dc2953109bfa834b5e042,16,1,0,17
762d92cf16d874c8c622770b2bc598b5e308eb0c,389,56,7,445
d9fdfd104248013d22c3ec2f86f5981ce388f919,24,2,0,26
5a7ec1f708dfd537b8f3cf78fbd9917450bb3a62,12,1,0,13
d6e380e40742a2faece10d0f5f2952a848ce3ea4,12,1,0,13
655514b7b58665591cc59e0a043c0451b0993db8,1721,31,0,1752
fba8396c15cd9eab888459ac15eefac9f8fbf98b,24,2,1,26
7e11333218cee1bcb7b965048aef80c2814113be,7,1,1,8
5911f39d108f2b64e8b1dc014634969d8a3cb9f8,0,0,0,0
057afc3f2649e09085ab49b0e012012e9e00b5e4,33,1,0,34
c756aa29d8cab904af5af4cbccacc94689c70c98,64,2,0,66
bee6ac82d6ed41dc7e5262c72100c7274a1e7880,16,1,0,17
b550b88ebc8a35828738acf2badad3e09a58c7b9,131,4,0,135
0f7a7ff50e5fabe49caa11fc2210a0f0c18649d5,36,3,0,39
0071386d359fb92af8f4b0cc3d00b537184999a6,8,1,0,9
f6a08642a390c46ef69432125790ec2ab3acd8d9,2,1,0,3
b8fd962728368637874499567b9f3c05f03a9cd0,40,5,0,45
255a701f7c277c27965a21d8fb4a0a3cfdf3e5cc,2,1,0,3
036b9ba3ad651c69cd44c44ab0a0fabcc9681b32,11,1,0,12
2109e3394c997acf8db65f51b5c951383b3290be,30,5,0,35
9b0a8ac6943bcaf1fcaf287cade11ebf6c0c9772,14,2,0,16
228736f53f99737384fb354879a4455989136604,376,54,6,430
b98f669912fa43d15a0d0143a221eb1fdb303c2f,95,2,0,97
0ea5f8ef5e9c25ef4bf134ea49fe35cbedd0a528,632,18,0,650
f74bb4e87e64e99bbfd808a05f4703029ec6b599,212,2,0,214
4601c07e2ea7bc0dd9c4451c12a052e5e209a3e6,24,2,0,26
216cec3b3087edcfdbf5606a618075857afcdd72,61,5,1,66
ea8d4ad62490e2d86dcb528a041cdabd6aa928ba,29,5,1,34
cac5072f15ec2a3c57996ce7e6a2454524653f71,555,5,5,560
17a8b09581d7fd4827e6f4a78a3675716019128a,19,5,0,24
b6efeab0a71d2bacb58c25e333677f7f5776f1af,10,2,0,12
2006b66fa8a2ac8aaea7f96b6c9947858101f3b8,96,3,1,99
63faf7f9222411e4a6b24c6624bc9c890e7f31d7,43,1,0,44
83d1ff4befcd3a8af6f96d432817ec778a47e7dd,7,1,0,8
fabe1a69f318e97000a365419ff7098a272a14a0,845,5,2,850
af1b0c62aaae4f4431e4f5d37580928062053da4,3610,82,0,3692
33cdafc14f854052a1c5c9dcab07160bd590214d,39,4,0,43
4b1789d4b1b8b43f026b9cbec2d0a09bf386504e,71,8,3,79
34b5b51b719ad9b7e694a38cd6dd50a5646af37b,215,11,7,226
6cf3da663d237f1bd86c141f9d3be6a5b988081f,129,7,0,136
905335866d651c2599a87c2c142a527b961153f3,26,4,2,30
5b1524bdbc3a010fdf51118320960a3b6277df0a,39,1,0,40
f2cc14c1ee805f841b41d51d73c2321e9c004226,175,3,2,178
a91429b93677d6ca82b1d85388747b9aa75a91cf,313,14,0,327
6a6ca1a89b0de2fca584c3a4478113516c486d1c,29,1,0,30
197885dab22ebc160c2b5cce70e12a3d609a9277,36,1,1,37
338e803f01fcfb16decf8c7406f9329e9b7f8737,697,11,0,708
aaf8a53f5d6b6f8cca7cd96fe47b2f7d7dd1c8bc,2,1,1,3
18dc8f76b86a6d8ebbf0aa4b997c1bfb05132366,6,2,2,8
ca4af1c84015e362614caca96b5d363b90d5085f,23,4,0,27
645c896aa2ba97fe37d56d4fe4fe063b5361d03f,21,3,0,24
343124eb86774a0d36865b648bd977cdb70cdfa9,3,1,0,4
b2b565676b07bc23185d67f447221c6a4cdfbd77,266,1,0,267
15ee31bb089b88adf1c842a0d73480c19fd3da31,11,4,0,15
ffddb3e9176331e99ccfb44db251f46ae1303334,125,7,3,132
ca6675f4d0ee1a65b21bce835ff38b631188808a,2442,44,0,2486
300c72d1bb9e9dc378827524fd2b5bbae7306649,222,4,0,226
7d98979d31136a708558e4cd05f414085153f379,2,1,0,3
5b9ffad8f12960774935b1634b9477801e8cb802,822,18,0,840
102de7b5386a97cf211b100695b30fdcf10d1351,16,1,0,17
122f3ce3c4b031bd279c9b337721348b330f66c0,28,1,0,29
337c53111424e327c1a2a54ba085b093d9931206,8,1,0,9
5e77bb2eb6677f86b01f09e6d670095c69aea1d0,12,3,1,15
c69401ae3877550600c1d3c47212dae8f00ebb2f,5,2,1,7
d50b6f07456fa5397d7963ac8c5262adb5fb4e0e,17,2,0,19
1cd81b35d29d289b144bb412723c16bb1d78cadd,236,20,5,256
4f1621e2c68ea350859a147c2058834dece1963f,2,1,0,3
f3a20e1a45fa336a8e08425174542128b3be793f,17,3,0,20
3b5fa5781245d3ebff027a6e721315b8ecb8af0d,9,1,0,10
357a7156baf2f78b070545e4d9be5500ec01cf65,565,6,0,571
960b0a3ee91bdeb92696538b38bd51a8440ed924,1357,25,0,1382
e3e263b1d0f9c9b0ce437a00ea53a824ec1110d0,180,2,0,182
a64810a32ffa0446bc0f84bb3379b5b693248870,130,9,2,139
ba96cba6cd20a03a7659e91748a8ccfa2858773a,15,1,0,16
54390af4d3fdf7941f570e51f0f6d3fa417fa69d,3,1,0,4
e99216fd431ce4cbcb21a1893475509e564e7222,32,6,0,38
6224b7efd5b9f6ec50b4ce64b8ff7a3849e1fe04,16,1,0,17
b6bf81add680b439ee3623d3a3d1252d27e16783,48,2,0,50
7430e018d646b3892dee5c7b8640d7c3acef165b,31,6,0,37
c4b870882bfdf5d7a451f5b1a86d767a5f76f669,90,3,0,93
afb553a683c0c98ab21754642c4ba92ca6afd9dd,2,1,1,3
11baaa8ec1c18aff11d360a846db8c47895c9cfd,4,2,2,6
9934af1278bdda620429b8d278b19e3e144b65aa,61,2,0,63
5049704da5742ab7e4215f66a699dce62df357db,265,6,0,271
0bd101ca07ba66b1b8d7a5c7ec833f49a5410925,1722,35,0,1757
fef22b6eb646624008ef4d54e6e4d6a3e41b54c0,48,4,0,52
4843b661a6ae61288aaa1fb483d5f8f68c3729c6,298,9,1,307
02b25110688f77b8c45cdf1a6514886c9828d9b3,3482,63,0,3545
2529990f4ed691b49930a246c51a1a14da0255ce,10,1,0,11
72dfa03b2406722aa691189b6f18238996fbfaa8,204,4,0,208
49a1c7e26eaa08a46c4202bf7efb9bed6a8f8855,2,1,1,3
eda676b543d80319105e8e75cf1cf34e65ac8c81,76,1,0,77
b7350431cc495274e5b8ae251a3590d06d9ff4c5,864,15,0,879
1550bf86e4e0ed6075109d8481cdfa21ace85c21,3,1,0,4
1b90b4e97084947216f27ee0d347ed37c518f4c8,271,9,0,280
22eb695242e64655b4dfdc20227771b6edc69c78,20,6,0,26
9467c469b2079d29c346226839f0d5d8aace2c3b,38,1,0,39
6b032566337690f8d723ba784056ec87aca820e8,6,1,1,7
8adbb9ec424438b1c64639901d52d3683e2d315a,1,1,1,2
77359515ff5cfc6b32767368a556619bfcee97cd,52,11,0,63
075ed821343c200b20c1b0f7a0ce67236c26f148,4,1,0,5
b359a7d2102c0cb542e3985a953b94362ff867f2,5,1,1,6
fa2088893a141adf483759d92152f706f9da5b8d,4239,100,0,4339
637a190568031f6839fee7d6e0c05b9fa9dab98d,11247,229,0,11476
38004a1151a3d8a418660f62b2ca5702e12a1dd1,46,8,0,54
d0e606fc05c63e7a9c7260eadf649df8341e6fcc,3,1,1,4
00ccfc4db07e97a2c0573f79b8cbddd11dbe9267,113,10,0,123
97334ddbe4a3ed8bb2d257d35fceb6b51fa78d96,12,1,0,13
aaa5ceef5a46b1bc84c03d9fdfe23ec7f86b7023,2,1,0,3
d657f927e232bdf2c40420d9c32715fe91b67a4b,43,8,0,51
0e86840b863ad0c111b3131840ac4556e923df95,199,6,2,205
315e84411f1e66b673ceb94d002b886e73435dda,4250,104,0,4354
f6c7df6fe2dd04ecd0cd4b800cff8b460e142a8f,475,6,3,481
fddf2a3f50398919b744b319de5aaaf42f0eb689,1294,9,0,1303
1361d1c574390c9c1b5f12872b139a9155f294ac,4,1,0,5
56196599d8a1b6fd78aff4f05feec7121466e8d4,1294,9,0,1303
d9a67562164436d114a65fc42f82631bee371b59,5506,112,0,5618
8523ef8394e45628d773a4a8a1f1d766031c5343,1299,11,0,1310
bc025d986723729034f7433fdec5ed968f8baeac,251,3,3,254
6b57db0d9945a9b7b12134ba9beab51b15f58b56,10,1,1,11
94b2fa7232469633524e46996048850636c5424e,48,1,0,49
3ed184a720e14de48b5629aedcdf9db41f7e3720,66,2,2,68
d7e8b59924265d9a1eb8e832d93d054d33ef4c9a,84,4,3,88
02dda0b4c11c1d720c04902b673cebe5e257f038,327,5,0,332
f57f42370a8588220ddf211a6fa71f902799f365,76,2,0,78
d04152d94bf55b7f1a9015a38059419e1d39f132,50,3,3,53
43659dcf670c66fe5ccb0d306a95e689b200ec47,277,7,1,284
8d13aa13f3523c79665a7a8a52d086a120f4b494,210,9,0,219
ce41de7f69df68062e47def81d641875643d6c4b,435,10,0,445
fc8a98e6d81589d2641970dfec0a0609199c615b,12,2,1,14
876b3a12032cf38449ee2ccb4b9fdc111623c1c2,6,2,0,8
842bf40ac3dad7a35f1e8bb8239e017e625f0a65,73,5,2,78
70daffe358d992e2300b9c71aa5cd61987b5240b,251,3,0,254
e9e4f7ab7fc0c32938de256b7786bd880b10d2eb,487,16,0,503
a6364405ce7970741ca3f75743329018ddbdac81,4,2,0,6
7a8e075c029fdafb83e4a32871333f3dbe091cf9,6218,129,0,6347
1ad0b2f2fb46b8981f734240ce163bd9762956bb,195,8,8,203
bb047b20c2bbc0832eb474bd5ddfb649c1a3e6de,277,7,0,284
e5f6e84825b85ca3d7a805e10bcc397d7fe75959,4,1,1,5
adcb0b6684de661529abfc9cdc492493d402efe2,674,22,0,696
1a27e88b2dbb41ae5fed1f64ce186a52704c0589,40,4,1,44
f9156dad9bc7aad1988c08c00b3f9b6d55155f43,16,3,0,19
38de90c867f971f05eaf80d4faa98f56d4794472,6,1,1,7
6304fabf3db36f9585dc3bb2617357a669fc3712,40,4,0,44
63c32301be6e003a4eba18c1b3ad5e78b41d2ed7,108,8,1,116
83c555586666f1536fd02125d2ab03a8d548045b,4,2,0,6
a47974c3444da2f1804ca1c0b80cd74f92cdf137,256,4,1,260
03c54d8907a4d77262e659dcae35ac509ad9c480,241,15,0,256
950c2bda7d64ec2f548bccc0c8e976042905779c,2,1,0,3
9a79e70a11eec1688968f33f99892b399b94254b,10,1,0,11
700cf08d7be663e8eb2276b8e780bea87b29a8d2,10,1,0,11
82ea2cf8f9897cd92f6e77a8d9efe08d1a8c0bd6,11,2,0,13
924580e9d25af9436c28dd4878b4bbbd51f82a26,2,1,0,3
dc455be3f8e16bc7098bbf654f087dc1b7177b64,136,1,1,137
eae6f5e6636a2548518fc012331ab90b6186b111,55048,921,0,55969
4268e473f93c0b46b0bad5ad7b66bc86fcb47b0c,236,4,0,240
e14cc876d6bfddc29fbbd0e40f56ba05e9d09e68,13292,234,0,13526
c6a70e76e2403045d87d4452fe89a0e17e8b7a8f,11,2,0,13
6d165b08dc0c15163935729508161b2d4f93480f,16,1,0,17
476f3294b0cb1b7d02b34a56efc2598244ae627e,877,33,0,910
b2cae730b690470283a289ffe159927918bbab85,3,1,0,4
4e7a691a22c5a8b19c564307d0a125b978a35b6e,3,1,0,4
ce0d9dcf122a5ff6e675bf80cd31862489f97cc1,177,7,0,184
702f1721a5b3e50089bb6183bda0ba00094ca729,15,1,1,16
c2c9df9c125b0334f587001c8a888369752bd7cc,103,2,2,105
9de5e90b4b283434da124eed925c947116e9ead4,68,2,0,70
2ec5788071b0ed1218376cae515f2d3a2a110fc4,86,4,0,90
3d90d842d5f00a3164390763ee9637044d1a6b0e,41,1,0,42
cec2bfe05f868af50f9d987282020ac32eb9344b,2,1,0,3
ee94aca15694f6fb69fca24897f4f081f5619254,2,1,0,3
d3c0518c5b6760080e42427a3fcad3d019f08430,10,1,0,11
546ec8e53017db73dbcbb66d7b4f7807ae1f69b1,263,2,0,265
0cf0dae9e22e27aa840cdc8acbd9362d5636bfda,6,1,0,7
a3a91d45e0d3192f591505f39ddd7185a9baece3,665,20,2,685
2115d68c9c328e3f310bec3a77063ff98b427940,1292,39,0,1331
19e343c6576e029dea81c9fbf9a6a6e6f1f23de9,18,1,0,19
4a7479fca10468b13e5e0dd7ff9c9949333fd911,115,4,0,119
a5668b0d16c109d88c77e00c41cf0009c35b22ea,26,8,2,34
f5c5cc9d89ee201ecf430625f87512fb5d1781c1,110,8,0,118
0bd9052d10547fc40b70ad0e42fd7613471dd383,883,32,0,915
b98da84a598e50d18134060cd4ff885563a62941,185,1,0,186
27d11b563e3344844097b4ca56230ceb08108d2e,37,8,0,45
fcb8d0d13f3d5db92c7a10d342ade879fdeb6364,490,8,2,498
4e7fbad70972bf8cd859975422954f55583fa41b,15,2,1,17
8267b829c6015b06d00716dea05d70084833807e,14,1,0,15
7c9fab33f0a1f163f79a9f608fd685581468e862,115,2,0,117
8e31b7c32c18ee641bfc6f5751a5acb4ba92375f,9,1,0,10
dfb119f382a22183fa20d5ef38020238c1c9cbce,36,2,2,38
5b20c92acc74fdfad6fc3bd58529fd8abb091957,153,6,0,159
3fc44aa895429f94669bf375d3283d8dc382f19a,351,7,2,358
b69f37a04ec9c08ec2e784919399f6195ac3d84b,745,31,0,776
7013c2be4b6cf1686a0d83245730b3e293b47ecd,140,2,1,142
00f532cfda0b328d9ec16f2a61422955268d126a,213,4,1,217
1556ec98d937676455964948d5726ec1e871a320,171,7,0,178
da04a0ec96e3a6f4cf71a331a498b57686dbe1cd,250,6,0,256
86cc1ade3bc56a8ba7ae2efcce3e1876c406ba87,62,9,0,71
0ee27990da844ed6655e0381fe6da4ebf3543567,19,2,1,21
939e1e84e917c49fc8f5e5256979fe199826b6e3,10136,200,0,10336
a5c6bcf5994346b6d9294d2c1ddb4a3d0c7cdabd,20,1,0,21
78cf60adfd77100a964e6baaef833e2a313c0b51,81,11,0,92
6580960fd1e91da5b26704b333c1a7edac9e7ddc,81,11,0,92
29091c3fadadb60e1a3c631f8c1a1503c443c12f,81,11,0,92
e55cabb008803fbd72aeb9c1095e2ff1ac33393c,81,11,0,92
734feb0b4d9b3c126b68c96b8d11051ba07e82cf,2,1,1,3
3087662e3b32b1575ac429d43dae1f7eab2dcb7f,5,2,2,7
a09cc087d0c31e5b9390ef20d5411c281a4f7016,19,2,0,21
8eaa7da90a28346a72b3577e8e387e539b90dd75,2,1,0,3
3a2c39f21500ee21bbb66ef73c5b62f724126a25,1675,27,0,1702
8b7364bb25fa4b06445f5a0db35f718405c00ced,103,2,0,105
a6132bbade24683a0b5360e8c34a8482208eaa6e,86,13,0,99
e954c7931e150435135ea33b4d3df06bc27ed660,82,6,0,88
f910bb691a3e20ef8f7e28c6cef3e6aa82f94733,83,4,1,87
2d2db40e54eaee46853576cfd8830eac5beee139,103,2,0,105
e1db6fbe5f6272e8d0727cc2b8a8a7b48b7fb158,76,2,2,78
75425c6f71a7e6b3a526751f501c11c6ad456940,810,20,0,830
0d982f76671da38e74de80d69522c6f19d67c7ba,132,3,2,135
cdbaaba4c94b7670aae3e174419ec5cf61d4030b,1583,54,0,1637
bc89338ffcd54d405db82e352f08aa648da37292,322,62,0,384
0e2e68bd035ebc8d30b369d75eefb21d1da0d214,55,1,0,56
300cc75e8cb6546e1537081583e55e7fae165893,92,2,2,94
92d27f5fa4e3d10350ce7b41eefe9a7a851328a5,1322,88,0,1410
d5fdbf49bfaad085b6929d409de7e3a94a2a54c8,557,6,0,563
42b96fcae3af8a8c878c54ef2234ce469e8cf027,24,2,0,26
cc08687a9d8a9f564c179cd75743f12cca0fde90,26,1,0,27
9ac0e96545edd85b513c6d0490354f00a7e1089b,206,3,2,209
bd581831dcaba31ec24e90217f949056b3569d33,3,1,0,4
5a1faf9868690b61ae09cda101289852c934aa5c,1317,86,0,1403
d24064a124558014300b945432942abc2e4998df,89,3,2,92
d79afdfa3e1e5cf1bb500231718cc0895e568f00,369,4,0,373
cffa4fbe8a90b372de977c7d7d9d351149e02995,1231,33,0,1264
0a28058644824162b10d3ab3a2c940d9f23324e6,4,1,1,5
8d3e65fd3ffa6020d5a1414f38fc35a7b43c5dac,2923,133,0,3056
88655eda1ae60b85e33cf8e3c46ebb76e8429523,2556,117,0,2673
8b5a31be84dea400166ddcc76fea5852c6ca73f1,3747,158,0,3905
4ec4a48040a87bbfa6ae5a55e453fe0835c4291d,3,1,0,4
aefb065588161d2ad74aa74180ee58b81b4b1166,20,4,1,24
b08acc5bcfa197496db763fc9bca1b20be536116,2,1,1,3
ef29f7940e4fff0ef8830d8d2b6fb1e9b2f5a5bc,4,1,0,5
a9c3aa471f1589de346806d297d20022316f8837,1233,34,0,1267
10c24833686266148fb04991d3fabebd74a6c2a4,2643,125,0,2768
2b50fbd526ce36c9172cbd9add9f2c5173ff1af3,26,1,0,27
0a173f46cb2f0ab9118d3a98b420c48762410304,15,1,0,16
fcc2991742a220816d72817d94dcadee1504f566,47,4,0,51
f13b63d73606e73f2f5d45c0b9291252444b7437,173,6,2,179
381fd1a4c152e6c1039fc6122aef7f385479f0d7,183,12,0,195
db34ca9ea2665c5fb5a0f0440f2ef97ae21b063a,403,21,0,424
cee1a8c9fe2828169d97b93dc007152418bfea59,3,1,0,4
369ffd4e629bbfbab2c10c557e445c62eccae990,11,1,1,12
0005e1b2ca3c03a271f759e95f113ea8b4cd96d8,4,2,2,6
b4b28fd62d2ff7015de8d732cceff48acb89ee19,262,5,4,267
ceab5f3d30e0d4d65631aed72dbbfe1bd56082bf,239,10,2,249
79861b59bc5d025e56a55097be731422af1d6e35,326,5,2,331
62d80533be420edce9942fc232a019c1ebffe1d3,674,25,0,699
b1ee6bfa4b2d7d1ba252b44bb6d4a0665ade197b,240,3,0,243
7b5f91a2d7723a7c4f4c87bbdc8b2b5772253651,199,3,2,202
26d20e7241b1af28f3cda586caa2af01285ef73f,183,4,4,187
42f2a09fa0e49efb2ebc27b99b3656c1171ee994,3287,138,0,3425
5718e8a5eceec1f4a20767882ab6754511544204,501,6,2,507
5443383c4354e0cfd82fa9d3f8e2a329ba31db21,4,1,0,5
1446aeb4a43218bb5896acef212715f7bbd150c3,1857,6,6,1863
9e562c6ab677bd3915d1bcfa3823a3422429d169,10,4,4,14
39823749f374ac608e6ed98ef0f0a05a56938bfc,57,5,2,62
4ee6dd9f2144ed0968ac1a3b3e5f0d32b2112dc7,36,4,1,40
4a37d79930e74c0b9ff887056f8e8c578ec4f013,20,1,0,21
2dfc18772eaed3e76de4fbc122826fa045814b5e,1867,9,0,1876
9e4bc1044c7b6b3cc2bcbad4cae9bbebd33bcc14,4055,119,0,4174
db7aa241ac522c9b9720d3c9bd4198fb66b94df2,87,2,1,89
163be30b3b0460967cdba5f8d093eb4ce3c1007a,8,1,1,9
65fc3e54e965f52989ad70abfc0418ea241b7fd8,2,1,0,3
fd778e617f7835b51f8879a86761ee8036e0a915,1027,1,0,1028
78f96a08c249d676f76e5ca59988b345b9109638,138,6,0,144
59ec2f9ccda40487975d6ad17134279934b023f3,2517,35,0,2552
f44d03c825a5971b105755b98527d19f6c5cbf9e,13,2,0,15
4390662745301b5d1b69c0a77c92505e7c76eefb,2,1,0,3
0f33ab0e9c19e964a470de5444df7b59d3162e58,13,3,0,16
351001bdc6941f03560e2f269b1a47ab84c8f7a2,2693,37,0,2730
94aac21028bc00b2cd417d6bbd4f96895981a8cb,357,21,0,378
cde25ab64d4da564a26d7fe295c4639391df58b0,2470,32,0,2502
2116b887f16bfc9d7eb3aa503204c6b841b3bd20,2520,36,0,2556
43963a8bd9f5bc2879c36341e5f8c915219c4e12,2117,16,0,2133
2fb6213dbd17459f34e7db29b6bfc73a9445bcd5,12,1,0,13
f674ec7bb438215316e9a2d1291d44297ee364b6,12,1,0,13
b80d41ba6aee7ab63c7e74ca0619cb76c4d09771,59,2,0,61
788de6d146ef25cdbdac4fbe9b6b99b67f4b3f81,3696,141,0,3837
01d2af19e3ac3ed134aae5417c90866db30dc2c6,29,1,1,30
ab052aca5deeb768982be3ebed28b740748c406e,27,1,0,28
bcb097165d23a02b3d89d5ac464241e57776d4d7,70,1,0,71
95ce93fdcd7faa52175d696da3a9407cd7a50859,1890,11,0,1901
a104771227892c13d843362b278889b74fe43656,122,14,14,136
5d0e620fc19959ea5fa58e5a473ad2ccf2da1814,53,2,0,55
806294762888809c5f780e2ba0ebbfd6bba76aca,143,3,0,146
cf55393077fbadcc800d357675f929c142307755,90,14,14,104
06eaccbb5cb069f78317fc8622bfeb367855b098,66,2,0,68
89583cfc0d9f6927b6e4eab2a532eedf5198fc85,2,1,1,3
85093c29cacb82e06a284be0c42dd72c9985d306,32,1,0,33
3e8db5b94b3526defd4d86b7429a111f0d0b0143,46,7,1,53
7d69c39cd067d9aef271f738ae0e53ee3bd8ce99,0,0,0,0
5fb79489f7f9df895ce9044e3e87e30445be19f6,19,1,1,20
b58e1ac8001ff11e2faff2a55c61d8955ca73d95,171,3,0,174
d14a0fb40eca2c6259f2be66bcffbc1c53f988b8,4,1,1,5
8a295e3b06545b13b0a651de26d86da21bd8a71b,265,28,0,293
b2ddfe5330d6b1751aa11bdf1888dbbbb250213b,17,1,0,18
a8a9d1089d3bf3d6a4adb56a71aede309fa42977,331,9,5,340
a55477970a2fdae5e93bcace708c98892937b97b,10,3,3,13
7814b53ca63325d33d2340563f00b0c5a06355c2,100,10,0,110
45c6e09b8d4c79683336687724d441c1cfad659e,68,8,8,76
5fbdd4048cbf67f929719ae547b5ef3953647b8e,155,22,0,177
cf6e4352b3913c67123a8d2329069373d4b05075,6,2,2,8
bd3a572ab38e5c82bc2042d2738f36d9ddd58065,1987,20,0,2007
debdc2beb84ca2a525fddad18094afc12a39be26,532,6,0,538
26fda31b70fdbbb5c3d09b4d3a04d6e0fb48f6d0,226,7,2,233
2229d74e8f3982a9fd5ab8a71e7d94b1d5e0948a,629,15,0,644
a00304508935b474e3740c1f0f7dbb9af1ca0287,629,15,0,644
ac243813dbf940c9a7205e15948aaee557e4b123,35,2,0,37
97b19cab372b84d3c185f67664c4af2184c832b4,3,1,0,4
6389aef9d0f8236e4d7c3e7ad890aba3e57b6ce7,23,2,0,25
d71c00d9964f81de4779db2187d9d53ad2f0e319,5,1,0,6
e0810ed828ab802e96cbccf65078b71faf674968,629,15,0,644
876430d22e6d826be7a09a45c2232ab53b15f025,632,16,0,648
ade27b41e074ee460cbf1718207b47c0a01be072,10,1,0,11
394ec9aad4d93f65c0c87757674aa2650d7ecb71,16,2,0,18
366b33213a513e986d436251bd77a442ad3ea8eb,14,1,0,15
19bd61178597f6778a71280bd2433d37573f7de1,7,1,0,8
fc44a5e97f08513e38e62b59c63212d0774eda17,5638,149,0,5787
0ae249e11b9e1909199c0ef927036606d9638833,17,2,0,19
5b184857b0659037acb51780bb9b9bf5cb92babb,2521,27,0,2548
92794c539110c668c227c3241c0bf31c8c6f2d43,22,2,0,24
cda5bae83e85e68f99843eab1a5fa0fab71123f8,12,1,0,13
f6e2ef716085a827e32e283fd33f069042528bc6,94,2,0,96
ae8d0176a840a743afa0eda73639bd4f48160323,26,2,1,28
0037868d4c81f8173dafc7447b364d95d4601b33,6079,168,0,6247
a809539bff76c9b8b55e8200ba9e98a737bc796b,43,2,1,45
222df2fcc7e314fcbb364e698e423f075e65c76a,5,1,0,6
073c9f365d793f737b02b252fbfd170de8e9c5cb,7,1,0,8
6473c977929a89eaadc8e99bea77026f0d25dc79,23,3,0,26
7ff09b9d0af0746a60db48239d8da5b4a3b89b08,5,1,0,6
a40ae517b48471d74a855cf86ab2cfc9a1be2125,129,7,0,136
40ac9064aa3c203728668916eb7f2ad497100d8d,30,1,1,31
7a86e089a105f2524a2561c4af18efbb0437baef,117,5,0,122
f4470da6cbc98cc227e1a636fe0c949d8bb585ff,3,1,1,4
51dc6aac3e95c3d40788f4098bb1189483fc6520,2,1,1,3
0d0956ad74d7be3d493446fbb86bc02a4f1e02fb,10,3,2,13
452c6ef5ca37de61165fc812552dc094d8a00d5c,266,47,1,313
c7ea55cf11e46c670adea8aa9d6031e187f66105,157,8,0,165
2ea83cee7925aaf84e09166bc898bcf980d454e7,7,1,1,8
955e64817139a74fc1a197b3e9bc5820d2fdefe2,43,6,2,49
e7f9b385e82b9b88f82bbc3fe3d997bc737ec7c3,9,1,0,10
0f3d372e38fcec13f6cf0aa2e439ca63679cbfa4,4,1,0,5
b166eea368c40bd8f30965c0d48e923f8b8c120c,39,3,0,42
11f4957f90edde2369afe0db8e221f27b53d11b5,16,3,0,19
da85b1136f6d2ef47f2a4f3e91a2aa6ba746b1b4,4,1,0,5
7c5a04bc644486250acfccfa7f76857a0d37e073,15,2,1,17
5dc5a6a699f254cc7f61acf29f8d903d664457f9,155,22,0,177
6932fc67bf8c8c46cf243a102951618a38331ada,161,9,0,170
d125eb6493d5a2b57b5b67f1b5aa01974929b204,92,2,0,94
25879005c01b99077f4421780cebc9cfb553eb6c,270,13,0,283
e46bef07e1d34ee0e978b4b90a82304f6337dee6,2,1,0,3
f0000bde9dfef2af51357434d3e1264ce5f572a4,96,3,0,99
7e0a19d432b21b0d9561ecf2dcb51b4b11af2ec2,94,3,0,97
2a68725ed9475aa74a9db222169073da2dca2159,803,20,0,823
576c88834cbe2dfd444e12f0ab345aa75d1cc9ad,305,5,0,310
d411b9f24a5bd8d07f4cce494667e717a6122707,803,20,0,823
ef7d0114c4466eefaff1098c41e5bdb6c3766a28,173,3,1,176
998fb78954b12f3da2a2c34cc7d7e2d1d7cb02f1,4,1,0,5
8d5121aafd1471bd716c77e43a96f7896ceda4b7,3130,41,0,3171
3a2e2d21e5a56bfca66fe054c47a40a0c1fa25a7,7,1,0,8
5e28951e1f21cce6e22f29b67aea8943b154a5dc,604,8,3,612
daf8364ac872e61563c57f4d2fff9d7ba9857043,13,1,0,14
48c12bb753d86f9fbe20d8fc23672f29b6f790bf,3930,61,0,3991
03c790ef9c7821e253816f2d29bfc4f0920ee283,555,31,2,586
acc731c5e58ff56e28cb2f16524648d05ae24f14,313,52,0,365
eb20e01a62dcbbd24b12f818b24cfa1af6261576,4526,126,0,4652
1f35f3aae55fff2b6ab634f5e12fc0e52f276e58,1,1,0,2
1a9a4c4d96091624dbbfb2c52b638877f13972c3,4350,117,0,4467
5330a51d3d6a0b15da8d52e9c4f71041742f56b7,13,2,1,15
382ca010264449212cd71b1c77cc7a78a473b757,5060,131,0,5191
c33d0968357afe339cdb6517bc6844959a6d7cb8,6,2,0,8
895d95bc919858b18adb19155ab23c8cc1e7fcc1,94,2,0,96
96f3c0373b4e28c55dae1c6ff6cde1712ad78b70,14,1,0,15
03012075cb7ae855bc23e44c7ed9e04ba37e7208,63,1,0,64
36192bdd2339d9c2794462ee5b5a40e2ac014752,4258,115,0,4373
7d9df3d43a3bfe89021784654ae4e0283c54af94,70,1,1,71
a7599bf0380386c84ef96150987bdf1d861f6455,7,1,1,8
f10a06b5ca870f221e4d4f0b0573becbcddce60b,30,2,0,32
bc9687f4e0bd83809b908a226e0b8150abe527b2,388,53,0,441
77d092c75fd8de40dd6a814c3a38839b80190119,2,1,0,3
e253e994dbd743d699b71d69bd9ae6520875e594,2,1,1,3
18b4c394106b7ae2daeddaf52a6999f352267763,2,1,0,3
fc54ef7a10cd6e28152b19d21de320d47a5c3e3c,7,1,0,8
4b775f02e2632fac72d44678f5ef13a04d9e1355,3810,109,0,3919
60e240e97ac57c9b11fa4a9affd574b2427af2ed,58,2,0,60
a2dba8b63450b6c1d502d3de8f805b884e6f5431,68,5,0,73
58c55d4b676f930b186c32a1a188bd92debefb20,84,3,0,87
8b18e879a2b5d9b087b92b7fdc4a0409ac0ac916,109,4,0,113
db8333d77d68669edc203de8e69ad49ecc62f4c0,53,1,0,54
e2ae5979ec494e3d3f829ff6b8e0978d9b1caae8,34,3,0,37
f915629f83497591a4f59d95401bcc561a446a77,7359,157,0,7516
ac399d9164ebeffc1b7c98b640edaf3c412587a5,897,9,0,906
2b02dd0269f93a4817daf7c6c19b2ed8301b693c,1065,10,0,1075
be7bfda54b0e1f70fed377d94c6f2955ac742858,2071,22,0,2093
2ad974e6af0767f4b639564092f9ae18116616cf,21,1,1,22
dd852d95f181a3847b31ae8e33921ececcf164fb,1964,19,0,1983
b45679c197da2a5233f0d12ddd80c60761d9f4ff,107,3,0,110
a06f5faf6e0fe509a9fed339c32002834aa672a9,86,1,0,87
856b8471c10d595b4dac614b9f9f0da1c069f199,2092,23,0,2115
49df20c8c3e58d56266a0ef85357e582f4fb281f,5,1,1,6
b0374bca8929687f6398076c795b68673fa244ca,49,2,0,51
1d5db0c1ef7edcf2ba42a98ccc7e36d6bcec064a,4,1,0,5
23729efad779d402bd7e9dcfe53ad3866031e2ef,2097,23,0,2120
1c708d1aa39cbe584e53524f493eabaed2d20636,6588,146,0,6734
d099dd6973f78197037611d6b4619e6ddca5d30c,2,1,0,3
033e8ed709f59c360075f2e7fe1c1528b5b253c9,2,1,1,3
dfca76bfba939fc1547d00916c6a19d371a13c86,2,1,0,3
c438a763f67ff01d963659536b27f83ebd450a6a,10,1,0,11
edcf921cde63ee551fc3b9e8a02873cc40813360,3838,53,0,3891
98aa8f1f242a6d841a304a2c958d0bdd48ed1bbd,13,1,0,14
d1a84a576f5a07d89fbc190a7365b6e328ff5353,188,6,0,194
b01ff3824ba81b348da2d45342163c906e0f811c,6022,81,0,6103
5daaa278afcca7e00be5002e3d5247661c6ba474,745,14,6,759
5854f1dbe312a5b8673bfdd93a2f3acfe699c202,13,4,0,17
47136b5fe9a4afa31f6ca4cb6909fcabb28c9200,13,4,0,17
45199ebfc89763283226ea2824f877b1d043d36e,6076,83,0,6159
8ae6b0319db2e92d7316533d9946bba51d2174c1,1609,40,0,1649
d59e4c42fbf3a55afbba9dae3d9e81c9f13e98fa,9616,177,0,9793
35e90b8aa7d90680625530701ba42a15d1a03808,8,2,1,10
51bf584e8d4d49b21dc5a022b8152eb9b6edca46,10513,200,0,10713
bba8c2fefaa68712c6993482f74c947bdde8aaa9,599,2,0,601
d617759da292917df4b827abc8d50b6152c4190e,62,31,0,93
ef9b2d9a444bccee7ec070420b5194f6081db534,2,1,0,3
73121f2e64ae169fcbdd6c4fcd1b22165367cb0c,2,1,0,3
dbd8d64ab256ba1a5f4104fe3eef8d5ba24bc2e6,19,1,0,20
3344b09b2ceb9e7489fbb32ee3648832e698bd69,10,1,0,11
c8f7d387e1c52fb11bc890009b1d94292a533508,5,1,0,6
1e533950ffcbb1ec16781ff406a654cfd612e1cc,19,1,0,20
dcda61b4fe2be3005544a3fc915b19ac3e4c9598,125,8,0,133
81ce0e63926b450ad526ad9dbe8045ec89ae5308,6711,87,0,6798
882b6aa81e82848f86461092e4a2e117a6772abd,2,1,0,3
5de74fe6d7f3837310cfd9f4f9e5d2636560e182,125,8,0,133
2f24ee34b3033fc9789b46dd1afdff90abe7cd92,198,6,0,204
195839c745c64e3b7f7a23f1cefaad2e59601ec1,65,3,0,68
38dee89ac53b30c6543e6d6c9cf909649f73efba,8,1,0,9
ee5bae9ed9b7fe328ba216b52a6b2e297881ddb8,4,2,2,6
65780ec532bcae5e45946aef70b210e3ca6e26a8,809,11,0,820
b41fbeef4c93cec98afddc436d146e7380590f62,1411,30,0,1441
f6ac27a35fe379b8024c824f00d3ce3f84d631fb,11324,207,0,11531
2a176e4987bc26a913d4e19bc939496b0079614f,197,5,0,202
b4c424f2465f696f8c19f44e23bc77980761f005,209,8,0,217
d8ced90e512a71e8131329bdc37a936e88f55c3a,177,3,0,180
53996a12effd51bfb5049f8dd42f391d0f2d9d19,51,1,0,52
71216191625c6d3f577c2e6e27bcb2c8f81d9a6b,177,3,0,180
d0798504652d09b583c7e9436dd619461aea1b05,228,4,0,232
957c206bdea433d9cef1a54d0bba0887d51123e8,953,16,0,969
e0648d68781e3906b66f3c876fef59bc4141454e,8,1,1,9
49a992339a34e28b29dbbd84aa5dede1614eebb5,24,4,0,28
ea91d220928a0ebb215500141d298059d5547320,46,1,0,47
0885ac0565c798a9f4a9b82897deb002d19ee47e,24,4,0,28
139aa270ae61494c0757867f2dc531ec7251b1da,626,3,0,629
04369fe6d02c9fb2d5cc24eb5b0f9c334bbf92a1,46,1,0,47
e406987615bef30b759fabe466abdfdab6d70e65,696,8,0,704
44b00ea46975ca8894ffbb24d53947ff4571d075,626,3,0,629
445c0a61544fc3d05cef77b0c0653b93859e7da7,46,1,0,47
8c2e03e43133d3a546e254fe827a2c4ffc79966a,32,1,0,33
09a33fe39b734f43767fd8ed9bbe2f1275f18324,39,1,0,40
f298d7216a81b0416c1cf123efd99fcff2d41e19,10,2,0,12
601cf09930a16b1bf477d8407f5deed10c1f50c3,2,1,0,3
2cb73176d3a671cb2ac784310a4d36b2d03bad29,2,1,0,3
281f4ef208e7928c8514992458f34ab96781f671,2,1,0,3
b09865abc9805fcde980748f818980a8b2bf5ae6,29,1,1,30
114a8528c6c0030434227a26523e3c16588145c1,195,3,0,198
c4bc92974bace5e4cdb3ac9dc80790193e46d203,626,3,0,629
71bf909830d6f2340d998de6f358f529d993647c,6,1,1,7
e69803bddd8b7243ea7359064c0eea178cf2cb2c,47,1,1,48
87cb5ce5e47821acc729f2540e06628b23aa5df5,7,1,0,8
4903dcec4270eccf2756ba4e693b1484f796e3d4,2,1,0,3
98aa2f6303a6d19f2af706fe8e4748ba8c188f78,16,1,0,17
5fc945e1a93e7703b8d19ac27c2a2c30661593d2,34,2,1,36
1d2b5f81f0e46830e27f41736ac126fe0a601684,9194,148,0,9342
e76752d172eb7449911c2257f9fa722631fef5f2,13,1,1,14
d59403b482a4e2273abcd17c99a3c837ea302154,92,2,1,94
f9f766263dfa9ea170cae4816e7667e0e3adb310,53,1,1,54
1a4de262b9a2f0d2bd589473546dd6ad3008a248,89,6,0,95
94fb3c5658973a642281e48ffdfa78731373c604,78,3,0,81
94fed6571fefeeb58cc89282be84ea8292c36389,416,2,0,418
54f949220433d45b543de83896ed3e357a68e04f,145,4,1,149
396f2f31207e9fa5133e2a669d50f3d998fae2f3,3,1,0,4
da3d9e73d182b77d27902871c19817f439308b2b,2,1,1,3
fbf7149d775472f9dc1e9cba9a0c10a6780688e6,1456,29,0,1485
57ab09ee168d70cbd65266944d263681c51a4f3c,824,11,0,835
5f8f6f46dbba461e43dc23a292a2b0ff764f19dd,61,5,5,66
65099366d767073de9a1e7a5d1b5ed67b4306fe8,214,4,2,218
f382ebca278177752e00d31911b851c09d9ba482,57,3,0,60
4ceabaa85ff3b91745b8d80fbf06a5e7f7799a36,6853,143,0,6996
3394b4c5aa8c557b94c8726ad5f27a01f2d76d32,110,5,5,115
619a644f73449a1385825f437f56e819e46b00aa,887,17,0,904
e040b5403733d053db16d87c10fcfbb5ace5dd86,887,17,0,904
42563f6c1b0f57e6a087c819df26893df5510ae9,7,2,1,9
6f1d642167ebb4563a9c9c7b3429d84214b433cd,30,2,0,32
32a2d90645fb3fff8bc4c8753cb71fe451f86036,5,1,0,6
ac7597e158c9b0ca5d9cf87945fb4adec9244040,81,1,0,82
e028de86ee375ad7c96a8eeac333487258534cff,826,9,2,835
37c60075d234480b9217a6456cbfc94e380c3b3a,109,1,0,110
7daf90fafb3a0ef74a3463a925e50308cca74292,30,2,0,32
660648bbb56f6a99ee4883c4fb986b33ec95f9ac,26,2,0,28
4e1f8b050857f86a607c3f525480dbba0ffdd98d,2,1,0,3
9008472c334bfa3f7411e896b1aeaf657acff6df,49,4,0,53
b218e78adb72d759e646a1042f44fa19b44cf09e,659,22,0,681
4a7d43a201c584bb2f20fa8f8cf5c5a6d467b7b0,2,1,1,3
07a4258d9ac04f36536122827c423ebb2e8cd70f,5,2,0,7
e4a2130c3d4a6de9519a049f08958aa848335361,95,5,3,100
8b5a1ceb497d7a53cf3b900c529f8bb212a2ddf6,5,2,0,7
4a096d95874f1585dcb5c2fdb6c9d09db4fa45d9,41,1,0,42
b141abfd5c4c4219d17e6a1cc1a7a1677b06b3c0,5,2,0,7
6d2a7597658cee5c1bf2ff607762baefcc17783d,21,1,1,22
f5f95fb8c952996f4479852b1ca2e086d3d57621,195,8,0,203
9ff80298f395315027883ade7771730b6182477f,18,3,0,21
eab2e538a53042c2a8f252d22ff50957a48ae364,211,11,1,222
733f30eee40b4f9ece2f8c90af2042e85c41fd9f,80,5,0,85
691c584ccc5f64e33c2ac34509196015c17ed928,10,1,1,11
99c7e228d12e25826f74d6d8706d158ec36004ed,517,2,0,519
11d0d1359b76f93f8a112cc36424d42dd0932ebe,30,2,0,32
587103fdd1273e1d98897a07f98594dac85e38bc,220,3,2,223
ba210bbbfec66f4ff8913550e1e3b43ba65cf0e1,1169,25,0,1194
7be25bd7859f6cf45e6454c44ed9b1501d87fd4b,220,3,0,223
d4908f2449a4fde9298f6ca11590e0a94a94c955,46,2,0,48
a452dac26c47ac10586f1f49bc26f03b6b5e6fd4,213,6,3,219
880b59b96f1cc9f2ead0d6a0e7d849f6635b2bae,17,2,0,19
70872aa6ad3c90fca974f308bf8d293c9f2a1e5a,28,3,0,31
91b2764c781fadf5ef1f1cff9877b9d6b3d6ea8b,2143,34,0,2177
657afd09024978d1c50eb1b0a5db19298f0e1edc,73,8,0,81
5ffaa4cb6f35ead8fc94c563d52e98cc5241acbc,143,6,0,149
d0dac7de1e573ae3870e20adfe18abf61caa84ec,28,1,0,29
4accd3ad3a268f76507254af2c46f1f89039db9b,158,8,0,166
359680dbd918f7459dc8dda7e6084a05a5ee7b42,73,9,1,82
a50abae3bc0902430218abecc9a7e2e6ad63fe6f,7,1,0,8
a33d3d49f675acd10e82100aa5a7f3378d11fdd1,147,4,2,151
cff3c66449dfc22d8dc9ba1d25d16fcbefd7b92d,18,6,0,24
e62f6d079a960b60b7c1bd3ba15ad1a4bef12c62,557,18,0,575
acb9f1c6b5f5775b18e881f2a8d3a49e31d83cce,711,4,4,715
bd7ae302a11ddfe145ce85dd1fecc4403e5d2dc5,87,2,1,89
bf80c27f1b943096c143a5f8d4f50f7470d36bd2,831,8,0,839
0bfd42b445525a2e3adc88f3d9b2d96faae14202,811,7,0,818
2d0a6e80e75ab0e7bb5417fb8815716936736bf6,18,1,0,19
5cefca0f1473faab4aeb2f149de36c4fdef19460,3,1,0,4
823f8a373bd0f290c8781eeec24fcaf0862419dc,1,1,0,2
6bfb1d86e59f03eff62c799d5e6838bdd58ea1bb,74,31,0,105
c3f3dd141ba9a3cb1e7044f807e624c57ef38084,7,1,0,8
0c13a08b7a0fa9e33fadadd3c4472556be338d70,74,31,0,105
54e814a7e8434e33f396733c4acdd0e79ac1524f,2,1,0,3
61808edc62f0bd9f9306f86d99d0488c196793e7,4,1,0,5
93876df9373c260eaa1e8f8dc9e8edbb82110810,1388,11,0,1399
490827eadeaccf37d0dac341e426c60dca176b03,4,1,0,5
5166142ccb692f084463176ac32a3ca8efb7e607,91,32,0,123
dfeceafa9c82be6639de4e2fb86510b63a4f01e0,24,1,0,25
dabcf1d6638ff056c005b26f60827ad977921749,2,1,0,3
29da67ce0bbee3c7837126423a6290a6cc2a22cf,49,1,1,50
a238ce357fb0cb0c5378fbfc64341c3167843db5,334,16,3,350
7625bdcafdcaed16c8648ac45f6ec832f62268ad,26,2,0,28
2d6754f8358fa96311fdc5fefa5aa0a38ecfc265,26,2,0,28
4be04388e2452db1794a3a72b7c235f551226ec6,55,2,0,57
7449c6056b8c0963a2a807f4f45902df0c739e2b,39,2,2,41
dff3fc683214f8036e8e0db8d0ed497a4fe729e4,1046,2,1,1048
16694d3b2dd2b38ff8e63392de00f05aaaba284f,13,1,0,14
0ac6a73a4e2484e67531048d7d3727d98f3ad654,235,3,3,238
07e5561bac54c3171a9a86843fc6272eba2af2c0,10,1,0,11
796234f12178413d42eb94fc8080d03747a2df0a,94,3,2,97
9126679c313bb53a119faf15f6b43a9ab94cda26,391,5,0,396
c19402e0d6085e88da4164cbb9b838e886849c6b,8,1,1,9
a2fb8f6e5903356a10ec8c6e17ebeaadaafe552f,84,2,2,86
39ae0c8c85a8a10453889df984f9beb03e8693de,2,1,0,3
934bf696f6836a8db294f8fcc88717cb2698093c,604,7,0,611
cc679f5412d6735f37e9fc54ce4fe4734c6b82cd,34,1,0,35
4cf213359643d5fdd7275c571619594ad6687bf6,885,11,0,896
942abe45be1c0f6f844de06c6a6e6b03bedb5566,7218,1,0,7219
3ddbff9233f8a6e51e3192287881e189b4d97c56,74,31,0,105
fcb45bb50533802a5299f67419bd76bfba4e2db7,4,1,1,5
0b91761cccbba00888fdba73c9ca5602b8b229bc,2816,92,0,2908
17bf271b2da8c0aba68261069c1f61d876c1db96,8,1,0,9
b3dcbf18407318e7c824a7260fed8c1ec3d3d844,104,7,2,111
41d1a143548b4ab09aa1b97bca0d7cdf9f3e4a59,78,32,0,110
e8a38e04e9ff6fca30953d72bd657889c1c17456,4,1,0,5
745cf7f9bd4ca8e649fa77fdfe4e9e3468ecaaa0,1598,44,30,1642
46dda3dd4c893c811f51e3e491e459422c0ddf06,27,4,4,31
de19191c5a257522884f66ae1fe5c82aab188be4,64,32,0,96
dea6118127da7426c2ba212bbbe2bec1e5e1f3b8,1,1,0,2
e9f2e6dd4a9d553504904d018947fbbb95b12cdb,26,1,0,27
2d4a3fb790e64df897247820013d80cb4fefbbae,6,1,0,7
c54813625103ea98591acfb8fe15d5cb4dea7f1c,143,4,3,147
4dd6a63ba0e63d9f6b72264983807ab577900b8f,9343,39,0,9382
ef2bed9bfbbe5602f61ae57fac582cf13d235ed3,3,1,1,4
30d306a4a14e42fe93047947f7346271c81bf98f,2,1,1,3
f62afc62a5794272411d0fe25b46e8724fd77209,4,1,0,5
50ec7f34c4f3b9527bb2eb068b4662042a376856,24,3,1,27
a983125a2b68448e66b22e5df2e023cd6536be73,2,1,1,3
23616406ee0989c743bbb2e9f088db3dcdc6d6e1,1673,78,0,1751
f9c5fbec3e4cf36c720320e4ee7ef0b91d9f014b,7,1,1,8
d245dc818d18f9474854cd9550e60efc87732ce0,1675,79,0,1754
250dd8ea6ec9c3298eed28f0f2d5c9e40508c8f9,3,2,1,5
ecc7a50a0e45102ba9e5025435bb33e2cd5d0a96,1,1,0,2
d0810461d61f35cc855998515beb467b49b74246,31772,478,0,32250
995b60898067b7dd95f33f598fadd579917473d0,4,2,0,6
b896ec8b311b65af97a53d8271ee4bfe69e1ebd3,19,2,0,21
16a6aa0eec4d3227506f6f1b0ceebcb733ca653e,11738,142,0,11880
c4eab3c26260ac97a4499ca6b2ec6ecb4fcf3d3b,18,1,0,19
c9cd92ef29e2387e3290310a04809347808419d4,2,1,0,3
0dc908bd3d781c30b809d3ba525208d583d8c35d,24,1,0,25
f059be626b0a66e81b5ce3961d53a20d89526bc8,2,1,0,3
f4a3591b35b707aa1cf2643d4d9db99a5bd0afc8,430,5,0,435
28498e99bafbd167257fd1cf836cde7902b8aa51,111,5,2,116
e6ca75701e6acf7e4fb857530744d5263bc2f962,33,1,0,34
f6012f1e802be3ade9efd53d79ec6b85df5a4c8c,454,6,0,460
e975b7a9e1856bbb5c200f8c89a0d3d87423a016,164,6,1,170
7000722cf550b4333eded7640d965583f2768bdf,317,4,0,321
ab1f9dd278a1c1e42cf36b21a2bedcd2f7e4129e,489,8,0,497
c05e368d9a10e77d39f72fcad22f625402102fda,4,2,2,6
505a03e92db2747ed5beb07eb47cce17271d387c,271,5,1,276
7da0df9dffca55e4153bbdcfc02bb0c2fb417989,24,10,0,34
a4c96535d61b1473ea6967be60bdabc6fec2cd5c,44,1,0,45
de1c80e4335f39a8888f6db3121b6f8afa6e5fb1,10,2,0,12
b95d2ae6c40faa45a68f2566df8e4ebb8b25d4fe,2,1,0,3
c235711673fcfaf1cb01bbee82e124d08544d875,70,10,0,80
6395b434e37b93f025c7b81802a77aa4f1aebf4c,113,2,2,115
08360c999a73173aceef8eb7500d656ea5b386c0,70,10,0,80
a001312d3a6b1175be4ef98e6113ea6eaf179246,272,4,1,276
060177c13add020ded714300d2da07123431f0c0,35,2,0,37
406e29709065a934a6fde9f9f4043259e65f1503,672,19,0,691
ade75f94f1bb63b13cd3cb997cc7820541994858,11,2,1,13
03439e255a5aa22cd4f6d5c9fab767a9fd883514,81,6,1,87
387dcf698da634b6a62cf00331b9985206dae944,13198,164,0,13362
478cc7bfe8a507982ac0ad9fd7d3370d19a936fa,10,2,0,12
f027ac54a8f679ea09727f526a47352ac5e3cb4f,13,3,0,16
96ad5a8605b54e02057253ad7d330f2726ddd687,26,3,0,29
a1ce1ce4b749f2fc12a803052bf0df21eb42f675,253,8,0,261
f6eaaad3b1721e70a39a09d82388605270bd4875,227,3,0,230
8796bc592f7a9bb3f664cdfc29c687ba0bc12a9b,42676,640,0,43316
a8a0062f0a13d008204ce015aa2526d609a3776f,2,1,0,3
9c30fba4d817c1ac8b16351b29163a5eaec6d7d5,10,2,0,12
cd814cf104ece086a50ad78b415a86d60435c110,10,1,0,11
3861fbda0e54be505edc6dc5993edc4d70f16d59,2,1,0,3
845efeba7e58cea6c76193dcd9938f3a1f9102d5,15,4,0,19
05320174665e252be94c4e4b984a408f35800075,14997,204,0,15201
bbc21a6acba0193695e8b924b540bae4a647f3b8,1610,28,0,1638
081e75bce608394937ef8e4d62e4aa12a2cc3b09,131,4,0,135
9d96fbcf254d5ab8fbac1857432603fa2108f700,82,12,0,94
35008b671872acd8d2448a31b0389717a52db449,78,1,0,79
9e670b8f59dc8b758dc8944885adf739d847e9c9,53,3,3,56
96ff8f2fc6521f55300ab634584f8f25c6edfdf2,1625,32,0,1657
5f8925be6d6e1360ff56ff3c1dfff49811caef82,25,1,1,26
9c7274b0ac33936893bd532b70b57df5c668eb3f,95,4,0,99
ae38a2435113fdec5988978cc3f0899189a220e3,1650,33,0,1683
16e211ee2f867921ac38f802ff59f81ba15a818e,3,2,0,5
22341a9ad6e0c7627ffab26ba63c3f8ed3ace9c0,64,5,0,69
3e59d23c18facc9be0663dc494d58de2fd94ac54,22,1,0,23
8c105ec2379acb78bd5fc9185cc99b9a1bc18562,14662,187,0,14849
2beb842dab80863c75012d23cca6816ad0e0740b,22,1,0,23
7b15752c53a6adc8b1fb6a3ab7d075f6fbbb4a47,1701,35,0,1736
30b6ed0d1e4cf6f658d0b637d6c2eb44e2389b93,2,1,0,3
d3237a61a46220ee22000f33e3168d2a2c8b2fa0,4,1,0,5
9943b77e43e880a5e5287441e3e665cf16f1a681,54,1,0,55
32ce6a5f28510b994918834c1f276bde971ad9b0,13,1,0,14
05f1488dc63322c513fe743ac127a0cf3f163395,9,1,1,10
82467880eb18bbd16a26b92300b5212f37fe3200,199,1,1,200
9ea2dbdd9c5d89e3da3950ac40bf2aa2a16e283b,5,1,0,6
34a9b315b2dc09b771e924e0970ecd9b1696144c,1900,36,0,1936
d87f6d61b343e95f90624fb7bf382c58a1f7ff1e,545,14,2,559
ebc1a9832ccdba544ab7773e6aef0c5ba1531394,18,1,0,19
87e5a3f9f81f5c06abaca66dce33c9f83e632f4d,18,1,1,19
ba0caa1fcf032c0a6c8690043c3508bef05ef72d,808,20,0,828
3abd25e4e46a3fe8a77bd84570ff41fcdacb1e82,244,9,0,253
27b559e3aace024f19b411a8b377858c9e0456ab,4,3,0,7
e1b38fc7386b1576a1e3804d6e6864c3bc495230,2461,50,0,2511
cfcd1d92d6521e29bb130cdae182593a4430b406,2,1,0,3
2b57817a080fc436d81b2c88c2aa437617866ec1,2,1,0,3
d21bc307b33ffa944a2e1a33893f18d10f35347c,1411,30,0,1441
f2b96e0b5b159034058278c7cfc94273caa07a77,7,1,0,8
7e599b61d57754623de46aa4dd8407871a36f08c,2,1,0,3
9e25c2a32f36964c553075e680de4517e34c541a,10,5,0,15
4ba5671be90d2cdf54d543a60f7dda0b310bf46b,276,6,4,282
816da0a8d9fcbe3b4b9d06fa5a53e1de1698ee09,2,1,0,3
cb762a4875a6ae1b6eb358f718ac2a160fc7f186,8,2,0,10
63261f5866695ddfbbca3f9d5508f4d7964263dc,160,6,0,166
7c91389c4927c257d6af0ed54e7489a2d015588e,2,1,0,3
22ec4aae19ee53fb05c14187d0fd62e66490bffa,116,3,2,119
1ede1d0ad9dfb707d3986d34aa4e2b188ece7129,10,3,0,13
7ed0ddf29fc9baae66ca2fb9e3be960e0b7e295b,78,3,1,81
71f917255055d8682bb39a3b1526ccae89ec572a,10,1,0,11
d02cfe3357e6ab62bdfebcedb026beb6604da103,68,2,1,70
593e3eeeb0d4965b1c1a83d4f68a9d18e6615632,480,6,4,486
07e29550b3ff0120d3cd536d05972062ad6f7482,45,1,1,46
bcff2103026318e50f6a4e3ac5d018bd26073e2e,166,5,1,171
85a49ec836f7dda4bd42b692d736e5b161218159,2,1,0,3
4d5b8998cba39b61afd5d2fd7684bc78d6bc3faa,33,1,1,34
56e67e8f7ce808c190346d9228987f25b54b4e6f,113,7,0,120
8452c8bc09a93b94c1729688b4f2437b99657069,4,1,1,5
db06cd317fa9f30b8f0c74b120059df6790fdba8,86,3,2,89
98743efe6a0a3f99a42c1a0e576152546d87f67d,2870,67,0,2937
fb1d79cf17a8e4f27ebbfbf141ce6cfb3cda1ff6,36,2,0,38
db24c9925639266d3380bb44d1cdfac337b85d2c,2048,50,0,2098
8bc46ec23b69766656680fc1675008e8c18e1f34,3435,81,0,3516
fce94eb2ad12139945728657da2ca5c3bdf93241,2,1,0,3
9b993710956b75d72def6bfd1697307be718f6f1,4,2,0,6
fd541fc3b4bc69befdba07dc9cadc7015fb00873,78,2,0,80
fbdcb70677249ed6aceab5057756e7eb04c89c04,175,3,0,178
5e0bbf2332cf64666e1e0aa65754e682fa442cc9,18,2,1,20
64ed3f19c1a3c65b4d47f806a212c52bfabb3dae,148,3,0,151
4717ea97ee36913901cbbc49725e930007280966,263,8,3,271
0cbe3c68dcea09a39fd0e97909bbbaa6b1091a6b,127,3,0,130
be64e1dd1f7aba02b664c4be6f2753cdafbbdba6,29,1,0,30
877eb7649e61ca53765c42b4244a7d46a39d1179,4,1,0,5
b0fbfa05cb1cb712fe217da7166d945c7c2ec597,2,1,0,3
53995dcb3470de07df73d8dfd284da0dbb8df8dd,1305,15,4,1320
d87efce0af1ad269ea1a4182329f441b6ff32122,189,3,0,192
7ee85179103df637ba594fab68755dee71b69997,543,17,2,560
fe78d42cfe77626b7250875e0c3f608b27dc9367,123,6,0,129
896b426bff3e37aeebbb00f54e179492543f1a1d,150,7,0,157
b97441f994bb34b23c54848f6520f506b4094590,1484,20,6,1504
c1913c45175485543d51e167f7b548e52bdbe13d,3067,71,0,3138
7099c560b9fbb2f9029548fc0ea8830a18d37fc9,3,1,0,4
778aa172fcdf8bbfb66206503e1387630fbb965e,43,9,0,52
073c48c2564608f699e80dcfce06328358547fa5,6,2,0,8
a902bc18545c8b578c8aaa0e294cc5aadbb79eaa,1366,23,0,1389
04774b5f2e2df2f83bef66d1a1c686662ebee04d,12,3,0,15
668746f4191f36f7f12c6a17e1d2903bea983a3d,1823,24,0,1847
784c088ec9a3c4fdfde30637e374018ea883e2b9,20,2,2,22
63fc5e7b91ff9ad440d1c49606cd432593c67dd7,3,1,1,4
980dd47254f68becc69938f9420f23079fef584c,11,1,1,12
7ee19cd531c5b8640c38241283418cfff687d0a0,9,3,0,12
0ba45875fd49439b2ff487eee6106ae630df840d,18,7,0,25
2109bc0fb5fe249980cd2e75cce29d723f3a0d85,115,2,0,117
4fd4c24da1412b24d67271ea7307b7a3b66f2875,6,2,1,8
ccc854af4bd073f39796a32dd597c795f45bc47d,76,1,0,77
6762cf9433725c58381a5629421982f473519738,14,1,0,15
6d1104372142898f7d46fa72265473d06e1eb959,506,13,4,519
4937822ab437288a189505736d89c1ba83670a97,4,2,0,6
fe070234d052961f7540a62b94b9d03309607ca3,22,1,1,23
06462598ca5eeda3ea91e5ce841d3087daff3cbb,19,1,1,20
e4b530b0c50bf82e4593860cfda078743ce75783,2,1,1,3
8fcc700fb7c17c4f9579aba883feefdf744c21f5,3,1,1,4
2d90db782ff0464761f9271d862434097ad158a6,6,1,1,7
ef6dd411994f2188217afe6e8d25fc8582e5a62e,9,1,0,10
15aa1cfac4bd30c1d613c941d5afc994f34aa8e3,337,5,0,342
33459b1960c5d551a90fa2b57e1b1ab9e38293f9,79,4,2,83
24bb2959a67201e5be9d5d01467a1d5731daf886,24,2,2,26
77ef2e99f827c5434728134603a0159c7bb66fce,2,1,0,3
7fa8abcc8aee3fe038cb28e7666b49de6b7be796,2,1,0,3
ee40819088fe3724ad7e7cad66d501d7db237102,26,1,0,27
94e202aa7046de67a2c0e0da4230d424e1c95705,337,5,0,342
994cb14cf0a3ad76e4294d52469cfa4f473a8df2,2,1,1,3
fcaf3f5116a5c713b4bc07d1f8376566e7dc4eb0,2093,30,0,2123
da5a2282edc8e32d58d504d4ce96d5e88ab046e5,1225,35,0,1260
99863017d712a5b1a16e93478637180e9e7061ae,6,2,2,8
ac72c09a4af5358bf16e3d2dd93325c1230c5ebe,2,1,1,3
fd94eab2c78bc475a27187b0c54bd239bcb6b731,112,4,1,116
ce5eb8bd2da97cb071eb0f7743d2224dd2c03ed3,118,6,0,124
5a983ffc77632c462a65b137d455873405374064,79,2,2,81
defc8b0d62d17b009a7087931a049f314bf4b914,57,3,0,60
aaa742508f7d256d11df22005b1948eaff721cf4,2,1,0,3
0c528986a8436f9c904e3049cd1383f81ff75606,1602,45,0,1647
46b36e8fd728edb71aee578bbace93b746888bf5,138,5,0,143
1d8ae1612471731136e7b5c19d6cdfbd6b9b61bc,2,1,1,3
b38cf38dc8abd6b59d547acf8476cbb01f0a9477,117,3,0,120
79f21aa049d6a260571c661a6a721312803919a0,2966,67,0,3033
79258ba1e5b6e009ffe3d8bc504f81955ffb5c21,19,4,0,23
a27a35d8bfd4954b5f6b912e2d5dd54f75c31f3c,140,1,1,141
2149639dd360ad6f180e16d23dbe878b05cc730a,52,1,1,53
b468eebd5db63712569627847249787b0a15c144,190,1,0,191
68058988ac76556b46807322eb20d53a5de19174,4,1,0,5
6bd3bffebe741f628b044b8508551e7f87b88948,2,1,1,3
c9d05d706ec60ee06b6cb9bad8e8cbf7b9af533e,3156,69,0,3225
dc315c0d22ade7a51936e97541896fa0b04760f2,15,4,0,19
69fcdf55c008a85ee4ad1f3828a04bd0fc6c419b,12,1,1,13
c3dde5726a84645d6d08b69099c644d250d0dbcb,78,2,0,80
df25d35067beb8d5f40c97139eac0c06310b6666,12,1,0,13
1132d2259a3a33328cd66ebdff0761bdf1b5c1bb,65,3,0,68
43e870e7c0d20583a20bb2c7abdcbcd918f2ff81,78,2,0,80
ed76bf0c5af3088eb4a8a7d32163a8a307461b07,35,2,0,37
c1fd8e7060b7a395eb9369be95888f7db134b558,178,6,0,184
b165ff042a14780c4a502a1272caec7f7440f7e3,6040,130,0,6170
91117c8dc0a6780f7a2e328550010a8ad40ba471,16,3,0,19
21a1514dd80e6a9083559de85da873f165390eba,52,2,0,54
489323b0175f6eba897caf3f40f4f0fcb970df19,1,1,1,2
36805cc1dd157b343301ff4661bbdf3db5b596ff,1854,43,0,1897
5c8591c3f994531f2b65cdc99da71abe1c3c5603,189,6,0,195
9bbc1fe921482654700137ea6153f2b4206ef9de,109,5,5,114
15d55b1a5fcaee7c91f450426bc537f3dffd77cf,12,1,0,13
fd6f3989fdca948f386232eb2f540cb79b179153,19962,280,0,20242
f265cb68d108d5b3617f5d6f893f477ca2308bff,5,2,0,7
0d8f73e52c87adf8e696926ce9015ff7bec498c2,7,1,0,8
ba7fddb004a840fdad66bc9fd127eafda27fee2f,11,2,0,13
a2a6f31fe4207dbb3cd2146c3f22a5c99d83fc5b,325,5,2,330
feee7d4219963560ae9d839df3ac29812b025cab,189,7,6,196
55c166a64a7f64cccf81ef9ec64cd572c11d94af,393,7,2,400
bafa8c05158883e64614fd047adc3c53ec427656,57,3,0,60
7d64902957a7214474e8f54a3b1bbdcffe5e3357,8,1,0,9
c3744ba8fc571f0ec385b1e3cd1f972973250cb5,6,1,1,7
d3c056e153c17629c1b12db593877c3c1fde9798,2937,107,0,3044
a927eb29276796831ead8e9351e30947c4480bf8,225,10,2,235
f1b5ecd16dd2315bab79944f192dbf9a1113b81b,2,1,0,3
aa625840cdd412a2168b58a08cc758420c1c69e0,1880,49,0,1929
16f045f8d5e8ca4950bc5b0ec55a83db2b7164d1,400,8,5,408
d13b8f9bbc198b7e4670d2181d77d4b43519c294,292,7,0,299
f57b6f98585a85cf0147d75eaaf43d85b23b7e65,10,3,1,13
463883d289ed7decf4534c4788c8a092931a77b7,69,4,0,73
b308321d880f540fbda759be9265161a8fd02689,44,1,0,45
4d887323ca9fe9c0e3f2cb05f580db5d71727ec3,195,6,0,201
d6f5f15c6f73dd0a643c9ef98a42f5db4b36771b,12,3,0,15
8972acdbfa28e45bcb0dfaf6feb13d548445976b,3,1,1,4
76805134441786abc5a27d23f0f40a028a24e740,68,32,0,100
a48dd2648d1c83bd2cb63309718e0212fbc0994b,7,1,1,8
4423a4655c03936bb48fb70b713240aefa3f4219,4,3,0,7
3f7a80a26ee06723f75bbb7247f4ce04d4586038,4,3,0,7
72d6ea5d1d772594d9ef4c567b2011024268475b,1358,26,10,1384
26a713c84b96bb0d89b802bd2ab3cd1319da0e2c,115,4,0,119
e320873828284fb86fb4d6e52cee98a6bb87b4af,339,6,1,345
ecf34cae4157c28a5979120072cd3c1f6a213be7,121,3,1,124
02d0acd1d412914efdaf13c3ac0d798df74083b2,342,17,0,359
f9a4dd7f580abc3d66630531bb66c3bf4d75d1d8,11,3,1,14
edd1a95eedabbc65d6fd45a348c5ea7292a8578a,472,25,0,497
632a01abe99ab9de6324e7c004c97476352a20af,7,1,0,8
fcf02fef4daf124b1283f0d9c111d1c0bda6deec,443,15,0,458
5e877cc75d75c63240296e1e17ba517805a30827,149,5,2,154
7436a5129a67700f0dee7b2d07277d8732df24b8,83,4,1,87
dc6f27236f393d252541665d8e4579cf418c7a36,77,5,0,82
b1a512b590f8a6857b1f139ff8aa2c2781be367b,4,3,0,7
389ec79dff949fda2c7c16c84141b1b5f86793b5,290,7,0,297
c06fade997298d8d69c11da2112a923229440fc5,3,1,1,4
3e35b9a34abac727a683d4db0454ec438044956d,3,1,0,4
ae8bcf83b5e14efeb21dbd541ef56c629c8e214d,131,4,1,135
804e0d967bea588e884f5c7d4a5a3da60bca8d27,254,7,3,261
fa07e18f7583a5c4f306056dcba5dfd4fe60ac5d,6,2,0,8
c4d81fec5546a748b2a67f6ddeffac2fc8b52d3a,2,1,0,3
9d4d01c31dbc90f453406ba41ae9b375e014193d,48,2,2,50
736791283c0333316fed5957f6cc64d1645e480e,83,4,0,87
3cc3fbe3168acaf49e691ffe74d780239968b311,535,6,0,541
0a4b12670e6f38229690288eaadde776d380c600,22,1,0,23
7ec8df69b8fa385e765dbaf3df481a5fb7a72a97,77,3,0,80
ce20aec3c8046bb3635893ec181ba027691db638,147,10,8,157
c35537de58a90d99ae3b90e3b9905bb54e798e66,7,1,1,8
bc2269d2284e90c8097195233e0340c264204b71,46,4,4,50
2c21999460ea485d79cfe8f2ea3f60fdf7a48c71,21,2,2,23
b20bd02c5bf1f7a665ac992be5d008ea8b93e33a,2,1,1,3
7862514eb28f686b37a6c205ecf9af476c77b9b5,6199,123,0,6322
a0ef2ce582682e9aa4a7042b7e03dad4e2ac80a9,1035,37,0,1072
cff73bfa9e08ab8e9f6c70c335bd4c86750e92f4,268,4,0,272
6da491f4c80c36fe280327a57760c2da69c227d8,66,31,0,97
c60ed9b160adc5824dd72839fea24e523a71d512,288,4,0,292
4b4158f752ee1565539ca4977464f8d7ee6de40b,535,6,0,541
3e18e6b0bef740cc80f40177b123e90c565caf5c,2,1,0,3
9856334d106c9481ff53c90ab096b74b5ccfb81d,33,1,1,34
10c73632a510d35ee0a8247618ed9ef67b8a2750,10,2,0,12
9acbbcaaa73c239710bb5ac750f584cccc105c27,1301,35,0,1336
520cd035c16bd09ed67b940cc1f28ac331b94a97,29,2,1,31
2c28381ea9156f04e916e3fc616a928ef9686882,18,1,0,19
d4bcd19b6b68355e37fa446319030112b0e52d65,68,1,0,69
1e3238c76a3f32de31d8297082bd3eb9c7b4c332,106,3,2,109
68811e7f91649b6aa652340ee19b0cafda64dd07,829,10,0,839
ae4c4fc0b6a8c1a53cc97c45a298a073ff3251ba,290,4,0,294
942d71207043ba63fc1cc84b1e2e69f4a306a2dd,653,4,2,657
d2993169836454c6a1cefd5b3d99e7a77239b5cc,1337,54,0,1391
12761e44013e51cf2fb787ec0d7edf6cd6cc1fd8,12,3,0,15
f811f51680928a5e55998ac70f179580b6a5103a,113,6,2,119
325185b69a686e86191911fe20591da8d5e3b3cd,8,2,1,10
f8186e8e35d5c2cd06aafcc9245b9839e2e5e384,292,7,0,299
883ad9ca4702d8a9fd4ae4bcc942465acb8ba9e1,64,32,0,96
7e64372353b3aaf324c6e3e7ec1f616a4e6cdf25,64,32,0,96
f879a3dbb29d16aed5fbb22d4087d17fac085c14,2,1,0,3
3100dcc49c5a981661c6191cd004b3cebd0d3217,64,32,0,96
29bffe61a20fa6bac4c05d26bff35f6ac05f3e75,2,1,0,3
4a23c2c830b5dd5276e5b70a08b170a62060637b,215,2,0,217
0bc36a975299dcdf56444590c8f4f106baf78bec,352,35,0,387
51ae1a36674d6ea00de401c04cfef607c77f00cc,2,1,0,3
d12dd41736ead57d0f68aa211edde0b4922733fc,686,20,1,706
51d32fc3c99b2e582feb8ab774aeafef8a345b7f,4,1,0,5
c5571722b597ae93b61c009e847de2c309f43a72,1492,69,0,1561
3112c1df04d6024bb0cf0c8ab8f15bcb42be4968,8,2,1,10
6adbe76ddd9e18e1951675315b0824ea324bd092,2,1,0,3
d7349c34d803eaf31afb88b2cc13102d1c68fbed,73,2,2,75
4929c7ddb7407228c0f63ebdacfcc6f6227e67bc,2,1,0,3
1d413965d06cd8188df39115701a69761f7ea998,1588,24,1,1612
db0179d3585d55d0af107096833bfa1e97fc91b0,642,39,0,681
f3c68557526ad50b8e56e1761feadc55788daa22,0,0,0,0
dd847bd6ae23122fb9e182f8aff7d63de625e034,354,36,0,390
80ebfe0b0387ace6438bce6704df2cfded89292c,354,36,0,390
b37d00465f1a162436082660ec69a1f765492373,347,12,2,359
4a55d29fb278a93d4fef1cfe600607b11bda2d0f,44,1,0,45
f903ff3cbf837e5c5e1c86d114bea250419bdbfe,86,4,1,90
e0542b56e4529a7f3cd81394c145c40cfe4e533f,2,1,1,3
60c388f7aa732cd44969815497bf461309989f86,2,1,1,3
1c8d7c91ce08640a018efb396e0a0f5a329f02ec,356,38,0,394
6aa16b850f6f2a6179a264c0931df84c895f12dc,10,1,0,11
d3cb5c4e42632c6d9b92d9a84749f2732d00f6e5,16,1,0,17
cceb3035005293099e5167c219d33e228dff6e3d,658,43,0,701
e47f85acae51f609e0bd1a1465c38d4a1bc96576,238,7,0,245
7ab0304c85589ca195c294e985e23d4560cbd7dd,16,1,0,17
02f3a12dbbe48f70df922f580dfa75b68add6912,89,1,0,90
be24c395e67254a828c86e2701fb787dd5843ed7,3,1,0,4
f0b6b6e3d36b117e94e8e901bf77d350551cfe57,4,1,0,5
5da1bd7f0df240656039465a02d94b7c05c34dee,105,2,0,107
bac78c952ca4b96a5568cb4e43757722ec010444,105,2,0,107
0acdc3de22932f0bf1e12764812fd5fcad603f23,65,1,0,66
b375aaa90f31dd3ef140e10f30343a5d8f8eed57,2,1,1,3
f1d4986f61d18fa6ebb6ecc8287174fc5f3fe377,4,1,0,5
c2734e4135c5bda3126c0ad865eb0c8e886c16ad,10,1,0,11
a25353377ef44de8a31d0c88ed0e8aee0d949167,209,3,0,212
609361932fa02880a4555788c4820ca19d742a8a,182,5,0,187
fae83153e354d477e56eec7265992f859de24137,22,2,0,24
b1953276f49d85ba44c25eeec64263333bd73e7e,4,2,0,6
c9819825c0ef4bc66915a464fd6d79543b39a773,22,1,0,23
f2e0fc2252d604e0d8ebff14272554dd5e8188fb,2,1,0,3
0163cecebdf310b2c7bd7c2cea4780facdb16d0c,601,18,4,619
b29449ea9e5c288864a2556f6f7a7286896fe2ab,141,5,0,146
6ba171f2d60cf878bede42e27a4b0a0ee58948cd,56,2,0,58
0ae75d8ca5c728c69e236d45952fa9398436961b,40,2,1,42
de60f7f9e343ba523c317363ed3d0c50e519bbd2,94,17,0,111
050f4292f3526d2306336383c6e9e5b0d6df638e,20,2,1,22
9e10c037e7afbc987d6599b8fb5bc5939de6f562,467,11,0,478
b5b452354198cad9e188d80887127df15e5b95c6,451,10,0,461
990bf9e38b405e97d0be1891be7680423208b279,429,18,8,447
7439b5b7ddb5f6f771c927a2a6f5bdb8b3405392,363,10,1,373
7583bbc58ed144ffcd675e33e1003fce66ac36d2,21,4,0,25
7ec45f9b32b80ee5ff7bd00b8ae463caaac6e897,11,3,1,14
8fbb590f2e659c785c6d89ea49e1e4bb3fdc666f,206,12,0,218
6a73b5ade2ef006a44c1f7c936fc3e13776d69f3,26,1,0,27
de9c141478ac2b3b8b0bac3517e3c0dd68ac9930,20,4,0,24
97533b331948cfe9c3be040d720e8ab646ba8bc5,41,1,1,42
4b790a8fdd109daf67b38fcd5b032951b2b785e6,2,1,1,3
9480e8deccfd80d7518f633efdb825d72b47227c,3,1,1,4
a12aadfbd7af84104e45ff77492317420d8e11d5,20668,281,0,20949
20ec22b85cddf8dfb5c453758aa83dcb49fbbd32,168,6,0,174
ada1b2a7c4d82722cc5721bad50042af7216bfdc,927,13,3,940
ff17cafa834bc2c8cf26618d716a53ec4fb3a352,332,17,0,349
9f88b05cc8be60e69d746330b0d6617ff5f424bd,395,1,1,396
e6cc139efa4bb33a334521b6ad0e463ff5b390e8,395,1,1,396
8977537d648403526be46bd892ccc581a9833769,2,1,0,3
a154d2c9582c378b04121f535c3fa59b0499dbaa,44,1,0,45
f0b980cb500a77617cfe42fe166ada086d7464af,53,7,2,60
e4e54bad1481a64e6b270231158d2d299441eb9d,323,6,1,329
d411238ea00b406256e7314c336f2879be31a896,44,1,0,45
5cb0e6643ba82ec021e0bd8f1aaf0a65d28b8391,81,1,0,82
75fa5555e67414b488035c18e403f32123698e23,64,32,0,96
00eadd62ea451922e9fe3396085f5f003f36c32e,127,2,1,129
0d883a9ae833d7662e186c784f8c25712249398b,362,9,0,371
87fa310667805db68e568548ee50933132a81a58,17,3,0,20
97e6bd341796a60a047571d3e3741219ccad67bd,34,7,6,41
acbcd44771c29b435ef9678c69032f56215cccd6,11,1,0,12
515d54caf0ccdc6397255729cb58ddb005aea82d,172,2,0,174
edf6ffc4f2b2a0bf4999d423a03a060de66fc56b,87,5,0,92
3251815f3394878ba675bf203ac759f2f325362a,852,36,0,888
8980b615587b6837f6bd3baab2ac13c07f3f09e0,87,6,2,93
4b482187871184e4e8d8086aae870ff47c057275,1130,10,0,1140
8aad0997b229364a8a3d9d757653e1af43502964,62,5,0,67
913b0efabb7922b74adb42b32d3c8674bec7faeb,62,2,1,64
3dd778209c9341a2ffabcced703e31b9a1ae8705,109,1,0,110
b746fd25c6590e27080d3ba4bc62c3148ed8f364,94,2,0,96
d2af9e255922077ab5881579c27d363575a6c5df,32,2,0,34
76a0d0aeb676366a2733b25d8162bdfeb039354d,230,9,0,239
092e8c7d3fe6ce22b6a758a7db86224ddd0d22aa,6,1,0,7
c462a0f8d09e292e60c342139bf34513a7a1db40,2,1,0,3
a837fe1e358191fee15dc193090634b2e9a11b6a,190,4,1,194
2b679829e59571f16b3eaffa1c6de1f67c4f0396,647,23,0,670
f4cc4b6cecf0b521edcd8f07a10de8202832932d,520,14,4,534
f8f21816752ffe39a85ae756b8bf6cdaeec4bd4c,24455,347,0,24802
c8086c9b1341bbd898c892873c4b916b7a8e9a03,24263,345,0,24608
f39a3a9076581485bd7335d0f350302944e7984c,2,1,0,3
d827cbbc4b29ade1ce1556c501c78f5d21ff4486,272,6,0,278
daac03eedbd47f615af06285e8ad6934a5586729,19,1,0,20
5e3bcb2e423df46a325834de236b3a8a91ff5659,68,2,1,70
f27edb38f81d3f49a65571462f61893ea4d86617,272,6,0,278
639ee0249426dbecab433b54281e1fc693ccc3f0,25,6,1,31
d70dbd4ccee8e886a76f5643106927f29dd1bce0,152,12,0,164
12aa8ab7fb107f5fa8067eb36cfc1aee930dbae9,2,1,1,3
d59a712ad75c306ac43f37a9a77401f80821d3a5,11,1,0,12
6432ec0e9560101679b0d1b78e1966fd9faa72d2,37,6,1,43
e575164bbfb8f4f5b7c56c3470b234fff52cf8a3,147,3,1,150
2e52adf6a59923695ae444e917cb3283a200a641,15,3,0,18
2ca18baa6144353f2b0991b1809e6cb634a5de97,2,1,1,3
639c912870dccde404d99407c445dfe723b2bdba,842,13,1,855
29710de2bb1d09357b502f2dda16387c89c1bacc,123,2,0,125
e5849fe6e08b1292f3055fb2827983e7542bebae,327,3,0,330
f43cbbbb915da375fa89edf3120a0c8d52c26bfe,181,2,0,183
484a0fe0dc083745c2a0fc0c1a6bbbea601cc376,36,1,0,37
c75caba1c38f73818ca48df497c03a15c7f675a7,219,15,0,234
ebde2802e3af1e9c281cb586ad205f7cfe42a9c2,186,12,0,198
32cb360f736cdc84af8d461ad4c49cc2806cf996,435,3,1,438
9347e679867b68bb33c24aabd64939abfbd75f2d,173,8,0,181
2f169f5799fe9fca46b022f9c7f55dc37b816a74,262,3,0,265
357b4c06a9ff7e3557eb765b5266b46fd9742bba,217,4,0,221
c32b8cac7413487b813f080fc053347b521a86e0,1740,67,0,1807
26b1d0d346bf42abf82ecb48c8c11ebdbe61f659,9,1,0,10
381c169a067a0bb2c02c305f77847916257eda1e,520,14,0,534
982235b75f980eff4c20f5fc7560db55af32bd7d,10,1,0,11
b58bb122da1d4c196b8125a28a4c1df33a9fc82f,935,16,6,951
802f4cee727ed99b860e99c98573473763232646,4,1,0,5
d72b040ccc4718852747d42152a448b9653f2c3f,64,5,1,69
9bb71bafe9de67bed80de372756b832696d5f0f8,370,9,1,379
036d68d5f5bbbf9c557c87b21bda03e247754bba,2,1,0,3
9f91e4dda0681aa0b7a9a47171a1836395ced969,4,1,0,5
b7ef1a83d9bf6cec33d2c8a36ba163f281a55a41,50,4,0,54
3a84c4b0d7b89505ada2f7cf01dc115a28221fa9,76,32,0,108
ce814ac41e11758b27bb5ceb32b47f8b8ea2113a,76,32,0,108
e35e4ae97210891311a43c3b6640da537ba1fb2d,54,2,0,56
3f012b77699405c06e5014ffe5ba4a7d4e7ab5f3,1757,13,3,1770
4be517c868e6798876a6eb44fcbc307ba4451603,36,1,0,37
9bed1ffef6cdb4b69550e443637c61523733b0f5,60,2,0,62
cf6c420ec30eb08cae9568e06b999ad8356f58b5,131,4,2,135
9a951e0ccdd63295632babc48519bc672c0ad0e2,103,3,1,106
838c0fd83b67b5e906144777d7340d5e61bdfa8a,12743,32,18,12775
8deb57728022d79239602070bdd90857606d0942,2,1,0,3
bf0e15750d30a05a4371b86ad2135a9b5fd233cb,16,3,1,19
9188f4ed312d4a0289a3c2b63ebe478341be6424,31,2,2,33
4117f686300ca138fcda4a5adbe6ee0c2fc48ff4,3,1,0,4
9d3ab162f3a691fdb9e758a60dbd04dafe06b6d0,573,49,0,622
bb35c8814e092b420157a0119dd31104df6093db,2,1,0,3
e66578ea8fdc14ce25dace68600c2e5317818bad,11,2,0,13
982cb0ca1acd1e34f79a387f41d4b25e34e4faab,13,3,0,16
5ecc08ef15a170593f755c2e2bdd18045c71a7aa,5965,119,0,6084
92b2a57b040d49536be03e36d0fa69edc9e32771,5,3,0,8
8574a19bc010e73cccecfa1cd648709dc55b47aa,2560,18,0,2578
b7f554a65270c6eacb6dc7ff1c28866abdfd0a15,2260,94,0,2354
5ec240720429034ed388e2f916b71e04f7437041,28,1,0,29
5a7dd02f540c98312bc120c2566ba0db94f7a570,434,5,0,439
80f4ac2a3e31c681732cb144e14a614f6b8cb963,75,2,0,77
afe841c6adcd85edcb0964158dcec914384ea7d7,28,1,0,29
e16cb03658bc5ca7c97ac3f45b17bdca3cfae758,181,3,0,184
d151244ee95ad2bba986136561e2326a434c3b5b,134,2,1,136
084b6893c24667febb86defe9a3e8362a1f46b1e,827,53,0,880
0d9f1a7c053fa00e39f231a83e5972643698dbdd,26,2,0,28
c3bf803132c9d048f9f5236339eb71ed24d28625,20,1,1,21
f00a9e9980aefeba2d80969730552e5c5651f1c6,56,3,1,59
a346a3c20f6b15bcff140e6a1ff50ad178275eef,4,1,0,5
07a10952093f8f4c7ce432413bb582c6ab96dc26,108,3,1,111
488499523e38de41bddba825db1165dfbd93db25,22064,297,0,22361
70429eb7b48c10c096ebf52ea80ae00241b8a196,64,32,0,96
c7838866b3cf678e8d7dce826f3dec831ced7802,20,2,1,22
b6fc8a9a02ddf115dce7f5c1ec43ad140acaf337,269,6,2,275
0e192ef84def1cdfe121e1e132c0b9740341fb9c,500,3,0,503
966276e11b593f09d8f211aa1d2e6e51671d6bf7,18,4,2,22
b0d9ef8ab3f7880c04b0dd8e301e808a66e3d800,9,2,0,11
b3ac88f8f6613c1cef89657cd2118134f4ad4a06,24,1,1,25
77d1dcbdf014b65898b358f18e56ce6ec4e1b27a,15,1,0,16
e2e90c4bd57ec74c6816f1c595ff8ff867b5a757,196,18,13,214
581f4d99fc1dd31ca83631f2ceabd7187f1572fe,123,12,0,135
5cec2ba61b98cabd421aeb0091c5531b246f54e3,20,2,1,22
a43522baa9eb93c500c65f92c047850e8a6cd37d,1,1,1,2
cc1612dda53cb566ba251a6d241914b4d22079ce,7,4,4,11
154bd9e318b1ed68c7894169800695df47649d75,7,3,3,10
6adc9743d4912ad59a50832f4869e8e41f5f9a04,165,2,0,167
9759b19ce5db74533e171a9eb3ba0bd2eee449b7,2,1,1,3
789106b634b339630da31da74b56f72ac3ac14fc,657,47,0,704
a02cb41ef75945f1f57cf960494705bde5439dc9,10,3,3,13
0e7fc0a2a1b5f81a4fdc7012d9ee47cdd1c2c912,9,2,2,11
7f98e291fe4b55957d7d26fe6e778dad23f5510d,1,1,1,2
110573bcbd6e4bee94c35cc912685e9225b602d4,2,1,1,3
3dea5f148e3fc017bf9643e69f2661a132cfc96c,123,12,0,135
a36214c77564372916cb345b1a08f8e095276832,20,2,1,22
1c04c8b454c5906bec83c0096e5157dec5ab4f85,91,4,0,95
62d15409cbe2af2f91092c9bd248cb1109218812,675,49,0,724
9cddb6fe669ef9f4ac6792a306a665fa2037f773,29,5,1,34
3a0b5daf0e23b456f68a15b2faa7080af671fca2,49,4,0,53
cfe56213e1dfc011de47e0425627b3ff73a57763,657,47,0,704
73c519e4fae403c4592cfdf75158ad1df5cdf8c0,4,1,0,5
5d6bb532c7de35cfea7674b5fc1446e72a5fa985,143,3,0,146
98e392cd79183945c26e9c220787cdbd4f686c26,2,1,0,3
bac7f79af721874e8d36a01471e0b0362c54e442,140,5,0,145
3d77af8cb13552dfb8a183029959bb7b148a4018,5,2,0,7
43f7aafc0cf7b8db7510e6e3966a713c79d3461d,375,42,0,417
56bda960f47fc0b929c8cd5b2bfcb5a114140408,7,3,0,10
2799c3a69c2ddfb0b7c5f8f1c88808948fa40664,3,1,1,4
2bc07956a828ac836641f4fbe6ae0db7b3cc1793,120,2,1,122
6b1265c2b103b4131b3ffc6deecd55d440fbe9b0,35,4,0,39
2859671f1ff9866b9fab4de7695fbea86f458f32,4,1,0,5
2c3ce158de266dfd02c91e3e6e377ce667fd598f,114,4,2,118
c2326312dd682af289976a958017719d05566fc8,3451,48,0,3499
07b6cb598ddb8f6c8ca76245ffbe6c434e08f870,69,3,2,72
1b0a051d4f91adc827e84ac816e3082ada6081ef,57,7,7,64
7ec4c823785fc5a614eacc96ddd02d23ad8665ce,8,1,0,9
2477c0ebd2e8003b58e3a83b4389d1118b30b5fc,4,1,1,5
ac258a5e06d3c8c9cca82b6883fc3af505a5e5dd,8,2,2,10
eb81019604bedd80bf8101f2d65e278b0de88cc0,2635,22,0,2657
353881951fcdcc16c3dc31d808d3af6c263f74ce,1158,30,7,1188
8455c7a6ed6f7449c7ad31b1ef7b129705262e1b,323,2,0,325
477a2150ddc597b79846f862759dd6aed2cf4294,183,7,0,190
29dc7221c12db1e39a17de4471a8c5ebed4b8709,335,1,1,336
99234d0ac5fd2e1d1033b1930cb4d7d6d49e0f28,114,2,1,116
ccc0d4038a5d41a8d83e99508279dd17d90d06df,7,1,0,8
2d9a938a281887fdae804ac68a89e93e5ad1b02b,74,2,0,76
5df06682c517731b3811ca4d0daabaa504b732f3,30,1,0,31
6cd1a6e55880571e09785afc824e258070242284,30,1,0,31
b3d8e1e13bfc0049de5832ca1291ed5511e3f191,2,1,1,3
d10fe3e9013bc9ecd27823ff00443983b7c066c2,36,2,0,38
5c30f9cf5c490b0d6c065e89557a8b8f3040eda5,1757,13,0,1770
37a7679df3fd05473840482d0e5c2c9483d02b2a,45,2,0,47
41afb3727844e1ccd3f5a2fd16ac33f9c884a0b9,335,1,0,336
d10120d67d3d6e20b25e494b03b829b20f263b5b,3342,47,0,3389
f499cfeaf140cf50355be775a79c186102833dfa,20,2,0,22
8503dec1135755d4068f7538a044df7edbacdacc,3,1,0,4
e5d5d08d91fc0564b655c6e45afe0760957bff0c,5358,51,38,5409
6c837c0783f04874157ac414f7161273c8c4d9f8,11,1,0,12
c527a04471bd4d263a346ee27a5dbef6c98a5894,40,7,1,47
31fcc3e8b760c2773e475770d819d433e8d19f4a,32,2,0,34
9f9a6315524f7500476704ec0321a58f43428fd0,32,7,2,39
52d64bb3bf13b531458889d4ea5d8650ca1789b7,14,1,0,15
00848ccedd6ad1490461069d5039cf7306626377,3382,50,0,3432
9a16d1906b74e918a377cd9d5da6d96c8aeeaaad,32,7,0,39
4c1733dc84af7b4d08e1cfd89b68e2f17bdc3ac6,2,1,0,3
ab4c18caca9f3bd5dbc3174eb49ed79c1744a79d,22,1,0,23
3c0046e8e040ab53a5f39819b1c86487f645d25f,26185,209,0,26394
97d0b04e268985bd5afc32a35cd432b04e5d30a8,6,2,0,8
faf2bd076828a83521866f260858504c1afdca5c,2,1,1,3
2b8163ba1cd2120959147b5beab9d0136c219d27,26185,209,0,26394
68d5bd8a6ae31af1870b2e8d83eb070e8774e8e3,353,8,6,361
7f7e9613daada938046e0c63cdb382075472486b,26263,218,0,26481
50cfa27c273e3f82687c54738b52fc23a5e7bb33,1200,11,2,1211
83f772309122f31a0d17bb14ec4c7cb199f012cb,2,1,0,3
f4a122cd420b474350c784e726282c4ffe6cc276,321,3,1,324
1dc248d8d91ce855e9fd756fb221a082a6b347a6,2,1,0,3
dce67896a81c6a2148e53284aef49e5c1aa4d3b7,4,1,0,5
bfae889766d92a126a5fc2938b196f83249cc097,36,1,0,37
997d65e2aeb5d1c7a62a95120876238b0de6d3d4,163,3,0,166
cbbd897784d49539cb2b99fd59e773954f20bded,32603,322,0,32925
541b1e0f67089c3e6038ef787fd145977c84084b,2,1,0,3
21b6a033e0f3dce5f9ea9949142eaee7d264edb4,16,1,0,17
f8910f6bcfe415b33558055a63445e20cacf7981,32920,327,0,33247
d0157d4ef6091105245aee8d2e6698028ce3b95f,2,1,0,3
58918a8a9375a1bf0dc4c66e11ae02a0ec8fda2f,5,2,0,7
0527d6d1560ce1982ae0be33f05c7db7899097b5,33368,342,0,33710
2f615220d132f6ebe48472b61bbc15e851681d59,3530,37,0,3567
4e563ed8985a52722de0b263eb486cd7d945053f,46,1,0,47
3c1f0caae8266cf65079f345f95063bea5d5e2a8,8,2,0,10
c1f0ce2df5087051b07ce1552b8a2a85097f0fa5,6,2,2,8
6affd3fe32dce9b055a94a2174a497746427b120,8,2,0,10
6ed4ecaa459492e3caa983b9d3889bef8855e516,2,1,1,3
90f42a4b78c5b0aba8dcc5ff9985470077dc66e0,6,2,0,8
4f3788d58157f97c097bbdbf517fadf142a31662,12,1,0,13
4d5f603ff69f33f84fa1f2f07d888b4fc4d4dde2,10,2,1,12
c74ddc421efafddae3eced31183f989b3803cc49,3549,40,0,3589
7a2e898dd22fd70396d7e7d19b301c0632281347,3549,40,0,3589
50d14032c3b43433aa39a59ff7170ac547058a37,23,4,1,27
8a9cd822631ebf7be676b6fc076a4c1ed3874690,4,1,0,5
c9dd89146c2281fdb944f509874cd3faec9c6cb6,4,1,0,5
3ebb1c03ad8b13714f85d7a464a126f4ca931347,13,1,0,14
fef12fc23a45d1bc4cade87460a76315c7dee6f0,165,5,1,170
c6b5817a955202b0bfd308066dcccbd199fead13,2,1,0,3
1dbdd4252e42b040fa711db673ab98660894c81a,2,1,0,3
5c4bb215b1713df40ac8ae28f97e7f0b3a1916fe,83,3,1,86
0f124048e77ddfeb1323b71c1a52251d4071d361,77,3,1,80
6a22fd27dc790e3157b57bb93648cba255c8d24d,29774,248,0,30022
45566fe9879f0055008b9c6bb40fd6d6926472cb,3,1,0,4
104a13fd2118804e42b5035df4340d7374c36e82,713,17,14,730
39ce1cbfe190a709c6a2711e42160727fb01ce02,15,3,2,18
d6f9b647ab92d822aebbef06315ccb0af41f8238,3,2,1,5
7158fb6a4ff7b9db3afda73f75376ad3285c556c,12,1,1,13
b32b5e375f4213f05731ba5dabeff110b35e4ef3,37399,383,0,37782
82cfb47cd652895d517dae50d670f13f7fcb9065,9,1,0,10
f8169a95fefac6187087c0b2137e234aceeae540,209,2,0,211
859f1829c60d7f148090c79112968b5ea3ac5809,29822,250,0,30072
adc7b234708cb53a026fcf488fa2aaa03bac02fc,7,1,0,8
4f7f58ef755da6bf2e26e60ab9d015644350abff,9,2,1,11
51ef9a9bdb13d6c20f0ef1a5a3a160abf4cea103,6,1,0,7
8719b735123b62e40acedecdce63b361a9f99e6b,18,3,0,21
fbb5763a6d548d348a0617f0d770a34534b675fb,60,12,6,72
f7117733048304b02f9565fcf4aeb1fd7614b9c1,37,7,0,44
4701d6d2265ec3c36de76b8f3026be8e6c24932a,50,3,0,53
2b052c29c2bef2a04b01253cbcb9d35f7e2b6d6d,67,4,0,71
1bd6da1a1a9e2b2e5408f9ff24ca1e1a280a91ca,361,10,0,371
b5691911dc545db3264afcf23153e2f9ec914724,238,3,1,241
ba6d055640917ba904277b872196fe269fdd74c8,5343,49,0,5392
71efd274bf97648247a64031a7f2002c9daf8be6,407,4,0,411
97d0bc18401fbb9ede57010acbc6b58ff3f108ca,73,2,1,75
2aa1ace0cdbf0fbbbcd5893958bddb7869742ce0,377,15,3,392
11c0b904a934c31ac936a8793cd11bf34af7634b,9,1,0,10
bafad99677ff63431adfc9ca9c3e3a3897447c25,106,2,2,108
ccd682536ce6cde4a7e947a1ffc000b50a2c2f63,525,10,0,535
9ad3617d39f02eb98ef01f332e2aac20f97870c2,320,8,2,328
bae1804ece3eb677c7f3e2c01c8566486af83c7d,316,3,0,319
1603fe502b03d5f3e57e7837e14f0d33af002236,80,3,1,83
aa3bb6361663ef4397b79321046c37f310376f5f,661,7,0,668
2eeb3263878185c1b229c80b1403b4e3f9b6bef0,9873,115,0,9988
873e01bbb61ed5782635fa81e1c9834f261f50fe,1152,22,4,1174
ac9dd30f640ccb1ca4708578437f090a41546cd7,11,2,0,13
4184f363c340b35008aff553f426d872797d7ee9,6324,76,0,6400
81cde9b71b3ab88023f68fa6f3bee86f20442412,66,2,0,68
51d4737ab70a2962ec8ef3f300317e1223d52ab3,14,1,0,15
d389ada8b9546994d3dec5da00349f831f81fcb0,301,6,1,307
7ee51ba05dc65148835e1491b91a23695c940d12,9877,114,0,9991
a329e901d47419d5ab5e1db55dee6d2001f9d66e,739,21,0,760
1de11fff3cea7883a2f28a35107d7c9dfc75d5e0,125,5,2,130
bd3abbc277d1dcfea7bad21ec1748ed5672ef22e,3,1,0,4
46eab5b67f1f10260b27a1eb0474904982aa3725,4,2,0,6
54c72c3e7fb89a3f9e6457dd82aa83af1af4ba1c,373,8,3,381
e9cea3a311cd1ad9728a0ae14de9ba91f3859d1b,0,0,0,0
38c084a81850d26e336382822574004b79fce935,3,1,0,4
b5ee09f0db550dc6a29c03e07473465d4ac767ab,10,3,1,13
1b12bb4a80a04071c77d2603956505bd66fa19ea,320,8,0,328
ae5189ab9513120258add9769e8cfc88e1c6aad8,80,3,0,83
a3eb572ceeeb09f293f613ec6a572f8bc2a77ca0,403,12,0,415
6bfc78ea6a4559b4ee9059893e0a7f9d4195ad3c,54,2,0,56
7501025d815a61ef881d86fa326bc6e17064ec0e,3,1,0,4
e625709b2f74853ef883df6cafa46b8a2b0245f7,4,2,0,6
922c1c445b2519dbea1c7cb68145c05b2c063d41,3,1,0,4
46b244723a0c39c7bb5bb92157d71032d655923a,410,15,0,425
bf3203a42fbd92e5960c29f672351d20cd756897,14,1,1,15
ddcb2a3f6932fe8d3f86d3e1c16a3c4a4610959f,284,4,2,288
1f516a2531bec313bb6102f79d43d75e04c36a48,92425,992,0,93417
2b443d9096c4bc434bd99b2c675bbcbf7e65f236,2,1,0,3
ad2f4efce373b6fa08953ad030862175527cd009,94,3,0,97
a6ea325cf751cd9197eb80230cedc76a6a30daa4,9,1,1,10
a03d111f26fd16faf0629bc11fe2ef201dee92f3,127,5,0,132
20e567773b5b0674754a348b6d41d29370f3bd87,293,5,0,298
c9f72917843092d596044197cf7cb05c56a13fca,770,22,10,792
1d8643c0b93786f7eeff82bb56b64e6df53b3697,1657,48,0,1705
3417b3dc0904708dcbea6396f88737a2aa99fa79,1316,38,0,1354
4d36d12361b78aa79517addce2a33fd772a0201e,820,14,3,834
98176feadbe117eb248134f2cb6244d1b1ded63a,1719,48,0,1767
b58c892e149567b3ca8d6746cb87cc11a4808dec,1716,47,0,1763
b4d19159a76559152435946d1fff421679712599,115,6,1,121
6b51f99e72eb11af25403f8ec50087c03b1f1fb7,198,13,5,211
0c2d381c830443b169bb7a1e4745356eebf78ef8,2053,30,0,2083
5872b7f20064fb19d682ae2204ce83c4c9a58183,1657,48,0,1705
fa97def49403967db9ec8b6afdc3f18160b31ce3,937,33,0,970
ead66e7ed62f5134b98be984f098655ef4d04c68,1190,32,0,1222
a6761529504b9df26703558f9452d53eb9e6dd0f,1316,38,0,1354
db576526600b965d14fe271ac4624401a5b4c239,42,5,0,47
dc1d427fa2f5235a5779058a444e3845946a7e07,174,3,1,177
e87969c1023786e8b5fb7d19057bf715f4d3ecac,812,27,0,839
fb827a7784614343ae639ea8b856d2f9f88d46db,741,14,6,755
5f06f578e57001e964d823daebc3bc67b1a27675,2,1,1,3
e237b00d84039383723e00929b639fa62be03de7,45,3,1,48
75006b805a9997354ea9a1c645ad11ab8f9ba631,176,4,0,180
85f4a8915fec6e9332a492728c4a37e639916f3f,1024,7,0,1031
ab20fd9059c21c65f3b34da67d75fc94098850e3,405,13,7,418
12d9c02cf6443551cf903e6caac455201cfc0043,35,1,0,36
0fc2d7384966fc13b7ba6f3e6adfc91068c489c9,623,22,0,645
59db4a5e0f1dd83d56cb95f0a4184451f0a387fd,623,22,0,645
3da82e18322fc6f1d3cfb7946dd0e87893cd9b4d,233,3,1,236
50b0b49987a99fd10691346244f7c60b8d2b6ddd,6,1,0,7
0a4e7dd4c8321bb163cd8568494c97a1a4aef437,850,24,0,874
730ef104ad8938c88793c374abd2396cf8899f17,4,1,0,5
f4da46cd25b61b3d7b55b6fba3884c8fa05f5cb8,2,1,0,3
c7bc598a32c06cd1acc6f3e1b162d059d80a53f2,2,1,0,3
a5b5ec703dbcb593a945c8eb1d37e1261e55e834,7,1,0,8
8467a3c36414192268b8d852715fc501f53b4772,36,1,0,37
662f7337f7d03f94373f4ebd083d308823aff50c,135,7,0,142
ea21500336c6d0df5a563eb662367cce7aca0705,488,13,0,501
015afdbf1921e6ae5e8cd2f92efc8b4a695f05ca,2087,39,0,2126
837462f5dade1930a8faaffb466c7bf05f9e06f9,98,2,2,100
2a8e2abe4081334802f9950757b7d3776a3a6179,2123,40,0,2163
f1cfd2985803c8b05462737b847f956ea043341a,42,1,0,43
ff7827e479b1fbcb79d934d8f240ae0a2ff9fc3d,98,2,0,100
0fa2853e060fee7c9c8c8484be412e91d30c52da,40,1,0,41
57957d9094dbb9b08cc6ae1be074a275e8daffdb,7,1,0,8
858d2a3f757fea2b88ffcb907e0f221699e32420,396,8,0,404
02e8afa08521f053e785f8dfcd11e586542d04f7,138,5,0,143
d0e472987969cec87995dbb36887326b56bd7535,54,1,0,55
1552a4b2474bc92ed3aa654c2a477cf444d88e0a,3337,73,0,3410
3d1e5342f32f56d2479ec7971e8fe2f4adfbf468,533,11,2,544
ae3279a37011a72d16af76d5e8f78cec0671cd3c,110,4,0,114
2c3acf0e7747fee9bc565b74670e43d9858c5387,9,3,1,12
224cbcb1fbd283a3015b73fecfbf364cc2670ff1,7,3,0,10
7e8f6485a61c7dbdb6cc167cccc5777366f274e6,40,1,0,41
ea12580dabd60dc0c2b1a0e86d7112b409366ba7,14,4,0,18
0eee664c0e9a2a0376aa840a5aaf52d6f82a38be,26,1,0,27
e934bcad4235494986a0dd30352210255beb927e,2303,44,0,2347
8740b6e76107eeb2885e9454f670044edf11e619,36,3,0,39
14bb076c2ff6343c1681279d867c2a2bc56b4714,10,1,0,11
f8a877691181063199a5d476a036dfb428118ea5,28,2,1,30
e197640bbc9dcef4cf872552566fce6d6dbbd5f3,331,1,1,332
b410575bee6534ad69c0a8da6f878c3e3fcaf37f,47347,481,0,47828
06479998b15f83b1905265131e0427766ad48fb5,12,1,0,13
eb0e2db5718d36693952bad897fcd31bae74d37d,36,4,0,40
d48525c62d26c89ac11edcec5dd1b2659172b77a,2,1,0,3
80c6cf0b3d763e3fcfab37653de3f2c6dddf30e8,70,5,1,75
e7d8b5abf922a69edd7a4a17d15a6d4ded8075b8,2,1,0,3
410c1d7941fd0283bc6c419e3fc54bce89f59e3f,7,1,1,8
9bc3f79e930669172dd2d957653f8aaa136ccb3a,60,2,0,62
da27efda7f6a6b03dd2435aa41ba5e52925b256d,35,3,0,38
638dd313eded4946adcf3dc3d309db1c59ae8ce3,62,1,1,63
abeddc9c49d5e38d26e35dbf2e662bc7a11bfd0c,143,7,0,150
79ae3230cd36866452959a42ba1b9b60bd83a122,3,2,0,5
e3fe8ce581b20d3e378876e3c5b94ff6e22baff8,36,4,0,40
d4f7a9af7dc63263cfb0cda01ba2de7cb30065ef,2,1,1,3
9fca6b5005a6f5ddd16af936c6445748b398ed39,20,1,1,21
b812c0f165162a94f766bf8e4e12beb7e8170e5d,3,2,0,5
f129d08c6855ca6e720ebb3bb1ea76357f54aef6,4,1,0,5
079bcc681343899e6ee7b0848ed57614d610ef55,20,1,0,21
ea41b307722cd7794f64491937f648547d3aade1,2523,55,0,2578
2796bcc9c9abea0257c10cd1f90b48d46dcf9fc5,52,1,0,53
960e19dda15d58ddc403a8e6856d0eb19d7794c1,533,6,3,539
7e072dc44eacd4ad088901ea7888aa8ccaf7d44a,257,2,1,259
8a6a7cb6695093783346a3f88ff854cfff25a6db,73789,1136,0,74925
91104a29bc32b6d73e7bf4c70eafa9f777b62352,40,7,5,47
b38c2eba30324d15f49b2074880101cc9f079654,42,3,2,45
ef50a38b8627913c31950c0605cd962ea605ef1d,292,22,0,314
928be42cf309293a3cd9947b8614eb1bc045ddef,4,1,0,5
980bf759e96954577e7a0b8662d7e6a63b6a4d2f,304,23,0,327
ac908e9cdaccdcd55812360b3392eebb20bea62b,72,5,0,77
e0426f0f92d8700fee7db667c5fccf7db89d81ad,4,1,0,5
8018af48d7510fc39124208d152aa26d441f2708,44353,433,0,44786
eeae5b7c047da373f1f2b167b42e34418b450c2b,6,1,0,7
af120a7ac00e5dd3b591b21f17d2f38d6f93668d,18,2,0,20
2b056f0bfea7efced660ccb47e7dfd5968e137d8,32,1,0,33
eb415ba89513d50f6b690e79d3d99186c057f2e1,18,2,0,20
8f455a9ee27144adc2f3fe7cd8c5516d3da15fed,4,2,0,6
c47438e8d2ea734218bcd9c14945ce43456269ce,140,2,1,142
46e6c48ee59a3837c06564d2431caabc55cf9a63,12,1,1,13
593d8620e0482befceafcf9ce8014ed9adb09326,21,1,1,22
5db097342411abe6dbdd3d1f9c70029b3b497aff,15,1,0,16
6a1559623ed587bd793e922e762b5ec76af024ad,52,2,0,54
308b0c0c9cfff7f8615cbeedd2e0ccfa8288407b,2,1,0,3
8e26c48a5c838edbf3815c5585a69d03e5b4da9c,52,2,0,54
addc91b6518c4982d3410e3989b7d43c4db6e0c1,5,1,0,6
78ab7aa1a5f7255b43db129ae3f40093e076cc55,4,1,0,5
455b96fc1791c9ec48372890d782513c58c1acd6,6131,10,1,6141
9300ca616f8faed6b56287949d48a23e269c5b4c,119,10,0,129
8879c2a812eb05dd9500dc25be6a07bee2bfa983,6,2,0,8
a12302eedea75cba53883182f2dd4423c39c45e2,415,74,74,489
2454eb58ae60718f8fcf55eccb7a4fc7016e0bcf,181,5,2,186
8203caf7ac5f79e08b8f398e8608619c00256aac,5433,1,0,5434
8a1c85d6070ec19c90abb7e8ae8a6f04720c72b6,2,1,0,3
95b7147fe18ef75ac67741647c9f2ab61a59dcb3,534,84,0,618
341721582e8788b78c6f84947b38fd5fa380e1e8,370,19,0,389
71f29e98e2ea571e437206a3712b7261e086e1db,22,4,0,26
9926fb89001e9115c1ea5105c4733208d426b08d,6,1,0,7
f149c8205191a5437bf6532807c2a1b275b67b88,3,1,0,4
89a4f7c569e3f50d1623d461756e8a0bc2c1dd13,2,1,0,3
1efefbd9497fdf31c36ff27634a5e13d5c74ea9a,418,4,0,422
2bd332115930bc4e3f4879a6f2fd7dbf00607685,374,20,0,394
b5db5597c53261cc06470f44955eede0e6cde6d3,2,1,0,3
d4b973155892539593d69a10b2cbb6aa1931efb0,2,1,0,3
51bf4b1565a263a919635ab34f09f8673d8e42c9,4860,94,0,4954
d340fe72a99deab268dc019f6eaf474702f408b8,26,1,0,27
4ab301d2f0505ee3a67978392827dcccea60a58b,5119,105,0,5224
bc282e28f302d2a4f50d88995b82defc8a4035d0,27,1,0,28
a5d007e323af2d6619c11fb698992c8020d5eefa,5026,99,33,5125
8020594e64ec548c510ed5cab777501c2eae70e0,2,1,0,3
808089eb6f238a9ca6ab96b99d490ed1e62f0584,1,1,0,2
d36610f41d299a11986525e21c79c23355e426c3,147,1,0,148
4f500fdf65275ef066578578493212433075a201,5,1,0,6
b52e47ae53e905cb67bd3c644bb246e393349652,1,1,0,2
1bd7f05104346618492b4fadeb8767f078f1c598,2,1,0,3
4aee1e2e5fabc623f91a5a07378c936b33fa4b26,153,3,0,156
37c56f69749e994090e1df192b12617e795699f5,846,80,63,926
8a98daf789de0a7cfba229597edc09e3416ab4af,300,4,1,304
4375529fa929e650f7b68d750318d67a8609ee10,152,2,0,154
cfdce4f13eafab7736bdcccbb2eac29dc7734ac2,74,37,0,111
167f1afa273f3863b358c3fda6601eeefaed9183,3,1,0,4
7ac692a2fd9008a833610ff1c681388f4dac0a6f,2,1,0,3
420b6bd82501a3f47388865ecbdf53ce1162462c,74,37,0,111
b02b8dd8eaeff33f96cc3f55ac35460e75c38d58,2,1,0,3
de0d61f6a3467379c168a15bbd9c4580aeebb092,473,9,1,482
58fe3edfdb68fea7b045b3158dbfab9f9228cae7,305,5,0,310
cf323242680056dbec7b1742e90a67e8fbb03e00,2,1,0,3
b84e1027f97cccba245431ab13a1073e78975314,35,4,0,39
e188e185679fc7b0203ba88f9e3f5ede0998da38,2,1,0,3
2b63ff8cfac20da0c7ab2f2fe55c33019dd3e9c4,5,1,0,6
0be4becc99be9db8de840f0502703e278eb9f5b1,307,4,3,311
fb8b9963fbe25a36f860a31ec6a66bfecd035cbe,3,1,0,4
a7229dcba352f9b0c3ddb2432bb5beb7d9bfca50,152,2,0,154
5b4cb44b85b1cf3cd25bcf2c2ababa6a4f3314f4,4,1,0,5
f0e74c0a245928dee16eabe88a3bff0892e6c167,38,1,0,39
178c4f85dca8d050754994b8baaaa48f011e84bc,61,2,0,63
32697ab08071c708c9f8b4c1b70b2ee4ab62d858,54,3,0,57
16f3d32ea2059efedb5fc24bbb24fce80da6a346,46,2,1,48
904888b2b468637c76075523eee68506fef7c28e,306,4,0,310
b087aca99243abb8569eecd572ada1414bfd7ce0,15,1,0,16
67790714098c9c413a06b855c5b51e665a39e755,321,5,0,326
0a5e97c248b2c3aa401ce9062b9ebd9787a4db24,2586,212,0,2798
2b7dc3bbe0a65fcdf8e7e50da0e494b07e15ffc7,21,2,1,23
b12c803026da422244856e11d4720510df50ce91,2571,213,0,2784
a515ec91d23910b3a4d686f5d53f279cdb6e4cb0,89,8,2,97
fe1750d3f15ef283ecc76c0fcba0c8a59493691f,18,1,0,19
c62c410bcf1a1f353fa586e515f846746cb4a482,39,6,0,45
83a1986aec68712a8199b99bfa73babe8c26164a,785,23,0,808
c233aa260b35766495b23bc57c6ce55f0ddef3b3,5,2,2,7
7f97ec757c9948628678f311ece52978fd53eb5a,330,10,6,340
96d12d0ec2bcee65a4f4f76869b3eb1c259f316e,20,4,4,24
2b7a18d9a0bd1c98f9a780e0f8f29c34af95e5e3,790,25,0,815
e158c90fe58082e00d97f26c5bb3ae450906fc6a,14,1,1,15
e17a2be1b931ea6b4e56be653b73a7994fd59898,9,2,0,11
2b81104aaee4c39260dbd276405ef9f477c90f30,130,10,0,140
8870a177acaa16f6757615cab6017b21aa274c01,574,8,2,582
dd58664fc81462c81ac28e5bfefb4d07099ff1e8,10,1,0,11
4a534059e4bf46b061e1272d432fd00c6f87acb0,203,3,0,206
516008811d416b92011d3a70249a579cf41b1e93,130,10,0,140
d8825fd71e55f285e62bb958357c3a5581607a4d,950,40,0,990
65db72eb4a731e4b459ec0686f1741ef4ade13ab,1069,15,0,1084
f115c048083cd36edd31b589a9c3389322e0220e,26,4,1,30
2707194f50070622dd646c85ebbdb2671dfd6586,2,1,0,3
cd43ff7c4f9db4dc29572bd4dace4443b0373392,952,40,0,992
b06eb0e19b28fb660445585d4602a07389751476,4,2,0,6
811872ce692666fe8c77235f175b7ec15f717d30,67,1,0,68
2f7b253e3832951d9e373c6fb13549f5c7e45ebf,67,1,0,68
ca7032ea72410d14f6d376abca1a801495207b14,2,1,0,3
40f826bf9037e4341904e87b90f20e3eb0388f85,48,3,0,51
d7a18c4c63077a5195a3c20076fe8ec76e2566c1,117,5,0,122
7e3f924b2f6f2dcc0a942cdc569b7e27647de5cb,39,3,1,42
460521c353e7672c686e90df38d0356455e3c397,30,3,0,33
0907338684050e952b01df06fe927707e4a280a1,27,3,1,30
7c51a14166113e38a1d749fe0a2510c37dc86fe3,120,5,0,125
4a1349126eb3b7a78cb849f2e8d4b772ced43fe1,119,5,0,124
5d8a5e61945436e6bcda31d9fb12edda2feac2a0,4,1,1,5
d28fea0b9f30bf09c37b09218fa41fe819b85c13,326,8,0,334
f4b112347c37ed2cb899e00e6d76acbbc664e54a,4,1,1,5
55764e8205259dcf970e6850d763bd7c5b2523a1,21489,493,0,21982
b037baff59770d94a15d246b42fc0c881633db73,49,2,0,51
8e8433b6cc07afcdd88a0a570887fe0353e59ee7,79,5,1,84
1eb3bd24c50d9c6fdb6de3dedd0216bb6e5a81d8,185,6,5,191
8343058d5079344593af1dfdc04f004a9a02d843,1394,22,0,1416
54bfa36c7417109832effe9c59c0120d9249b1b9,153,2,1,155
3423ed363d4a8fa9539db2e3275cddf03b72812d,55,2,2,57
5b9013f60af4b86a8d4362890a54d6eaaa159441,40,4,4,44
a9228c07aa125613df45af226fe133b93c8c2783,9,1,1,10
22ec5cf2a50ac7719ddc25ed5feb7ca06c491931,14,1,0,15
f6b1b79fa3f354bde733d729c8c99016e09956f8,8,1,1,9
f2c4cc8017fd29adc398f3b98cde361a1156d6a6,167,3,0,170
e3750b78c9fa6b50bee2b35506c706ac4b79126e,65,3,3,68
ae188c708854d62fcd586994b83726e8d1db93b1,8,2,0,10
7fd14411c36b6de7b79841c9af81506780279a10,4,2,0,6
a7ca45bb5fb9afa782d2b2ec134cc6524c7c22f8,935,18,5,953
ca89d81c3e271ea2f905698540b67df8a2cab079,529,21,0,550
dd8048bd7c4c143395dbc0f18010d101698604cd,70,4,2,74
c909caee1e43610bcbf3e1350b78525a0e76ca48,70,4,0,74
4025ce3c6e36b95086e434e0eaba87069093bd7c,3,1,0,4
53f4cb75ad08a3dca595dacc30d0e1b256c4fbc8,2,1,0,3
d530c8c64477634576007ce6cacf21fc1113f93c,465,8,1,473
83abea4afd4fd5d66be111f5af8cf1a0d69a677e,532,22,0,554
ec0ee2e6df8e303eb77d8da2243042b5f0bd64f7,2,1,0,3
37d4710c1bbe19396ba6537d8ef41d4b095c2ae7,9,3,0,12
d1a21501bea846bd5778b72c30ec84ec83644844,2017,29,0,2046
77855440af71299a29aef0b36627044b705724b8,23,2,0,25
092bb91f1cf8b99b0f43903fd493d85cac89ee7e,24,2,0,26
9a0e659a847ab3ec7c03443e2ada28aac51a26ea,2027,32,0,2059
9142eb7ce1cb0f665c129580a3a611a6ad5dce1e,17,1,0,18
01eee2da37961d8f6c8ae477f4a6b3cb8a6a6372,68,4,0,72
dc05e88c8a0dd314ebfba6b5baf246e0d00be6a2,74,37,0,111
a75b868605f661a71ed96f17e9d36471ccbfcd13,776,9,8,785
e507f030998c98851f97affa14667b64ebdb236e,64,6,0,70
ca253a8a845129ece37fca3a12c384d8b9ef3e76,2622,86,0,2708
f173f9132eac1b7f8ac31bad795f0694be9a3c14,64,6,0,70
9c0b09c58965091e866d0ebdba8055d5471c6e9a,74,37,0,111
c1fc7b5d6d7deb895bdf13d3b7e199161d494277,36,3,1,39
5218210cf3400913ab2116684b23503efbbd32a3,4,1,0,5
0b8587ba81400a5227e8d3bb8be52f8c0d7d179f,62,6,0,68
642f1c7a2786fd95a43d97cc5b0d955ad890f0c4,46,4,2,50
68c35e734b3754460c4ad807e154ea94066600a0,19,1,0,20
674072a336a2aa276373a5f6820a9e66df88ede8,18,3,0,21
1fe215e2cc83954f25cc7c2f0974dcf312694eb8,22,1,0,23
8c2553eda7ea68498c1d0235060b20f31ef55c8a,103,2,2,105
489ab0f1a6b24460bf1896798780b2203a1f5d27,74,37,0,111
10febf28fdf3966ffcb369c5725792b604be6c18,382,2,2,384
af829d0ee0a646ac7ed96c65ddda7fc6f38212b0,798,14,0,812
42982382ee92bc12073beac34d72590bf905ed3e,3,1,0,4
94060c9ef41161c7262a28044ddb176f86814b01,162,3,1,165
efb4244779b94c9c9f35c63708e4a41da2430bce,801,15,0,816
e602ca01e48fd43f4cc33b729078c105d84601f6,35,2,0,37
ed43dfe1c7e9b7db3f6ef33a38dad9b28c41190c,2,1,1,3
eef2b372fe83f7626981f9ce1364d99da5d0c60a,71,1,0,72
fffc2ecc86628a9a25c6f855d89277d124711873,31,3,2,34
ce31bae57ed9f78d9ae5ce98f9261b26c9f89186,5179,152,0,5331
eebf9c1c7fa07b442e4a341ffa2b5ce2828032c4,31,3,0,34
fa6615a8665fb8296c63be3e719d6d186293ea0c,2,1,1,3
4cc376bedd63aee6cb5de434c435b3384431ed63,829,17,0,846
de53189605c859a6eb9aa09c8181d5720c5dc28b,2662,25,0,2687
cc20ef6adce9bdeea19d37f5817c0693e380cfa5,24,1,1,25
45939ace51cd081ac1c755ca0b6076a22f00cfb5,12,5,5,17
6c683c28f5bde0cf22ac7482bc381c861a2c6a62,12,5,0,17
d874b00dcb1687339adc34b6212e8cbc5b9ffe16,46,3,3,49
c6a0f24adf62c58eb0b739183bbd8d572827ad14,3579,53,0,3632
99b82841e31d48580f5320d8d46e905b284f27e9,196,3,1,199
e5fba8b3a04d982e9b4c1617be416a77880e78ef,2,1,1,3
c1eee18615be56c7bb60d34614451612710b6cef,12,2,0,14
08d134dd43f143ee8d01f6394de27426c64a96ea,9,1,0,10
b23ea747d9cf351f607d60f520781f5d46e98715,12,2,0,14
b23f9300794c7e84dfc83c1b8e49de673fa354e1,86,4,0,90
ca81476d1ab66773815c7e3f91d61ea5b0651bb9,3,1,1,4
0acdc2f9f56d1c1f104de82211b38e36388ddb43,149,3,2,152
5011c2b5e9671ced95e21f122c2e5ef9102c19fe,38,2,0,40
cb862b65ffc1e0ecfc9a93b6af10881586df1ede,3,1,0,4
31cf8027216afca3d02461caa4f4245bdd8d0e73,10,1,0,11
fc81bcfd0a4fd20e4322a060d7745754f14767e1,11,2,0,13
4d1fa7235c1381bacaaeaf458658675d2ba34923,86,4,0,90
4f3292d5d8b29c04fcc1bf1fa9b88e5f19ceddfe,20,1,1,21
8c404f78cc264ddf43c71904b9fbac40ce0ee418,156,8,0,164
044f17deae5a16c0d463633b75640d04a125f5d2,193,3,2,196
ad0a026f480ff67025b39737c2e068b20035feb6,106,5,0,111
edc9a1c4b13afb8ef36a961f4d5b252135b916b6,1,1,1,2
d6dd707ba0806d3a01dc7acc09d6948226c0177d,2958,46,0,3004
bb73b66c6d29de578da3aed2654c2a887c97337c,53,4,1,57
2f089f1bda24b0e54735e5f8dccfc372647e1c54,53,4,0,57
1419d39ba80da9f85b28c708589f74dcec6514d5,6,2,0,8
431a62e99d0e853d2e4cb412d6599cbfe3407fe1,120,2,1,122
44bbeceae657058eee322b13e339966c625802db,287,9,2,296
9458f12554579fd71a26f56d7bf191d0ec51173e,181,9,0,190
49dc4a50197b8a7203bfc0684d5f77f46bda0297,221,17,4,238
462495f2977668ae9353adecef554c4f15dd70f3,234,18,4,252
ef4abeba881f079cab08af9ade99fe52ecf5d26d,0,0,0,0
6974a8e3d356a1e1b777064ae79cb0f67a50a077,3,1,0,4
4d9868a0efd8a55cc7ec4abc9472053bf17c05be,74,37,0,111
27fbf022fce03b1577f1ea7afe2bd3ea8fa11c0f,20,6,6,26
188cd82327a41833c7884ef8b437652999a0e113,184,10,0,194
d0063897052b97398a93bd3ac32fd573d0d7f3d3,74,37,0,111
d699faa34d66b8e5f1487daf3386c4d677d8c1e5,44,1,1,45
895771a79d8acca3baf06c23bf3f82483ec62d6f,4,1,0,5
d34f3294fbe120c443448e4df201fc9337725706,5,1,0,6
23512df815c196f9a2292ad948b130380f123770,248,5,2,253
bcfbb9236e860115dfc70da9f717aaba7cb9544c,278,44,0,322
8fa9d3dd9214e85748a6b7b900fa2433079ce246,140,3,1,143
ec9cfcaf8b245be6fe4723b1e2d08526d3a6d4cb,44,1,0,45
7a8b572bf93b2d72aeb19cdad1f904fed49d5d17,474,18,0,492
987d91e2804cace7acb846a7d61b0f5bdc1c3442,10,1,0,11
e1b880030aae7ef9cfa6a812d17a97cf8055dfd5,7,1,0,8
20ac4b80ce90422268e90e9ef3cd9a84cbcfac2d,21,3,1,24
e0e1994dd51d81b0d7d47000db1678f0268c0bfd,521,19,0,540
03dc03d42eeabedbb82862461b523421e49744b9,4,1,0,5
415264e3e59d98e711fe37d7e4c12ef2416d9e7d,21,3,0,24
7cf9d76b8323162ecae69b26cc3d5fd12320b7a3,618,59,0,677
08ea4ccf251afc9d485c5409c4b43539d01c62fb,10,2,1,12
9adc180bcf1320bfb92d387e64c82a2f5b1029b6,3,1,0,4
3787a9d3353c0c146141a79e3e87e1bbc5128031,494,10,3,504
5505b4d3d50caf41246d1194c52298a6df47a239,170,8,3,178
c94c0c475b8d8ac5c31302235d0de36f791fc3a0,19,1,0,20
de27ff1b8788b622937b17bfeaf8941242914d1a,500,21,0,521
309eeb0127546c2775f8514e1759497fccf1c8b4,140,3,1,143
ced62b8708952abfabc4926cfbb28c424d1ce651,25,2,0,27
774bc94ff7491735cf966f6f7a9b2a1887071dcf,2,1,1,3
1cc00000a641f3d52964710377a8c29d9ff59947,273,7,0,280
6f5e676a2599a4e5441dc51f67763bdd10b2db24,45,1,0,46
a3d8e603a5c9a7fbf3f81a7dd2aded2a8139f578,23,1,0,24
7c70267d2b4b7fc3fb7a1efda1ee785cebebcc41,60,3,0,63
a4ce455bbff7dbbf1084a7e9cc60424b53396471,45,1,0,46
7c1ecc3dd2e240e48958c8fb1fd812a6df7e92b5,17,1,1,18
de0930d3b92141a360ea6a2cc346035158572dcf,40,2,0,42
16059962e303f7580c6524b1e0f93c2dcce9eaa4,132,3,2,135
cd06e1d317e3f828cb0f64ef2e2903be8d1fea8b,1024,32,0,1056
090629255360603de4b2b3828812913d16243686,1208,35,0,1243
5d8e404f8d871f96a11238d865c6a7c656080638,2,1,1,3
285d790ff0ce597fde65a778c381e59a4f1c89aa,62,3,1,65
76f53772fb5b99c5dd126814764ae468d3b31be0,2,1,0,3
5b306e1a035c94be6dcb357635d07ce7eaba84c0,2,1,0,3
a4e31be6a018f1711ec0cb385c6b88b35c9dffed,752,19,0,771
1c660781355f870271760dd6dc0392741fdb15f6,62,3,0,65
65964e26a7519e77f55a0320b37782f83bef229b,55,1,0,56
be881a367ef02a724c2b84aba8f72c6effadc2b2,12,2,0,14
74dc6d5a23c7a40841cbb41357e1e3bb2404a93c,76,3,2,79
627d0b5d43e78b58ac979a8cadb48ae00f7f0646,54,2,2,56
12821b79d2304f3e9a435e6323c57bc71f85bd2d,8,3,0,11
78a9e69c5779f687407faddf565fa5090d94fee9,112,2,2,114
c7ba1541959b78451e81fb701550894b09fe6eb9,5,1,1,6
a2d2c9b96e9bd86f2f711df5da835c95af57b612,5,1,0,6
36433bc3d96a67975ce99a0774e608ccf50c2a21,2,1,1,3
3b49184b48ca55d5cf4dcdd7485ab8aba1bb9cff,614,23,8,637
2bb6e0f887c99de70e479c48992f5a0a86cbf5ec,241,1,0,242
260dc2dd4978d0a57732b7edd0aa0b043d4eff4c,200,2,0,202
4b5e89fa8246c36322b6f66af10379f6941091c6,4,1,1,5
b7bb251493e314ab05227052eab7a1eda9402ee5,1254,74,0,1328
e0b573b1337b88691f2d69087ac64cad531c8b9e,5,1,1,6
dfe95bdfb98663134809ca456f63e100fb1e7c26,12,2,0,14
359b43144046bc683f9e28794eb7e7bc9c63ebc1,81,1,0,82
a6cda33a8b76925d09c21262e88467421025fa77,741,6,5,747
a2141c6a7012f10e8f8003160752047046ffdf0d,950,28,0,978
e1243b40537ac883271eb7cab492e8ef86f7b330,105,4,2,109
108788b979306fe3398996eb60057a4c3c5afc39,93,3,0,96
60c4d651fb02b24d8f18b9ee85cae3735501bbb2,955,29,0,984
38f5e415362e8b7bbd520bdf6a19aebf3da61e75,7,1,0,8
de7dcfe4e4a10e5b557bf7f6c1776026ed6a845e,15,2,2,17
b3e2bd488e183adf0146f170df94eb762c3056da,257,8,0,265
bf1ea21b2f2ff6964b8e13e821b5194243855ff4,310,11,9,321
c270bd812df9cdf43d55ce0f546657e2f0e8d1da,741,6,0,747
f9fe99963fd3defab639e9700dffc965cdd39bb1,85199,935,0,86134
b29ff1cb24ff344fb624a803cf210cae9f9001d2,37,1,1,38
2ad4fe121184ce3bb38e899df826208da83c5b0d,75,4,1,79
532a98f13933ce34168b64854a735f4f9ee4b8bd,199,9,5,208
9de7d248d9ed720179887547772a899beea48488,158,6,0,164
4902e8f657b02531afb72b097a85ffc951e61f9d,31,1,0,32
211ad65cff1a7c3997e865668dfc51e44aefe0c0,1345,25,0,1370
a9d0662b1d084a770b1364295c48aa61e2c0dcfa,2690,100,0,2790
fe92bfec6ee1eaf55df5d1654f51b9b143518a09,3442,117,0,3559
389bad8d1cac892b01c0a5e5e9479337410c1109,12,2,0,14
b2e8fea0e9d3154f8cdde8ac4fed7d6ede1e7ace,2362,56,0,2418
c5287050d47e97a8ae817879d7d7f2797f164348,1,1,0,2
7fc5595ac58bdd628a42cf870e59fc31e89e99af,13,2,0,15
8d8d29160599e454d53244873ee67b61850fbbf2,4,2,0,6
fc17f07be91fb7851bda8cf847b5a8c4194acffe,13,2,0,15
401aa1223f99838bd8c841045f7c8614f4113c52,9,2,1,11
9f74335e0793b35bdf3e171ed98a2d5734d493a3,203,9,0,212
6c3d97f8069c2aec66195e03b7f1062ceb91e172,17,4,4,21
646c361323de82e0bc94a6912e838f39061fc204,203,9,0,212
20a45375d115a38bbaa96206b689131551a15bb5,2537,70,0,2607
e1c49b75fdfe86f34d2e44aa59aaa1851b03d778,1637,42,0,1679
3270622211a78ae270971ab856f2eed4437c07ff,1644,43,0,1687
775edcb25354ca6f3682db67cca6ce0c312e4607,2,1,0,3
3e8ddb47dcef245596e9b7028a3f37a43e568185,2,1,0,3
c6f66c64becfda669e381aade63ae59d946962c2,48,4,1,52
a8232be601851ca9658502de12f38ac86c1e6758,20511,491,0,21002
c2c90b52972bec53919d97ec07d2aeab4d0d55e8,134,8,1,142
45b0f0925fe1da0fb41c06a2dce6440a26490f93,301,19,0,320
d8c1cc2f0160e80226b5e3f02130fc91843633d3,2,1,1,3
efa92c54ab07d7f72b9c83aa3a09e03627d72e4a,528,5,1,533
01d842a5110587cf6df4a17217a0674e9bed391f,12,1,1,13
f57aa921e7ac7b583b0f31931890f1f9454f3b1a,15,2,0,17
86c5d207094947aa9e53ea6da6314c125188ec8d,81,5,0,86
5b237e15ccab0e48b69045cd1c55698ac26b8cd0,28,3,0,31
3231f93373a2f84b7e0ea64d969b53121b6fe323,257,4,2,261
847ddf543d635144d8c33f4afc33e76d0de92143,4,1,1,5
6e23608fd0845fb30c470fbb2f0143c7d5d67f82,528,5,0,533
50a4626439afcf9c8113476da0a425d35409f153,13413,293,0,13706
d86882c3597080c62877ba36b916dda29089b900,532,6,0,538
5d09ed1b3d295efb0670aaa943a0c3eb9c3a7267,28,3,0,31
5fb9f2fc14e51ce96bc884acf4e169d7dcc43fe8,6,3,0,9
70238a6254388fa3889d5cf31b5bda5dac11a100,67,5,0,72
4eef6d04c09a730188dbde33b9063965947a1683,8,1,0,9
8fd909d98505fe3964bcf756e8bec42888c1164c,88,4,3,92
2ee616def5f532b2a049f0ba3a1582cd0bbcbaa0,76,5,0,81
d24658d5a149da56f37a040b33ef12f3e9a3ad04,693,17,0,710
7c935a58ab6cc37ac062f1c37a2650504e9ef95c,4,1,0,5
6996ea9ee6fadd076ad13a1fd9c03a5a52fc3b6b,8,3,0,11
c6187a984c6b4f2d78a95bad127a7685aa9baf95,2,1,0,3
d51db291037866b03ac828430cfdcc914c2f79ed,120,2,2,122
7e82a6826233f94c1601d0c68526a179d5d1104b,8547,211,0,8758
1a21477898fb69df09eafb0ec8bedec7e06ec462,6,1,0,7
f45f96d0cb6e4a71c75d5020b59e9d128e02acea,12,1,0,13
15f3612d31a1f39046d4bf5cc7be6e0aed7d02c8,377,6,0,383
a226666663f0d5de94284a3662a6103c1d9c2b17,12,1,0,13
5dff89c650575b6fe92450492027e77ffce48186,377,6,0,383
3a0ccb5dd1ba0969cb13d8c8bad1d99a43144f03,12,4,1,16
1d5cfbcc6ef79dd8da99dc46a2797952dbcf4eab,6,1,0,7
6929a0cbb382d4b924f127ed65b9fbbe4b232780,10,1,0,11
68c21ac4c924caac6b6e4f7dd287ba1326f4fc11,10,1,0,11
0cb2d97c61603017909ff6ffc4908f93b2384ec0,26,2,0,28
ac93958d21ef33d98bb223904131bf1bf54a7cf2,429,14,0,443
596c5389b0faf1de1be5cbe2a88b5579a93683b2,5,3,0,8
b467822d55c8f796de2d7b3c2aa80b46f81811c1,114,3,0,117
8c55f8abe8c8e56b5f28c26482027190d5e908d7,114,3,0,117
bade9f16b64416b4ea032699a8a651d0a3ad064f,529,13,0,542
ef7a35ce9afb830c2e02b624eb3f3298f66e6129,115,2,0,117
b5bc06ee813471643c460aaa74ef4395ad79bd53,74,1,0,75
0ef74a1449d503ae65a200e48da735b545e923da,21,1,0,22
8006a84344118f39e9190643420512fbee06bc73,280,3,2,283
d685e82a5f4858a79e40a39eeb45c42ba9713f70,364,13,1,377
6ebcb6de192e1916e58226990eb9d9ec759da6ef,86,2,1,88
2502b6212b59832a03882adc554e655b51725230,461,11,0,472
28525acbe2e19f5605137dbb7e9b3824eab25987,316,3,0,319
e91bc484e224ce8a039ef5bba71aa7f093dce262,95,2,0,97
25cef86ab016d8345086f1bd90d6c6b3f6fdc2d8,6,2,0,8
9b18b6452a8585cd7724ff709a66c3c669f88c4d,583,9,0,592
712e7d5c070db6d3cb189343cbb585a72a7d2717,2040,54,0,2094
e0c53b8171add7bfed0249c67a8e743443b7593f,2,1,0,3
4b06e77c8e770f9b9ef8b34b59a69ec47da615c7,22,3,1,25
aea804b41fd0a73a1eb4f8f68e28bf77d00de966,4340,107,0,4447
bccba308a884ef527cf7f84f7f6dd57d55b1e51a,2,1,0,3
c7e7487458b72ba8b666fba7b9e24004d425719f,72,2,0,74
204823c3300ca5c79c2972a8cb3e8dab044ac8d3,86,37,0,123
5269baba23e062e19981cd4c09d6f2271925fffd,62,3,0,65
cc0936fa76eba5556402632eef5f06325206bac0,4,2,1,6
da6ff647913a6e97a567e8108a2fefcd12709e94,472,49,0,521
b1a4c04385b69cb6c24810edb8f17db94c0de973,377,8,0,385
44b187d44e3270b69f95e8ed690ec772557b05b4,372,16,0,388
234a809597bb07a7b78a51f4810ad217d9ab45a4,848,64,0,912
af3cfdf16ad68ce2ec3e7b1cab1d0b3116d831eb,2,1,0,3
1a465a2eae96e5a008d351323d3786e1ed69d649,2,1,0,3
d3783a1b3a00f89b35eb90867ced83337ce96d05,60,2,0,62
2cfe455253e26a591839b932cbc630e6694e7f76,3,1,0,4
378e344aba5048e36d86ca0944435586d45b7032,2872,114,0,2986
cbbb6a1198426398ad344282854f9c5e65054f6c,5,1,1,6
8ff3619bae65018958c61a3299a415e595dd16c4,45,4,3,49
ad3e6af49e9e86f49dd6092c29dc3de8946e0389,1902,86,0,1988
fcff50e386d7f8e7ab1c00b86921f667d646d819,559,8,0,567
7ea64e038fd7df6418ec98a18b3665014701587d,10,2,0,12
872fc387aa6f839123c9a9fbb0b100f2c989e65c,14,1,0,15
91e1cb211f9fbd56ab37fa278866f80bd4239106,2,1,0,3
d2683752a11c66c32023235db4ccac839af75726,848,64,0,912
b437ec73dbc15388d1a9a526dc43e7a74abdc288,318,26,2,344
ea3525ea6c06f3b3b876ed78febded4fda2e5134,406,32,0,438
7030ee191f9e229c73a85cb48e01c8255a53a0cc,27,5,0,32
19ab54e18ec4f939554710b5bd05c1d99e98624d,542,8,0,550
bac6f481dd766ac1105fcc127e7ee557f96598de,111,3,3,114
c866902b2abbedd26ef1d968aabae1cd74657c95,2,1,1,3
53143355dc713f2af3308f5ceef9fcc6e3d3d2a1,122,1,0,123
a0a31e221b215a3ac0477d083064200991c241e2,406,33,0,439
1427d75b9ea46d3044caddc51b44c03abc71901d,799,22,0,821
ea90d8633265723076f729b2dca02873c033ce55,286,8,0,294
6f50ad9f2d7a0e049863f235104c65c86ee8c5ad,47,3,0,50
d38ad8ce2fe85ac61bd050fa696348f1e6cc29fa,1430,60,0,1490
d27453fdcdea4612a7ba4d0ef6b0168eb5569ed0,12,1,1,13
beb697afabec3342195d301d1c68a58b3154b689,1431,61,0,1492
bb8dcf9ce0290a4016c13184aef9796c7a2d7bde,122,4,3,126
7828d19f3fc2b3793c2882ac1305b95960646e5c,5,1,1,6
bdc5e94842bab81ce1f8b8df14482be0d255c537,30,6,0,36
ca92f1f552c786c5506d287ca20bad2e2c20560c,5,1,0,6
251f0c88377b05821e9cfcb4a6ee6caa9026adb9,3,1,0,4
9f6a7f9bed05bd15807c534eb14d801bedd37970,30,6,0,36
2c41739dcd83751270b6bd30c6f2595edc68a1b1,957,6,1,963
63fce5a4920531ad8cd9afc47d829bb2fa4bc438,548,5,1,553
b6803e7e1d71d6f6b54b0e9cd769ec6ca91d0564,2,1,0,3
f72b291498d413d870669e8dcd7cc2a5f3b81b51,37,1,1,38
b84fdaa508592ad9950fd17718301ae4be22953f,5133,166,0,5299
006209c6f4dff212c3aa7b48acb3bca9b303d5f8,365,16,3,381
e54f5729b710c04d4a72b2ffabcc5c08cf21aaa2,5,1,1,6
3089ace6c9de37765b6f4fa0697b1430f4cb417e,1834,26,0,1860
334fee9e300342c0a9613fdcaba5aa97ef1a86a4,5,1,1,6
b1342ba19078bd8f742d4d1d605bd9ccc19c82b5,7,1,1,8
3a4d008b07ec9971e229e5bdb99bab38858634e5,2,1,1,3
a577d27b6a857e80d4ddf48a635dce09123eec8a,88,3,2,91
335a7bba58052812e04362791e2e114afb094f2c,1160,17,0,1177
2acacd98c99210ac97ac2841f37268348e55c946,31,1,0,32
8fc9e4ebf391562686b4159fe52ab045fd47279a,98,4,0,102
4ff352f523e59f862e31dcfa0da5b894da55ac85,31,1,0,32
b87f1385dc0cdc323bdea0b304d7d92e6ac5b653,8874,257,0,9131
3c4499cecf8c84d119f38762f07ac669b839faf9,2,1,0,3
7b3cdc852893cb78e7a92daf4e68a2cca053f735,2,1,0,3
b8a4b5ad4d561eba63d79f2a0b56cd6a590734ae,4,2,0,6
f2aa6ab5a5e049e10bfec06142b3f734d0709996,14,2,0,16
96c969527d6b0d3508c535c097c8a9cef774dc85,4,2,0,6
3066b4a924fa3cdf4f04e01ed9913915d9d75641,1233,18,0,1251
8c1ba5afe37d1e9f38d99738874046076556915f,172,2,2,174
deb0ab38842bc5c65156d534770cb4df08e4c2e9,3725,80,0,3805
a1e7d11bdc36957c0f5dcd42daa36aeb54ba4358,7,2,0,9
9314a68e31f1b449665a26335868e39478ff2f98,43,5,4,48
44506c39da5baf887b72711795cdf50d01b87372,172,2,0,174
5dc2d2bc41bf04d0b7c538dd1a37b3cbc67c45e6,392,20,0,412
9d0aa6f1244e13187b64dec81b8d33d94f3db2af,44,4,1,48
25c349f47f70c9824c8d4ba9c4ee679ff597051e,44,4,0,48
bc2979788d7f728766e5b70314ae45c62c9596b2,12,4,3,16
96fa3002904fcad50dafc1f19655c2d44eaece40,24,2,0,26
6ed5c1c694dbdf40840aaf7457f883959e8aa917,259,11,0,270
c04cba9e82d3f9a7a5d851047de92322c54cc568,313,9,7,322
4f46ee886d4b1a40c71d0cbdab273b9eb38e3717,24,2,0,26
62835dddc4122e2cd8d3c42b7cbe19d3a701abf0,116,3,0,119
17ee8a6b837c6266b5065b956df0918305ec8814,4,2,0,6
0f1b31a5b89f7406bfe44e488a9a832567ee1ccb,337,11,0,348
3dcda269644f05d07468a9d8a4d3534ec9804f13,133,5,0,138
9a51cdf8d051dd0a6c0159fe1a2bc4bf56201da7,341,13,0,354
cd01e4c39362e5c27fe749fcd1cf2788b50bcc3d,1,1,0,2
839fe79fa5ff0ee91b528b43d6a7834aa1ea719f,24,1,0,25
8cc75fc562706be8aebb837b708c03a9be264027,2,1,0,3
4031db76d2bd9992001a5b63f17af7739e82cff0,89,7,3,96
946b08ba435813881920f8547d7cff36a9faf9a2,637,8,0,645
82f49921969979589e04fb12f9902201a29ac7b2,2,1,0,3
1a6948e8778d0e6379ffc0c99fee0d83d8bbebd7,243,7,0,250
1cf479bca360f7381e38f7e1e8ec5e19511d0a33,202,1,0,203
44b52b4a8968808ad7c17d510e56c8defe8ee837,243,7,0,250
cfeec2ddb63770dfe28176c3916630753162631c,735,16,0,751
94a42a48530998da9895e217c99eec69db71d8c9,121,1,1,122
6d6ec778b43d730dd19001011aaaa49ec86c5d20,84,3,1,87
23dc8fc87352bdb38a0ff7d01dab048c22ceae77,306,19,0,325
4c9d8c2e4d5421d4088a3f3bfe3f17df589a4f0f,11,1,0,12
459d7022f8685858eb01792f2c99db5f5efc8e9a,10,1,0,11
fa5cb918dcb0fe4253332fd9be859803ad014ddb,935,31,0,966
064d079ce4f7cc501936b95a1eaae144c6b823bb,10,1,0,11
f13f5946beaae7115f2ca5796988624ac36c193a,1,1,0,2
0a569b8acfa4918dcd98a9fa0e4873f1e5b5737a,1,1,0,2
c134dcfa5e7bb5dbc7a533f3d047e6e40cf2ce4e,1846,73,0,1919
297d250639156e22eecc6b7f41a98b6c54538a84,5437,163,0,5600
a1ed65b1f28e44e7633d1d33ba12a4d2242dbc80,121,5,1,126
d04c1042ec120027c1ddc84d672726db7b7135b0,1595,51,0,1646
546d5955a1fdb4a16c186242945d4a27ba13c52c,34,3,1,37
3a2376cbb0129a879690615bb774eb54977fc472,71823,908,0,72731
bee6f6884ba0da9b9418842f7926d1dbd3ddd624,2,1,1,3
c392cdc9adb759cb73bbfc7f01e3d4be3cc65ea6,65,3,0,68
f6279767ad499ca2540f493b93427f44c98d699d,10,3,0,13
c4f933fa69f63886a199242957c3a86c254344e3,127,5,1,132
97ab409f52b106a75819d77ad5a6fef66e9dc1c7,1544,49,0,1593
226b44ff2034a6a55022bc7d8c5819d2c193b948,85,4,1,89
7e0aef7f061e393406a1bdafb62530f5d5bb8d43,94,5,0,99
8c6687944643853a85fc56246e42a811d249f497,52,4,0,56
90580d8ff47b4f2a56b794c2a8596d0f9db28310,3,1,0,4
e3fba883ab69cd7f32296633558db3b7f6442ab2,1932,32,15,1964
9dcca80a74ae02e6824ee07080cd6ed8eb1a0940,10,1,0,11
3dcf89167d2c0a9b53baddf533653ad5bb8bd5a5,14,2,0,16
98c57e00676dd22e7f92c3c95b85c6039f902021,50,3,1,53
208417597717fce72714bf778296f838074fa4bb,29,1,0,30
76515aeddd94be7048158c33e6f9a82d03257172,40,1,0,41
e11f46b8e9e1aa8634eeb85122a331958561c90b,10,2,1,12
638679451df99499b5699534b39da08b665cf5ba,14,2,0,16
a233fa00fcfb1266acdecfec45b7ac6024cc9791,1932,32,15,1964
b19f5c45fe179d12024fc12f4f2b9823ea04ebe0,109,5,0,114
5f28cce34c6d0329e0a2ea46d6ea8b4aaf23eb0a,5,2,0,7
a747ca4f6215ca55a9daf95c073a4d7e7aa756a7,12,1,1,13
ab655edf102328c654cac3dbd1ab31db1392fa47,2,1,0,3
4da2ff277c6fbae556d3ecc2fa33780d5a1fe963,1822,34,0,1856
8218fe6fa42b2daa6816cf862fe1450ad0cf11d3,4298,60,50,4358
aa2d7cb4a5c9f17d6a7a5b739feee7a2b84aad2b,3,1,0,4
d1f5102fa6eeaa68d8cb0d262615511126135d31,3,1,0,4
cf78f231c9a4df28c4c6f46c06a34ce1d786e4d2,110,41,0,151
b3355008a3daea5eeaec49da5eb1a4373acb0743,6264,98,0,6362
dce50db493421bad94679b2e067389c1a79afb14,38,4,1,42
8870668c586c3faf52b23a4e14252438b0623c47,4,2,0,6
ee8820a7dee18759bd94a083e1359cf3ac7088f5,2,2,0,4
e25d5b11cb08ba7fcb0a64721603de3f8c50aa28,22,3,2,25
d5ed4947f299f61a94a7b4856c60908c98eff5da,1,1,0,2
cddbed5c33c791650f719df4def07287b1092c2a,45,5,2,50
dda77273b382fbafb96f3710beb514451189e4c5,84,2,1,86
f5a09f4d1b2e912b2de25ffc669ca205d34ad0ce,14,1,0,15
d52fe87fd3229d828dd59be5f01bd00cd9d9fba4,106,39,0,145
4201077f85ee814c812c0cf8e3848ec0ffcad563,58,6,1,64
da5d7e5d6bcfad8ba8f182c02c80241992ec994e,120,40,0,160
baeb924e05d928df067493bf63c492c5ffda6f21,277,9,2,286
86b85455fcfb03958acf1db7cca4c62179989c2e,10,2,1,12
b19ed0c93d2ea2b0d24302f2caa10c4237302170,41,4,2,45
24f8961c098534beb399dbeee7dfd61e053c3f2e,41,4,2,45
10c8a71b9aba311eb96367a6836e2e1420cf640d,3,1,0,4
c559692d6b3aa96316dc0c9b2874c67179489a87,41,4,0,45
322e5df8e28b5b1d36bf04afc25fd5845f3115b7,4,1,0,5
bc036fe507e189ede3c0a5cd3d3fdbcaa17b30fe,20,1,0,21
d2a1c3c3a1d8cb775ef3967c4d290d927f2a311c,30,1,0,31
b464548dc7a29f7349a0935a5ee54c5380d91d5b,13,1,0,14
de7e06f3f873428ae8db8cf1dcc3a72d9f433e5b,2,1,0,3
e402e98e384f9d1de0d6e64591ecbc1a8464f22c,94,5,0,99
7147f3d8ec736e013e6b2945f3ad6359d01c6ea7,4,1,0,5
24aae82fabfebcbeb13516c3f3361ac5d726d20f,19,1,0,20
f0ace1f997b3e7b7a0692870aba4fd80302f9813,20,1,0,21
a6d33b143a46f1d0884ee2d88d5d8edf098b1879,5,1,1,6
10f3fad26fa97face0bb7f1c83047c9f8fd4e7bf,9,2,0,11
d11fc9b0811f33e8d1e3f1d2eeabac0504952833,5,1,0,6
bdd176267f4085acce5ac3c51b5ac2787bd9ace7,12,1,1,13
b601a62a3ce1935afea803814bef830bd7f0230f,12,1,0,13
d38a70d2c12c640624c70bd0cb5634bb65b6d041,24,2,0,26
cd3a9b61bbad20dc0cd2ba239de6399aa2754dc3,21,3,0,24
5c5581290aba6d2958aa410d1f126f77facc626c,36,4,0,40
77da7288f61868cf344fde68ced65cfe747d765b,35,1,0,36
13e55b2469c3fb00bf7f1726e5ade1594d476c72,4462,58,0,4520
69e0ad2a8eb0d834f07a5549e18331325fcc42c7,4,2,0,6
aef4063a7ce743dfc5326cbccdc46312f50eaea4,2,1,0,3
57ac2b3bf437c037904624d411fd89b28b22c944,10566,128,28,10694
700600d82d5b8faa474cbd6686f33f2db36f3c35,14,1,0,15
dd246e5489834b6e6d012bfdf6dc0577aae0af30,10566,128,0,10694
9e529128b909cfd8fb74710a3d97fb8eaec5362c,3,1,0,4
17f8c85de3cc62f4556190805354f6dcc75b7ccf,14,1,0,15
954ae1543116ab538a5a04ee64172fa780debe80,39,6,0,45
fbc38d779cbbc2125f1837501a87ebec9c587f9d,3,1,0,4
44043fa23ecd282fa69521faaaaa3ef74630f8da,191,4,0,195
dc18c3da2c7f19e27af42f48617db1bcde97746c,100386,1140,0,101526
692dd041af8c45347f193ce6c70bfeff59e1e178,7,1,0,8
7d27103c39be11673f52b6b68ec087742237e258,82,41,0,123
6711d2c799b99d7a0ae3855475cccafbf362f5dd,8,1,0,9
f0d24f6b64e308de3170d5e7fb2092cb5b1421b7,503,16,6,519
a6b8764e8b8b7f8bb0779106cd89de131e64aeb6,21,1,0,22
79ba5a7924b1ba5303a31b3c6a44ad3dc2ede9b4,8,3,0,11
df0c9d56703a5068c4e312ac68a58a6f5f2aa02d,155,10,1,165
f557728b3108ccd3b5f8ecd1190a8591de27bbca,15,2,0,17
192fefc2382d479a62504517cf3ddc8d5188657c,57,4,2,61
ede961215ce3a596f7dcb90e82f48aa723d892bf,36,1,0,37
f9d2a2ef4424bf166912594791b6414b9a9e8457,549,12,4,561
d8f86f18315da2c6882eae72117f5f2033e3b67a,69,2,2,71
05672fedcf2ddd2adba764d7cb2ae75e8d607a3a,2,1,0,3
d24c2da35ac300484566bf2fe40d2664e4942686,2,1,0,3
df0c86afdd67924d7cb707b0c158b44d1e629159,1424,42,0,1466
7ae2b0af43f914f7af4975da76db3ea6acc0e43d,5,2,0,7
7494a86b9ce166e547e7e5cad14f7202ab597b97,13,2,1,15
cf08181144e4a0394cedffd844988cf7fdc75093,9,4,0,13
0ac5fe7565a709b666c9d225574cca5bfbb38a95,12,1,0,13
d623d7e4913998b29a3ba91e78e8409cd1d89d46,6,1,1,7
3194415cdd35827ee9c3e150fdb8c9ca069b37f0,12,1,0,13
7ae5ce63fa09da0f3b9c25f77090f8091c6455a5,12,1,1,13
f62744e09e7afad550ddbf4a65e9db5cf883f8ee,4,1,1,5
79712aa2ee30ccff6d7e30e7ed13707d6bad40bf,128,5,2,133
9aa928c2c0e7fc0f88e347a15d8f404864e97ff2,7,2,2,9
83bba05ca976377210f09b2a6eb6b590355ae028,21,1,0,22
f5cc4a1d26237d052e6d86795a370ba8c931af3b,82,41,0,123
fa21d8c0272887bf46a35b8ba333b90707e41d3c,302,16,2,318
f8a131745c4ea3d9a30cf5096cd3cbdc13abbbea,58,1,0,59
63575bb8bb3a892f64b5062c5a608f6b8bc538d3,323,17,0,340
9cab55adab3cc23c20cbf86512e8faa446ac6929,13,1,0,14
5e85f29ecc977ca44ab515113dbec42a7bbf99d7,13,1,0,14
73a2b14901c5aecd20935c8c1a1f653544d608eb,381,18,0,399
f1f3da8ed047bf3df173b74b6430d52fe06c9f57,418,9,1,427
1486aea6cdddc35c0eb6d07e036eb5f4f256d700,34000,566,0,34566
1fd31892c7a87ecd1c5584b45aecd0b30e3411fb,1424,23,7,1447
36dc9209441fa28c83b7e6f0d24156f679160a2e,2,1,0,3
f7317eaca8b0d39f044af6bb7bfa10b24adcd44a,3,1,0,4
2650845e7b3770bfc22491fb5abc5f026e33c745,8,3,0,11
bce894fdf0886bde29cdc9502ecf2e95aebe8dd8,2,1,0,3
055d78653f34c21c79f41d17b07f88c3da832b9a,134,14,7,148
8e1492a37f33d05638f158fdf54034e0dcdfb6c6,14,1,0,15
cbdc6143a7df7a7c39c11ef073c64de300414360,25,1,0,26
0bb26bb1d8823104012c764d890919b08a449462,10,2,0,12
12af70bf57bdf77acf376a5baec9cbde6083565a,73,13,0,86
38d2a93d0031e599d2e6917a3d070f362892ba47,23,2,0,25
0871a7a8cacdfde1dab817d782dd6de3e7a512b4,163,1,0,164
301f573dd05788eb6e154c16ad2403700a5b1e9e,61,2,1,63
52025271f3db6e764ab62d0483966159d004b42c,148,15,0,163
4b55407ee9c8beeacd3cc761fc1c4bd78b1c8c33,4,1,0,5
8cfeb8e1ad264ccb48956f6f90c579d7160ff4da,1431,25,0,1456
960164a559de97216ec34244f92b1a74d7ae4f29,3,1,0,4
f6b3b3d37a31dc69d7d9db8fb30a7379f8f042c0,14,1,0,15
a749ed80a669c1d770e918f982ec183097eb7783,9,2,0,11
dd92a5a0785a84f0d2a8226a9199a1fb78c4db93,3,1,0,4
c044bb8278d724336d17fbc2dcd34b0957ac41ec,5,1,1,6
2e1dea945b486006214eaa8005a7d3b398c8f549,5,1,0,6
26112a8ed2dc828b6e47fab7158ee6a5728e7516,3,2,0,5
0b25ec2216f7d7c54f29cc9c4ca465c55ed8c0a1,2,1,1,3
a57707f6ef387ea6f48fd878747e8c5044e7758e,166,17,0,183
993dec44d10db33106a3a4c63b61cae9425809ff,2,1,0,3
1eb0d79bd6c81e1f8e901de9b58600bc70883cd3,2,1,0,3
624ec83022f8d8c950d4cb393ebe961096e168c4,12,2,1,14
ec0f7c8c6cc8c9061adca550d845ea43520dee7e,5,1,1,6
8d063095c5b1ef1126737e5e01cd91d9832c5765,3,1,0,4
426479984f2f5fd972bacb3e063977a666a144ab,14,2,0,16
c5dc4926aaa44178dad6cdad5fdd7f273d4da6ed,2,1,0,3
4092c0fdcbc63dbbd162151164e4b060851f9949,14,2,0,16
0055b4050481758a3b989cf3cab019768e664f0a,2,1,0,3
c9ee1dae971f0c5a85efea10b7b2d41170335ea7,19,2,0,21
e37efa3357d96e7831068eaec29627bd1bcc2ba0,181,6,2,187
f49db319d7ff29259b46c4fb9850ac61c3394e83,3,1,0,4
6b84399d77f0a7cb9e9aa7866353fcd4837a7d2b,19,2,0,21
80cec1be0ef9887894e67e580c2e22e9be585c29,1472,67,0,1539
c4a4bd43afff653f5d6fed4c5b01b520e5ed19b8,2,1,0,3
65feef6d2d9bbe0ac19d1496f472c0ee06ef0b04,6,1,0,7
06b2504570be3c639b41bf62eb828ad3a63d35e2,5,1,0,6
58c5a1222b3d2cec413801cb415bb45ffc290f3c,30,1,0,31
ed5d3ed1c03f062d29cfc53a35b6b35436859f28,1205,32,0,1237
e22f030e20521c3c05c9d1be2bde5c366f4bf7d4,6,1,0,7
fc1fb7a06a912326aeda59a05511ee5150b19a9e,18,2,2,20
ccebd43af56950b11644cb778572c9c10fd56a2a,1,1,1,2
fcf5ecb62ac03b9adfa2be8e91e494c1cedb2b30,225,7,0,232
ae148f1c5ea551b0d6cac3e82cfcff21197c88e0,1212,34,0,1246
5082d63a3fbdc1a4ba8da38bb5d10c27a629aebc,167,8,1,175
cff25e91ac16fb11f3790690ec28d39a729519d9,2065,24,13,2089
1bc9ad2e80dd2ab04b745c9cbc661362d9a45723,1754,37,0,1791
e4a7dc5239bf5581af28f5c37438498a17e5d2c6,2065,24,0,2089
1770f3c79cdcb54608e7a01677b0c7ed680976c8,2,1,0,3
eccaa47f4c74c5fa6f506684b82da4cd0f7664ba,167,8,0,175
6894a87bf66f9de058f184197a6f03b7c01f628f,2340,23,7,2363
928c5e2cc0a154ff81357135ab191ea2a648ac98,1267,15,3,1282
58f4822b699ea3c398f8003cc71a9c0920747fde,3815,55,0,3870
b288e82968bafe4c59735d2a8f8f3b30958b520d,2,1,0,3
b0da1dd0e294d87c133fd8a10ad47e2a8408fb9f,6,1,0,7
32f84c121d0ea6b2c4704bd41c716e0681949940,2,1,0,3
45aa5985bfe0ca3b9a537f9b7ef2136a64d97d28,78,4,0,82
6f48d4a978036f571ca37a5388d9da6449f01114,113,3,0,116
0341759c2ce8bc342521e7a2a50fe333f06f5a13,214,1,1,215
3eb665b4c591bd1681de4a6b6769be39aa8901f0,82,41,0,123
9bfc1842a20c6dc2f55f133a997608dd1b5f803a,1715,12,2,1727
f22de3ea35b1506c8bcf4d2f7bb6d423a0b3225d,49,3,2,52
5304e6ee47970c6989784a2ab47f875437883cfa,163,4,0,167
201e208e82b0d0c8f8fdb16747d703eedc7f95db,214,4,1,218
a12775621f85ea6e203761b116a06bf79ea12b13,163,4,0,167
66f504744a918bfb5bbff1c0907d73d04287e18d,82,41,0,123
fdb493e6457fc6d85c36d9d745f42cd512debf4c,21,1,0,22
f00f71d3a9f059be5625043e032070be88b6ab43,158,4,3,162
a889abd11e4df2eef84fe7d82a0c2f0b8a670fb0,2,1,0,3
5288b2d8b882bbb86d69e1019821d51803685861,42,2,0,44
9afd0f0ff7af477fb4689961a13ceea8b3e3eee6,42,2,0,44
6ef245532cec235601a19f00d099edcb7543846c,42,1,0,43
f82fb5ca6d1c628d6e423e470305734ced31dc2b,44,3,0,47
77e3976f76d3baea78f0168e7cbd8d074334bca5,158,4,0,162
23377fe02157c749d64941f0ce1dcd58c8445d04,14,2,0,16
7ed4d15f16c71e1683fd659865653a383d99259e,107,1,1,108
d2e4679a6871963dad18a6f8e4bf65552a371630,2,1,0,3
7f94a40e61ec43a6433080521673ca1b3dd08057,158,4,0,162
41c76a729da9668c6ffefbaa99c0f2dbf9709115,4,1,0,5
44072f806d8d14d716475a3665d0afdf004c6db2,44,2,0,46
abb2cef136da824c55964bb4032c47dd150242c1,3,1,0,4
271550fed7662c5032f9e4fb49cd135f3a55a46e,69,3,1,72
6b0552cdedffbbd1855461fbcc988fb36f354ac4,32,3,1,35
aec97640713ecd808440cc48825910d574815cb7,116,5,0,121
01c02465ff6924842644bf5b3447d324966cc5f9,247,14,0,261
325d06d3127e73554cfcf40a549d2ae9343dca50,561,13,12,574
4b9f4bad4191c357418996abc88748208461f18a,34,4,3,38
719161f2d02dd1c589155800f60e02f86c469de4,1,1,0,2
2d200a31b9903a165c9d70ec84b687e7bcc55c44,80,4,1,84
4928d99d80a837843ce733eab546a3ea6aa3c2d3,31,1,0,32
26144dc4f845af7533cc645d898202b80c0a29f6,20,1,0,21
f0fe0769751b7957a64fc5dd56989e54f1223ab1,2,1,1,3
2e7799d446653bba379cc231628ba2b02c993e5e,121,5,0,126
1c10ade5a50c505ef5ed574ae7001ef7e779cf2e,706,13,2,719
83d7b2734db4a418e05de730d8ca9c773ba8766c,11,2,0,13
3d9b9dfacabf4e3a7b8c418965815266e0dcfd2b,342,14,0,356
93b205758fea49f415802a7007e054e95f6af2c7,74,2,1,76
9389c6e3ed79e5b9800b5aec076fbfee843c38ec,5,1,0,6
ac6d75dc55eab0ce909c972a1124bf5fb42a5e3d,21,1,0,22
518b62393fe8d68949c8e615ceda9f6b1ea6abc7,33,2,0,35
4ba8b6f4c3b4e90345ebf67ad0750fd4a6cfb662,9,1,0,10
79f27f4a3a2238d8ec196aa92bb35c8d10ce5d36,52,2,1,54
3c19212a4094d787631535b0ab06bc7b6765f1a5,2,1,0,3
754da7a19b8d645c6497b2cdfee320cb922990fc,33,2,0,35
c66a877ad5cacfca310341e7301d7e2e96d6c6dc,52,2,1,54
b0dd9320f26af01a67f27842bf501049bac43665,2,1,0,3
3ace82ac5ea85da5cd0883eb4da794f0609a8218,6,1,0,7
6b237e119caad68474cc785c0373da8ce31011d8,25,2,1,27
12cbe2294c9f19dfa6225c98797c9d9f3ff015b3,11,2,0,13
015d9cd5397d9d24489cfe757df36192b83ebcfe,102,8,0,110
a1543cfe4ce435adcc08e3680d19da8b63a3d945,36,1,0,37
d0a6f5590445dea45c3d850733e4b7397879edf8,2,1,0,3
7d747d2aca6bdee21ca1c300b17d9cad709f38a2,88,4,0,92
b056a739ebf001d3c63ebc8afa52dba520055221,142,24,23,166
efa7e99bbad76ce35a55e6ad9faa9aac8e57b5f4,79,2,1,81
3ce3c8b71064ff4d8abd78cd95f4678cb7a74811,40,1,0,41
28c9977bb8344f2d73c65d45656b673a9a4c634b,5,1,0,6
132562b431bc3250abe56ec48725c5ebe6083964,53,2,1,55
4d528becc1cd3db9d4d2d6db2053895043aa3918,29,1,0,30
d78e4c8eef921775d2d5d1fcd5adf151c3d46923,1345,55,0,1400
67706063d2e8d8cc3ed8d55cdfffccc0a21005c6,98,2,1,100
b2e6734c76f17247a2801e63547e5edcc33f770c,1493,62,0,1555
fe2be79c8e4eccf8f823abeb32521f0fca8ddf42,33,4,0,37
52c1dfa32d86183c07c82bb3c34a03316d6fd7b5,150,4,0,154
e1f01529fa9d19641cb276551375cd8bd739da6d,21,1,1,22
38810b639fbcf6f5a07302f02c48226f4156de9d,150,4,0,154
90adeae9dd57f0aaaabe5f244d5167853a0b48dc,34,1,0,35
246b94a8bdc9901935db1865a0607a9fe48f5b23,109,4,0,113
01c3e0928fbba8d1dfa24b97d4e2506816472703,2,1,1,3
b683b8f80b59696933d52ad2c79321b374e4e6b4,21,2,0,23
c087be21760dd8ab34a0b2a43f7f10f7a5203e41,2,1,0,3
53557e327721fee683b9b37217d530db44166aec,2,1,0,3
44aaceca596f5d4b738f9da8d12e9af4e0431379,113,8,0,121
c391165e6eed8b37def78663db9870f5d809da19,20,2,0,22
19310d3468ff9ed9307fe30a5a5769829dfe4219,35,1,0,36
023ffe0eee38663fe78dacd9b63d5f121226008b,2,1,0,3
2173b0e1500d3dbc198a610042fca9b92d4f7de7,19,1,0,20
d7623b47abea23c685856b36ade75027efbb3cc5,27,1,0,28
5ce8bc692cdc5e7662ccd6ac5f6e8f5b2fd493e4,3,1,0,4
33e174bb9a8c9d79c66962449cf0d5403b921aed,5,1,0,6
b03152504cb5d8da0d57b3a712cadd9a4aea4a83,28,1,0,29
6e496e67e7b3a1c7cd6e31555a3198a833252f1d,97,1,0,98
b94c13026e9097adb2d318548832ce870152c95f,1,1,0,2
56efb6b112abd03f673ee65ca8061b4728e1205d,7,1,0,8
63944d41d9bb7e9e74366f935b9f620e01bc36ce,103,3,0,106
d7dd4a0272aff8e00324254ac97f47393d05f70c,921,14,1,935
ebcdb4bf5cfe508670129389637984b8dba43146,6,1,0,7
d9acbd1da16efac59d3cc44c18c16af2db5f50f2,150,2,0,152
92e81dca00800b1b74f0ade328121aaf0ab1d4df,3196,99,0,3295
9f16eb165f2aad48f05cef17f608eb2898c078a3,31,4,0,35
911ffbb5de261d662a915677b99cae4a160407eb,121,9,1,130
c1582fc32884cdf9494df32fb33207d64ed1230f,25,4,1,29
e42f954f043b6690dfcc10b7eb8817194eb898e2,1,1,0,2
cd844a7f959c79e3b5e9364ab9993f1c3d4fc91e,37,2,0,39
bd770a54a554c8c22f36ea00f8c735218c29b330,16,1,0,17
0798e6f1764aaf3e8101383b7a8ac3d7ed9b9d2c,37,2,0,39
fbda19d4b530051f0ab6784379afe66be7d44c76,87,1,1,88
19fb305d5ceff430911d8dc25685686f6446ea21,16,1,0,17
dd3cecf6a68deec93c084af2f7d7e1be9de9f877,59,11,1,70
ae11e9b5aa9af4d0d58e2a16dd3a3331969961df,32,1,0,33
b6bef13eef82d9a2e040c01881d07c186ade372e,119,4,1,123
801d6df1acd2615c1a85e9e3829983011b5fd0a3,172,4,0,176
834b34765fac4cb87d9d8f4bdb39c14a9e61275d,82,41,0,123
51dcd518e51883ca043492a86928cf3488db4bd7,117,3,2,120
954c4591c95b7625042657f7a7311f4ea0f17c19,56,11,1,67
d5986c265c9f68c2a98c48d4ba75444fad9e6725,91,1,0,92
653c0b28d340a37893741b0d381a63330732fd10,5,1,0,6
36f7ba669fd5b706fd9b01c06ce20dbb7610d50f,2,1,0,3
4f8f32af80d2c13df3fd8d3c5b302c0fd04906c5,137,11,2,148
51a9bd85e5cb7cb38fcc60b7adf808fe0545e7df,96,2,0,98
aed83af5f76c47bc9e4d0e8f60955fc6c6b42aac,114,1,1,115
35e3e4e048fa34b5b23ebd0ae235424f3e3492d9,80,4,2,84
7290d0658aa10675095f1a0379f5c21b9bb09bc4,4,1,0,5
6697b0c98c098a96ce572048b0c82cbfdfd41dca,80,4,0,84
ba3abceca10a1745253a3c28e7a6fe6f5833d266,18,2,1,20
260238e041c66a02f2552692bab2f44a923f7d41,18,2,0,20
8ecddcc2dcb064b759486d43a4f09173f268b3cf,4,1,1,5
e5eef50844580bd9ef2dba6bdfc1efca8992e78a,4,1,0,5
9300bbc776191218fb687339ba72675f3fe45848,82,41,0,123
a3301b3511a742c7c2cc013a4e31a1a838482938,179,6,5,185
47895da65c84e3c51a0eeb6c526d424ea9fabf41,82,41,0,123
776084772c06f6149d09726b2f6c3c7a08cef7bc,1017,33,0,1050
122a9dbf337d5c1128be32d4efee1e0f1dc683f5,262,3,1,265
38070b28bdda9e95b125f27706037c9916edeeb6,75,5,0,80
2903a29e7a50802617872bfd0fcc3497c4c7785e,130,5,1,135
5faffb98032f54ed1160279de9d52938aef94bd2,2,1,0,3
d0536dcec02e46cc1e68a13676e87a140d511db2,4,1,0,5
0d701127c8a95a30f4c484247e84ab1f10f95e3a,1391,8,3,1399
648cbd78282dea1e895a80be9d1322952d4d7af3,564,13,0,577
1f00c7071d354b9f817be5daf725f638cd2f347b,9,2,1,11
7635e5894df6aab477b82253451b729985f632be,262,4,2,266
45c813af7eb4a11ec59d3477a6a0b68791f1d7f2,289,4,1,293
ad121478b6f6d0d733e8d651a541f03b4fb849f4,75,5,0,80
952c7fc99d63b5af0d5a3fe7df4b610f8baf9001,22,1,0,23
9c939bec1bfa2c3396051c155ffb06775a329aad,7,1,0,8
d31c8c6477e03563bf73db3cf216250b9c22b562,157,3,2,160
fcd9d611503592ef3104feee42d82b3956aae42d,5,1,0,6
09da9c2a369b52b06fe9312aafd19f1085ba79d2,6,2,0,8
7a43dde77b47478e6b02bbab9d81ad70a2299c51,104,9,0,113
574c6793adb96caa614b9c0c540f4812cfc52ee5,46,3,0,49
013d7075853d4728739f3dfb2647ce6001d723c8,185,1,1,186
ccaa2b20dab5438603471796b7155f309261a41f,49,1,1,50
5065a1eccb3d71b2573d37bb6ff2c78a1bbc107c,261,8,2,269
8b3fed850ccc4527a6593c5ec4e596ca6c08b61f,71,4,3,75
e9a0d06ffa104c0e54e0e95b0af229f7648d22d1,107,2,0,109
b55365d316febf834cde553fbb55b33d42194069,107,8,4,115
ac670f923c84b4a20b60487354e838cd1d26e263,82,41,0,123
7d1a550dcac96dc2028aaeab5632c9d35f99489b,713,23,0,736
e18147dd219d01c26e4cd969c31d2984f96d6f1a,2,1,0,3
7f928dc048a9536e5c020b9baebe5637b0fd4ba6,507,4,3,511
00417376c829c8a01cfc6ccbe5d328f01e23bf45,41,1,0,42
d384d2901250f64e470feda9e4b34763b9420976,22,1,0,23
8ced20733da65bbd224d7dea61ab09d8dcfa2efc,35,2,0,37
8f1c1c0d7406f9b43681a6da69560c8ba6bbb737,270,10,2,280
c04fceac8f2db6b024b285b537dd26171b95610a,25,4,0,29
7a96a4be5220954514c323e33e4f64f6c6f68f9a,67,2,0,69
5e81456c99a352c5dfe98aee00c6f7284af2fe13,97,1,1,98
ef1495006fc011e998462ef14804efabdfeb7020,3,1,0,4
939afff97f007d53f1fdee11e974beca4b75bf2f,307,17,3,324
2673ecab7052c2ebf5a67ac3277140e214f3b784,100,2,0,102
05fda0cceda69ef569b554facca7c2397dbaaad4,505,2,2,507
2054f197fbb12ab6671699f7b4819d2ef1b82b08,307,17,0,324
e0f445eead0a1d14b2fe5a498cb0de57ecd18f1d,629,11,1,640
d93e1dbde5b22688530dd4deacbb06467f7e2b13,47,3,2,50
3acc01471c613b7b6de4c4c2b20980db2d589c52,505,2,0,507
afadd36c2c23e12d9bb29374ea9eb66c32aa71f4,3,1,0,4
d78e8bcc820268f7244dea021258978d46d4b411,4,1,0,5
abbd308da5ce8ef5260b511e41e6b394e1877d8b,673,14,0,687
75aee08902f4c38a2bc642051878fd8b52ed910b,4,2,1,6
515a8792bc0b5705d7ef556c0b54aba838fe4938,123,1,1,124
452af6a67539aeef95befa4a9d7a8eaf3431a7db,71,4,0,75
6b93ee7a39b94b6edb52de7543fb222ef44a1bd3,607,17,3,624
94e95ea77bc930a7f416386a2ede1295bddf73d0,38,1,0,39
d69e7785afe15fe99599e992f37c742b8fa57ba8,830,4,1,834
d31a8df01fbdf2c3e32663ba57cb35d2ef7797d9,607,17,0,624
9603b251ab22226747a384d0e220580a69c44d31,2,1,0,3
82ce0a088494a2d9adbfdf23255636dcf047f046,38,1,0,39
dd204deca23a6bd6d8af43dabcc7bcaca2a24145,830,4,0,834
d859587948862067c2389cb5f2461e351a35ddfa,3591,80,0,3671
39509b58c44760a495c37f536bcc63ccf0454aef,2,1,0,3
ebb5d4ad963371749a4ca20cf4b994af6769d659,868,5,0,873
1a033482cd656546af4a34f703efbbb10f6fe290,20,3,1,23
0399ccd832d5156dc6fad683f81f07bafb3a094a,2,1,0,3
abafd4100561e5eb651e25e41a85f247ced7a67a,161,3,2,164
c55d9231f5fc9459c7964bb2c3d46eb9f214d2c2,5,1,0,6
b2cc2ee018260bad1221cf2e30dd175b0605b0ef,10,3,1,13
0283580c376e4fbf31358417f4859d65b2d191aa,5,1,0,6
653d411ca243494cc5e2ff09cf879103856d5a8a,57,3,3,60
15daf9d734f5c9cf7fbd231bf3e95d7e9a3a39d7,92,1,1,93
132734040374203d36a7f35b9c5e3cc1651034a6,86,3,2,89
90a4594b603eb15c754b18989af94f3cd50c02cc,86,3,2,89
aaf43758caa68a80a31b9cce653e18888da04887,247,14,0,261
b4e67240fceccc4e2b83a804de06baa3d55b1af1,6,1,0,7
b0a9b196955fc108127e6b587787560c39f4802e,6,1,0,7
297d25d77cb438fd1a1b58d61d64a2cf54424a7a,82,41,0,123
2c51c56919bc5c0f61e4c96ebf4a47a4aa804986,1341,3,0,1344
30fc46623fc4e643b112f6d2426b2131bb3710b2,6,1,0,7
4b818ae3e5d914638c450f2705c23f3fe37f36ab,2027,15,0,2042
4df0716dec4265e8abaf7b67aefb5d798f2fe8b4,82,1,1,83
ff666ca631470de43e9c1bfa3d27436c46b14cc8,339,8,3,347
321b78a758450a5bf45d3fdeca42e88edca549c4,4,1,0,5
2ce02098150dfd66dc7442c60adcf89096c1a270,124,6,3,130
71164244d6138418be3b8ec1801784ab39f330bd,6,3,0,9
878dcd924be66b3bdf92de3ec07afe3cafc4dc82,31475,158,57,31633
a03584afe44badf0dba7a2a6d975a7fe4c752156,16,1,0,17
3fbb99c1212a7835c256b9ead8e25279d517c905,96,8,0,104
14718f9645eafcb1e7c3b7349e705251250bfc89,196,1,0,197
7b61a0973027ac5a7c3d508018503ca2621a1092,2761,17,3,2778
75e04faebe7d9b452f3a7436f3cdfba9171a1ee2,34,2,0,36
e5358de721be3f9248cf0528b4d1c48441cec3a7,13,2,1,15
ea75a5a53565913d2de5299098b95dd6d559cc49,82,41,0,123
2c86d60f526588056c828ac11a3ba81b6568b4e6,16,2,0,18
3d0dac6a28ca390e5618bc8d0419e951e2babb20,141,1,0,142
89e94b6308ee0b4c47e8d72417e238f8eb4a59a2,328,117,1,445
21cff74e081308fb2ed94b115419ed46c2bc6a77,1,1,0,2
2e6d91571e26a819b0b928095c712bf034fc0e29,10,5,0,15
c47a7061f042f60a73fd9014091e98b2c656bfb4,135,4,0,139
2225f8d2aeb8836ad2bf0573584b3affd7b4aecc,71,26,0,97
203f00c774e6dd2eddf7a530b70c22e75feb3429,47,1,0,48
194df76cbed6e0799f01819851bedabc00d39fab,107,1,1,108
76bc7d61352f68c3e1fe83652a747f234adcd0c1,118,27,0,145
28d64d53143119fe64e5b2e8499bb2a978800efc,657,7,6,664
4f3c9a2a1b54c6a61c790b668292a0ed1c33140e,107,1,0,108
ed974f3f74dd66cb73645cafcc091f7793b5461d,1,1,0,2
08be80ffee4b24506802cb22130903cb1e749873,107,1,0,108
7c351bf3e0ef5fd28b88d9a279a32f4796a60c91,447,4,0,451
bcf3054b0f6861fad32cc81d2ecf89ecd9eaf6aa,531,1,0,532
cdf82e942d0a2577cd077faf5c60dcc3bec4886a,419,3,0,422
a43e80a9ad3ceb83775a20a84b972a6b0ee396ae,7,1,0,8
93821183ae44cf1b1d0fd5c3ed30b65f611d2da6,76,1,0,77
0e81fd0cd578ecaa6c57625f75abafa1118eccef,277,2,0,279
6c46e47b3c04cdf03946168cfff28b759dd44348,72,1,0,73
975f47eabdaba54ddf0974c2a2b7a2d13c6ea03c,256,2,0,258
7ad43fca62c64a7a8ced5ef5a7a030907bbf68cc,3,2,2,5
c9a5340e0e6a261f68bf352dfce27853d6125239,2850,22,0,2872
8529e10855e71c63c4fc5a83a9cdb2300109bb19,288,3,0,291
824cfa4b59d538eee5b3d53fb4af4c41e8412038,3,2,0,5
8df6b935c32d8b801ead4deb0470f84df435ff5a,1850,20,0,1870
d9a13974b6e7c5fdd2b533e806e928fcca33bbaa,90,7,0,97
536af49ba0a407fdbc5682f73a48aa07fa3daae0,293,1,0,294
2938a9b4a06b0e0a9f19625ce1b168e4a4a2f87d,86,2,0,88
38b3ffdaf2944cb908c45e22e3a1b1b834cf3b6c,6,3,0,9
e428206d3d2281de72e674fe5abf9f887bf221fc,3,1,0,4
136c099bf4ff1ba400e711dbad34216633b9236a,72,1,0,73
5877b301a89ed87531d503fe92474d8a8568134a,35,10,0,45
57184803fc64049e18d27d04777687e3f1f7e42d,55,1,0,56
e4ba2ebaf2544ac978c201a6a02e6330e1d5ac81,12,2,0,14
fc60fee5f727210f5a3a16997e2bd6b7b07a4539,25,2,1,27
c8bc1f92475f7ea4b216de7b024ce4e643db26e3,67,3,0,70
cfc4d6615234f3f113193f43f8fc3c6c659ef680,2,1,0,3
9fe3e8fd884f2f19bfe3fb39c9cda89c7ae495d8,175,6,0,181
6b2ee50b058e37f71ec1a0aab76454aaef87dec2,25,2,0,27
a2b7ba1bb70ca67d09479b9a4ca1ab4d87cced08,200,8,0,208
daa87962306aa86f385c825d047febcfb3635aed,64,1,0,65
93b294260f8081424b86d28ffd4c0232df1d04f0,78,2,0,80
58f9fe425d4eff652d459bec722dba3c22e5e03a,2,1,0,3
e567f8cb3dd88c3c0a253c4fde06f8ced9b97fde,349,5,2,354
00b27cecb917edf61573cf2989e268636d9fb312,319,10,0,329
a312934cb82a71145ed6018230a21302f871a1fa,15,1,0,16
f575ff119d589c04836a3de065e5f958daec8000,115,1,0,116
7c2c02bf0fb57e90c22bb28e71796b378f1d755b,349,5,0,354
f497e8e2d36b93c9ee4e4b810478b76c0b4ff585,15,1,0,16
712b29c856614bd914e6bf35c5203aab624c93e7,330,1,0,331
3d46b6248712c67fa1ff695b0a21e33bd9425691,115,1,0,116
b132006f85df6c1b15e676dd0d8082cf44984b84,6,1,0,7
28c8dc7e9d92fb95aa1a9bdef82944697aac95e6,7,1,0,8
c279fca96e16b54482725bbca4d9a30b33144c33,6,1,0,7
73ab5e2f7bc121eaf496096f205547c026c91464,405,6,4,411
3e30c863bced6c77a8cffa022f966a50ceac19e1,7,1,0,8
56fd27251f3f66ad80db9a1719b722051cdff3ab,30,4,0,34
f4c7107ce90f54f6cff7cd83d18b025011b2c7cf,482,5,0,487
27a59cf8a18a9f12e42fd0dc54890f6e44d91515,383,4,0,387
a0eeea6fb61c203f5a3ec7b7e394839223c27eb3,587,4,0,591
612a6b8142b7296051bc3702028fcead109bad9c,82,41,0,123
5bbb8a334a9e6c1b4ad96457cd856036717702b4,1820,17,0,1837
63ac8cd28cbb5bb0c8f6216864222051bb889782,20,1,0,21
26f0ee0ad7ce9df573dd180a96ff0bf2a366495f,68,1,0,69
207b6820778e0d65c8181d8094903cc1dd82a863,1424,5,0,1429
16c095a9e9a30db630caa8a6ecec98ac5256962e,347,3,0,350
02f246535dd31346ff94485810e3bb306bb67cbb,308,3,1,311
e2f522ba0c450e5045393824cc66bceeba716628,602,6,0,608
37a0505c11136321e91caa6db41e74c6ef89b734,178,2,1,180
9f7dc5001a961a20e2bf24b3d6037585208ab2c1,25,3,0,28
8b625a3a9ac602f8374b74a46ff70c88ef1c9014,1710,13,6,1723
e6de574afd23bf2442ce816d181a7484ddbb6fcd,43,2,0,45
0995037cd5c6561f059089801b5fcfe1918c1b15,369,15,0,384
a457ab13471671a3177718a80aed660c837fcfb7,8,1,0,9
8a742a2be00b8f701372b87e1782a7348d0ed899,6,1,0,7
845fb12b303fa1b3f378ab0a58456165fbd5b575,377,15,0,392
a95c8622395d3b4ca57e38174c870f9b114497c8,149,49,1,198
4b367392f5ef80aa46940562658896455f45af07,383,16,0,399
4369c203349c27e16683fc6c608a7b784c3500fb,5,1,0,6
3e4052a6d2b50b538585f94443b354d803e235d2,76,2,0,78
c2de38d13a1b116cf923125416e3e894604d8b01,160,51,0,211
13358c3e03d48f481abe6a7178adbfcec4bd92d9,167,2,0,169
5819434cada7c92f8a35d01da716fa60d13c1351,5,2,1,7
c2cda00580de7036ab3f2adaf23616dffd10968c,13,1,0,14
71334cf9fd893fa45f6dd0bd72a27a96d09fc4e5,243,4,0,247
f6ddf4ea7917d7f2a914ea7cea0c89f221373817,3,1,0,4
13355806551138d29e34d5976a93234dac6d7998,73,5,1,78
90e9555cde95535249d997d55933255283cf26e2,93485,4526,2000,98011
34f98a6418e8088b6e469b4978bd46284806996a,796,59,0,855
e8379e9254354bd01dfef9f872ad13b5a5bcdffe,319,4,1,323
c28d134ce137ce048b391153154f64fa103a10de,1,1,0,2
d907afc669fb4b99e0f0011785415e39abe8b655,103,2,0,105
e7ec8c59a2d64625c68c691bccbce235b1dc0371,103,2,0,105
90d8438473391fdf86656cc50108be723f306428,12,1,0,13
0dab4df37845795b89f3d6f2f99e048d8fe7d6aa,93601,4526,0,98127
9e426004f7c38c72f82460f85f11208ea544f25c,1,1,0,2
a61cf24b741daa679a66fc904960b74005d3e442,214,4,1,218
c1b537fa5b8d29048745b8aa59c52a583e9e4931,82,41,0,123
2814d0e91bfe6686aa6c24807997a7a2c4e13c32,22,5,0,27
afce2699644c8af1e50eb5ef595ed299734c68e5,219,4,1,223
8438d0afdf411613536bf1448dbb5f72e98eccb7,11,1,0,12
1eded2506f79a40a0e67721ff3924b7edd023179,241,9,0,250
dfc1e40eb7fb6025b0b7def972062d8aa5d689a3,1,1,1,2
16db3306ca1579e51eb42cb5efde7e9a9a6cf733,2,1,1,3
10e51d1665e7682f12079defa452ff5aee9f0d37,11,1,0,12
7ca8cbc774b0c23aca537b078898707a2ede3cbd,5651,26,0,5677
39da8534d6d99803e4b5ad60bea76655e4cbf388,1,1,0,2
66d46ecacd0a6babce6e0a722c580d6646eeb9cb,102,5,0,107
6d0aff43c4e30069cab19a8c71c96b4e47b9ae8d,134,6,0,140
980a934eb26adeaae1a358d5f9e1c6faccfcaf4a,7,2,0,9
0e25f55cfa33ae4af7c52bd4e2ee49297ef623f4,52,3,0,55
32579d450377f177fc6078c4d9686de88dd21220,218,12,0,230
9a5575886d667eae74871262976fd7356b0d355d,44,5,0,49
fda434c89eaf19ce701cd54ad14d037cea9b7c1c,6,1,0,7
2cd3da2356bd0f9cf663886cdee2b2b22c0d6c15,262,16,0,278
3321645392e25a2d0ed5e469de57d6d1a2dc173d,272,6,1,278
5f58bbb570a1a2f8939f87bc2d9696f4139ddf20,625,2,0,627
9b06cf3d896d17af5a132a8849df41f8822dce96,171,6,0,177
aec0631eee9ab0e570d995b53557405748f4d891,135,2,0,137
34ce97b685de9097303ee68d380b7a3d9b43348a,10,1,0,11
465348e161b997ff15fa7a30de300d8997133a8c,10,1,0,11
66504a08c5db4e7cc03bfcb3336a00650d5f2375,62,10,0,72
88a907c08a00e60a8585806bb81acbe8c25ce2b3,264,2,2,266
6731627eb505455c65be9fc2ef4f39a4ca20cec3,199,12,0,211
dadf4bd3beb5fde31b89b0c2a0fbfb3aa5b46e3a,4,1,0,5
81e0c401fb5d7a1731621d60e60d5ac4b03435d9,272,6,0,278
5a948dcb6b6697746bf9780ad0e673bef336480a,4,1,0,5
4ab1b47670bf41bc13ba72d1666297a3e8cabc46,6,1,0,7
fdcd47b42e801deca9624ae0d79ff74a6259d404,26,1,1,27
d734b6e4dfcb79c7707f3f55abc445674e23409a,4,1,0,5
7016bd963f599a3319eba32e1a165e3e9109d969,4,1,0,5
144bd4a3679a0c1720bf602c892d6934d3af94a4,6,1,1,7
da29a706f59cb32c8cf1e72cdd97239281723d0e,4,1,0,5
2c236ac4063f31f316bf6d9003ad216e8a1fb124,4,1,0,5
ba756cdd64bb6e9b1e678765245beea4e1181a98,85,1,1,86
86ab3a7349c1bb46d88eb375866a00fc8f048c06,1389,8,0,1397
7809d262931bf6231b6a96ec2bf247a05cb4cecf,282,6,0,288
ba4a582ce19c548475e0f87f5bdedab0d6f4c66c,2,1,0,3
3aa9ea36354c76fa9bf958bdbf17b26951696ea9,107,4,3,111
61aad3c32cd5823e355f4492eda359e6ff060263,792,12,0,804
67699564d594647236552450d362be1e04c3d476,193,3,3,196
9910b6f6bb3755269c1655a2aad15319a8e7e557,428,7,0,435
1225751cd1e21c13fb4eb158b1c31b75509462aa,3,2,0,5
9fe121cc45584017aaeb720f4f1cd1c52ea7aba6,3902,49,0,3951
f940db1f04c812b7c9d536ffb35ebf37a3e45420,3,2,0,5
ff6c2c83f387ade46c712fa253771bcfbb8cd3b2,14,1,0,15
414f26eaa2a232c72174b9768c0be8d5442f5f09,3,2,0,5
0214ea903ae09eeacce4e348252aba8a17af752b,39,39,0,78
2a4839c52c87ae25024fc7a7b971136eeb698307,39,39,0,78
8bd86447ed7aa2a9e4ef70d34ec37d3d1320737d,1,1,0,2
b8471482613288d607202e8903185ed10cf15f8d,138,4,2,142
6ac9557ef71b7745eff90bcf15a4f7a958fcfa6b,1044,34,7,1078
9057a4c0c7b2242dc9396432d700a87f21a52f1f,1044,34,7,1078
3a280a0e552c6f474b3112ad74cfa7f9ec9e7c21,180,45,0,225
0b9d7cab98dddeabdc05e4981457a960c332b26d,97,1,0,98
3de5f98cf91f17a2848b0ffae8326011e88e7e7e,42,3,0,45
662bc331ce6e26b72809901bdd6edd64364814f9,97,1,0,98
27cd6154747155c77e29d194d98f9ba9bf6a1455,2624,29,0,2653
0cba13cc0bfcada072925a15e7cdf79752c6b783,147,19,17,166
fe1caa6263c4d3b3dc2c35aa93e5d57869b10c43,96,45,0,141
5463df29a5e7c5d2ad7e583fc77d5c1ed38cc5f2,70,4,0,74
7f4c9ace076ba4e0be5a97bc61a655b8ec11c363,147,19,0,166
66a49d75e3cdd001135f32a81dbfb931b9e1584b,5,1,1,6
c5d303bac7a9b17f88260b1bde175fbfbc053988,217,23,0,240
6a5a48a0c9e379ecf83c8a799d0d8e2397fe5b3c,1563,19,3,1582
2fbf328b3f5fd08f7d24d2a0dab6e482192281ad,95,3,1,98
154f18588e01943bfde60ade49262837bb670204,1563,19,0,1582
b1a9771ad992d5810fbe3de79d39ab07ddd51949,95,3,1,98
8901575e14f7334874d630ae685db624d00dcc7f,20,1,0,21
77fc969262584d82c5193ad347080876832f623f,31,1,0,32
565836113bdbaaa22b33f1a340b41dea2f1c8433,31,1,0,32
ca1523ec5c28286ac75f9fedd51cd53eb7870ff1,9,2,0,11
7a69e74ee86c85aef38b60607d91a7469436f542,3,1,1,4
f1f6be8c750877e636681b07af849418e2919dec,9,2,0,11
28213a311213cd46e2ade744590f339f4fc385a3,8,1,0,9
a007210563c13cf3a6e0db4eb9d4fab59503a7c1,1825,46,0,1871
15f3edb546c9f08ed46e3baa51f41250d57b1d98,321,8,1,329
d223a707de65daf3d0e8d49ef10f9f674840fe97,8,1,0,9
1f6d2ff3e769a694721cd5349ad446dc5ae1d9dd,5,1,1,6
94039ecd1a9b122eee0f50fe4ccd693a307451d6,77,2,1,79
bf64c6edc8f44a0f2d4ef2707d8bdd2a98589297,77,2,1,79
826cb2f3b4bf1637fa607dcd148c53335bfb7c3f,377,13,0,390
039c48d3fb1594deb9e1121afd06a7e107559f62,2,1,0,3
bd8c60740d8535a3a4434533bdc4b9876ccbddb9,77,2,0,79
8a4b7541a050a29f3a3032554ffece1496c76145,51,1,0,52
58a665aa101ca11f3bfb2177948950052b6afd20,25427,113,0,25540
acfd99bc3949dde1439e34cfe26caf9f85f58ab5,2,1,1,3
83b6e5f07125cabf119194a97c170330aef5fc1a,96,45,0,141
4d3c1f07b850a6519908c6d4383ec81310bbab40,412,5,2,417
cb78a14b89384edecfdef31a8b20fb25878dd39e,4,1,0,5
cd81fff65d6788e33a0065976ce4c3d3d1c68247,14,4,2,18
5a37cefba9aea47e1f530425eafeac239a0c1d2e,14,4,0,18
55cbf2773dadf6b66bd3192b73fd9f4241a97b5d,3,1,0,4
58597111c2eb79bd9b1581525ee1974c4afae6a6,18,5,0,23
83454cc6fbe9faff1ed3b0b37d6dbc29d250bd08,12,1,0,13
b18a844829ad7aed98d00c1b9f4e39ec2f8ed594,17,5,0,22
ecc492d7f6a8e37783920fd02b95aa08e38b82ac,1,1,0,2
5cec202cbe029ca563c112c4916b25605930ceea,74656,384,66,75040
2aff2eedade3fe58ecd48af3e8674c884fb796d4,8,1,0,9
b41309c48abd9d9daad55c53d75dba7ea33893d7,2,1,0,3
d1c2db860d408c617a4ec98247433610bfb062df,16,2,0,18
c631a37669b85cc3d9fd209af820264155a0a32d,118,1,0,119
fc0568991876cef5e36771cefa5e765af6a3f6c7,2,1,0,3
f0939605882fd2d696caeba54983ac702f818ece,118,1,0,119
de4a26efdee6087a4d411a906a7661a5c2cbbe30,102426,548,0,102974
78a4b7c2daa5b71d3c9d65e41036fbe86d623648,45,1,0,46
38baf596e5194a27c0f77ca017e54755210ca904,10,3,0,13
2b16b57438cd03a60e561da10df869adf893418a,63,7,0,70
a58a16a951da4095b0fac0191fc009264a5bc858,31,1,0,32
e35aa50b6b06ebe27f85b8fdef0815b822e477da,6,1,0,7
4c6b8ff5e971108c0e42e7e845c59fff10bde1d0,19,3,0,22
55027dc77781ced5d435fae5fe803b1528eaa10c,19,3,0,22
8b214d5d2cd4253ca02f6118b5c434314b569380,452,22,0,474
3e09aa340e6b9d5dac5428305501e11f87af3aa5,1,1,0,2
1fe7e956995ca168e0a701d1194bd7b01adb8dec,10,1,1,11
fb4631624f7fd124f63887bd6727f55ecda3988e,14,4,0,18
27eb8606357368a7b01a059e896941cf88ed2914,2,2,0,4
5f01d00b0e7c30e6174d8534efbf3fdc69058c7a,464,24,0,488
99187cf8fa3499cd0e510481c4148626c7859622,11,2,0,13
c2d19b177c7ebde873f9eecd609aed33b4050a0c,1433,32,10,1465
f8aafe448335792448be8483a4b3ebc5bd5b83ba,13,9,0,22
b1f119fd84455cbbce3f131f92a2bd821f91675c,3,1,0,4
35bc5ecafd669ace8321774e39e49d6c3b88efe7,110,3,1,113
18b5be3a7f33ac382c3ea9777327c3246e247e9c,391,14,3,405
bbfee45418587b6f04e2a6141ae275f133f65d05,94,9,2,103
02fc057ee885ef70ed645d993d7e3cd7488d3888,8,1,0,9
1a4d193957d803a399a44ec05c00c7998b6ce0ec,2,1,1,3
97fe836b9a83227e4e87043227da02e4834fea70,485,23,0,508
cec918d9ad92d83d1061017cad4bdc9d75c9a626,48,1,0,49
5264ec7385915fc0884afe31dba7e83a86335027,2,1,0,3
f03a5307cd9b0f28060b7053c8a89e7e595ce309,12,3,0,15
aa35e365830bfe0bbd46d5311e0c4b83ba75e035,2,1,1,3
fc362fb4d530695e1a487386fd391995e9667473,5,1,1,6
659220820dbc91b3001bfedb42d80b5f0f03df14,2,1,0,3
2326bb53fd62104b8816fe6da6f388963dc268cd,4,1,0,5
d8cd7ba249e3ecea5508a387765ef12ddb6851f3,13,1,1,14
c315cb08acb37a67e6f6b37bbb064ce3edc05521,4,1,0,5
4c917c8229d6cb00c3fc7edec53433266092f572,18,2,0,20
a96849d1c28a40e339d8909bd916a05ee0f26d52,19,2,2,21
483dde7f6a1ec3e7ba3fc0f52b8125d9ae188277,4,1,0,5
c6d4b461d178087a833a1b9b044261f43f6a06a9,2,1,1,3
86f80372a23e502b58649b1e36c8a8a84f035318,20,1,1,21
a91f386e1b6df163090e48ecd97384b0411a2f9d,4,1,0,5
57555af62c93bdc8e012c1be7b6c6edd4d9d2ebe,13,1,0,14
4dc4171b666e0515ef657572352b6c53bf503a17,13,1,0,14
45ced671788bc804ca01ce17872316152dfe6acd,34,1,1,35
b2b6ce6c22734a47d1f41ffed56a525a5c025faa,14,1,0,15
db827cfdfb521eb2233424f56a99e7e3830d4e35,27,2,0,29
b7bdfe20c9e0bc6b3fa3883223ef978562e4f2d3,58,1,1,59
55db6f03a45723aab1a8c940cae570f4b5aaedce,13,1,1,14
4ae409444a931a06a58c2856a1ad667841b0a3af,2,1,1,3
e5b06e39d97a363786f405d7de526ad79048c742,2,1,0,3
069653b74856d99b2b7535443d15b8515d9bd15c,78,4,4,82
27150575edf54795df88640833956e01d1f5a70d,78,4,4,82
5dd785b86e091ea7be2f096fa03f48c92dbe82a7,8,1,0,9
e755554598526e0c0d4dd0a46d5f7f3354195ff7,78,4,0,82
cc53981a48439edb21c9119e23ba42ab90c73c42,6,1,1,7
5ec703d8eedf0a6c2e77f52a3a492ce8e52cf2c1,8,1,0,9
de6e7d9b02890f9813c87954645e523e97951c8d,6,1,1,7
b5eeb3bbc874a8501373f3c1ae96a2b3a246bb09,22,1,1,23
e08205d60f09ed58707358b077b5d1f132cafa2e,6,1,0,7
219838108e04583bd2126773ce1a84cd83522f3c,103,2,2,105
9f59c3f5e6503205525f7507c6d1e82f9de7b6c9,14,1,0,15
108dd8f9721b80a5355bd0b472037276ad7d4c5f,141,1,0,142
b8db248e6bca8dc1247867fbf5ecb27639dd7f68,2,1,0,3
e4e39af68d1546b99d2ffe367ca1f3ba840db501,300,13,0,313
b295bc5bc1a0e98bf4a9fb6c28d7db32ff75aa6f,59,1,1,60
8389a7a6f4cebf722c74a163ebdc80b373f42d79,49,1,1,50
857ab7e31954e88e93d5c8b40fa0d19856ff9678,5,1,1,6
60a76bc882cd5ecf8db05661a4d576fc4d09d9ab,2,1,1,3
fba01d61b2622f6aae4ae3f7df96285ee0cfcb49,1202,52,0,1254
7fcc14c3c29452b6bfbf79f069b825838e7c1e19,10,1,0,11
b287ef240995311fb86bb03b26e4c3ee18b4d73d,633,10,0,643
6b5f9311bbcd00f30395ed6b724b4ea4d8868de8,9,10,0,19
82518735f9a5bd5475a43ae718c24eb78d3c2469,10,1,0,11
f7230daeb3c8b625c88eb7ca2c87fa02197175cf,121,3,0,124
a7631980ef5c0c359e8d74ae77f5d085287da139,138,10,1,148
f642a7a976d43f40cbd8763aed9274b37fcf0639,3,1,0,4
a8b0f6a84f1007ac2fa8864d518bff8967d625e0,114,53,0,167
597c5d9a5f75fe8a3913a2f856b0206c312c3904,2,1,0,3
6771638a5c88940073a2034e81e3f17d83c6cd69,23,4,0,27
df1f77068d5fd76c6104d3c318acd3c3b9376514,2,1,0,3
2311de4777bff3a6f97904e547cc028d6ea1e51f,549,8,1,557
ebd841f248b475ea0fa3fe95ee802429fb4298ca,15,3,0,18
8521b89b5631ca861c75d3f75a328b21b0c3f1dd,549,8,0,557
0bd62efca41958910676f510cae4292f5fe28d5d,375,2,0,377
b92221643729be85863d180b14e83c7268dafae4,672,25,11,697
1b51ec3dcd45ace7741b9493ee2241a0fe39e8b3,102503,542,0,103045
45df2a7428235ffc9b411f8380b1bf5d51423b29,685,18,0,703
4a3b0242c34e580054be2e23bc01560e96519b0b,58,6,1,64
1feff74f4df3a903dcce411d727606672bc36f5b,685,18,0,703
94f2362d5c8e82b9d23a6ee361dea0afd4a12e5f,5,1,1,6
9abbe90b9adb642e8506d1d3dbe1fa0e0655ea7b,112,52,0,164
d96e0d2410ee8dfa94af93b0b6aa6517dd2dedde,36,10,0,46
e7cbbdbcf6a73f1095702f1f39f7ed918a340bef,681,24,0,705
87fd9acefebe5cd3c54dde9e6a664ca13f81d333,42,5,0,47
72e9973df3b12deeaeca0a0050aa0d517d08ae41,785,79,0,864
ec5c795aa523cc48c292cfb09e422edcd8a1a42b,191,1,1,192
978c4edc155ace34fffbc1f28586a4a9d4dde3a6,172,3,2,175
96017363eea8071df8bf53ead70c6c7d2c26b4ed,65,2,0,67
4ae61ce9e992f8930432e5e3f85b293cb9784dd3,36,10,0,46
d36db7bf8683c0641ea809963b95dfa7e10176f6,65,2,0,67
071586e26d55e3f0af4e8c4fc42d407f30ad58d8,87,1,0,88
101be8afe4edfa48ffcbf29b5536160e45369647,515,7,0,522
40ae36441d863e0295d7d16a97ddbb910f4059dc,0,0,0,0
b7a24bfcafd452a3c2ef99b5cf7e0004d4e5110d,1300,86,0,1386
836283df0c9f56e1afc2d1f4ac1f4709a3975298,77,1,0,78
dfcee8d3abe5af2da31d072d56578a9376e3f690,622,13,0,635
7bd81c29e3da671084c8a425fe0880b85a0644a1,42,1,0,43
b736c46f669f07ea9b23a4469bc3ff562920ea08,10,1,0,11
e1707b6852f9d7c3e4999ea1d3967db68e7d8634,3084,50,15,3134
b5d8545341aeb2b58904a4d9b4405b608d53baee,61,5,5,66
b8be85d5dcacfef1e1f04d9f132f8012239825ce,49,1,1,50
d26f74662486516d72cfa704e70abc37e11c0123,17,3,0,20
18752a6f86e55946dbd0a0b67992e08d85ef80ef,10,1,0,11
f02fca6d79be298599630004566305b110362449,4,1,0,5
70ad5ba7721e58f0ac18d3c76fd00b3854df4387,13,2,1,15
82ca43176610ff543102b049c26a9f79add098ef,26,1,1,27
cbc8877acc3f5c86aa4320dc60c3d4de64c9d9dd,2,1,1,3
12b0f2bb8123517456a27b302743bf8df3edd113,2,1,0,3
a66400aa5adc48e465435ff77814789b9947c42e,71,1,1,72
1ff4a52af5e31465b474d8dcc9700d37b7656df6,20,1,1,21
3e694599b59ca2d941f76c2ffe8b103888c41e9f,4,1,0,5
ebb9e2e9d3e05ba65c06ec301bee040b3a74fd3b,8791,33,9,8824
4d9734a0842f0a46310c1f6261fdf42371db8705,198,5,1,203
de632ace6d0495ed5298644191960f383db57a72,10,2,2,12
d07662248ddc02c39f42a026323b7e77e66bc1f0,5,1,1,6
e53191994b48e39d1943bc2bc403dcf1a1ee1afc,15,1,1,16
02d398c69ce63b375357dc90377c6c03bd4f0d1b,27,1,1,28
095d4b3f4060832069f6a20efc27abae885db5c0,2,1,1,3
b4c515e62bc8412a2859a5a771ef3c4b38691529,19,1,1,20
b1a3cbe307057286f2d156d2f65aab0bf6c699cd,38,1,0,39
a0cd9afd1cbf471ced0363416f4577156a7296ea,4,1,0,5
71379a8061f50f336adc31fa20cd593b659b050f,15113,160,62,15273
c01313d4609bb9a4209e2026b24b09df12935d75,5,1,0,6
e5f16818c20c774c2dcccfacbd85040a071edce9,3,1,0,4
06fdd7d44dda36900b4c7a76dec2a7848ca9e8fb,20,1,0,21
866fb41525957555231fca11c5853731b9473170,105,1,1,106
cb9b76620167cc8b71b333615e6406dd98dc6d7a,63,1,0,64
b1dee96e0d2b6130959400615b29b02721075392,140,6,1,146
cc0d1f57141d24b42c0f0ee0b7572e43aa47b339,94,19,0,113
c70680a8be837258ae3e10d034f1a53522d6f0f8,62,1,0,63
d39345b874097d8f6852b35c9d47c8037c13d19b,94,19,0,113
961a46719b7de465ad7f263d106a4e9a7b926065,1,1,0,2
7955c15a95f48559f2cc26568082d9a4139413ab,27401,278,0,27679
e7eb2b372dfc62228c308ad5a68ac04d97ff6737,15113,160,62,15273
f8b798d75c53e051ed2171441a2325e8d108300d,4,1,0,5
1914c0216608dc8eecf97fb3ee4bdfb6fdec740c,22,1,0,23
2db59e68913ad05aaeb2bbb3351d84f773cd6f3e,9,2,0,11
c0655121696dd1668b6b8eb0bbf8369240e41c05,22,1,0,23
a4d2f2fd2bdc1cab67c0646422a54db8f71b1927,26,2,0,28
c0e1ac1842df19a4de83dbbcc99090b43371c913,94,1,0,95
dc44a2a78ce90f5fcab82c0b39d6888724778181,8,1,0,9
56a1e337da88d53daf8ca0e1ff84290b19d925d3,27394,277,0,27671
964414c74b727347ed7c23f14d2af2c4c5e117c3,15076,157,0,15233
52d7999834bae4109cc4a4a36a6e0bee9bb91765,4,2,0,6
eb7d2b0b1fe88ce82af43f3bcb7420f2bfcfb638,2,1,0,3
a7490a6e48d4c9f1e85a3ae08f97d6c5ced7a71b,2005,62,41,2067
f9776134a7820b7ee82c60a11f62b4a0ab9ec4d1,1,1,0,2
91dd7c1cadfd70da8223a2755c2daf915ed69183,128,3,2,131
367d805d10ea071532fe99c6b67cfc97cc8f2fb9,83,3,1,86
403601b52a9a4a8f37b33b1ee7472612424a3d2f,1709,53,0,1762
3f75c1c4427dc32d990560d0b8dc80a191f5f666,85,3,2,88
2aa292c47b87c0099d6d602dc282c231cd408f2b,6,1,1,7
c1ac19df81bf3c77103f253b413bcaa133891c01,91,4,0,95
a81cce7214c966de0281ef82da0b1fe042842911,131,4,0,135
d6f69c9f4a2c4dca90951a814f73214b7ae2d25d,1800,57,0,1857
c257e070b1fcf29de4ac7192f8873c4e422b5d7e,91,4,0,95
6e19979b329d266d3be2f4abe2bdbd8dd443d64d,10,1,0,11
277b76d7a0c244f7f1ecba018f55f584027fadfa,141,5,0,146
adf5ef6100b58beb6fb00d85123f34cb5d9e084a,3,1,1,4
3e762e25e91f3223fcd2a78bcd80651784e4c32e,141,5,0,146
ae1e1dc947a10335f79b087950a9c0f964092510,2,1,0,3
6e48c9c4f8dca18300aaf168f764b7524e58851c,5,2,0,7
25c9f609e81880704d51f710ef22b33a925ac47b,146,7,0,153
dcd8b42aa696bafbb4d7c11a9cf1520d54539001,54,1,1,55
72e270c63e99ac17a077b26fb39302f603d15188,18,1,0,19
6bd0f8f405268214c62e2289a0081a238053fc11,206,9,0,215
126e68bee16d7f31a7c1ae6810fe40d5ea3f8a34,13,2,2,15
cb7d972e6dfe7db70ac42a9a1889a661a2c26819,72,2,0,74
7a71b206227452706bbee4e9b64b2294eb39750d,14,2,2,16
8e2520474fdf6e073a54e5d8a23b32fb266d5b4c,36,2,0,38
f8577cab29faa87dd337295e3dbac68f0b94ac63,5,1,0,6
b80b17196269a036da65d781eb772a317039b014,29355,326,0,29681
6b53f1bb2699ae7a6ea8ae277de1bfc3ecbd7b6a,466,6,3,472
d928ef4ae0ae7fadbb05dacfc97ca6402657894d,26,1,0,27
5f5220af0449fd3957d011fcef954b19da852e18,585,7,2,592
e75917d47aaa34d8ff6219245668959fb68f0227,250,2,2,252
6187241ecf68a9541172c98e85e86cecdc0fe7e9,5,1,1,6
cd6a1d513adab5a24b33a9315bfd083c2f4383ee,31,1,0,32
c311c3c9e53398dd510839ea02efc541054461fe,966,14,0,980
e942cae9e628150094d24805c268212dd094f3ab,966,14,0,980
5cfb6e6878dea2fa78d7593766035a5b535763a1,2,1,0,3
837de6725659326123dcff6f9fcc56f3366e1e8c,4,1,0,5
b8c0b308a7f02f0495315e280936f6bacd170e44,6,1,0,7
585761f28e8b70487eaf2198d6ea39f7232b088d,430,32,3,462
c5fd4a5b19e06241bd15e749a4b8fcf156c82f45,2409,65,35,2474
1a5e5ff32bc544ae6b1a32dfe07ef6204dc2053b,4165,50,3,4215
3676cbe7f5f5f73199487318d6841e50a1f73496,151,2,2,153
d64fc9d105c66c08234d7bdf72046128456620a5,2,1,0,3
b6139f86f8994dbbdd8acabedcd65b89e2b5aa92,591,36,0,627
7ad8e8080db6a8f265caf8b4f63b1a3ae5e591c3,591,36,0,627
8045c820ceb2730a2a5ca96b2f7173ea715b348e,91,98,0,189
4c101dc23be2365c6983381cac9dbe68873040d8,2,1,0,3
d08ecf11704b9b4b56ea81f9f03d10311ff9d27c,2,1,0,3
c28cec1cd3b893adb4b5168af86d67bf5a998854,2,1,0,3
90cccc92a078d035eeb5ada47be8287901eaff3d,2,1,0,3
7ccd0b315192657f5fb2cde565ae4a12e4764b40,2,1,0,3
84a230084e9488a4ddb9b52f86ecd6c623baf745,12,1,0,13
8b94494a4817780961c203e0b2b52715baa3b6da,4,2,0,6
1021d4eaf4b8318786f3ea7e44e5acef2fbb9004,46,4,0,50
eae4df1e5207cfa124e25dff5079c1405ae01803,16,3,0,19
ff43b22cb626c066488859361692a4528d23b2ee,64,8,0,72
b711a5a5fb95998e4b46b465b0a4a024be63ce41,904,40,0,944
53683e20d304dfd96d544f286e8460d3829598d8,838,4,2,842
421a5234b5a7e56e36952a4c1976b3118310073e,322,7,0,329
f03f3a3b48fa105f318e9493440671188770f4ef,1619,57,0,1676
296dd6e7d86fe6d0914a9fbf8062632c04e4d22c,245,3,1,248
88acd318b84ce3bff8c061bb34718e0e5f7127fb,1313,5,0,1318
621eb0f75bbe1a0a623229dded38a3549309eead,65,4,0,69
e51fb420d1284465c7cbe55a28c2374ddf67d495,80,2,1,82
50f75bd6111b5b9163391e4c0913ff5b696a2862,19,2,0,21
33fe30da620e4f08cee959104805f3527b597700,131,2,2,133
a1040872f37cf4fd1dc20584c68307f420d0d3af,19,2,0,21
f0be45e309f9a594334209a251c069f9ba3db120,17,3,1,20
39dace45c81aef7cb913fcf4f98a7d71e34beebd,150,4,0,154
72c3eef2aa31df4a68b46a8877809cc0f49c1368,238,12,3,250
ca2bce00516142a1204fb9226c938174047e72d6,4,1,0,5
1942d75856ab6d317b743de71b53a29abf81316a,33,1,1,34
0a41ae57215e9d2d208d33f7a46653c4be43de9c,585,20,0,605
281b9f2d652ce9109523734ae3843f93feec285f,2226,32,0,2258
220ecb3064e6714988d95950ec1670f6850811a1,20,1,0,21
f0bac562c1ede9b4200cec5cdcdac535e637c996,477,604,69,1081
04f4f54a7ff1d43fa3baf4fa07865a8163796a82,130,2,1,132
b3bcf4aeecf9aa1bd6d19e94c8da7b09741f5410,625,8,4,633
517d0f584f67e9291b7f6f2efe3f42b7131f6a25,6,1,1,7
6f3ef6a84ee1c3e77d32ca9930835d1720918e20,1289,20,6,1309
e39236fe5143038d8d906580a56320a329e9261c,4,1,1,5
ff189d9dce368384c46a8af616a984dbbbe6a9a0,4,1,1,5
f16c736395b67aad98585560b8aee203550dd898,2,1,0,3
70a8a92da3cf39b0ed1cf18effd8fae1478cb2bd,12,2,0,14
7db44f11f7925b5a29a0a3e017baa93b52fb2982,189,5,2,194
b56b15cda7fc94b25400b1334b365053f0017f7f,1624,28,0,1652
ecc60aae042a7e5768f3142e1e3fe29dad247801,9,2,1,11
64e890c0abe44658901c5b5d4f9981caa1e0cf9e,6,1,0,7
ac23b2192df49d393044359055f9800f658836bd,2,1,0,3
f12232fe707c84b631bace642797b9309a703e76,1,1,0,2
593074692aa35dfeace351f533934fb69dc1e8a6,1,1,0,2
a0c7004fcaf640817d61dec7d3798243dad9a1b4,5,1,0,6
4b0c029cef4b351f0d389a171c30b7dcf8c1ca22,217,1,1,218
a8f9015730d05e164bc904c7217c12d39f340946,2,1,0,3
46107ffbe2b0209a323f96d5268508e79454efbe,17,2,0,19
f6ba3c3b4575c60f94ae4742b5d2d7bd2183f938,3,1,1,4
ece3400438709b2bac2ad9d206028b4bdb897073,27,2,2,29
603493169e66e9bc6a9f9129b2a7709fab1a6419,2,1,0,3
59bc35a61571284c106fe4f67060eccb8b60faea,2,1,0,3
169066b98ae89cf9e5eba8872817f466947c5919,10,1,0,11
fb9b14dbf9b8d66a9bfb3e2a4a02b4f43a5f5ac6,4,1,0,5
b054fdc86c574e6ba50708cbbec6dce9265cadf3,3,2,0,5
de12e9ab1f6d2525a12867e6c3eb540d648edf94,7,1,0,8
30f5b9ef82fe9216fd89827977c601b8eb17db50,10,1,0,11
94f5248b0e03f04c53f0c264a880803e20de2d3a,3,2,0,5
dd7d4fac3a5f391b23c196a5d9951de9d3a762fa,2,1,0,3
3c5758bab14b30b1dad7eb39d1c388e5f6956e0f,4720,71,0,4791
1056a31fc72ea25c8790e37f2621f3d6e1908c89,5,1,0,6
31c44054c25e03e95fb4a3e237bfa6bf273c59dd,11,2,0,13
bf7591b5eb6323011a03c424362ab68f994cffc9,3,1,0,4
15d2f7625a0822167ea969dc289c10385092b5d0,104,3,0,107
a2c972bf5ef59ffd13d65eacc4356ea1ac65383c,7,1,0,8
e5e72ea0e0951af9200dc81e3b69a02c961ee2c2,114,53,0,167
008c27341fe9b2996b01d0b55a4e7eb488180ed0,2,1,0,3
d2cdf60ad5b6500d98dfd7189dbfe7bedc3af354,2,1,0,3
656b11847c413689db8e7f7a85baef9f1de223c7,11,1,0,12
b64a828203f94df03f57b66d74bc998f6787ab7b,11,1,0,12
f051e49fa2a3f664ee680a638e3c8864c4a01859,2,1,0,3
03a8fe587e46404461bff6f118ccbb8539f3f39a,5,1,1,6
27cf5016a5c859c877a95d793c622926bafb2f9f,6,2,2,8
d7b36d8bd804f9d5abadf230b2f24bfc14ce4b74,251,2,2,253
a42750ae0465cb79c39d9e8875c11cafd91fd8a3,11,3,0,14
8e21daa8ea1cbfc5dbb1f84e9ccaf7101152b5a6,12,1,0,13
87ff90c0b69224f7546032291f0d5da41d358b2e,15,2,0,17
7752aa9b796068cbc51cc4ad8d7fc4b59dfa1c2b,10,1,0,11
ff96888e0ae682ec2c2623c556f332235f25c9b8,10,1,0,11
a6306a5471a189fd4bbdabb9c1ccd9a8f0c38cb5,10,1,0,11
343191bce46f9d745c1c0151ba86ac6032e76f16,270,7,0,277
cdc5b49f31973d4c973dc465f7c01ce2eb4c8c89,81,8,5,89
1597e6ca1cf9a3b59b035b0c013aa6d26c8064a1,4,2,0,6
dc379fe14179a819818e31b190a68982f4dd24a7,4,2,0,6
bf6a26b738a7243c6568615e5c144176a2f827bd,343,15,0,358
1d6f45c42da7d547e0f5d84b3eb341362d0bbb6e,8,1,1,9
8fea96ea1bba43bdc702e6096bb5492bdb745b67,58,4,3,62
2575cf33a4b8389aa84e9cf0ee68d48c3a48bfa7,153,2,2,155
00e61e52678aefc2fcad0179fb3e05b46265b102,16,1,0,17
c001d47206ec4c63d757925742b7083854bd9c2f,153,2,0,155
93aabaa4b02b1cb58d1ece49638a22d8a26bdb91,16,1,0,17
13629ce89c71e5a1e1c447885ce0be9d3efb5a6c,138,12,3,150
040f0f33994533b8acdaad5c41a6fa37c105e658,2,1,0,3
04930caa238ae974e037d9705e7b329fbde9ae52,138,12,0,150
e5c3ca3a952c3595bf240bf0adea8117dd4db116,5,1,1,6
c6bb01b49cfef14310355148c4937aab8489da13,251,12,3,263
ce3f20be6d1950fa182f1622b92984b465ae27cd,243,3,3,246
c517fcf5a7c9444e27e5f4d261702aaa2dfe726d,153,2,2,155
c2cedb0ed5f54cdbdc60635043555c7c47c04bea,5,1,0,6
4c2965feef190dd73acca52e16f62108206be43d,8,2,0,10
f6111b55927f6df9a0900bf5c906eecb23f3d422,2393,10,0,2403
740291871013bef818edf3faf19c8d4c6eab1ba5,264,8,1,272
bfabab2d0ee22808eef8a597b4b82dd84e5a2c87,69,9,9,78
be906e32f68d35e01f0b0e5f610937a27277f71a,4,1,0,5
54bb7d760d9c1261a64fcf3d0be858be7b14444e,484,14,7,498
b9256a1e7ead475277e8ef2504a736b74ca58ebf,1320,84,3,1404
c6ec7e1165017d4331199bdf667b81a6f2ed91c8,70,1,0,71
abf5dd7ad9bfa616ee1d0e819104bf276ace2149,0,1,0,1
cd439672847d764838075b7eafae504ce27d0563,175,14,0,189
273f291d9fac0919d57b9ed732564b323a956f90,297,6,2,303
1282f8b1ddc248e562ecb937bce84acabb8198f7,19,2,2,21
f3808831a8df1b67b81a92f50cd2b23c3358e604,2,1,0,3
de39fbf269ad6f834ab01444558ea2dced1c2035,491,22,0,513
7571f211ea85854854f08b9d2cecaff9850e126d,6,1,1,7
52600f30dca8397f417a53611231d1ad3e66454b,2,1,0,3
67d027e518ea4bb64b7a2bc51f1327fe204a2b50,2,1,1,3
bada5c78c16c1ee7b48fa04198e4266b72392311,4,1,1,5
3de0e475ce7d889fd565f9be2c18a72cafc86430,4,1,1,5
d3f04ff8a20949125d907fbc781c539bc81c924c,8,1,1,9
cdcaf9aa760581c80732c75311c2e0a57d29ccb4,2,1,1,3
aa9d23e80a08d0cfb4c3fc13cb7c59bc2ceb3bee,4,1,1,5
b962a91582f6d6459fad24a9529bbe692eba20ca,4,1,1,5
b08e0b20f46fdfb4bb86b6c495e407d77873e077,4,1,1,5
f0390a4db119b218ed616995e09947b05d49e9ed,30,4,0,34
a4342d9ff21dfb6a17d11771fd525dfa5e1bbf0c,0,0,0,0
150a644e9b939ccf921cac5c34af97358a16c50a,4,1,1,5
8a3d68a3816a08926d2002b5cf91dc559b0d9197,435,36,0,471
0309f9688872e0c0fc7ff74514f06f47aef388b7,10,3,3,13
fd091c82892040df8da935527ce72da996fa7718,128,7,0,135
c2a1631bb6a19848647bd4fc07a89b064afffec8,7,1,0,8
a411f94d29b9073457ae2b31f89dd9f702e6bf53,444,5,1,449
7b54cbd7499cd498b04e821dfa3b572bd94debec,449,14,4,463
3852b0b65fdcfeedd785405650f522e4b31865ff,3639,37,3,3676
40bf02879447c765bf0c5f7758bf716937f9e4ee,96,6,2,102
41297fdfe4a67265d20660307e0d0ebc3746749d,281,17,2,298
46a6ecb678a7438d9763bd175d3893737998fc7e,39,1,0,40
81adc79ec91547069d2038eb3407d631f429d14c,48,5,0,53
26d9a5383a223b05415127ea9af20b54c03f2c1c,2,1,0,3
9702b52f8ade6f2ee970d8cd77a71911106f3f21,33,1,0,34
8616889556edf4aef532389c2639555facfc710d,4,1,1,5
6e3d1b11b409a966a351875661e43f48320da3fe,48,5,1,53
4f95be256fc49d3d2d58076adb3e2d213822e24c,221,8,1,229
49c495b9cdf017d91928c7ee5e15387c1e86233e,1176,25,5,1201
35fa5e630be2840eec2f9c9500e6f79bbc841597,15,1,1,16
8fc14ec004cc87d731f4d089f5b5c44c91831e40,11,2,0,13
6fce2c52fd08da232659ff5b90bf15ad60c9dced,15,1,0,16
833405e355a10e86db8054497d92f0b459c6e399,4,1,0,5
25809947a7715d57092d8bb009ef6e48afa79b62,5,1,1,6
b3d347e35a254928fd1c4a0473f1b17d642c72f3,10,2,2,12
f60cba7986bcde8578e4e0dc4a065fb834514373,2,1,1,3
4e053e45dceab7b700ef0b83498219018c0d33e9,1087,14,2,1101
1dbb37f02ac6f927e0887263d9f67eb20284a8e1,322,5,2,327
f025714ef0d21ffff7ebf6088c254f26dd9aa3fc,390,5,1,395
4e143d7e485aaebc795f96ed7e33e99d8f9f2b2c,663,6,1,669
56ea681b77543dff4fb4675078b43b1340614b93,4,1,0,5
3036c8d85db223a26f48f273ad08b6ea87e2e2ba,266,8,3,274
6b8932be58d1681daa7d4bcff979d1d8d7814157,78,27,0,105
d90d1e2ec8f4789a1d23c73ce4905fccadb986dc,138,32,7,170
13db2daaf87d34600bd63f8e14f05e2db5032e0c,46,6,1,52
b1c64af196c29daed39aa854751bcb8eaa46941d,16,5,0,21
d9177333814450ad5a7b2ea88464bbbb2664b959,3,2,0,5
0d7fd86bd420abbce879a01aba81f60e6ef2198f,78,4,0,82
a1e5cc5783fc4b20f8c01f3b7af17a9ac772afd6,2996,21,8,3017
5fc682f11f43f61d14d6b70be5ccf949a9ae05ac,2998,21,8,3019
6afc2fc3ca390dad7834105b53804b89f50aecf2,2,1,0,3
7c1ef1ae6889ec093357c8426d07b1b5147b62e4,512,37,5,549
1223525478a80f527abcce7327a4d8b92c8b085a,2101,14,1,2115
4ee154c808ac0d7384cdfc0dfc5c1ef5733e7e1b,10072,222,0,10294
075e7d06d55ba1c1249ce8b4d3b491aef7cbfd31,4,1,0,5
155edd8d254fa56c4fcc1666fe014c116e649a39,1001,9,0,1010
94f549f2ff03c5f1f3eca29eb337eabf7d566cad,736,5,0,741
30b731b3c54609b77293e08c401db2d96e48e8d9,54,2,1,56
6844370dc16790423a59fb9e9f6ec39ca0699b9b,1064,19,0,1083
52534c33ab517981abb6356f550155bc8ae23761,422,3,1,425
81feb9596657c432efe404e6046a142b8f831df3,404,17,1,421
962fcce3acbecd028c4787a6255fedcdcbdf9db1,2048,15,9,2063
1dc3936e6a8384e5b5052757d642ae0914be81be,3,1,0,4
49a5cc5d68a62602bb485b342dca9225c0a23193,4,1,0,5
2a77dd3a7f01208d7172b66f6520cfc0e6615570,148,18,3,166
52a733f6bdc463b1b5527b29a0817a85bf1ed7bd,22,1,1,23
541ba4037dbde7f93ec7951e57fca46ad1a9ec50,54,1,0,55
6695e6c3e46473c8b17d5a8fddd720ec7c6d91df,577,14,0,591
3a29b97371946e50da8d6352e39428673e9c74ca,6,2,1,8
91eeab7ac3e29cdba4cdb9679a0c083aea8fc959,248,11,1,259
077af17f7e62ed1c4d0f699c9fd39b9d8161ae1f,765,5,5,770
c4b0877f29c6e35c57491324837849c420f2b884,2900,58,7,2958
f4d8ea914e61981ff33e41aee498168b56063834,765,5,0,770
4d1c02669602bef6e696494ccd7382c967d2f962,2,1,1,3
8217be6a0f7a3a0e564203e9ace52697833863ed,2900,58,0,2958
c9eb539b565bf0a49dbe8dc936c1b2f165946805,4,2,0,6
a228c246ae58894d0939887218252c2bde882fce,768,12,3,780
02b59e433bce7a4c3eece7a80e7a053ae0d69373,257,6,1,263
7d3621b6907ca4fadae6134593e6a67dd389ff54,166,1,1,167
bc6bf5fcd2c6fd996c3f3d2b1731afed26338091,6,2,2,8
50cf42a3137fe31c00177042eb65001253aad518,2250,32,0,2282
9527933e5fd088bdb1e541daf6cf3fb412aadc1e,8,3,3,11
10cf673ce288229d5ff346f95542e0b8d4a9fea0,0,4,0,4
10ef06a14245c73cbfe66b744406a0391c4a9c08,156,6,4,162
75fb19deec4a4dfec8d93a27008faa1c90ebb780,4,1,1,5
f619e094356959cf749243989e3c3c17daf93d50,10,1,0,11
9879bed8026d2ac181d146e537de4ae407951fb5,63,4,1,67
6ffd5ce310b13bd63d4eee3abfb434cd7f76e0eb,4,1,1,5
43b40f4c405eac860b75c0648a0656dbb12eec92,10,1,0,11
27300974bacfc5d8aa927cc082933608dc325bcf,30,1,0,31
2ed4794f7aeae28bdd51662a810309f1156090d9,625,14,3,639
e0853eae7490dd918d600f27a3898f778fea06fc,8,3,1,11
b1b80944d6c5c6db74cb1e2f07c9a74975aa249b,69,2,1,71
473cb9e70a2f74561435edbda522d7b5800ac7d2,110,3,2,113
707aacc0bed77237609608ba5d9251c62920bd16,117,53,0,170
cb0d432f358615b12a65eb62f4b03b70680b3575,289,3,2,292
d8c51453bd6a941ffd9a69accce39fe108d4c1e8,4,1,0,5
f49deb28121c718207bbc9b92acf4fdb8103012c,3,1,0,4
0acb5db8e9b740d0e1109d0dba0e247e20267610,7,1,1,8
9ffe402cf50c3b4260f132945b8d51e56f3926fd,7,1,1,8
c28af3c43b172279c4c25d46bca471ecea9d4c36,6,1,1,7
d124715280deec146f7340b03495ed31a78fb7df,18620,315,0,18935
27ae6881a318f35df670938648b8ce39aa5e4f71,18,3,0,21
91e31e99c2574f7cede8d80ec9b8d981ccc34bcb,8,1,1,9
e9524cea121ce70338bb9bf1a5f622acc445d5f0,12,1,0,13
e4dba7bfca2316eedfb476ba98253dbc943f7db6,3014,75,0,3089
4f1120f1b13396139fd3bb72ecc22772b9e58fb4,138,6,1,144
dedf283a5ac21356ec53ba8320c0d9407f06e522,16515,286,0,16801
d85fa945f7d8558bb22ac60a69cd8a3ea49c87cb,332,19,1,351
f85c6a3e6b81e9a3c22bcb5a301cad1dc5b57e8a,483,14,1,497
056490d239c46a3950234ce7ea9afc4b203a00c3,198,3,2,201
0bc1d6f42e637e5bfc45aa99fdcb68fc7896ef4e,110,3,0,113
b1b5428e2edba42c7412d2216dffd221c13f87be,5,2,0,7
f65a53e419346a45e2e26f4c4da84107d227e45f,1713,27,4,1740
f8b18ccd4b3fb90d8910cffd8476b42bfe9b980a,1164,40,7,1204
9d67c20c852455e767c49588956f255cc9a0a317,613,56,12,669
0e48722679226a0845ff74dd447f77c2da50ece4,93,2,1,95
e6e475c068d41723d69a1b37c906f3b3fc309a8a,4,1,1,5
15cc1bdb0b35175b79487481966ad9e180927d84,80,3,0,83
b12663fc44b2a0b8d0d867aa2c762e62b0c71250,234,12,0,246
bd2cd92349cf369f6a2f8b634591e180d8acfb58,1717,42,9,1759
ea63c2dc5e326c98b5091c9bf04d348efb92e8fe,25,2,0,27
b09939f95f358a5c25c6eec5135499f50b857bb9,7,1,1,8
ef785cb2cd8528ef99f101924da85837a0d5dbb2,32,1,1,33
6ca7a454acf1ebc8d344fdd5242c5f7e18e04d7f,1736,44,0,1780
1334e77a7eb23d575de9097f519a64b4678e9dff,12,4,0,16
18fb46e2bdb5c75dae0d567f1db68bd593aa0355,78,2,1,80
df931bd09d0a18af839c8d122853111488c1a294,1726,104,10,1830
e9aa4d101506a6d9bc93dc9133c1d1c5aac0996f,182,9,2,191
05e739f1689cd801f669f3a668b5039ca0a7d653,1263,14,2,1277
b5a30693498c17e5ecea04dd19c8608f54321076,6,1,0,7
40978109fc0996caab6b26ba797e33d3e1e6d235,809,20,0,829
a4d625d0af58437f680b7c136bf7cef72e540303,2036,120,0,2156
5a180027b174c1b76ab71a789633fe5f80bc9180,1215,29,25,1244
e12e184ea609c3015bc9ffcb737629f0baf74734,2,1,1,3
3ec52f36ba4ce4dd3ca4f36bbdd557657419465a,1215,29,0,1244
cc1aa5331bbcfe0f5c0b6fe1dc230dc855c9b8f7,4572,53,10,4625
54c44b8c5dfe82853142a8bec0925d860697359b,60,15,4,75
db888607926d7ecc5bb54da7150c85013c56ee4e,532,3,0,535
9d7543a8dedb85f1dc904b52be3673f4a151f8e7,11468,83,27,11551
e769c3a807b3f367fc1ef48d62ca3e055123d8ee,2,1,0,3
7f0b3fce5ae6ed0652f3dbf64f0482e63d36c38d,16,2,1,18
c39b6d43d61c9aab3dcd3240537a487c2e4605ad,92,2,1,94
93861f341f8bd138dd89fa80d30f22050f6a25cf,6,1,1,7
a5d50a60025559435673a066d61799d1aafe3b29,2,1,1,3
2a7d886553a967b330342d7b6734a256ce890946,13504,125,0,13629
215b0cd9cac7d67fb5609058f8270e6bc38c8f76,2,1,1,3
9fb79622bd24bf99532f7064c73a8ebd82a497df,4,1,1,5
c122dcbda44a72b3899155d0c050eab6f43e473c,5,1,1,6
303def3595bce137d80c5859bf4615eece69433a,2,1,1,3
e4c6a9081f032b48b2cf8fcafd460b401f8649c3,17231,259,0,17490
5338eb8d8d2dd4782427541a5a397e047ff57ed0,137,3,1,140
4134f64e7bc430606d4964cd929537160914ba1d,72,2,0,74
1118a01f548467eaf5f3b0a5dd35a4af9053219a,24072,359,0,24431
d24bf49cd87e37b9d16de074ad8c3ceb9024a1dd,6,3,0,9
9304dce257104c4a599a58b1ecb58acab80db6c1,7,1,1,8
91059ba8422e0caf5df2125e19fa2dd165f1b91a,7,1,1,8
7bedc8aceefb94d1bd87620887a8a44025518abe,60,2,1,62
48de05989c858e8776a0947761486eed950bd8ce,60,2,0,62
15da54b9e392791818c5419068e0761d7a78f613,66,1,0,67
6bfb7ab14ed4f44e30c2fa670b910b8df91b095f,155,8,0,163
85787bee8b7aa0028b0b1aa787b18dbff23a9fcd,16,2,0,18
09339dedb3e1565522d1d114d08d17850606fc87,31,1,0,32
667c2e65de65cf6486b7ef56bb03c85b02ebee66,1110,16,0,1126
ec16c77f8d95e9ff58ca831d2f2115a07cce4a8b,2,1,1,3
04964b9bc04b3b87547b45a29b8510a463a8fd35,3,1,1,4
b85fa1714d40daa4a47b7cb0449b5f1712fa0a0b,6416,72,1,6488
bcb237ae21add57c15d19d9f1cf656258f597e39,336,18,0,354
6ea3b56205de19ceac89762d9c20c3fe62ab13b9,1274,18,7,1292
00c3a4335669ff7a7c4d18ce1d57a04acd3aa894,952,10,0,962
4c1b9d2d78381f59ce0a52b8c7b4e77a50731ecd,7,1,1,8
11d177f5d5d2c2066c2d1fa6e28c9b1a4052d6c6,373,4,1,377
fff4e4533ba187ddb4e24bec7effd691ff46c5d4,13,1,0,14
ce402cdcedc722bc1093452a9d46afd3a1d13283,44,1,0,45
195cd57fb6362220d2ea664046bcdd92d024d871,136,3,2,139
747c68488ef71b54d124a54ffdccbe4229f1d899,522,8,0,530
2cdbb2ff516ee9269f0813428be2ce5cebbe2a0a,897,11,0,908
28e0217f893ed2151092a5e3a9b0b96ee7dec77f,31,3,0,34
12a4a97dd322b6de542a048e971adff077b85b9f,72,3,0,75
208c5880d5f879775d6bacb98ff587b7bc518036,2,1,0,3
7f7111da5b1da99a443920952063c3080791adb8,27,1,0,28
46d3e0464ee57385e1428aee7786f1f939e05481,50,3,0,53
48b775d1fee0ca8868469ad01f6f192e3c1677fe,55,3,0,58
9f4739b7c0937328679fef60585dbe0998e645c2,13,2,0,15
a96af3c4526e7cea60a5b8f7fdb1d093b36d5456,5,1,0,6
fd640d7a86bea60fec65d807dd46757ee0093848,176,6,0,182
5b0a18dde8a060428fb9616f0ee39f85cfc34297,1889,37,0,1926
612f9876b7efb3040237f5bc1477a44f18f261bb,4,1,1,5
8e295cc2542b92c513277375ba4708d099d95f23,17,4,4,21
42a6390ebe1fb4cfa6fc8341e5b93b6bfba711c6,4,2,1,6
1486b5d9b12d752df7358cb51e16e8676b42f501,2,1,1,3
b65fde441756b926732773a793b0be998a3c76af,3,1,1,4
6a221934239220e74b683cf485fa90086130b4c0,16,4,4,20
be6e4398f8610c48d4e64ad37bbae8d3962bbac8,588,3,0,591
953f76b14a0cf0c4367ffd4cb002fb955bd82eaf,588,3,0,591
845c4f2722e69aa1f7ccd8ff619c52a013eb775a,1703,34,1,1737
433806d5ebc633742b143280a119609e21a4000f,75,2,1,77
7e399e842322a3b6d2dad3974255a1629507e29b,1369,14,7,1383
2501c3a52034a7e8d419eb335eab1fe7f2efb2f1,2053,56,14,2109
0cfb32f2b2c83d1cababb8aa70eb94de6b073168,5,1,1,6
178e91390e58786791bbd12c6a2f460ae240fa73,37,2,1,39
f7fdc185250fbe77417b0165566f44b6eee34955,7,1,0,8
6eb314e75c63fad4985fa0ef89f285fd2a287291,25,3,0,28
d59a5f02a74dd1015691d60ecfd61426cf25e319,87,3,3,90
a88ada43c63b54256676f6ce9401da269e8af990,152,17,1,169
e4b128e39cb88435c564bcc8ccc2bc913d55c2ca,372,8,0,380
51c0d8055157fedf20a28d206598c7c4c514a7f1,14,1,0,15
fec2450fd1f024696ae60ba3c67e6c7de4dbeca6,7,1,0,8
73c2db5cb55dce46ed98564cbf9a8842f09bb413,6,1,0,7
39405aef01c2afb88aad4ef44f9dba8a2e8468b5,4,1,0,5
0354db124cbfa356d7b27556cbc53978a322f471,212,11,2,223
c66df66c24a9e9dbee5caca459555fae7c2b2eb8,10,2,0,12
7944be8e6ad3bcad754d6e3f738ce18e6e0431c6,10,2,0,12
230a6299489b936086c81400d7234c7fbdef5e55,75,4,0,79
7adfd4a5690c235035b776e2ec6addc92b288030,20,1,0,21
47919078df447d7594793f2223649784fe1b8d93,136,8,2,144
dca9e5726130ab3d636d87d556e060b719ebb49e,6,1,0,7
2a8ff1cf688b6efa9e2bdbfa2b6de9ab977160d7,192,11,0,203
ad60979f111c9786f9da225f7c790214857d6f00,487,29,0,516
40104693f2fdb9d3c1cb548b69e2600baf05057f,2,1,0,3
7573003f5471676ed4047c406fa741fad9279e24,11,1,1,12
f7b308f9a31f19820d95f6276321a5e8d0cab673,26,1,0,27
c1a6ff7a3819909217c11899632cacaa044c2797,39,2,0,41
76b65b21af62f7a67752fab5a14c733455eba471,4761,105,0,4866
b783d2b71a3b05cecc62d114283e8d92dffcb126,11199,302,69,11501
1a01ad848f898ad4f0c15627d080acba9b84f9ac,518,10,3,528
242d988a077878cca93f7bec85af3438a94e44d7,6301,38,12,6339
7dfaa3b062d5020debb5e716395f9b5603ec07ed,6301,38,12,6339
621ecac317f55ba467bdb16321bfe550f5d3319b,361,4,2,365
354358cc4ec9a8f15e75d132c7a57d2361b5722b,242,4,1,246
7393227477d2dfeb7ce4925fee9945ed6bb80127,14,1,0,15
8b99f658dcf8f37e0785621d7028ebeb1ebe3768,617,8,0,625
280252ef64bb9268e5f3b4e8442b22606bf5587a,2,1,1,3
a4848a702fea1573af7f36af91d02f7df3ab64f4,2027,48,10,2075
80be22b52daab79216e90d3b7e88a8d2b56d3e0b,277,18,6,295
5d760a8bf29dac32f653b2d3d5ce01e39e5225d2,2027,48,0,2075
4ab2bd32535d04a2f70286dd318dbbb32279e36c,4,1,0,5
44ddf657ec153fa5f5e594ea625cc45dda2176fe,4,1,0,5
303d79ebebb5c2400940b09bf2ca01467ac615bc,3639,69,0,3708
37a2a9fed4d6b465a22b092cfe46d8b8e8560c42,57,8,1,65
93b71c777dc287c14df23c366d7c65f2af91cc03,31,1,0,32
efc79fbe12f77906ee2ab9266c387bfdc3b887b9,4,1,0,5
878bca564ec360fc9ae9144953ecf95a953b0e5b,1,1,1,2
1133bd13b2779851b1b49f263a2f2209a9cd5e3c,1,1,1,2
ee5a50f4b3124219f3fe2700cccaf64c6d031eb1,2,1,0,3
6ea3b5cbcdfb97ca07e290924068f692a52679fd,4,1,0,5
5e36b267ef65b5ee804d78d73f874c685692e3d9,2,1,0,3
3de9d47a88d2e13c4807e44e2c391549929d3c9d,33,4,0,37
e02b68c93c0b4a2905693d79e4d1583862206ad6,22,2,1,24
7ba2efb7cb31ffefa6868f0d7dad3d61993a52c6,11,1,0,12
9396ccb74f5136a60c68e2de451340281458c0ed,31,1,0,32
d70f7eda0492857ffd4879c311c814867552070e,181,1,1,182
37cafb6ef750e8dd094803cc02f1cc4d36e9dc87,31,1,0,32
9e48abad2cbcf02dbc0c768147f644a21500fd53,8,2,0,10
e7b78291857e1a1b3d65190e0de049c20fe4f525,0,0,0,0
67f88584a4ab330bbda956b3d0d830468d28920f,59,2,0,61
ba2ffb07b936063a84342995ab0875cac97c612e,337,11,0,348
0dc8902ce80f9e27072898aa08a0d00d2f1ae7fd,146,13,3,159
2b6fc4942f126ed42bb6c89ed20f5a9b4b37f655,6,1,0,7
4e45b981d271ce19dc5d12a53ea5a2423661f425,6,1,0,7
77ee0654b0d3b15368a94782339ec9db4cad959d,4,2,0,6
cb28819fcc004c209cc822eaddcbed374332921c,2,1,0,3
57ea0ff5417518590d723678eaedd85ee1d7e077,6,3,0,9
946360aa5438d8fabf0a7df4082ffb83346503ea,17,2,0,19
50ede23a1079271cd21c338968bf936623416a16,26,1,0,27
dbadb45a09dd2a8a2e7e153b9862f71419ea5ecc,17,2,0,19
388a8921032af9e055a021e6f859c030eaaa5ea8,310,10,0,320
0e1017b35dd4d1b8e4c2f0c6aeed194e87d89203,343,14,0,357
6a7d079b7c357d8120e2ae1fac78d6d492b17681,26,1,0,27
569dd21fc049be6cd89df0f24551818ba88f0329,4,1,0,5
9f7286e2d41e6bd91106b317c3b25a47292666aa,5,1,0,6
d567d2595cc95c5a27e43d1331b9dd523dc67be7,10,1,1,11
6b158c9ddf61159ce8f622832713e0bc508d1fb8,353,13,0,366
92881e07a561f25db5edd29ca5b9adc2c060d4b5,23,1,0,24
84c88e0d80ce2dcbd614ad5565e677d732f519a3,33,2,0,35
894057e5c0c8ae23c46daddcd494201039062d46,8137,216,31,8353
967cfcbb5b87e172a48e619b18e3988f4ef2e428,98,4,1,102
847b616f1a15756db8876fc8f88b0629318f14c3,257,7,0,264
8cc9fa4ff51926190d4d75b5b41f07b20e910144,6,1,0,7
55c227a5920223c30be73b304e98dfc34ea8f998,86,1,0,87
1f5a409cc138b7df396bcc78ab166b0b366ad7d6,16,1,0,17
440755f070e68c142b68460a4e3dc733edbcd9d6,457,13,0,470
25292c7ea6d006ec4dcb39516e4ff537ddac8951,110,1,0,111
5887ae4d7a318089bb8b19e56cbecc782be1ba76,34,1,0,35
af4e9488424cfed11b6279bf90e6b6921656f578,34,1,0,35
7a403644b60771b2bb76238f1c6d955bea9a608a,3,1,0,4
c9cea76656fb00c03811350260bd158ffdf8739a,3,1,0,4
3a8c19ed14d92bfda161ddf2d5a783ad34ace665,6,2,0,8
5a116cb264a8834840fde8e5e8a60d06023d6b1a,47,3,0,50
dc32789c270c7d4661178539957b2e27d5dcb91b,50,3,1,53
db221f52ef895d475e399f8cec49b75aeba4817d,172,3,2,175
80147128a3b07f927dec65f0a6934f6782efab5c,1191,10,5,1201
d54fcbedf9fdc110de8e73387a6796852b0ff42c,145,1,1,146
0ccba79f9109d1e2042581b45e72d9dedeef9d9a,11186,130,0,11316
b278fe3e357badcb26e78891d9edb5f31def512c,2,1,0,3
6fa22e2e2e00dbb665b3eba24121b756716297d7,36,4,1,40
f6ecc4820e3c30c844769abb67ec00997a1ca70e,7,1,1,8
c00e4ac48d1d9e0629f8f589612c16c726548152,202,3,0,205
b382062e02d7e3effca38d5181c47c76c16e24aa,222,6,0,228
1de6539322cf8b33eceeb8d1ffdf50ceb398cc89,369,5,2,374
b96886ddb9fae2d77b07acd7303ec6548a65ed63,182,7,1,189
fff85cb22bdffb0f758977156d41e683210ed148,113,3,1,116
d69362f86b3da5b29f42366938ba1c82403dcb2a,2193,57,32,2250
9a5fc056786494e748c982e0c766fa9842ba523e,691,10,3,701
38e66d93fffce130437355062c5c9d314e48b23b,4,1,0,5
3ff71fd742efda91fef6ed6d92dac11cc6d00976,4114,40,0,4154
f3b0be79e3dc12a1cab54525e905574cc7f2b7c7,6,2,0,8
63d55062790f481f104bd03eaf53c75473233e56,1353,34,12,1387
a0efe76068eb6c802e5c228d9b5734722b82f5ad,60,4,0,64
66c84ea32fec0a62b7a01f4094503e8ebc297fed,60,4,0,64
4c9ea5864e731a876673d6d3cda3639ef4d421fa,1,1,0,2
8d77c18c7004f40e9b48fa19e9abd5d893967449,6411,71,0,6482
2b7246b590dd887dd10fe19527116f6a98b6be6f,102,2,2,104
0b4a8f831fe2d183e6e831c90da0d3fc86ac2ed0,2832,57,16,2889
175b7f24e1d62a90e7a7159ad670036216e6d278,1224,48,2,1272
a7b22f8387c95931b0aa407eb951b9d2bc54c33c,54,1,1,55
c490de38c7b841fe51fec1001368bda096e82100,845,7,2,852
33ec73f901ca5dba441c6ca4e118d55165f3d25e,2,1,0,3
94afe3e2eb421323d1602c5f9845c93b23a96548,12,4,0,16
5ea0625b47962a12da0aaa5357df514a7aad83c5,6,1,0,7
fee7f86e2a27c5958ac873bdaece3ef2d97de947,202,1,0,203
480d457a724800c1afa4aadf3fc9ceda7f9a217f,238,3,0,241
a39681ef54206ac23f3dff9dab930dc2596d9870,1077,9,2,1086
ba1d563ae04b6e3a30fcfb2b89456f6fcd36d246,6,1,0,7
1f1030670a6e7f9fbad1d939301c884f29b7885a,3540,56,11,3596
f0db0d9fa579dda394a470aa1a314ed2b5c60a2d,12,4,0,16
dae3de0b72afd7dc0a0e32db3c5c6015166cb80f,34,1,0,35
e369e1fe797ac3309cf3eee74a7bacd3c1ad0565,3552,60,0,3612
f708c1a4d33b202bf0e74edef2f5113612797f8e,3,1,0,4
96483be6543e223282eaf8d5c8dbabbab1715baf,178,3,0,181
c85d1f5fed821d0fa5e354d19d7da3fd7f9ac87c,7181,111,0,7292
8728a5b8a1b70cd0aa2c623e38c7e93e1bd2d5f3,9,1,0,10
ce6363729f3553c6854ed2e8cfc3b5c244678fcd,6067,56,16,6123
4a1af37e39783d57b924138fb1e4aeddc137fc8a,6655,37,3,6692
d69b177de2084b879f5b9b5c3fb981d00996f066,286,4,1,290
60b805e6829b7076490bd3727472cc96a216adb3,17,1,0,18
900788b68c4e093606abd2f7820ca08d94763802,20,1,0,21
3c745037c4e03c75ca6a98ec7f80888c02eb90ed,140,3,1,143
6d8342176fbd15171975757a284ee30cdd3ba698,2,1,1,3
b876f76bedceab4d8ffbfb9b3fc69700fd005af4,18,3,0,21
c505f48a882e7fb702918d903a210fc0a7e65f5a,1971,62,39,2033
462f8332b5b745c6f748d157657365cf576355db,207,7,0,214
0d56b41ca0beee7929a2bd02293b84f42f34b8eb,1971,62,0,2033
3d4ce809fc96d93936a69a6076e7141da41d739c,18395,190,0,18585
9b6adb2903d69ac6e5cbf6e1677ee2ec9447fb2c,86,5,0,91
6d4ecfde78f94dd52834306d14deeaec63a46359,207,7,0,214
3430586c6ec7b224018b668e0f9e7d8aed012c1d,16,1,0,17
911ca9dc876955fa219022e514dda5885d1e0d47,18413,190,0,18603
9c7178557a7dde74fec0a709e8a574ecae0c6930,58,7,2,65
f37863a43bceebcc38af750c403efb35955b70df,65,1,0,66
0410f0e596390ee28a1f1535e63030442c557988,8,1,0,9
a28649e0d5aa15af82678a67590f0ee238012284,139,9,0,148
b60305fd09154e826bba645432e0cd54dc4f9660,13443,161,0,13604
8e7e330904b80f9a13659fdd7cf7f12dd6a36037,2968,23,11,2991
bcfe78b030392ed74209ea40e83c8baaf02eb314,926,41,7,967
ab8298afe65973750abe40f402246c77283955ba,2968,23,0,2991
5e6d0ffefb7d58cbc21bea651671d4de02abf622,1447,6,0,1453
c711484c30315c06ce0b31a8775bfc41b7ee1483,1732,24,9,1756
70746cbd17b4c7b4e3e218d288d82b8f4546b568,32,2,0,34
d92de42de528893920f51711acaa66b6d882549f,920,37,0,957
f89347f0ea83a964dc3cd63cdcab3ab123fa510b,926,41,0,967
f17dfd03b3c7db5a8fc54a095ae17a14a1e32455,3,1,0,4
80abb061b8a19b14a3d6e16f3c15de017d7df09a,37,1,0,38
ae5fb3e387bb2e349b4a9e12ebf9c72012e3a380,3,1,1,4
281b27755394073881194e9ad1f0aa219c14d22e,2,1,0,3
2de3b19b32fea283c8cf41d59c2d85d665b0eb72,3213,23,1,3236
2e7911a2c11f7760d6b2aa9f8f70f028667a31f4,8690,105,0,8795
457ca6fb5d64faf88869f4db7525673d067002df,919,8,2,927
a144b844ac8af2ff2a137f6e6e54e8d904881fe1,919,8,0,927
3d8c4c0f0cf7eda1544969dcc5663a9da0d6f9d2,9617,113,0,9730
802d48b5e8d3664db6be36f32c5e4c39d8eee966,175,3,2,178
df859c0a1b3c493d7df56a3e76699cac6169a06a,9,1,0,10
1c8ff109555cdd639ac0c8742093c8faf683b835,5864,55,0,5919
5d224f192cee59b9f7dee2a0741c5b334657b845,4,1,0,5
13e11b32b0d4abc9a5ea9fffe6b2c56561a4f56c,281092,1559,0,282651
15877a8baf8ab32efb2e3f945d7a993205ab11ae,6,1,0,7
7cd4a77a39007e890e5ae47fdcfe7a24b010c20d,281129,1561,0,282690
388c85785271deabc8822e1d8cf1fdaf4254b6e2,79,2,0,81
07f5a62ec8e496a9a43e802f3f7bf5efc1dc2f9a,1441,5,0,1446
5dce6d982dd756555bdc5eb868bd8a3fa1359aeb,211,1,0,212
96ae696f1cb7aad3fce47c3dd7e43699b0d78fff,17,1,0,18
171bbeefc6f695111607b16bd7be783d1421e8a0,4,1,0,5
19d2dd0571ba1e92593da50b8b35b35e2fb7b6e7,174,6,2,180
d71f6129bc737539e61206c391fc25c776f36242,4060,35,7,4095
7ea000aa0ad4a93dac7b6e7c6e15f4c928039556,231,57,36,288
59fc24f40b61efd00542a89b47ca3155b6793943,8,2,1,10
fa7a4bce65421da4f86c72e78850d987278f8e8f,205,5,0,210
2ae17094f58b4bfafd006dc2fc14bf9c0a6f8abc,8,2,0,10
c6b2fa56ff232d92a0f6770ef8b66b871be90905,2081,10,0,2091
805034658e20a5666abade26be1989723d171986,4273,42,0,4315
3ca58d7b5edd0354c73450ff9fff3acf8a2da2cd,136,6,0,142
aee7b759ff363fa9150097fd212b9f40724a8d15,79,7,2,86
fe53753368b001ea2c3d568f77b7f2b03c937bb9,185,1,0,186
e4109f9800baa5b0783755cf537c46000ffd4305,2373,24,0,2397
eeb91429f09c3525779e2d67e9e1bf4f24da72d1,21,4,0,25
01c24e7d07e15df8a9a4722c0ec2a9366cb2f669,204,12,0,216
a129439413b8ad440c70d339b5bc1c4b250d1232,6677,65,0,6742
1e732a0f9f38257e7d74960f7b9fe6caa4fcce30,18,1,0,19
dcbfbd290eebfaaf23ea1ec48edec2dc59227121,26,1,1,27
9922d83b8de24f70a89913bdf0c9739cc6dd9d35,26,6,2,32
e52b267bdf09be4b1661fe2d751e5505cac941ad,26,1,0,27
b75184304b03d8a7cba24473b550669ec95f7512,19,1,0,20
512fe6b076331a3d187e1e0277f6bd565d8350bf,29,1,1,30
11369331955070758162fbbd3904552eef390049,29,9,2,38
c88ab6ffe496032d13ed442e64eb09c3e12b481c,287331,1610,0,288941
ca0de93a9ec38615321cc16e01cdcf9f0698aaf0,6,1,0,7
eee3b21b10a2ddbc131254fd2d077d95db9340de,52,7,1,59
6dc6ffe12d6587a2b8b1dcc497828f16be45aa19,108,16,0,124
c23cda1d27816656e38937fb18c3e676248d7959,2,1,0,3
4844b3edafe2ec3d5eaf93ce56a87c45e2b8e950,8,4,1,12
76803923dda7fb346e273aca5079352532b586dd,37,2,0,39
3289cc1ff3a31f6c693007df6fa8920f05afeb6b,137,10,0,147
385668b3bd9a77f87c11e39a7d915a54a48e39be,67,5,0,72
8e1d6c0e8fad981fc48dd0d149fb1abf30b1a7da,71,5,2,76
4d29cb7f87aafa505807f4b10cddd0264cdac85f,68,3,1,71
dafad526f84ecbf503135c7538ffef07dd5e1c4f,9,1,0,10
0f1dd6f53a203b3530ca98db37405eac06b18c81,79,5,0,84
c40ab677e69f0d756281c62549cb2f63de907ed6,20,2,0,22
22326cc9e7994cbb4bf66471503d47ea4f5d4c00,39,1,0,40
9c1b7656a39496f03950158bc7fc2305eacdc6d1,67,4,2,71
ef2007dcba0405a2f8921ce2b324b9e7036143ad,14,5,0,19
809a44260d10fb394767ebb1df66857c22cc8cbd,40,2,0,42
f9690df8e6a87b5e537a2e75f5affc61deda468d,4,1,0,5
8a9cc5408f99713fb4a1a9036940fc76aef7b050,1101,18,4,1119
b9e4e0367dd38c5d4053e15e1d7307621f52bcfc,115,12,0,127
e02edcd36d79f1e107c2ebe5096238f2f2a62a23,8,1,1,9
b83f75edaa7145be443429d9cce54c86fe85730a,69,1,0,70
97270bf3ec5a220f44b21ba6fbaf254a9c0a6c08,2,1,1,3
f2258cc805fa25a37802bad4defe529eff3021be,1295,33,0,1328
0be5deaa14ec81af29437702b9f468d8d5f5a891,8,1,0,9
45c235e87959724ba2101c3b4d969a0b67595b7f,34,5,0,39
3c42da8b08973fab850a5ebc48b71915ce02f992,169,4,0,173
afcf0ab5e5d8e33351cf37790894c1d71ac6cc65,11,1,0,12
4af461a7f403fc0e4df13d23d0789eee49200b26,989,21,4,1010
28d6e006c40b83fc8744b44312e74779264c0265,6,2,2,8
041cd38d46b458ea3ae945e15411d4519c1bf777,7,1,1,8
d99fc8d12e9dd022eaa9664437fe1ff9b19d6863,2,1,1,3
ae0ea3cf9adcf73958cae9e9b8183cab907694de,129,3,1,132
7eea46d3ebb4268acf7e095187f5f2194732b89d,2391,58,0,2449
54ae69021b48fac6b04ab3ddb544e95f702283fc,2,1,0,3
30f01f52a60d65c930812715ec8d8b371cfa93b5,33,1,1,34
58b2944b975adb398ce5f468227767dbaaf29dd7,628,21,8,649
5cf8daee9785f9a754394c675858935e649bbc38,2,1,0,3
bfb839c035a7a7fc6c1a147647217893db456465,628,21,0,649
72e39c8a67e380c89abd648313634cfdd532123c,1,1,0,2
f2092e7eae9b0bbb8d259e946d188170ae961f9b,1617,110,0,1727
0a97c1c10ed950ff8a6ef88c909e6f5ba84280d9,61,10,4,71
446a14bf67f81d01e439867e5a3783cab4d59275,990,98,0,1088
e386798fdf1c4d43afabc24e7206307958265c35,14,2,1,16
be505f4846492cb37645349cd4d47ddc0f7e35e4,7,1,1,8
e8a14dabe0029e3ff6a4be4e49f409c73e304f9a,75,12,0,87
49763619f9220a794d3453944a7fc8dda9ce4d44,10,3,0,13
dae1b87af17abd83d072beb11243976bac943b2a,83,14,0,97
c3eeb6dc2ded5a22d80078b031a305b8c9f06805,19,1,0,20
c584ccae974cde2221220cc5daade57844f37132,10,3,0,13
1eaa8c92d2db395279fb33cdd8e914bd2f2f9f3d,2882,141,0,3023
5407ea692ce1a74604f9314e70c6888c384e8ae9,8,2,0,10
722aacfdfb9a89ad8696c73f896c2e0643eaa86d,158,3,1,161
f50f4094a037715af2d543d1a89101d05b0020f5,17,1,0,18
ec8169675b4f7360becca0d8abbd300371238f52,4,1,0,5
a0e414eb1695e2c43d6f4f782ba4bee64682789c,47,2,2,49
2f200400940c9ef1bec5b4490f2cb192fbc0fcfe,1,1,1,2
df9658bf9e77427290e0f548532f5d7dc61c1e18,439,21,10,460
895760eed90651d618ec1450ead9d16246b851a4,662,28,0,690
de08cd554e75db0df06a5438da5012ebf6c7ad09,231,7,0,238
19680d6dbabe843f4db009c0aa5380178e62d5ef,7,1,1,8
96efa387e21b8d749800bb3e661faec630e10896,2,1,0,3
e706216a5b2540f9f258dd41e49e98b4fac575a0,7,1,0,8
2d62bbb96b568b0cf45f29540a2b440f1cbb0a34,26,1,1,27
a8edb1ed042b62fc160b497d2f4febb28abc686d,129,5,1,134
e9f22aba2801636a3c8747dde143b9ceefeb669a,35,3,0,38
bde1d1db3592f74e9e46ca6af57b55adc8b96c1f,17,2,1,19
60d9ddc091d17fa2b246b0525b54d772345c3d11,44,1,0,45
30c9b8dbdff3f635525c4d8a3d6442ef2e87b754,17,2,0,19
41fe46953af80304e05c76007df3c30b8d681742,95,3,1,98
c2d4d1d2e180b0c22bf289166bb9b4ca902e257a,61,3,0,64
663e78dc65dcf6d8369f13ef8bf6c4aeacb6299d,2501,66,8,2567
e4f6224fabc0561f6ff8de33a8a7721bca3370bc,95,3,0,98
fa8e478d930b9ecb2c1534874f9993c1ae45c103,638,4,0,642
712e62bd241cecac969d022461fc048453b3db6b,8,1,1,9
857c63e79ef5aa34c8213d4c1ecb298866724727,3139,70,0,3209
e1db30a986aaecb823ed49505e55b376d2d08d2a,4,1,0,5
280639319757723bf9f273546b7c0d2b79575d40,15,2,0,17
91f3f87524acb278726e6d6f1e27d4cfdc56a15a,646,5,0,651
9c46fa961bb88524fcd6c8ccb85c28f8688758b8,74,5,1,79
1727df6a334b3cc879ca7bc9dd76e6f52f1e027a,6,1,1,7
95ab2310d2db49baadceefe3e667a3e1c930c926,2,1,1,3
722fe14a6814a9cdbfea1cbfe53598ba5ed8ea8f,87,3,0,90
3080f61ae9ca1481d65f18f7a84f8bbc9d682f79,60,4,0,64
e519c2f5b1e05f886c861eb2bd05aec7cffa5bbc,696,25,0,721
fc10b3e40fadd7ad792aaea63fe270c6413c5068,24,1,0,25
56aeea3d1f519229ad7ce80992a23bf367ef72c1,696,25,0,721
9b01be3ae237befe94574cfe32f3375ee45ff1ec,2,1,1,3
6312737a72b95efb417019ea13f9a811b9f3adf4,720,26,0,746
f3cb64e375ff97a35b25ec0687b7d599f212afbd,11,1,1,12
292de51c75dfd696459ef6569ee49beb8e7b10ec,397,15,6,412
fb5d54a6b7b737b9dbf93651a478ed3d7a21e340,2,1,0,3
0c03b916a4608e35993eeff276e2e12638930d52,14,1,0,15
6a95f88d4cea59d70dd02628b23be976dcb9f6d9,8,1,1,9
a2cdc73afd54e02c86ede0d6e81ed280d4b0aff0,11,1,1,12
8a822d81adf3a903b84daf17a11e642309576528,2,1,0,3
87cbc1945343b2d0e4667362dba0514c831ca2b5,30,6,2,36
ee5d9fd8beb3d6bf29ee2e932d4c1fe374e6dffc,8,1,1,9
a5d9993199a51d2d6d6203b7f725b11182c4d632,12,1,0,13
ba28eaf3808a412036043e419ffeab040afe1486,20,2,0,22
59ee87e17d4cb4cc1232dd883e2f708552139c13,954,30,8,984
3a6a46322c97d04cf649cad57e9d67cc2213b320,2,1,1,3
59f3726696ec47b52f68103aa8250d9f2015b49b,174,5,1,179
923fea8659eac46f351b8d64f710a351f6bbf3ff,188,1,0,189
0b61333a34be7fac8309ce050aa383f757f6187e,2,1,0,3
346733f43da891c2c343ea8e924032acaa5f41b7,252,12,0,264
dc14cccd9b66b44ecdd426234895eb19006ed293,42,2,0,44
eeb584d070f72ab5457135ad15217316d75bba6a,2,1,1,3
c5304a94eb0676839acb0302efb1159430ee8cd9,19,1,1,20
0fcc1d18f7d403588e2f018458b1d16c81ed131c,4,1,0,5
14e1628234e1bba995228625de0c6405950db65a,309,1,1,310
03ceffa36fa39b432bb95c92284b8a57af787bbd,11580,349,0,11929
8e605e9f33c99a4f8404bff3dd8902f4b08704da,6,1,1,7
407bf939a8beae32108cdb60bfba3efe3cc8d7c1,15,2,2,17
eed4b1c245d8a22d4e9ae2ce7200089025c8c5ae,3,1,1,4
aee20d9d6822fd13fd437420b439ea18e99d0223,167,6,3,173
776af1a5aade09174422de9b8f5d04f1ce50d458,1,1,1,2
3d6973b403e2cfe44c31d590a14a738ad37552e7,185,9,0,194
fcbc6d0e6c7042cb39abbc0b388a5f9ade958d95,2,1,0,3
6260fc1fc80cc77cc9a0ef776640845b979b27b3,157,61,0,218
ecb3cb445bf3ec51a67768a08db5c601459ca1ce,48,12,0,60
f5e9918f80c6535844fffdb4ce63399e233f7b00,38,12,0,50
98303001684265b3677fb663e51c4a44b9fd1707,2,1,0,3
3492deaec670f9870c58cdf608cf77282d184f00,345,30,11,375
b64100a32029723e5cbc94dd09fde24f78143cc9,2,1,0,3
fb4ef34a5e0f7d70674d8cbe3522955ca420c61c,9,1,1,10
e11e4cb5362899f9f5429cbb4683063ad036b8cd,3,1,1,4
c850ae474e1d60bf4e927206b580af19e7f208bb,4,1,0,5
74054fb04bba7e5b73c6c638c576d2344c5c6d2f,98,49,0,147
3e7c532d83fc41b4c8439f30f4157d84bbc3fa08,7,1,0,8
74f93b650c40b8551b333dfbc486e549fc38f41e,12,1,0,13
b274a5caf27c83ee4603ef7aa25a3ab5b89eb5ff,69,1,1,70
022cdafec2f23651c8de82ae7bd9bd5f37999e21,12,1,0,13
c38976319154e13a320ab1b161d2caa8b7b82d35,2,1,1,3
e0c970a5fe46940ac9ab2355dd5913f2f7fc2a69,2,1,0,3
2564a556e353269d4adc58160512ed9d0a5979b4,288,4,1,292
3ac1504d6e46daf4322b0bc9c4411b0f26c3a4aa,98,49,0,147
c4d29f987939f114f54a0d2cbf5837e1066015d4,5,1,0,6
4d1cc2b82d7bc21a9981a0b83c771c09e645c62c,194,1,0,195
bd99d1ea7fa58aac1fb2e4195b97a673b111ed9d,18,2,2,20
357d79135c891e4b8056abde588c3142c8cbdf1b,2,1,0,3
e7298adca37176956ffd93f1f01e32bef6626c12,110,1,1,111
ae40e2de81f34e42571c166d6240747323f8d545,9,2,1,11
f7709543c7e6652dc276e38629f2f1d1315fa84e,51,1,1,52
9b60c75c62d2e352a4a65b7c5a0b17bc79499ba8,9,2,0,11
ad9e4db5b87b064d13db4f9251c25efd535fb9e8,302,12,7,314
86ec37e5e7bb6302ebff35fecb5576206adc1e1a,41,1,0,42
50f6c0131fd761f6231e7c2632a010c093000e70,996,29,10,1025
dc0131da6582fb0f0d1ff25c62eb7462e5f460af,2,1,0,3
5beed16e3af924e367dffec841d39d09d326d110,996,29,0,1025
96e0802775fe94e9ba77fab147129142b809e432,3154,58,7,3212
4ba911f0a4dfbfffd8bef019dcbaa284c5d98bf3,10,4,1,14
171e9b172564bcaafd54532abbce3b16c7ffbc65,10,2,0,12
baab3d2b6e047f32f33f1174474683096f2eb373,17,4,3,21
e6f6f407ef4f0c3555fd80fe5ba328739d94e3f0,6,1,0,7
11d668b2f77b12e7dc9bbc8ebdbfeb5e2ddad716,14,1,0,15
e5de23e9b61acc435ead4e70be9970a307906dbb,16,1,0,17
d5fa3c1b69cfa336e70087dded9ddfa099000235,2,1,0,3
6a109ebd4c637b3ec6e298ae8cf785c422abebc1,4,1,0,5
92ef7c7ce8229130762b64082cc9455579a05247,493,10,0,503
23ead500762095300417759a30c08cd76daf210d,1,1,0,2
3d585d5a5d3ccc5c3071d7547a19cf055bd9ce83,4,2,0,6
8033bc46df9087971e72187ff75557749cee3f7b,7,1,0,8
233231de53e0d2c7d91244f7d65a13ecd515d8ce,26,1,0,27
11b426297cffcb98b6dd374cfc88184b2b04246f,11,3,3,14
34596c63c883af696daebcd6a24bee2ef55e7e2c,22,1,0,23
c10b112ad0693035d6bb2b1c782fe09f11aaded4,3,1,1,4
3fbf3e9544329210c5e59be3f3ada13ac51a4482,6373,193,0,6566
9a14d6432932fc1a1fdf2ddd77dea920382efe8c,574,7,4,581
ebddcb187231c08bcf53a7c567f10064393a8e60,164,3,2,167
c077522038d050aac35ce034cc86d9af7959ebd5,16,1,0,17
9c27ecbddcf898e0bf209c5200a81df291763fd0,156,64,0,220
3b26859bd64b7ddbc9d0b8094663887784b4f2cf,156,64,0,220
49a0e6dab31cb64d361bf0539c5a99d05bd6e1d6,779,13,0,792
d5791837890a70e1777b86aab281245701afe1eb,284,13,4,297
5cd0039a535b4c2ea7434d4b085c9e18f28c930d,25,1,1,26
322a85a359e0fc2c56f5c3aa38fc48a92e553289,320,6,2,326
c292748013acfcbf6b3752183a34bb26de16c1f4,465,78,0,543
67ebd02c9a58ef2d835e55e4aa6efdcec6d53b8c,3,1,0,4
8ca163bd0f06cc832df126733dbbe50cea35c2ac,31,2,2,33
efe632b18e760f699bedee906050f66eabadb077,86,3,1,89
3a340034056f5da0ca00ed88e128b59cc28381d2,44,2,0,46
568f910f11472e6ab533c3f1cef6f197456e006f,1479,5,0,1484
0e81a3973cccfe6d912e073cd9f44db5a5c46d79,44,2,0,46
c30def8f049bddb4ec272528326f84bf90a1399b,2,1,1,3
3baf4d163c6edafa7367ece7901ad1efe695a8d4,1121,26,2,1147
bdbe4068b3851f7a412935acb3e36860cd08efa9,2,1,1,3
69047243bb1de980647711a59573bf44e69761eb,7,2,0,9
0adee3ae09a86334375b521871539b086215ba92,457,37,14,494
5ea19a4549eb9df619bad9e8a86b844a5db2ca1f,963,18,11,981
d0786551aef92f77cbb23097de18745399d00d69,46,1,0,47
afbb0dc0c1323b1b24d1a6f4f46fc78d255c98a4,14,1,1,15
e0ffc29593648391d7f45d7879451a687fca6e81,55,2,0,57
3ba7e541caa8f2dd2c4301203b07bfc58ef4cabb,60,2,0,62
01a22328289f707edb5e479b3cfd03e1502f2f55,2507,9,0,2516
3016c0f1b6084e675df36ef4e4cfab40faad0569,55,2,0,57
add6161451d3e8b263782e52c51a0e2b34daeb3f,170,2,1,172
d87ca48c0c6be4e806f2360f5cf1f6bcacada62a,145,6,0,151
c946c762a15122ab41e8f88b0b9bac80e5d2d135,113,20,0,133
6791c50037e2406755ecb79c85812daf55e05a84,32,1,0,33
049f5bebd50e1350a7bf80886da7dbda46cf3ab6,6,1,0,7
637b79ad8902da082178e3e9cb63d80beb382a63,2,1,0,3
e2316ff9160ef8e54f8edeed47d02a0976edcac8,6,1,0,7
b541daf0bc9193dc0aa78b27efa610b26e49bec7,30,1,0,31
1a3c78400d0b804c5d9046604f3f114786af7003,94,3,0,97
e0bd3395896cd6df433b04c87d94d26b0cbe0469,117,7,4,124
6a7913c7614487993dd9ba97a2216952654726d8,9,2,2,11
941323243a53ec502b928e5a71ef2289f14245c0,2,1,1,3
be17c9eef8a1afa647214089e3d7689e97bb5bea,323,9,4,332
6cdd58042358049afacc10e169192a009a346846,1079,24,3,1103
6d7a6eaaf6ab8be9aa10043841817a3944193b41,125,1,1,126
959c4d00220b9eb4f516d2b858b7b23c7fcf51b5,127,3,3,130
f80637fdbfa2027722d5dea7bac1ce7475a92ff7,1204,25,0,1229
b0ff7d716f7e159fdea7b5346ae785fa7d7ef4f6,8,4,3,12
f4ad1287044244964e4bf81a19337f71b7aebeb6,16,1,1,17
f24749e2cc2880715765096b755806a6c48a8356,127,3,0,130
c12d17e2a1eb8a795c890c3df4c03927be97a197,16,1,0,17
d2008c53d2d3ab25ba19b018081f88798140a274,212,2,1,214
09c9a0bcc9c608628ee9909eed0854c0a4be79aa,22,2,0,24
18fef56c2036b1d6fba8792522ea79d827e65aac,220,6,0,226
d466c7abc5401dc7744d6d72b328fa61b7f1d05a,11,1,0,12
67f4afa2313af750a933b81b912c9ba504d8ec4e,4,1,0,5
9012b39d2f06cd124ff3830167af8b0953df7f64,11,1,0,12
599d2edc6c4f3ce60654a53bb431d36db982bc87,34,9,1,43
2e68a87869bd9d854c3efbbb20a72aef7b44fd2a,11,1,0,12
46872d619b14366c40e1905579e7bcd05f7a4321,6,1,1,7
388c173651781232205e545453cfdaf636e11a31,15,2,0,17
dfd7a67ca079efff06522c007f924814f1b57941,42,2,0,44
5c2325765fe8370118ef135231632776443ea454,8,3,0,11
3f676bc369541c5284ffb9865956296476f0aeb5,2,1,1,3
dfbca79ecc976116557fdf1e58a2c4b2ee6962d7,2,1,0,3
5ba664c48d94f60358bb06d5cfc8d62e7ec1b586,2,1,0,3
1bc137394e7530096f10cf5f38f4982d6c1115f3,32,2,0,34
7fc6d812f4f94d987f0d2d92182ff85cbb7807f6,4,1,0,5
478657b4d08d38583ad6698390308f11ab8d29ff,137,4,0,141
541b2a4edce7b4c18ef6fe56a65219082717d92f,69,2,1,71
2089b7890dd15eaf5dc1bbf0b8dc03ca1ad18690,8,2,0,10
e1554df4511eedf15b9471ca3f078a9d6c475129,8,1,0,9
40d7fcdc6cd37dba5f37c467c82dd006608bf543,4,1,0,5
9d478ae5634e712143c9ea45801e612ec9b65bfd,6,1,0,7
1dbf20e0e13f8af83e6ff0a4299f0e1ac335c8de,2452,239,89,2691
0db011d4a8ad9ecaa7bfa2bc1c603077ed4a36d1,12711,410,0,13121
0ac39c976116b655304699d2477f207802cb5f8e,34,9,0,43
69a6b0f93b4ce55e9693620666cd016f527dd838,8,1,0,9
c2916442dc334c4968aade070d936139ba13d807,2,1,0,3
f6555da03d3fbd7f88beffeaf5bf513ff158a062,0,6,0,6
6e0ef3480ed7d2df33aea6c23dff69c0cd957306,173,2,0,175
91760b9ebc83b994531fc4635a7d821bfc71d77c,174,3,3,177
9a02acbe5bc1deeefe1b79063c6938984a25baae,428,7,2,435
ec1ffe13465221c497e603eb51dc690bc8a16f3d,507,12,0,519
98ef0ba35bdb103ea8317e5d1b0b5a4d2fe45f35,1729,3,0,1732
2b3c93ec97761f70a889c6d408ff43272e786b06,8,1,0,9
71ad9ceadee77cf6729db6582980038564ef2dea,2903,100,34,3003
469bf6d62f4ce6088ca99a2cb6823523958c3470,344,14,14,358
1f2af31e27c28c66b49a32090a648e3fb4c07a2d,25,2,1,27
10b83fb852e67ab904453034c1d187d1e7f4f36f,3198,214,55,3412
6c61598bc66594e535af4fb10f34abe6797b72c0,142,2,1,144
717dab259e3f0287046ffcefa28cf9214ab65ff7,215,4,3,219
6d96bb6a3219255b62af826e6806b1aa564bb005,16,1,1,17
4ae6292cface325f21237db5d18ce77dee380072,19,1,0,20
ed27fbdab9d8307b4db427866ed1094526c117c8,215,4,0,219
3db14482091d01e96e1ae40a15cb903c3adcddbd,10,1,1,11
acb57c5eb95d11ebde5557618226d80f25ac610c,26,1,0,27
ec2a64714c176f3a5aca60a058686d3354dc6a76,45,3,0,48
484a3afd05b9ad5a524a28c517ddc0a6b9dffcbc,23,1,1,24
47f1ced214b4176b13293386c1e2042c9cc20b32,4,1,1,5
4d086734833d96b7e2403ce4f17f763a1c75caab,16,1,1,17
de0b1badbf34538e04e7cf4be5378ef929fb6201,68,1,0,69
beb64c34c271b7eac1388179b11f042b34fa0d60,10,1,1,11
72e5b9adfdcfcad4b0002bbfc1cf20fd3a0ed149,68,1,0,69
f587d851ab0468a4b13657658f00337a6859d7eb,9517,279,0,9796
0766ad70956319c12eb1062c69a5c9764476f27e,8,1,1,9
4291edca326be4eafde331001238a9181333fbfc,186,1,1,187
345fc27d90f8ae28697fc021d55c7b7a015faeee,6,1,1,7
fdea7cfaf6ea26834d2694cbfc9634de8d24209b,42,1,1,43
f3cc98b189dd4c4a4ad6325e6b9a6fa6db795099,335,7,0,342
f87b80f7bf6e38b3ebd21088d4e8aa11a505ed59,49,2,0,51
6bf716afc490a3bec987e788d795fd979edbdd23,2,1,0,3
68d317952485dd0a4e09844a9cdbb3a0f23ae399,91,3,0,94
1224658fe0d4b572b9980fa5de65bbb043646377,12,1,0,13
3d9be34c104cc2e89e2422e4f9c3f126449c8162,25,1,1,26
d6b46115147704f13c36aa59f307f77baf954e3f,8,1,0,9
b906ed3f2e3c235ddaea9061af808e8e4b1c769c,2,1,1,3
84b9f58ebd1b07e88870c11973ce4e47d256a0b5,2,1,0,3
87bddf40c7cf30efef8e195deb86b22b48cba101,119,2,0,121
a50e963b5bc287d8d14753a1ba2f293645381b8c,175,5,5,180
d14dc9368b2ab6654fb405c0be8d16f30974fe0c,32,1,1,33
0f98d519cabe7904cf4e872ac1f93cf9b743eb14,22,2,2,24
be60351c060931cf6d922f24887442bdd891d714,2,1,0,3
39b2c2f4693c4b4ecad57e4b81b8ec8b7a35a8f8,70,3,1,73
6703375a5e6ad00bed74b7b7b513483bec636f37,9,1,0,10
3ec44ba991f3c230aef08f46c386d64293bb0818,1888,5,0,1893
a3a8138a255608f9bc87c7d60108f2ac241fad85,146,4,3,150
1100893a6f02ed7dede6cc3d3d8b71ba8e73dfeb,10,1,1,11
25d3e445381d611a7a6c3afbb784ed88934374c2,86,1,1,87
ad95ed5afab6f528292490d5a0cd869ecc26e488,2,1,0,3
0c550aaaff03d5bb7f2157037f0377e293e185b7,148,2,0,150
9588124a576fcf09d8aa13f39ef5bc16ad2d6ec9,20,10,0,30
c930e7d04ba6c5cb579ec04ccee0de82287b661d,148,2,0,150
7c4d16e1ebbd5de9be2cb51bb408a844716ae892,12,1,0,13
90b928d539384e79e1cdc9764bab1f1782ea87c7,2,1,0,3
e45f8ae2b0f3da501b1c46a7800d998788306e6a,12,1,0,13
96feee9f3db9fc792bb1cd7f9d4a72aa28774783,372,18,11,390
22d26bee08e9dfdfd90c87dddd6a4f8ff57b64ad,2,1,0,3
60609300bd8a8feb1b864f9e8013487cb0922827,8,1,1,9
e2a03907544c4a956e027964d181fdc2c8a26c9e,8,1,0,9
4c829d6a159f9c377103999ab5a93b3283c627ba,1,1,0,2
c04106b6df7de19d4a8b36b7c56806aeef74920e,2,1,0,3
98a87c4fb712cbb1b1bb69b4f11a26b1956f1b43,2,2,0,4
4b3fcfb62fbded61d854d5404bdaba0b7f2637a3,10,1,1,11
eb6a87ab6acc2dad2aacfdf8865b45e614a3ef49,1,1,0,2
ca8e6020ba11b1831c4b984f8e7d4e252a6cbc25,1799,3,0,1802
be57765eabe1fb0ca2dd9bce50d8260a690b054e,30,2,0,32
301d522798f0abab6ce77ef25bcb8e737e9ec2e1,2,1,1,3
ed5f2798fe18896db0d3d7c169f04c72ff056eee,7,1,0,8
894992d6846f8290362e43816524902a57955ee2,42,2,0,44
046f3b84fd78e36d6dc3130c3200f3e97074515c,27,2,0,29
df08d3de91d080bd26a1aa0debc656fa73a3f156,332,14,3,346
ab8ba9746f7f8f3be88eba73cc9abfb84cd86ecc,187,3,2,190
a586b49aec8671b4485886ed0ccbe0e011fe4a3e,3,1,1,4
85ec80870e640725d4e532f9a3c1b3de304fc6de,8,1,1,9
ec3fd1968ef477605738eafc0a2795a808290da2,33,3,0,36
1acbce1e7a59ae9e7436e083ab919df618e57c1a,210,3,1,213
65b176665e97e753f263231700b6907e51e94b00,30,2,0,32
77c6d08a41d349aea850b6c6ca4190b8ec77e22a,186,12,0,198
490f552b7a7a205a5dc2d34051c365ccc8e9f205,23,1,0,24
6fedd27fc3dcf41e657df9b7d2d3ca87a0006c0b,4,1,0,5
58e6412e67f16780731c13948e91eed8aaf8daf8,64,4,1,68
ea64f3abed69052f34bc743cb32903ab5051660c,10,4,0,14
b028a2677166b5cbbd613d80bd52b11a7f3b6dbe,574,23,0,597
d8c8214181b2fce4f069b2f8f1bb06ae3fc6d492,646,9,1,655
96dc238fd3e159c68ba54eef2fc6f3589aa6b2ca,653,16,5,669
d204b0ed9b1a905ec05f0594c48504e691ce7df2,1,1,0,2
7f35bc6d13cd609e63b8e59b1a28d30f402bd44f,653,16,0,669
5f26538d7ac7838500259e9213abf26db50da9d9,35,1,0,36
916f59aa1504a02288b965c50b9acffa29a2a464,71,2,1,73
9087f019d06b3c7a35376590177868877311fec2,142,64,0,206
dfa84c821eaef8de1486c8074d959c5c3ae24ae7,6,1,0,7
914b727b3ed2a8dbdbd98c442016c188f37ea057,248,67,0,315
c3fe967874c4c3606f6b047a852caeef1ccb55aa,114,57,0,171
e599f44b2f8b90b9dde0de8e374f42cec8b61358,2,1,1,3
e7e4a48677832aba35bf2828d23d16e5ce7a0093,2,1,0,3
bd1f506eaa618f803b39461f5198091d7cbea3a4,57,3,0,60
11bee91787dd3d6f2a57739e26622e55428f3b1c,57,3,0,60
c1e292667154d99eaa7e2621fc811b3d916e09a6,2,1,0,3
3223b05c082732ad77462f00cb09d24af2d768f7,51,2,0,53
1f484ea17ced36b44c2b78201674c302a484db5e,112,1,1,113
057ad5bb4d054cba90932ff5614a928b623d44cc,1215,26,13,1241
206e5a53c3cfa6285d911efe093ede03a3a67892,1384,32,0,1416
889b2689816a7185029eb7c992bf73f14600844c,23,1,1,24
e1b2cf2840b1451dbfc0bbef4540e5a9edaf6c35,316,6,0,322
a4b547bd11ca3bf4a5cdfaac3ad01936cf6e995e,23,2,0,25
d5a56da6b2503ef06cd3620a24f487988c2be5e2,2,1,1,3
301e7a1af38a3d9ef8640e74070e8c6b558eb332,8,2,0,10
b1f906555cea8990dd39e8050ca4348f09da7f7f,369,18,11,387
1a2ebdd0bef4a3dd68551ccda09111c1646c76c6,4,1,1,5
7ff475999116174852222e3562b8de73e943bd78,3,1,1,4
24eccb87f7657703390caefe00b06b5a6db08506,373,19,0,392
32cec99465e667e98010da87140a9eb80bfca743,451,7,3,458
d391daaf24f0f1545e223d6d47d58ba8c592e850,2,1,1,3
bda0b19c7f4af8f51823ddeb2e23583a3217dd5a,251,13,0,264
0482316e413661a3fb1bd15bab15c2a1e48cc294,1452,53,0,1505
10bb798d11fe806657412b5f1ae8a917d13f6ee8,54,1,1,55
48a1e0a949aadcf28729b27b5413f53cff905981,14,1,1,15
ece33ec4fa7f8c0d53014bda02ab0b7c1a89eef2,251,13,0,264
a34bcc8ac44c7db168e49a336596396389b00e1e,3,1,0,4
0c7dfec5d802832b0798c1982a543fd85af50acc,138,26,0,164
58b55b53f15f0752c8fff97e31b94984a67d081b,824,6,2,830
d4687d9f636b38736d327351ca4b22c3262a2ae8,109,5,2,114
9f1f6601e3b77010c57186fb6e041a58a0fce550,1142,39,0,1181
6edeccde24a2897363ee905e3cc5cef10e2f47ce,46,4,0,50
359bf2142627b1dbe26e00da1fb1ac071d71b4ce,49,8,0,57
e5869237561eda9e57cb3e7c86deb7f83a8275fd,38,12,0,50
ad5bcec935b20421effb4ad5886e39549921fe99,123,12,0,135
12d1528fb705c4d3812a5a5ccaeb6dee6a924422,30,15,0,45
284868099628452d7336107fe5459d2251864507,38,12,0,50
524d72e2bcb4a813cad25ab6d96b2ddc7ff00c83,52,12,0,64
81458f51c40f58b169da178bd7a572d3c9fe01ff,494,9,5,503
b534c42711d289408bacc9824300d6ec5fcc0fe7,524,24,0,548
a0cdb59645ce0a84344c6c92b9695c1a26e2a824,129,4,2,133
da24df99525b796a79fdb55997efe1c9bd515a5d,482,8,2,490
d8576b8f9850b53c240bd21fab7fe19abd717225,6,1,0,7
c5ed0d0e23329b8badb594e6f625eb58a24e2392,14,2,0,16
8c2b6740c43b3e32c424d2862155ce384fbafe51,2,1,0,3
6a91996e328ad29dde03b68622517360cb7a7ffb,14,2,0,16
3aa6f828318ac90b73ced040ae031efad763073e,3,1,0,4
627134b25ca730d7a7dbcec9facde158c5d15dc3,180,4,2,184
bbdb20248f606f4b5e9da709d54027a7158b6ea3,19,4,0,23
c0cfc6a784ab94430b730d200d37788b70dc930b,816,19,0,835
3ee096613bbbe9538de949cfe20fafd7d2471de1,145,1,1,146
fa48b89ec77a0095364d37371d52f544593572d5,156,64,0,220
1039bf69e94c07e5e8d26860f0df2037caab79a7,2,1,0,3
d134730895e7e1f764ccf10bdb3144c6aac861a9,14,7,0,21
60d157bde27f406bd52b3fe166f7375cf881a19c,4,1,0,5
276207a5c7a7ee0a4c76f7aebb569cf2215da10b,303,65,0,368
73d8b90488e5b7033cc59aca341dd3e5dda8bcff,156,64,0,220
2c8b259b4e0149887ce03e29cd9b2b5f103d1b86,13,2,0,15
6ad758ce9deb5154ba7b907cf077d2ea8ec0d4d7,6,1,0,7
c8ccd4f2399f4764631b504feb27efc68eb23256,62,4,0,66
d95ca2ef309db9a2be78338ad53b71ae3380856d,14,2,0,16
8be0ced4c4eaba4002a0f963d0d74519aef7c8c6,185,67,1,252
b6dab0915d691c9a4b9e949d90d93ced8458e018,38,12,0,50
55645c1bcca21d03f2789f97bbdc3658216ee529,435,76,0,511
487071fc5c1a3f59edf72d65e6a51ee90786e3de,144,52,0,196
a88e96474c2c09a963ab47fe9be1f950d68964c0,52,12,0,64
fbb4982081d08ea9d8d2971a1db49e9fed547304,82,1,1,83
66b33bc0ce10ccb5c8cbeb91dc9c3fdc75c7f6c2,2,1,1,3
60eec118428bc06f3107fee3ad55dd9a1c6d5cf3,5,1,0,6
16a9e6da2a8baca35d9b95bc0a28995d3f1c5780,151,4,2,155
53ec76ffe65d5788fc1ffa32c2fba66222e51dcc,1350,36,14,1386
9db05f5f6c64d3b6473d65a501a31287a6c7942c,151,4,0,155
29c47784eb6d07c20d4d72000522668dd381c175,5,1,0,6
bd05fa90b1d04c8c488717302d55558d84fb02e1,179,8,4,187
77e77e40fb9463ba3bccd01ddf3231ff9ef6f327,5,1,1,6
8f5445ab934c0133f45a87b220b5d4841c9bca43,122,1,0,123
61c072e51b16f6776e3e73252bfd5d7f09c0f21e,2,1,0,3
fe140992581d196fd2abe9702c3a6ac28ee9ba47,4,1,0,5
fad8b7a5a25788193522554b47b3d425c4ff1a4f,1898,52,0,1950
383f317d03aca8903aeaa00da903366911103cef,308,13,8,321
debe34de1881f5a1268993ae584db70f16a761cf,289,5,1,294
36261adfc87ae8c0e356b2add0160282f4164398,12574,394,0,12968
49c298866b7c113aa62af4fe0587d6d39edd9f50,186,6,3,192
85fd7e0cdb0e85208ba93a0f68d609d38ac2a4d4,292,26,0,318
18c413c41b51994fb2eeaaebf4cf727049db0c8b,157,4,0,161
7049f52ee956a168b4dcb043a672a6a9eb04ce56,940,27,0,967
939a170d9d27822b0ed19b019ecf8c76142c544d,51,5,0,56
dd0a8d3acc2696db3404f7708bf27e34c7456b07,104,3,0,107
fe44a566079504038627a8d2a4bf74b28e1dbb60,8,4,0,12
23d7e2515056b3c37b8922b6cfca4cb18d86aaf7,31,3,0,34
bbac649e89733775b02ba9af201638c59f6d373b,38,12,0,50
d62b90591b6ae36b1394daf17a40084e8a292504,194,15,0,209
cdda4b524eb4cf600b0da367b738603ef8a287db,166,2,0,168
4f2c75177cc6e7c06b30f66ec20397ae59fea6bb,79,2,0,81
ed8f9fce4fdffc170f9f4a3aae53804eb8248e5e,3,1,0,4
f023c051b46811eece46b97fa040bee07ce474d3,26,3,0,29
46b8f01d2a73811c9a3fcfa5c0e0e6c713d9c231,6,1,0,7
156e7879eeff34ec7ee5256dac6adb91c9b4fc9b,2,1,0,3
f97dc9fe399792ff81fc936a47704c6d62656bd8,2,1,0,3
8e6b365eb873cf4fce9efd61ac9f75648c957c12,162,9,0,171
d9d5eeacd6cb58af26471fba35da894410fa3186,909,92,0,1001
03ad6aa821f34eee42504d1a78c9256f7521330a,289,5,2,294
4a1a80c273d0e62589314af1dcadbc5c438d616f,3,1,0,4
e298eab9083dd0f604e314753f7887bfe54ef777,14,3,1,17
f1f8cda2f3f62231f42a59951bf34c39577c1bec,1,1,0,2
2613b9581736d8c10eac0ac3250910e76f9600b5,16,1,0,17
ce2a29b073b7934f2c5a04e6a076f4f07eed4ccc,2,1,0,3
13e408efaeaa6a57061fa4d5f8be4a608495e9c7,40,1,0,41
e661f17289c872bf34e40dc4a6001666aec1ca0b,67,1,0,68
cca90c77f56db5d96f99610ca8dc48f6066ac1b3,1,1,0,2
24a78f5de27908f608cf53915064164d25c0f633,1071,22,1,1093
dffcb834f0f5b8971398e704d520dab9b8901b3a,163,1,1,164
80579253febd6389dbb3a84706671cc8083df1f2,2577,47,6,2624
cd5cd2efe08efef42aef4f130474c563391e6fbe,455,17,1,472
ddbe2d596e5aaf0b04a26c584dfe2ca8a664c570,2565,47,6,2612
012ca7308bf125d2c90d68ef7a8bc75aeb84bf53,1464,26,2,1490
7d58d14a80b1c32f88fbb4cf68e5d289c5aee474,378,12,7,390
8ed73b4af8024167daeb4775e084b1f6a23fbf13,1743,26,6,1769
10012b4ef96f2ae727dc27c28185938d016ab9e3,1,1,0,2
59a893c2598a64a4777d4db3875f99df70577193,29,2,0,31
1d8c4e259dfe17611289cfac70bf1c3b351073cd,283,4,3,287
457a9ae4d3b0d6eef6e92a15f5ef79c15ccf1f95,1672,67,17,1739
cd44be5f0398148313f4c8d1802302c7a04f16ff,4,2,0,6
7175a425aeec1f225a9409778c8a316c3ee35151,463,8,3,471
2d106303ab406aec98265b0ae2bd07c7862d0f23,8,2,0,10
59cfbfdea535539227fd02ac2966a8f5dc42ead6,14,1,0,15
b409b8dee64d297fe03869533182109c8e40c7a4,2426,79,0,2505
8b0c59a25822e69bd2fe896685be5e921b859e26,111,7,0,118
d608ebdfd3f9088255dd6e32de6e90e1564569b1,30,1,0,31
2af1d9bcb6c89fc94c54c2b6c02a922241a6896e,8,1,0,9
6524c79629f587fb28bc43ddbef973aa2e83f66b,587,10,5,597
c4ff7111638e939ee395111840fd786314527003,2,1,1,3
fa427dce25061b3c85be04f83debb452e60f08a2,70,1,0,71
3a0cb51f8303af5a841c2d5353f9d0ddc0e626df,1104,10,3,1114
d8814178c2f8e93a76336069772cc3aec42fda46,259,10,3,269
122d27c831903ba00b9409ef21345b4a68ff5ec4,6,1,0,7
ca0f79e69ed39def0b6aa7611d9b3eaa1c7fba39,19,1,0,20
9c9b7192fec102e8f086f8cbf28ba5a648b96b1d,15,1,0,16
b20dc40feba82424934e11afa7d2baded1fb06bb,14,2,0,16
2625129057f116dd037089a7078f1dab4fbb6b2e,6,1,0,7
9d139e53165feb6b1641a1b4da37fcb8721050e2,183,1,1,184
422272d8298f454ac3d8aa7630799976d83fa664,42,2,0,44
add8379cf037dbb0c0b7fd1c337abdb429d95358,183,1,0,184
2e1d50d59a716a23a9f36e99af78d3fa4308e910,2,1,0,3
da601c27de1a875831acbcba9b563ed44df7bc98,387,10,3,397
36486b4117a7447802dbcb73caddad423d980fde,4,2,2,6
ce2dda7ca9a9be34458a4b472d9c4e34eba1a94e,1,1,0,2
c160ed4798c9d86e870a39813f7ec2037f8da601,3,1,0,4
130164605b2cd6142c7e01feb6aef6f3f9fac343,18,1,1,19
f6dcc63ac10150bd99b78b482b03edcfdc767d37,4,1,0,5
d85616b9bd788d0192272a13df18f9319f14a836,26,4,0,30
83b2bf5e1f287dc83343945b0e47b83ee7724a8e,2090,28,18,2118
22cf3a345e8f6bd517d4b0e875cabdd69491713e,34,6,1,40
d7fd5807763330c80536e5fe4b9cd8e8129f0a57,2112,30,0,2142
9a996332df81aee79b629811062d28fe75dead99,106,14,1,120
252ba877e2e8b357ca326ce23d8fcc83dd0138bd,414,10,3,424
7ca1a8db636fafe9908f5e413d1066a22f7c3d54,48,1,0,49
67791457f87097469f0efadcea6c6d13dd2ed37f,2,1,1,3
09c1d5e4ab4c8b6a68060806e3945a40df13f360,126,9,0,135
31bfc685f50e78d334ad40250b1d0389c175fb77,803,8,1,811
0567703827b7c8415c3e840b37e81a1ce8dbfc29,342,6,2,348
c1c2081dfea07cb19dd4711c71b6cce249bd559d,5553,123,0,5676
5cea23302f44ddd279df7a5e9ddd0a814b781ffb,70,1,1,71
0abe0df650c922f4166a4eb8295091a877ed22a0,2,1,0,3
4d29b2d427ba23144e14848dcef94ab1c6d8de02,2,1,0,3
5c7857292e76eda73c6dcaafcd725a5d913b6c3b,37,1,0,38
4079a65dc277b0187aa7727a0a0ce2ad1d325a74,10,3,1,13
27c906401d27e1a368449c1cbd0b19dcb33792b9,37,1,0,38
1c302e401b90928d48370757518e505383eb46bf,485,16,1,501
c77fc84bdd6a232adabc9a8023c5746649941908,270,11,0,281
965846ca5fc391102fff60d19584001380373bdd,1936,76,0,2012
bccd459842f09572db1c0bf799508c732fa0bc30,83,3,0,86
ba93717f9653769b43332b866c22aa69a58cfd0e,40,2,0,42
20217fae3bd2fc20ec68c84ffafe31a75ee1987c,128,8,0,136
190182927bc1d3b20dea06cc2de22cc74f043281,63,2,0,65
d2f84d1312e8bc22ad43b2e9076b881f0644d509,7,1,0,8
fb0173f3c7577cf36a60be3ab7e814cc301adb49,7,1,0,8
abe44f901722508de29abbf82bc5f3444e365290,23,1,0,24
7a31e4fb6d94a7141dfcb7c8bbde7cd8ce3165c3,7,1,0,8
50be0632a57bed3c6c3f4c5a746476f8c9160215,148,7,0,155
58c6909e34767c1f33b9486883d23aa4c03806ad,8,1,0,9
4fa85a1855e7ffe13e9a97a5f92d40c8f0ca35a4,996,34,0,1030
340658d83db3d8853127791797ba8a18740c4890,61,3,0,64
2314573ee04ca0ee07f5193578b521081634cd57,20,1,0,21
76c0ae36a66afc8eb456318c55561c48d104d6d3,61,3,0,64
7a660d7683c8d77c5156ca6c959c83935de77a0c,129,1,1,130
5bb1fb86b5ef84a2007e8205a05414e17891d6ca,61,3,0,64
7fcd6fc92861659e1d3f5df08a866743d1574cba,20,1,0,21
eb78b2ab1579149cfac72eeb6f80836ee84acb36,9,1,0,10
74f69847810c5cfe17cb0b5f1a595540c4d8d080,5,1,0,6
243a8575a77bd8986e7bc995e71d4a73a4d37010,15,1,1,16
0d8e6a8e359a84218e3f160c473bffbfa3a9caf3,178,1,1,179
26a191b4f7652e40f2e8d23bd2e46503bcf9514c,188,21,1,209
5f4a1130a0177598843b12a81a6502f475d2096c,13,2,1,15
557bf5dd118af9ef825624bb36fb50c44046456e,180,2,1,182
1f5b2021c5218a3b448a9445445d81c2363911a4,25,2,0,27
d11ed374024b7323bd0ea3606206a94b62ec9dfd,32,1,0,33
c55cc975d294fd490b53d9eb793f68c5eb9fa850,4,1,0,5
4edc7bdd192624a451c9ed19d4c37f26e4653a33,433,4,0,437
b294ac9246aa4a62cb5279114198344a772460ee,167,66,0,233
31eb38d72cd451f8499725a1019a837cc7a6fe0c,77,3,1,80
da4da8b9905daeb4aa98b88fa3f6c2f714a0c2b1,167,66,0,233
0af910876f024d327606c5d6d3b718d024dbe892,1170,85,0,1255
795a2455f39f3bbfc4f2d9f6b0fce990fc20b78f,167,66,0,233
54891f8c97075534096352823d7f08a31587eb16,0,0,0,0
80d244d8013187a03fbcb2a1a627629de79d6d65,446,3,3,449
bfae8665230642fe558aad6a9c8b0b14f46a8cba,6,2,0,8
644b198c62b43ae084c5b6aedf02c98ee33c26de,159,6,2,165
a4cf78a6207e5782d6a9b90f14a52955aca2c208,14,1,0,15
457e8c11c813f208bc7e007aa1159dd04e68d0e8,250,3,1,253
f9868d44757df79706b2d7c0a60acd1546ce8e8d,4,1,0,5
a9242a71051542821f971eb564404a9aa4d20296,10,1,0,11
a34d7058bd2901359cd2fda3d57a3f05ab6291df,1162,88,2,1250
550a4ea7eab41a3d27ff29d1e3a8df09d698524a,623,29,20,652
579d33a0913a0acecab02b754dca4e4ff4c87ea7,96,1,0,97
f74e89190f241ba71d81f9c5e46b3ca9fb6a87ce,512,4,0,516
077f237714aa134bef44d185263621e385167fe7,719,30,0,749
7464230aea75f35069e7965f5ef2157fcd82ae1c,1350,87,0,1437
d3fbb1cba6fbe28e31953ccde9451df612c67ffb,30,1,0,31
62d6ce73c2e48c3a3306b0be769065a9dc6fdfac,189,3,0,192
79db260fff45aae9fb30a322ce12e4091dbcd48b,36,2,0,38
7bec0b9c4d3aa99e480727b8fcd5be0198a64eda,29,3,0,32
7a11154201322fb44e8e0d3061f4cf19151f15fd,17,1,1,18
8823e46860c520abfc9b9c718df5c2d92f0c820f,2748,124,0,2872
132b1ae7c88382e45a12e91bd6f4b0be94b7d77c,96,3,0,99
1614c75076bce5a67e95efa7fae2d2a1ea015729,2,1,0,3
fb206c5bc0c8059cbcc8e503391cf0d8b8962c7d,22,3,0,25
c081e3d50f2352502997b92511c50a1e92be122f,113,4,0,117
5c76f80bf872989d0376d8f03e1adac6dc509222,15,1,0,16
14a5f93bfdb74cad9c2ff77d6c8f703a55abdd10,49,4,3,53
9103b201c4edf68b0fa75f05f5936e5ca637a0ac,135,7,0,142
6db40d43c0086ed14fd425188fbf49399a33f512,29,3,0,32
0dfb7a546db98a7111c87affe3b960ea846fd750,13,1,0,14
e886b90310abbae5ade97cfeafc1d768e3a37d94,4,1,0,5
d2a107b0df17213c334c595c3e0ed5f33978bab2,3746,142,0,3888
c2e5638d01fbe44f90878d1aee6bf4979a935a7c,4,1,0,5
8a8a8c17602505adb4234bdd440b2ae20ee9a25e,1725,41,0,1766
bb41f12cfa1111f2b54651b9a3eada6ecb7fed67,50,6,0,56
861236a16851317d3c580eb5a72ef8e5f8561b80,8,1,1,9
a83ac2c2a844ee37426e3da389e2a47eb0c18ac1,4,1,0,5
6ff77663b91e85ae68a11fca8ec2b40c7cbe6a4b,55,4,0,59
c92c274737391546b3dfe3ccbe527329c462d95f,1505,14,4,1519
e5fda53ae5f0e64e63f97db9d664081d24b34fa7,5,1,0,6
304370cf7500f259e7a3a4699dab9f08a7609200,5,1,0,6
59691291b55265e561ee5b707da8d95d2eee79db,5,1,0,6
1945b98849cb52fc297c726fa79a270706135581,208,3,1,211
4e61602eca679bf3689bb23f2bc1c9e58b4eb8dc,496,12,1,508
70473e71a16d46ab202fe0de49035778848715b9,21,2,0,23
5500a18b4db1326b2089e51f5b5b9870c7113ecf,4,1,0,5
881d5a885fa169196dc4e91fa2da60f00a80474e,3,1,1,4
7d9f37894e764a71bc3b3be8e71960837b6d9037,384,24,2,408
732dd4136f234036f390914a98aad8776514eb57,28,2,0,30
8eab48778467c09a3a89f5a46b88d82bb53b38b9,53,4,0,57
c3b83fe20275818b3bc57676c53e32be2eed9463,20,6,0,26
58dce88b8dd0762c413850af2dfeadbdd22c519f,4,2,0,6
62502b2c44d7d35584b31c8f1284b810840f9a8d,3704,54,30,3758
01135066d54df254a0b23afbbffca2ed103e3a8c,2986,47,13,3033
28a5247d37ba65bdcb6119f97023f32d511b5f1e,307,10,3,317
ee20f1d9fb94f792d0b62097499c7c3f976ff6f5,5397,80,18,5477
4035d40f18fa2d829eaa17c0496eeecfad81fee1,12,1,0,13
a87decdca4009a2af857d8ca6a46e5a719786a6d,4955,66,20,5021
57194e2a6bb82719d63f658f8c1429569003214e,3,1,0,4
e6acce66d84b0148aa6c4a49541ce9907d064d47,5,1,0,6
60c8b072dc08d92e45da2404be09031af165ae48,203,6,5,209
e7de923e6c34bdb4e276bd4314868541087d66f1,9,1,0,10
87d2a03234a30e2d98986eea04bdd07ba9afc99c,18,7,0,25
500bd3ab576830f8160eb66274590b7684a39599,100,1,0,101
155799a4877e5f010484729e6379559fe4d216cd,132,5,0,137
ddfe632e20c9b13fb0e06490088d007abe1bac1b,803,8,1,811
0d7025cb000a72ea4ee285a75a540bf9510fe36d,128,8,0,136
53af8a8fbd258ea5e0528eb648c48d95f72d47a5,63,2,0,65
2476bb1c8605dc30b4028784c47e3eba041a087d,188,21,1,209
d20e43fc5f99893ff25f329f144d2cf14c9f5990,180,2,1,182
7a6a1448806cf9d8c035bc139f8b6ea42a0f5aec,10,1,0,11
9d195a54d5dd0f7230045cad49e2d7075c8d1ba8,29,3,0,32
fd13f7dbf15ef0adccf503559c23001a94821d9a,50,6,0,56
8ad73cb2cb3593e8357a84f6cb2a9134370ff555,4,1,0,5
252296f783138c36c1482b57b9b31fcfee3b5c70,55,4,0,59
ee0982a78fb42fcac4ca3753d27695baf3bdaa16,21,2,0,23
ec348edd80265f052de559a9fcdc81e5b0331f87,384,24,2,408
fd9432e3b7951607080c3452ed6277eb4375b07e,18,7,0,25
fb6b9f6c157a52884a9a77f9650a6ea592398e5a,132,5,0,137
a13b0d394ef3cddd4b790fa49be4052776f79e61,10,1,1,11
d1e2957a7440b7a781439811ab9bdfedf38bd640,11,1,0,12
74d9d05b7cee071dad4c50a3a053781d78a488a8,2,1,1,3
10a2b7a18de3d9e0cb3fdf147956c127fa4d4d2b,10,3,0,13
afd3bc1e3c249ae86071f0d15b41c6eedbdeb050,28,1,0,29
c908509b68241966d259c65a70cb6b779231aae7,0,0,0,0
e2be94e62aecddeb7bf3409450a5a95a314ba186,74,3,0,77
532b37358de4f5c4143b6692178dca23e37f1fda,12,1,0,13
a30f84aaece33e81ab420a6466a516ebf220366a,10,1,0,11
3602d46573ee98ce440fbcc4457f38252aa8351b,10,1,1,11
f3e9ae40d31ebe2bd7c338fa2ec6b9c72fe88c31,77,4,0,81
88b0eeb6f81a3c84c3874298d1f2cbb7192bd505,10,1,0,11
cc5067bc5a14a711f6c197c7d48069bf445893b7,173,9,0,182
42109899a26989aa0d2affff27d327973ea489b2,366,10,0,376
75961eee2513427d94a1c7e0dbb96ac46195544b,1353,30,3,1383
e88cc676fea65087edb698ff8557de329c344f71,348,15,3,363
bad042097f5030c6eef31f4a24e987876ae9176e,65,1,0,66
f07adff7bb601971bb6c83b0459113678f387592,198,2,1,200
d844e95991408970598b324b204c4b6942e67e13,65,1,0,66
bf3a5ea652a9c36e5ce8dd87dba72b5fafc3ce86,120,1,1,121
a383f2e79401ecf5f60526aeec4bd8fa51679013,198,2,0,200
e18dfdafca3c01ba48958562e1d07c68e71c9302,97,3,0,100
cbaa6e02010ee1aa8a1b4c8ee903c77ee560d8b1,18,4,1,22
26719d3c1221177616a4f291b73950f69e5ed833,107,5,0,112
fa246cd2fa8bbf389677f256612124d4a1482afa,2,1,0,3
e2e216d7f1295dd350cc2e98a5b704e27aa92a41,177,3,2,180
f7c1296cceba73ce1b61af605e476a905a0c8ab4,1572,25,3,1597
a4d8a049138a4d4bc86a59ccb273f7e214baf694,1817,14,4,1831
b7475f09b1727e5cc93681ee229b60ad8e188732,41,2,1,43
c67e2ea5bfb7b73d76744d54047eb1b692e0907a,4,1,0,5
0b47d5cbc6a6bf87e2ab121a0e50d795e3f9ed17,4,1,0,5
4c05fc0254f446ef040f5d22a066a0d4916a589e,2017,30,18,2047
c3aa1375171b5f3a97cd50fcd209256e46579b0d,163,8,0,171
fa3706f866b42418abaa54c5f4e73f2dedb166b0,2025,32,0,2057
16927abbb1ed1a6c3b47831562d263dd38f495d1,144,1,1,145
5539cbadb81195c35889b71486b1e449b637d8c0,202,1,1,203
008c8cd3f33b9c2cace43a9d1f2b4e4542fb58fe,345,5,2,350
14824a19847091d5599f41eeaf52aa2694b7da87,4,1,0,5
d08a779083634b2d332961c8ae098e2e2cf041ed,350,3,0,353
a9937a6e20407189b8bd67b2cc30a30ddc8dd6ce,3,1,0,4
0491a5f814365723b53ff1820aad76f646307f13,17,1,1,18
877be93ee35afddcc126a147cfd3cd1dda4a46ce,7,1,0,8
35b0e6bf149bb86a3eefefcbc657c822e25681f3,114,3,2,117
8d435ce78f6be9af8e0db4119099e886194e0f53,6,3,0,9
763bf578e9f510e50bdfa6b9e51ea25348bfd2e9,33,5,2,38
725d6cb557684ac8f31dfde8f5fcb4ddb95a18dd,294,6,4,300
a32dfc41ea9301f8b98c6a666e4b72c65c892659,414,8,1,422
bfe54b50362ae0454c11f3b88ef00eb873c47444,3,1,0,4
57236c62e3050f602e05647dc71586615f27ec73,95,2,0,97
159b6cb4e17da75b77c958f5ad2b7b3fb7596c63,156,6,2,162
6c4bad1758d7ff963a3bc1830d910732edd7db0b,836,21,0,857
3dce33f5a007aa15adfc1e79b1ac96e86683e9fb,40,2,1,42
a6b3dedd381a71fec8dd9dcf944be2626336cc22,915,18,8,933
d1749765152e4bff337f7151050b6be0a1a284b5,8,1,0,9
6b7bf97158c097b80bcf5c2150e67a5210269e6d,7,1,0,8
3df8547b73f16e075ec6249ae18b592b38a4cb26,2,1,1,3
b2e510aa2ebf7384e40002b1e7bfad0e16bf9ab4,6,1,1,7
befb9de80c798f20401f9f898836de0b4220cbac,6,1,1,7
c2a1a752e9afc67785bebae24ce9e2582410cf85,5,2,1,7
0be55c66f3212f9b638481fb47ba794527ce6250,4,1,0,5
46b6a7638a594dd99742cb7de99cacaa69b621f2,6,1,0,7
1bfdb8b312abffc7c34de8f37b6db128d0e1aac1,3,1,0,4
7428a38a3bef855a75b36cf715f34743638e9ff5,163,66,0,229
9c4f8110eb8bc76ce4a28ffb522263339a71606c,219,6,2,225
175d4e96c41d347bf445a3415cff31e4a64e0614,163,66,0,229
f3d068df6c05b8c2de0e43469433f987d2c18a33,163,66,0,229
e6b5087e8dcaa857dee6b09aac2e7bbe3ff2c503,4,1,0,5
cfffa2c591a9a8bec793ed84f108c782de56d180,26,1,1,27
2d0e62092d1b9bd3fdd824693907ed8eb73d4412,3,1,1,4
3a68479f4be9081769e8123913626ce752822c9a,2,1,0,3
2b2d6ecd336c77eea2bed21209cfe3eb757eab49,2,1,0,3
0e0d94c242554f11d4fd45e4f38d5bcc1995ee11,4,1,1,5
6247ac719a5a7643a317c8e4574565c15fe2e588,296,3,2,299
675a7c1fc321d7f3d19202a5055df3f6076e1fd6,468,6,4,474
60b6f09676574048765deea656eec0dfcf589b78,36,1,1,37
cb35e1d7eaaea470e0afca99d5de9b0aec3e58ae,1870,12,7,1882
7be1aab55799bf2807ec9957164ca636c469a7c3,2,1,0,3
d2767359a339035df435e6484d48746db6333b83,89,2,2,91
933d314e246a64d21b92ca51194be6e1429a46d2,442,81,7,523
8562b001052e398287ef288b4226fa1cf07fcd0e,47,2,0,49
8be62f0281bfe1af27d1e47b1125461644e3c898,390,7,4,397
f0f9ef65cab7231d026b8ea126e5e247515993d0,2,1,0,3
a67fbfacac8f61a69732723b26b155cf64aadcaf,2828,104,0,2932
acaeafb84ca46a402ccb75d59620d197a7c549fe,581,20,2,601
9cb175fb61a47db7201e891010179a5fdf08053f,392,8,0,400
a2f66b986fdb1876c1aa0ece51d1d44b3934d262,133,2,1,135
d2e6535deeb217a33c1e79c782bb18d2eae520c8,36,4,0,40
2ad4b5cfc7d8f5d3fcf7f0233129078237129beb,3,1,0,4
7d5f77e2f9ad80ec298b96452e5f55f737a01701,329,11,2,340
21f22d3db84a731de54db9530a04244321766c57,1,1,0,2
2bb449954666d838fb1296df18235b15dfe7975a,90,3,1,93
9b5dcfe3feba6e3b8d39480b7387bbe6adf04c36,4,1,0,5
078689b2629d2d9a7dc418f504b7e6384b0da9fc,1142,22,14,1164
ff062d95094f5a08d7064b64d2ec66c0a63447bb,42,2,0,44
bcaa0a8b77e9633face715e6848cfc18de117e7d,55,2,1,57
1463311cd1541122174111c4f0cc39aae7879ac9,22,3,0,25
88429f2ecd82b4d9b92521dc9422ff5cc445dcdf,1079,23,8,1102
af17db5bdd7c0dc0ddecd2f7b92359accfec4f1b,114,2,1,116
592ece0370bed97c23b0d53f74b14a5bb78a0d2e,9,2,0,11
62d69e0da62b3dc9a5ba93bdf52194c6e1486e59,74,3,0,77
883436c89aec143f3ae7bdb79a5db633210bf84b,17,1,0,18
b99714d5b888453e0f5b4b08230fa35cc07690a8,161,1,1,162
be4546128aa4a507335f1db8d3e88451cc06cefe,205,3,1,208
582fe564364300787249581fa2d431eaaa3eeb11,2,1,0,3
57ac909de7325d9ebd5b4dacf0e9f6392ca60609,44,7,0,51
5436b62d9d0dc604c74e00ea80f31ec5ec41aec0,65,4,3,69
ede72006d9f51599505fa94e9caca7f887e64467,58,4,3,62
bc8d73ee51ba7e7e900f065ddfe7d5f77d23ab83,249,7,1,256
eb5bce2952ec05d4bd49a99fa56d1e979d4436ce,452,8,2,460
41a8e7e185d984715dd98bcc8d3cc0c415b8f2e1,50,2,1,52
3cf654b80b16b0f9da1302dc98858425e0a3ce45,19,1,0,20
f33cc0cec868658e2954766dc50ceb1d7f1f9bde,499,57,2,556
faa77e21c0a19e666a55cb8da18e2f62d0da048a,15,3,0,18
91177201c808c6e48b94e8ad81a77b50db7e1298,16,2,1,18
ff80f5da911b4fedc5407d6cc22fcea5e4dd34bc,149,2,1,151
711fe3783cb622ae134df899397505d2813d50ac,145,5,3,150
a7b6ad36dd9b8f91877c614ce6e72c83ec1ffdf6,280,4,2,284
4124d338d9d5c91c80c1bb9ce596c50a7764cab7,4,1,0,5
10214ccd2ef5f173e4e5ae171ae2f88a967e0ec5,425,9,0,434
dee61900c26b1f2a0a84d5e400001fecad545ada,43,1,0,44
52e178f6e0c3ca5930713c69b34364994ad0ccfe,239,8,3,247
53fe9937e72d3677e8dab67a8673d4d6905cfdba,171,4,3,175
e1176fda8c07e0839952f2b740c2327c125ec37d,113,2,1,115
7d65ec9334616a1789620c09724a64696519412a,3,1,0,4
5a663a97078803fc1618b371e11502db71f0f6a3,2,1,0,3
42572ad88f27aaa0e27582681050f4dc3bed51e6,2,1,0,3
78728db680a6d0bf444cb08c5f8cc8708c934a94,11,1,0,12
e970d56ed84aa2060d6a7689f2b68c852040fb67,4,1,0,5
affe6e746652e9c76e527a279b7db51f0d55a70c,202,4,2,206
436c17eb740ede2e6a86bdc8c0cda0cadb6975e7,28,1,1,29
c3f5168555d94d1fe7bbc9cf32685ede48941638,322,7,0,329
49dcd6b96fef901cdd8b20da1e9136688e59a7f4,9,3,0,12
953b575f0321acd90374c2dd92b32825842999ab,9107,21,13,9128
62c26d5a1257eb581b35d766098bf75fd8515d68,2,1,0,3
071498f10ab1857759bc3c180199b6c7efbce81a,63,2,0,65
c4d6f3cddf0a7ef89d6126eff432775e713e797a,8,1,0,9
891726916390c2de5c4c28cc308b0fac0a3c9974,331,10,4,341
9777198aa25b9127764c5c539d77c39f5a770661,691,4,3,695
74fd4008abb1c0e13ffcf0c5e7224b98eb1eee7e,32,1,1,33
3472a842d68f1a52a0eb21fa3108e7b0f66e438a,18,1,1,19
452673d3e2d3c8d0fe1e72d177437841f412df9a,13,2,0,15
3b44cc4fec50b17ecd9ab4d155edf461f02361fc,74,2,1,76
a4391d7935199a658d6dd4ac3fc8fa601e36c3f5,95,2,2,97
4e108ad5194eb70671533ff4fe440a5963b72b85,51,2,1,53
c09d61a84bcf40d94876138ca79bcb02067f0364,14,2,1,16
ba677cc9717ea5566b0467dd2862e4b588cbdabc,220,6,0,226
9200ec8bb950d303967bfd6a747f636c7c637370,56,3,0,59
213ee5a63fa6328de804ada0321bedcedefa6bc1,149,7,4,156
12ab3818b4c355b8650fb4a0951914fbd3989ea3,176,2,0,178
d2d5d246bab5b5023807be7dd14f0d3f349b4835,149,7,0,156
ee01b6153a2d73c54dde0ccbacc1ac879f009b62,281,7,2,288
71f4496bf1fba8aac4e740798f5660ce13c4214e,7652,44,8,7696
2d38eb8fe2567bba86a736a6cec7bb85808d1d60,400,12,4,412
cba4f4c039013a79e50078a92cc2df761156c66f,763,7,1,770
28ea3433bfbe64cd5166adc29c1badd8d601761e,205,1,0,206
b0e85fdab48738b5db84554b52ae7978aa87ed95,55,1,0,56
bcb8b52b7638bb9cc9be6a3d732a59ef5f4b9494,205,1,0,206
c13339fef50b34157d0b9d74ee42c24d89af79b2,160,1,0,161
baa131220bf503da0908e4ecfee92966317e209c,1838,16,8,1854
7c5db2102fb701a24e03f50232a5012122672d32,14,1,0,15
1c4cfb6867f0b8687b6def4087221822c52a0f7b,183,1,0,184
ee817dd73694869e6f1262c9656d46f531dd547e,16,1,0,17
95f0c84679889ecabc0e572c25fe7f1515762b29,55,3,0,58
e82660db5ebf8e3c2b6dd675793676a87b8e2de2,18,1,0,19
acc5ffab154bff1800d59b93007e58faa7080909,37,1,1,38
a9a995e0ded9a534d411b0201fec4d8555b5ce2c,4,1,0,5
79ae76cef10e32bc3336cd2e1d00b3348e5f7655,202,4,2,206
a5acf5d71424c05d56d980442010310b480e0806,16,2,0,18
cd203a7bee49a1d37cd43e7d13150f275d0fed3a,13,1,0,14
34043abeb3f25ecb2f39c511eb2b75e2650984fc,218,4,0,222
a8ee1af878c229986a82c172dc53038bd6237ec6,43,5,2,48
6bc36c9f316db9d37eadc80cff453cf8bb037540,54,2,0,56
80bc44dade90228ac180d1ad1cc5cc8ee213a51d,97,7,0,104
f687ba2fc3c0444e9ed458387ddf0022bf985c16,4,1,0,5
057dfa7f6df3783fc6cfa522fc3be5373d2c44f4,24,1,0,25
e92aba47a39d8fa0ee920a0bcfd98c3e94fe2080,227,6,2,233
1f328e45acc4fdf490425bef0bd9af37cf45a720,474,10,4,484
c6c93892f13c55fb6e48e542970e30b26d014511,1517,41,12,1558
157ef53ea3d826db8c2455658d8694d60472e80d,9,2,0,11
108ce46cbcdd672fd86eb063b3a380ec295f3335,43,2,0,45
334ce4c92dc398b0a9870d41493cb14c4ddf891a,246,12,9,258
c31f384d56e5939b9ae8bf45fa30184f3a14bc50,24,1,0,25
a579d45415b3063ac72069924a15e87beda0447c,31,1,0,32
5377dde21e4aa32ca9da4963015b15da4d2e2b13,294,8,0,302
a8d16bd1fbdd59d76454dbbce834f9ab87b54724,201,3,1,204
70abaa36ad4a801d00a8e5088dd803b3dc9dbf25,108,3,0,111
648b10c8cf0372dce552b8ff1506884044f86312,23,5,0,28
b46ed10acfc46117dd597c1e7e986e4216bfd047,484,5,3,489
8cf71d463d9f2baa7651286a6524ec5d6d286b5b,131,8,0,139
215e8a1e3143bf22d792fdefbd4e6a65b372ae24,885,8,4,893
6231bb963ce9750bbf1582c04f68f96febc0137b,17,1,0,18
a895b8eb5051794f84507b4f7c98ff9216fbf2db,1392,18,0,1410
053af5de5c30696a2a6060cc3c51d1573995a758,2,1,0,3
b63cee457007bfcf91bd4d0415c57a1b05647b7b,215,4,1,219
67db26452ba7fb79d939fddbae598a35513558ed,78,1,1,79
21cfc2bf613e66f7493012ed675bac1eac4d084e,29,1,1,30
06f0c915bcc76ebf1e2fed74c8ad17d4f8031a59,2,1,0,3
687200dad41d0c27e401d46283699e4492a97542,2,2,0,4
ed030e53b532bbb031d2c49ce71cd521e94dd848,26,5,2,31
0ad4f395a4b18a5cb1cba4926261cf5dd56e606d,660,7,1,667
2a3a5651e929121e493ceb49c93a933a38035b16,2,1,0,3
c53ffa98cf491a747a66d532501a806dcb561840,9,1,0,10
2d14842aba6a53d689d4b4f90a907e2c0f15d291,313,11,5,324
d83fa11663f121097753952429c10fd80451bfd4,22,1,0,23
b1d9e8b6c7553133c4c4ca3820f6f30d202b7ea2,346,2,0,348
ec04f385a1ded518fd44ba9469372da037fff0d0,8,1,0,9
09b28952f1c95130fd0ebadbbd33e70b7d81245c,79,2,1,81
c9b4a11908b964d1d7d317fbc290a3e1c8f4ff48,8,1,0,9
402cbabdcc74cc4ebe57a625a18e159b42087224,1,1,0,2
18de768ec9f0e5bf5f6c337f1917ad7acc138c51,1,1,0,2
27a2f483ba61fcca3ead2dc1bbb2266d74d9d943,199,7,2,206
7b7233efeeacc0c65833dec925a73906d9880608,427,6,0,433
dda1f0ed449111b7e1011a669b30bc3b4c5d2d92,668,3,1,671
297cbcbb5ba12ec688ea9e1ad4c32cdeea0ba7aa,329,7,4,336
ad6bbd9ad55a5cc1fdf526b5d511465628a8dca5,290,3,0,293
843b2869d5b5663fd000aa0ac6320de87d776fb3,5,1,1,6
c638f1e7e9a6994cf38de4d444354a0938de0d31,163,8,5,171
dfe5ea80e7d24df78bdb85c80fd05bb7391391b4,5,1,0,6
a1efc5a06b15acffa40ad0a9d3352206061b42f6,257,5,1,262
69d1f4b7774769ca7334b2290b492c8e0f0a8ddb,29,1,0,30
d3420e6bc5e833a6eb1daaad25b11843f97328d5,158,3,2,161
3e53f17224c2fccfcce50b347a0dcc6aca543413,3,1,1,4
446949c6a027af96398b9d89f49f2d543d5089e3,1113,5,1,1118
0b10e0c8766dc41aa723881a75a6a37f3406f1aa,102,6,0,108
ebf40752854cb12c5c6202ecb8546a0090482ad6,1661,11,5,1672
88ffed13527d43cbfa204ae90cc39722fa3a77c4,102,6,0,108
4af5316bfe87b9cba179ce9307beb5eadd3b6a7f,175,5,0,180
4794f87b5ebe2865b6afa541ce601df42fb8f6e3,2315,35,12,2350
c506c440900733580d208dbf32ba900da2f03fb9,2,1,0,3
21bc412f9ca24baf48d71ed0e01434c94bd4f40b,451,17,5,468
865e376ad469bf9929b9f6f98ff0882e44c951a8,2342,16,0,2358
19b4da3d7ddb637c6d6440ec797e3e83d24f56b7,680,22,0,702
69f526a481bf24e01f37c2b60412da9154e38083,221,13,0,234
cadc61fa89df00d0c632328d0678e2b19d525e42,426,10,1,436
43ff1488fba3c75ac9097c5374c0edd868131f23,137,1,1,138
0995aa6b884302a98741ae4b3b08333ee2d13cb2,4,1,0,5
49725e9d37e8f0117758cda4714ca6e9a583b900,651,11,3,662
99fa96ce740fc29d5d99f751d38ad70ecc61b6db,722,17,3,739
574f2cd20243fef2c62fc5506d31c14c84d00885,79,4,0,83
f0fe3e0ca43e2b6f9adb0b719399104a0e2ab54f,2,1,0,3
5f7a46e3e85c6e3121592c7e2a57d8f7ee30828e,265,17,4,282
c3b02dca7246e998edd878c199abba8232dd1add,372,13,2,385
2694c3ce1e2c55151dac741a5d162b1e73239e52,226,8,4,234
409a623aad9c63904404875aa548caf038f2c3b9,4,1,0,5
8d199683d074ba377077d1291eb2682bc2f228b4,4,1,0,5
046a188b80f0110080b1151362a51379429aa660,1734,46,0,1780
61a0a5f8c0d05001071d40fbaf365fa231ed0e70,29,2,0,31
00139554ffdcfaae07970a2281b6dcec8cec0af4,25,6,0,31
fc9730a9ae33b36ee8b6430583b39f13dfdd16de,147,8,3,155
b189bb2e15e7a54a890395b344bc7355e2f6d147,8,1,0,9
66f9a34bfc13eb54822581aefcd2c687c5bc9245,49,6,4,55
637ea075c3a12c17fd8b152939aa7fc256a5905d,259,12,1,271
2f64ab0b4739a646dfb2c3b1fb2ed5b8039b43b4,194,3,1,197
3bf5f46b19d7f142bb04917d812e7336e86c085a,5,1,0,6
29806af4ec2a0a9ab6b19f9a08c1fd17ea7a0694,296,13,3,309
90a5bbec4978da35d43c1c121d880cbba5c8dea4,5,1,0,6
88c65b84847244401eb6a7c520bbbcb2158685c0,8,1,0,9
bc14c802f8d404392901abb7fb2da6088d638d36,351,7,2,358
cfc7d4eec255d0fe720398882d0c058f6821611a,138,5,1,143
34a9b6655faa3283c8641d7091a569e3f6fc810d,7,1,1,8
1332c80faefdbe0849afdbc4d92e59774556b578,25,2,1,27
7b63eee332801d770878699b59ef03ddd25d1709,7,1,0,8
afe453ff6d219134685f5e5b8224156e8d6673b9,104,3,2,107
7864826c2c99faf68276f7d963fe66b6e7ccb52e,10,1,0,11
e3ba037a6a912c54ec378facc9a66d9a6b320752,744,14,3,758
093623eb4ca69fdb8ff705ebc50d4b867be8b2e9,271,5,2,276
62b22c58385b5bd25464783caad53047c7080138,278,2,0,280
ed6f8f0c7ec1f8bdfe5f98bf1db7e2713b130bfd,133,8,0,141
b81e38dc6c7b97bcc846744d62f9e4213cacbde2,1,1,0,2
325eddfa182557bb7af87096dfc43e062d415e15,305,1,0,306
c63faf677dc97c613d7ef95e061a354dc650763f,1,1,0,2
090144c4578952335ea30ba9ce266ac0569af8c0,101,14,1,115
166bce84516e6c1c10381eb6fa4fe356c9b83e1d,60,1,1,61
fb9e9b78520a6258422e9e2f498f5e9331ae5197,221,6,2,227
ddd9f0ff66bee1eaf957ea63698d3c2b8c330832,4,1,0,5
b4f0dab089b0acae1542b7a397bfd3f7ce2e29e6,106,6,6,112
2cfe0cb5a0d84caede8b528b0a515ab4ba92bbc6,4,1,0,5
bc238159f4777ea7ebb8fa88e68ce3cc83762e57,460,1,0,461
2ea308897c47583cb2530636a1e700d5025deca6,133,8,0,141
a9199ed13653cc24dfcb172d7a67c870a160076e,13,1,0,14
f0fdd0aa1240bc8c901abdb674fc41587c5a7bb5,244,1,0,245
f8e38ad00fce29d83af83da9816c974e05a5f5b2,22,2,1,24
23ee9bcd99e736bd52f2dac9b6a017ab1a2722e4,9,1,0,10
e8d980eb47f957c42b418c90186e8eb8bd93125d,2,1,0,3
23e7f8b21ba175349c9e1483dd9fe03eff76acc7,203,1,0,204
f7949e40b84e45f4014df249303f62929fe5427f,10,1,0,11
55996638fdeedc1e51700f3acc5086dd71549048,93,1,0,94
578c2ab8d7c70a551bfbb044daa1e316c2db29fa,91,1,0,92
31abe78be7008fdecf85e72ea78fd1debbcac861,102,1,0,103
ce69ed2f643b653888b45ec9f05f3614e9b09549,258,1,0,259
4df74187072d839bdd09eb3b6163e2612fadc1c3,90,4,0,94
29877281aed4d3d79133279d8aae9bb4b5d9992d,460,5,5,465
f03b6c30a55249d8e3824f66df3aa811f994f122,1698,55,0,1753
9cd2f09021c735468896bfdfc29d4410cb48f123,8,1,1,9
35fd10d32a943c0cf5c9f0ddf901a15ef143a896,577,6,4,583
7a5024cb47938932739d8cc469c61ae05621ab04,118,4,4,122
134f26e0d020bad9cc6dbff046bb2c38a939c018,5,2,0,7
f17b2ae0ea150a2803584f80276ada527db54b5a,1504,28,14,1532
73c9c1d5e5015d756e0fb07043bec0b7beeb0686,6,2,0,8
4ebe935f4fc0ec93ecb6bbf0cc0d099cf152d38f,123,1,0,124
fc34e51a265e73675ff8768526c9f22c9cd9b6fb,467,25,0,492
732abda9ed471ae7c8b80da7676838709ed3dc2b,2,1,0,3
7f9ee2d599b8a531f6b7046a418fd7f947abf8d0,72,6,0,78
6a3d724805e231edca2d8d72891f15a8a729bbc2,261,4,3,265
7081c0197ea146700f31dd222dba73d0a7428e5d,165,3,0,168
a1a6bf25a586cbd491b697319a39fafdc3198ba9,27,2,0,29
12c707c81792e20c10cece742512412a7f24dcfb,1187,16,6,1203
a4b922caa251e8ffef0868e9ee3eaa1928564524,2,1,1,3
bbe5258b8ffd899ccddc223b5f40632a9f624e40,139,12,0,151
bae86159c437b66e3cf79d295efa6e35f633d43a,2598,28,0,2626
cf7206d23a3aae5bdde196a157257fac4496438c,6,2,0,8
8738b6934c6e5780299f0f79fbb83118ee2eee95,2598,28,0,2626
00c019bb17d888bce1d26cff8480b6d758ab81a1,2,1,1,3
b2d4075697dff686d9f6a43669b01728ead24c80,685,22,3,707
75f720fc69a47a61d51fd3d31fec5c3d748be13e,2,1,0,3
b4268248235e4920c66c9bb2e6c4a9ed35748bcc,380,1,0,381
ef642e9180e4792bc7b22d57f7f88ec7d5805a84,5241,50,5,5291
bbf87df681ae0495d4240cbb5d8959b6ea7e5600,11,1,1,12
f199553142ea5a459904f9e7bcef5e265b4e5d5c,322,3,1,325
bd509bec4e18ebf694b57c47defe1d501998c748,1485,15,2,1500
d39aef69a9c3bd7a3a412015526a837b3c0d55b1,441,1,0,442
04eb6c966c6f8a6e59d99e52e5967610d10ad9f7,25,2,0,27
b09ecd72f62c9e98dd40958cfee0bcd128b777e9,925,9,2,934
a84d63e47db6793697902c0c6b781a2d587c2f73,8,1,0,9
5c94d648e3d88403964ba84139906f8d0f148ccc,950,11,0,961
2a55139a93aa71dc486eb17333f8aa2446493e23,25,6,1,31
ad868dab11f6004a3dc968fd1e8e320a6f0111a4,4,1,0,5
42048c2bf8e66d4eb584fef440b15038ea214985,547,6,0,553
1aa2a2baf9f3499f815f7a6865a8bf71273ecf9a,28,1,0,29
244441a484785ac2f7b300d6b0bc73cdaf5f8e69,438,14,0,452
10603bf7e1528035803b69543c881aaee9d2f064,529,49,2,578
e974e217a2d7754c44b4bcd688a7eab8d933f14b,427,1,0,428
8fe634cf756c352f80f1372774e1e94a3da40516,9,1,0,10
922b75fe89d2c6c1947d00c7db31e709a9b79f65,102,1,0,103
87f78fb51777cb6cd04710d676487cd7599b49aa,96,1,0,97
c901425c64b0f18c3d5fdbef8956b7ab68d61ad9,81,3,2,84
00a39371b04734f621aee64438c4fbd5acd3bb9e,1770,74,0,1844
e124c7f73ec18d296f8d37638da507322dac84e7,256,1,0,257
66a2cca7045179cfa8685e5d0018dc21fc906d9b,49,1,0,50
3e7d19e0ecf5df0b991476d93bc7322208521d5f,748,18,3,766
4c2e9a2f7dfec8ec82a513de8ec336e655de66e5,19,1,0,20
f9447865e69f688d5e5be62e3595fcda4e2f7014,1,1,0,2
8a25aedc867267f21799404ace79f4e3cbc5d9fe,4,1,0,5
533357da917e7e34f4c46a19ccd2191a0876787e,2,1,0,3
bf59473483ca9d93cbe7dc7e1dab91c1cd857c5c,581,4,1,585
a020615f2bee3f0e8140ea75e4ca8504fcc96f28,742,20,0,762
8cccb09779d2fc0de9eff28947d1dd0c2296fff9,6,1,0,7
e7e223f7c6b73dc0fa28a545671a528b78a00271,11314,176,70,11490
f1af2c7b077b5483ff2b68a6e76775516518c598,2277,31,12,2308
e8435e7c9368fa2b5be3b0f4449417272315d16e,311,3,2,314
1b0c173543788358a8551838969fc1d21741ea69,13,2,0,15
3a635ef7b2491883da4a9f41b974691f9e8e47d8,352,1,1,353
fcfbf2c23aa2ae5773950d34b931272dc5c3b9fe,6,1,0,7
ddccaaf6a2a3a985f2aabfd9416b41c201f92700,7,2,1,9
7f94b2fc31e797e7a55ee7ebb45ccd7ed80f2d5d,154,3,2,157
b9cf586f58ea3dfe87bdef7d8013dd6c5bbd453f,37,2,2,39
21f5d0fa909ebd34b0e5dbc8cdbd5acff3a5ab15,82,4,2,86
da47901f07fd8c7fa47b3238bb37e083c93dfdc4,84,1,0,85
5e266153707021a8866e91dfa3f958066f80fc99,166,10,5,176
4d4355375497134e881188a7fcad831eb8a9013e,540,7,2,547
c173973ed2e8c5d99b01dc6c9f5a9969693f4616,166,10,0,176
d09ef6c0f6acace146cf4012dc40b4de33fb6f61,140,4,2,144
196954f29c5ed96130f2e8706ff85797a7904b03,11,1,0,12
f970c11b3be14d3888e4843aca0d8b05ccac9986,558,5,3,563
d3569f7ccc9ed0b8ca761c0337a12f7d291be9cf,152,3,2,155
cead1e0d31479f3925bfea092c29a85c4f40469d,1860,7,3,1867
083acbda83a0167b95c096aea406a5adb7a8451b,237,1,1,238
77225c0393e4b30298c129608ef70eff4f556924,7,1,0,8
420cabac3a4acea9f15ff050239709e860ace204,2868,22,1,2890
22188753fa2050f7548927d414776a4cf7a0216f,5,1,0,6
e5485f605ffc51a0e84b0212e3fe6b9537a13f1e,4,1,1,5
4367d3d6b84cbed9368667557a8535dbcc7e432d,8,1,0,9
3bcabaa5ec9d8d2041ebf89db2d16569856dc406,607,12,2,619
12a19663c2eacbedb170c848589e469f83e3b39c,222,36,5,258
61c547a15b368f79bb53c59d78a2609953c4808d,32,4,2,36
75455f9b7737e1b09243bcb877e0c84f568fb4c2,141,15,0,156
919200698a0930e806a5d13d3dedea897e0d2aa0,15,3,1,18
b912754ec23f3174466d5bb9a62a5c142737dd26,120,8,2,128
bfba2a3dbd2c3d2f32cb139d6a67572c9e23a3ca,496,16,3,512
c0f64277ff7199e7a096a61b4b18996b660e39ce,440,9,7,449
54f269925e0bdda79b6b251335d1481494e9fdcd,13,1,0,14
fa04fcd988975f04b6cfe228df01981feb3b2a02,40,1,0,41
222f9c13c98bcc2169d5cf7cd73adbcc6a94cb9f,141,6,3,147
4bf8b2889f5961939914ad81b68d1dc28aefc769,156,9,0,165
d7832791b0f0ecb7abd33e9d733584b1469d28e0,18,1,0,19
ac0b698e635f688d23d1d8d2b8b134c495ad7d47,7,2,1,9
d023107aebf283ab5170fcc1edec016bf61fa123,13,2,0,15
6578c8b1e2dc57861da7ce448bc9f752ddecdf3a,15,2,1,17
96c8c246b0553e91a577ff493da46716d8e15572,117,3,2,120
519ae631e1931f227111d50c4709bbd70ae4d781,110,6,2,116
8eed48b6b5f65517764d4581d1a9fce3b582281b,117,3,0,120
cc0dbd1617c905fc96058bdf43b90f52b04d5b0b,73,3,2,76
18077e073c130966e61b221a35527f8217377ebe,146,4,2,150
34fc271fd29700703d6b6c1aa55de598c3517ada,135,3,1,138
d9f4f6e8dfdab37a730651b8850ebb976d4b1d72,1407,12,5,1419
cbfed9cf9c8240bca20d6658f93d4a6f661d9ddb,67,15,0,82
0ce9254ce6e976593dbee2ee28aed83dd218c498,16,5,0,21
e895804ddf88d2b0aab15586a58dea86164def50,146,9,1,155
8218c2d02861df718d2313e3015c92cda53cdfba,58,7,0,65
43326c6214dcb6dc531ed10f0b81a2f74bfc71e1,22,2,0,24
7cb0605bc28578ae822617165288abbf0a2d03f2,132,5,0,137
b66c1ecaa5e1acf3af28e9eda708bca7d7bb46cb,162,6,1,168
20b06380d89b0403d6dd64ef950974b411df1ca1,57,8,0,65
c6aaf4ac79430b287c14300066eae2978aab3c52,32,3,0,35
843f680c1862490e63143463149c1fa274f3e883,8,1,0,9
2912981680ca2f5b9c1156a1017da78edb26ad97,135,3,0,138
5fc545ecb6514a8129650d5876d067e469a736ea,44,1,0,45
6c9e05d067c0dae91c557e74c4980bedcd2969e1,351,9,0,360
b79d594dab48fb0c3008a9816fb7b20d37221deb,365,6,0,371
277678e525c0d4cd702bc8bb8c8df7a8b2cdbfa5,66,5,0,71
322e61cd19903e2defcce1b43c29cef431cb0a3c,179,4,0,183
08cd76a614103cbd0b331bd17c8b1f9a02cba94e,76,1,0,77
476cccf014d22c40ac72ddd3f550a5ad1a78792b,21,3,0,24
9a835da260c5cbf84e2dfcb1a7ec6f4dda7cf0cf,5,1,0,6
4855299d6065c2afcf7028dcbce9391206b55cf4,109,1,0,110
481b5087c2ec863e41c1e3744f6d243c316559a4,14,1,0,15
638458e285c8332804fb3dbc221551dfe39df5ab,24,6,0,30
a5531f6b3ed9eedb7e31534889ef0abd6f72be39,38,1,0,39
adbcfba9810de8e96dd62f2c00f0f3701e2facea,2,1,0,3
854357eb4c5cc2181b9c11262d3c012d1fe8ccc5,1877,11,1,1888
b024235ab7a2b2467e19127caca79f18294e2ac4,228,7,0,235
3a7e3772e7e877ca10f1999aa2b81830e83a8509,142,3,0,145
9791d60dd78be10db15929f817632b66fbdaef51,17,1,0,18
c19d38b83a3fe4615f784ed2a22a2886a96b686a,1237,2,0,1239
21bd626d70813bec7a1f77862d84828ec6c56fe8,6,1,0,7
22f5bb4203ec365ad990060e78eff19b73b4e7a1,497,3,0,500
2596f7ca2518087473a154398fb1a40b4fb1e7fd,209,2,0,211
22b2cb6719a19e67c41313ca3831b76c85e92c93,6,1,0,7
26314b8244f3bb358f6b863a5842efb6361a462a,22,2,0,24
ef9b04199b8cd4b93043e084ada531ee8b920e77,41,1,1,42
05ec3788a4b2542b8c23bc7efeb75cf5b1c5b9bf,16,1,1,17
335184057b07ceef6c458b3e4abf44808ec487df,113,4,0,117
4282d802f16188cdea05d6b2d2c0f3c222e343b6,347,9,1,356
2b5c4414c1a7ef0f53a233770856c85e7ebe5c10,560,7,1,567
3779fe46cbeb67a6bef4b29941f1780b9e602011,95,2,1,97
a9d375e595e504ce22c684b91d1a0da228c4a606,698,9,5,707
df21521930384f30007ac57d10637eec032e2053,102,10,2,112
186c8604971db63083b6c8ff51a1803b0266edca,24,2,2,26
2f7a22c11abc6c2bcba34ef9c902c9f0c607c85c,618,10,0,628
fc2d77d4a027e81f56a12733b11525a414249ecf,189,2,0,191
d69f6ea23a2d72e49e00ba84e8bfc2528bd4bad2,666,7,2,673
8cc480fa5833a4c708fb49c044dd6c21a82e0e5e,124,2,1,126
3e88d8bf802e0a36c97d146cfe10f67dad587d4e,332,7,3,339
f8255541bda5d45273014427c2dc9e513ece3108,114,4,0,118
d0db6cfdf4d10c9fef077d3cab29fd9c050f297c,22,1,0,23
a5a189416c3c80701a380839d8d6856d7dc21576,291,10,0,301
19197d1037e8d19e18d15186156e816ce89f5595,462,9,2,471
13d0037138c02490491f1be07314932f9996feff,175,9,1,184
e833eb2d3d09112ddca994c17b73441df20524a3,1386,7,0,1393
3c64b806889557ed4e4da41ea3177c7959e3413a,773,38,3,811
e69e995e6e00a12c94a81cd182e1d3ca7cb09360,454,4,1,458
38ead2a78876ef8cdba0c3aed162768db3036e53,48,3,0,51
35d26f4e4c2ba9a0b20a2fa214b9e777585b2ec6,259,9,1,268
82bbf9f0069696c5923e11226d4fb80391acaf8e,6,2,1,8
57d85a413b15d7c7733753cfb9d74dab9b0eb4fc,220,3,3,223
e1eb931b0c578f9d3816bae015e21f91af199a9e,152,2,1,154
38f4a6769b6013754122d1ded0bcdfd69dc74a2d,236,2,1,238
f0757ac3214bec2714addf4e57edc8cb3c3f6448,102,11,1,113
213fc70ddaefba3d076a665709af314f71b74e53,173,1,0,174
14ffbf0bcc48ffa4a652e523da74e29d53c7ead3,72,1,0,73
9cfda8d61aa34e0c43b86f1e0a5cb2f8961be438,12,1,0,13
813c36f6959ab2216dc6c32c20ef81777289a53e,25,1,0,26
1ec6712ec7b21a2f4e35d5e587971ba8642febd9,24,1,0,25
24a345a00c23a54963ea2fe7c9388ecb69a2ff1a,12,1,0,13
4e7013328110c1f2fb41a57830a0c10ba4e08694,98688,1154,0,99842
16ee1e5279d39db6de2598587028bed577fd8ae6,4,1,0,5
d7e35ee4d025dda3e71b9178c36093f82e057ce0,22,1,0,23
d914e213a36029d9ee650f6f6936f55f470a6bfe,22,1,0,23
931d1941e250d34b03eb03a3fb9b90f056e4241c,181,2,1,183
2702e2289ff7afe116e0bca5afdadd330d755246,82,5,0,87
b11a8aec67f094883183d4938070296f15ffbb1a,3,1,0,4
ee2d88c2588a2735990b5d53c62701ec009c3886,10,1,0,11
49543e1675129408c845746c4e68c2c0c5447335,1915,63,11,1978
d2fedf6bb95bdd5f30a800959f9c9ff93d200bc7,308,4,0,312
e7d7e2cfad67c28ec448803239fd13ae8fbfa26e,379,9,0,388
54a4cbab9ad2af397899826a9acf0893f0d9a034,101,4,0,105
f61c260b314c77633cf2c04dd6e2c3c67c8c28db,519,7,0,526
2a64569c9beeceff2b48331166b839b38b991462,258,11,3,269
1643a7cc90fd61292c672843854ab8d547156848,98421,1153,0,99574
ce4698f2d02a73e9e13415487b3195ad0125629e,272,19,1,291
a6de16db817e0e5f72219ae1fb993392eff8e09c,2126,4,3,2130
99915a6d8e22e01eff4244bc56b2be5be033bb7e,58,1,0,59
ff88620d571dea58cbc6403ccbe64bd9f2f55632,95,1,0,96
fdd0939593bf65f32d8c37fce78f158adf83a78c,16,1,1,17
2ff64c2aa8f142f2918200e5ee85e6b7e83afbfa,4205,38,16,4243
939b883ab11b1a791bb8056266d91053b42b91e4,313,3,0,316
29179ce9f3204652e21c5540222053fe844bcb9b,18,1,0,19
d9a3a82fbe6aaba78fa2adda476070ba8031c224,20,1,0,21
f444783b1d45a881dbfc2991152ce4ffffb256cc,52,2,0,54
96023b8de28085d03d6a0e24ef7efcd8b9f98bc6,71,1,0,72
36b0a20c5b2d9bde2b476ccd7412123b8c2f2255,127,3,0,130
d7dfb91ba6ec8c494f3776b8892b9923c8e96ed5,18,1,0,19
97cf2b31ef5a818e10e1cf838016359d6a6926ca,48,4,0,52
f1dbca52a8bad73b71b2aeea936e926f1fe6b511,260,4,1,264
205f6d79021a172805e0abd9d1dcf7e90b68c1e7,57,1,0,58
17dd7328337ff72663debc010e6c8674cc7e728b,16,1,0,17
34f9d92a4c5e2e9b9179d472fe6ec73a9a54f5db,59,4,0,63
9e2705b4a44386f0906c68ed4c9e4c4715af1fa4,58,4,0,62
3df530a9ae55c7d56d07c241f4fccde83ee97589,78,6,0,84
74dfb8f971cd44a1b10d8fdab6a8bb19c98dd7a7,414,2,1,416
bb7968801d2cd60203022adbeec3ca4d92110937,71,2,2,73
823fabd94052fd04e748faffa42e7417c3024663,58,1,1,59
ad5aacfae6c56ea5c3e543d200bf4e20771047b8,167,4,1,171
42ac3b3bdcd8b5d6fe00774c9cf950ab01c356ea,390,3,1,393
03f8bf4c87ef22fe1871c488f0c8a88d3d91f8c5,8,1,0,9
6e00766a20459571247fafac22e2a0cbb8d979a1,13,1,0,14
00f8d654cd9ce0099020b2888831b6351b2763ca,236,37,2,273
892f1f51de8ad8a0051758d14d46624ceac403a6,146,2,1,148
a11f9f0e9b4799dcea6bf1edb3a3618d56e3ded7,15,1,0,16
92e53151f1e8d71aa950011aaa5a08317058fb67,12,1,0,13
b0cab0c54edb1347b12a953ef92802ab43fd6714,32,1,1,33
3166aeb5b7661f1207d825b198e2fd54d87bcb56,118,2,1,120
3be3d16b0899be7440a60d3eb5c476b789b34bfb,4933,79,17,5012
2da9ee377e92e70b647e84e0d021c86db620b7c8,26,1,0,27
a35811601e67fb025821d401515b41781b302a42,40,2,0,42
6d68db94fe9b6a36a082c7f350adf2e2da2732c9,337,5,0,342
fc0526494cdfe683745d627117838571f48e1f0a,655,10,0,665
3daefaea84a3db026e7cadc21b46b33f9e5f7bdb,268,2,1,270
2b30543aa5cf777cfb5e3c87fcbb4882254c2c2d,51,1,0,52
c523c6fac50a7f6a56e66504da0a096e6f7e3a44,64,2,1,66
128f858d437f95120db706cae10370f7a4b9d10c,378,12,0,390
bbcf8fe4024dfec42cb33e3ff61bc6ba94d072df,119,7,2,126
83d7a5caee33e0e77a8ef5ef0eb9ada80b7da760,233,4,0,237
8bb76a8065080bd9ba9230e51bbd32305f84e0c3,25,2,1,27
956f083d303d907c46320e43d8a96660bd6e352a,32,5,0,37
ca839c87d5d0dbcbedcc2d65e6f34473bc9e5cfa,24,2,1,26
50e452c9296a3057dcf23d5c062f65d964d9ee23,4,2,0,6
5761012af6ce4798c0fa94c86a4357a40cb02a6a,655,10,0,665
66fb8ef05ffacedacf01e5d800f54224783b8454,14,1,0,15
d67fa205da391bcccc46e5122b43a00ce934f10c,4,2,0,6
cf5ad2bc7139d58364eccfe302d07b8943e28fbd,655,10,0,665
788b6e8a2ffd31b69613a6a6ecf61f5f518c32b0,18,1,0,19
28956963fde508794993ef012503c153692c55e7,9,2,0,11
06feabe9e3e133f71dcbb9e0cc5b3233cc21a8e2,4,1,0,5
4d99d9eef35b4b08e19d38e15718bf8f99d66246,2231,32,10,2263
47b1b7f4e4cdfdedb3f40616966cf1e802007dda,14,3,1,17
0460a35de25dba2ad4379c1b5e0f58ade93188af,952,26,3,978
f5f90ecc88f0f467442506089116a6a153c77b50,282,3,0,285
122b0f4d83620d296e36d0a7236fc3f60e73d7c1,32,2,0,34
dc71125d23c03528f324458f0c6a14f3c34ab3ab,305,12,0,317
923b531e8a4379bb6cfe0cb95d5a0a517832571a,72,1,0,73
d0815382677e0140a4b0498be81de1d6eb332373,4,1,1,5
22263773313dde6694f41d8eff2cd7af3fb72936,44,4,0,48
f9bd9a3383c1a914970a1d0a391b345cc584430d,5580,28,13,5608
646ba1d95b40dde46cf8e51a9ab6986090b6b274,3,1,0,4
fa320c9310a17146758782c8c26b4868da9c035d,139,5,1,144
d52ca95b922480c398b4c3a5820a3da38464d9e0,63,4,0,67
ac0ea78470b79b4d6663ca1167f3959d89a5fe88,2953,35,0,2988
7ea229fdf05bdb153c4ff93b1c758b3281697dd6,164,5,0,169
2272d97c8ba3bbf1086f8905841bc6d6a2bed80f,183,6,1,189
cbfc4f164550c33df3a64efa935f703f4674bf46,271,3,0,274
3abcfc1e346b9da9270ece09b8a55e5c8d6c54a0,8,1,0,9
bbd4e9ff04e5fb00344f51573779fb151d502264,54,4,0,58
dcde8d1a3fa5df74fb7a7256de4f148cfb1b170d,41,4,2,45
ab1f1949e6c9e1ed661b40e06e8cacd1a03ae09e,22,4,0,26
fc7e0630b1c3d4426152f6a77068f3a932523191,3559,40,0,3599
aea1c17282dc21421aba82b3858fbc6f67cc4cbe,55,4,1,59
1b4d57ab3d9421914a7efa09c17b59b61a828485,49,3,1,52
709890275a95f7aa981549c945e8f6c3802970fe,5,1,0,6
c4573701d817e4cba939479173bbb893b2098b13,147,5,3,152
d69d41e6f27f1a1290500145efbe03a0402c471a,21614,281,0,21895
5083e05cdb83db88bea38914ad60ce997eb0ddb6,43,5,0,48
3f67466c9449ac368032d5b48491db56344b54f6,2,1,0,3
4a8fb8f344c3884fb72717e1ff979cfa1217d231,4,3,0,7
cbc852fd2ffa5494f82943d535e0825a318dd6eb,36,6,0,42
344cceb59053c84a956bf926cb4a4417f424014e,201,9,0,210
367873246dcfa5c119bec15c4ed42c38de03fe08,213,10,0,223
fdbf841d9befbc54264c71f7acfa22ccacca7cef,25814,333,0,26147
8871492cb01d22ad27ffb73bc7dc040f2c76f985,28,2,2,30
a6d588e10d1c13c1d6c22eff707fbfa5e0d37afa,66,15,1,81
86b9fa836bf0fac4c2c6b9fc064ad07090d873dd,571,16,1,587
9a307f13d6c4d4f03d52d4df191034b7de715234,34,8,0,42
58ac7a0fae135308d080e9effc7585107f91bb3a,97,2,2,99
4c84e80f21b560159f5db536260eac53526e03a9,2,1,0,3
8dd6f199b2b6b79e3d3b313228b9b89b214f5870,12,1,1,13
72df110499962c177857cbeff368528094535f5c,105,14,1,119
97facf3c58aad65504e636a5eab7d807124cf8d5,6,1,1,7
6c705daa9c9c3a6540d582f8ef1195cccf4e7849,516,4,4,520
01f12a238e075ae82232e4fa5e80ba109130e14c,80,3,1,83
edb1692569aebcd9cd21c0b12d1ea835d086f055,69,4,0,73
6aebe9777ce507e86dd38c9110cfb85a29fbb1cb,166,9,1,175
9771833718271b91f4680b20f217540d018448bb,2,1,0,3
23f5d72fb738c3cfe3840df8f675674e928331fd,415,12,1,427
717939ab80ed07541184f475b4ab1ad4ebdae08a,172,7,0,179
afc76c8daae645b9191358f9d5232b90071bce6b,297,2,1,299
983dabf341c522378e9c9ffc395e0787f8069b7f,1614,25,0,1639
97bfc549669f8b8e82f1b9809705545bad41675c,172,7,0,179
e78ed8e278e36fe293c66b5efdd78801edc6539c,40,1,0,41
e52e37e7dceb10467ee9c398e7d47fe9c32de449,136,5,1,141
f536e681badf33d11d4e343424832023b98c1ab1,49,3,0,52
5043ce574100c3887741a54b66f70d18ad36e88d,26,1,0,27
34c038337813e37d3aecc6a8f8520a9cbfc4ee01,2,1,0,3
b4f04fad0c1b5ee901251244b38c3c3f2d3143ea,1740,27,0,1767
fc0dd9a48079f99622b533ca0f4037e3e4185bd1,328,4,2,332
9fa657164e3167016f9a31c17d444f24edbec454,33,1,0,34
f0daea95dfbb1d6aca3a722773001c5ec0e0f5d6,293,7,1,300
b726449f787c4fca42737921e321c145909ef5f7,60,6,0,66
2b9b1baa5d132318c8993e3f4ed357768dd51d42,10,1,1,11
891d7066a94034b66a354ef460e0de922d3f3b3c,1416,42,0,1458
718cf78b626d45e29f02e0ba8e50ecc1d0f27676,561,7,2,568
f3eb94e0ffb935546be0288e0520f3e406a2a543,177,3,2,180
48ab3de101308c225a976db341f3be36c195b3bb,55,2,1,57
2da17d7e5194661de15321c3d77bd961af698783,11,1,1,12
c78e2df6e6aeac9fc6f100060deba84bd5faef97,127,13,1,140
0f2b7532d47230946b4991ac2211949f9b8d37b6,4138,34,6,4172
43de3d67dbef5f503289728a6c6026c3106a39d3,1445,21,10,1466
5ac304808f29b29c21147c98ac410429033f8a30,4876,44,0,4920
337723403988c469e3a85cfe0ac04b2df146c19b,7884,109,0,7993
5b999943384ccad4bd93a8528501939fab91adfc,132085,1399,0,133484
fd635e3cfffea15d1d9cabddd9134a6a2468717d,120,5,1,125
65183c32fdc8efe47623a84eae3f36130e03d015,83,5,0,88
caf3aaae2acd5f6f9b5956e86043167efbfe662f,83,5,0,88
12d1d4f344023bf6d4e7b9db3e78768b8970aa14,7,2,0,9
a3566b87b206806e8a8f4d260ef808aaf506ff32,83,5,0,88
764c97b9014b2ea3bac8a99aa7f5d165c196ace9,31235,280,2,31515
b646b5491284765addf1b3bb0ea2cc6fc020a67f,174,2,2,176
81f31056edea7c75537b61b90f1b3020150efa46,18,1,0,19
d326e05775092fef51ba4e1eeca47f7399fb09ce,174,2,0,176
f8935d73f64b9c89a5c7ecc95c7217d13513a08b,211,14,4,225
4b112197e9b9695f49c22560119afb2f771f7f2a,2,1,0,3
4f20be239c3e86bfe4da28a0112078bf9cd0957b,365,6,1,371
bf99b940c0a7393a5d1351cd475baae93275e560,10559,146,101,10705
339df384d3fffa724d8c18dd952a9e2a3a8f01c1,250,8,0,258
044ca2c3d7ddf6f6239c1c15476f89e8d4e991f6,74,2,1,76
e5aed699dfbf8fe5459e5ee4e15a5680331a5703,250,8,0,258
0e03e25729db1c37e3fe91ce092fa1391d3ee105,68,3,0,71
f607635d6d800ac354074e5d2f9ebe0d1a65a6ed,10642,149,0,10791
388ffefd858040690e63a3825024f5aa5446189a,488,8,5,496
ea81bf6ef48fafd4622d8e230aeb5fcb2fb610f5,196,6,1,202
cba9845abacbb2f50ba6892000b176488e5d9788,380,3,0,383
99588d21b92ac9b1260c0b72805ff37e052c2c06,375,10,0,385
98ef922c0978cc71f641156827b3d92d347afd10,14,2,0,16
b27ebe6914ae5efb04e62b3de506ce477c16dfe7,75,2,0,77
41e37a52b9d1c8fabb25cd7a74c575efaa215dda,75,2,0,77
7d51b6a34eb4f78ad8eb019057768c57c3d660b4,18,1,0,19
3bd5839e65869f4dd45f21e0c19db83b8d0c4b6e,18,1,0,19
c27ed25123aafdeef91c36f28d0a4094dbc6f272,16,1,0,17
aef460f0a5563fde7c610a51c3b9543ce0b9a5a3,2,1,0,3
1b6dc102cec6c45c392714d595d635763a661d19,943,32,4,975
b83f7dfaeb65db7afcc0e830ca231126703d6334,122,6,0,128
f69725d2287279d13ab4e001280e6db0db8ef792,122,11,1,133
949f0a47bc20b094f7cb87765db7d607aced9577,43,1,0,44
7755c80ca8d3964cb3c40a30802bb7817a4e7e71,61,3,0,64
bc143c6aa325831e94d8f471d62921abdf9b777b,3425,47,0,3472
bd6a67f21ef133a7a63d1f0fc3a8538ce33783f3,203,3,0,206
49c512446588cb71bf661db2d48bc9a15ec8499c,7,4,0,11
9bf15f210a468740a5e49211333315fea3f17827,3635,54,0,3689
28196d0345ce600cc5f66b5ffe45456f3aa54429,5,1,0,6
d1151d49ee309c02075128cb9eb1ee78a32ee7d7,5,1,0,6
65ea2b7bef5de0de2970cde8faf9b399868e0d9e,62,7,0,69
80979dfcd8b5f2e6931b1035f4ae0cf77763374e,759,12,0,771
b50eb654c72bf3f318a5e4d2a8871607c96c0cba,901,18,7,919
003fe5e35aaf85d8ed5696f36eff5618f916e166,497,8,2,505
9a79690ff19669cd9ab0a0d884800c5471978902,13,1,0,14
b7637d4ed1ff879e84d38d426299407bf1ba11ae,9,1,0,10
d2cfcf227f21d0539f21d4d0806a14f139405164,952,33,0,985
5b93969f9f759c31dae5ba0db9847e8808ca8c24,294,11,0,305
e5be386159046c69176ca9d22d5fd76318415563,21,3,0,24
6b3328b3765167a9f08390ad6ba00bbb60743fe6,1690,33,0,1723
801ed8b1802f7eef02ec905f30e35569017d2d87,146,3,1,149
e64558e099dee99660de32e3c55de8d4cd4a8961,5,2,0,7
2d5d1246dbda74b3ca1ad3e6309953de4bb78c4f,706,5,0,711
7c3ef23c2855eba131e26cee329074bef41d2bd1,706,5,0,711
a288a44254249464f772881e8368af4f3517db64,706,5,0,711
9a96d1117dded23811bb38305dbab1ad5bd3f3f9,392,3,0,395
551c2135794cfe87ceba41385e4e1aa9d343a8dd,2,1,0,3
28b04974b8ae7b7b2faedbda79bd565efbec82db,706,5,0,711
587652736b684a623d439b0e1d5c0cf44d28a8dd,397,5,0,402
eb256a95fd4feca9b09b4019115736a1772f2118,11,2,0,13
ce3c195469a421992523d272b3fbb173952dafab,33,4,0,37
336d6a4156703f0d8b58888e5964a89814dea5b3,13863,204,0,14067
33d9dcea45d6e7e9dc5947fbb1d565bc66033242,19,4,0,23
513b0f8de869a0fc519fbd3d3e0525b4898c77a2,70,1,0,71
e176d046284dfc762a84a67576359a68fcf14887,70,1,0,71
98f741a27028f8166cf8d332c825c977a8257229,11,2,0,13
647af14e5ffc9c39b3dc3f5eb299b20d930c4e04,60,7,0,67
ee9ad5bc481eec4b0380c7ab97e4b2fd0f1fee37,133,14,4,147
4c96a4838ef2a9deea10af9cb07c8380bb0108ba,11535,168,0,11703
e7288f40628395d464a4d75b286a7c0f58e13c70,119,3,1,122
de2ee0d9eaeebceab8167afe061c053dbfd73ce4,2818,54,0,2872
ec36127992a6ca63cde7abea8f930b770f00637d,146,3,0,149
62c8f97f577aa53d59a2c7b620007b58163e8c53,207,11,2,218
9482009cb6fd2d5f9f9707fcbc2453f0772da037,8,1,0,9
4a2691150450500506302b0436a0ed53d0f83487,8,1,0,9
a9b382732c4b0d4b8117e3e8d06234ab192617e6,146,2,1,148
0da06b05db376a2759d4f078839f0b3f12568f73,168,4,0,172
ff83ad26b20c4a6c92a21b33b701b1c9ad5cbb8d,32,2,1,34
8c2fc429cc40b899e6578a85e37fb8579b160a87,47,2,0,49
1c9fb9f969f43b44fbd8ccd356eda62c955524d8,440,9,0,449
457d4f247f6b56892127aaf62f505e307347ec86,440,9,0,449
bc642a4cf43f86dadd35b57c2ad4d63773ef6426,6,1,1,7
9b606b8875152ca30827314c79478e80223c725b,440,9,0,449
b4a5d376608fdc36ab0a5dd8157834771a006d37,453,9,6,462
5682d8ead60f49ba3bffbf6dc1180d6855928f56,20,1,0,21
093a3e00a0906e037a9c5e66a1d6731275b062d1,477,10,0,487
dd756c0374d930e30caec9d1d1a117fcaf3388f4,195,4,2,199
7c41116913caa9e8c5e0d6022b276e855fce1b6c,477,10,0,487
2ac4aa6039f51626529ccc6f606e683b48854406,4,1,0,5
1a384af17b39c453694c352836ef97e581ad96c6,1,1,0,2
0534f7a38c4dc4829fc58ea1cedf00eb3bed89a3,44,3,3,47
a7e57e5c6cb468adf00924438e1062d352b03e5b,2,1,1,3
cd063dad296da777ac92a39e792ab4029b7bcfaf,61,3,1,64
bf561e1157dc829270ba430348d625a49e00c542,57,3,1,60
98338ff89525be276a7d651b6d561b8b013f8c3d,57,3,1,60
b8d624a28c2b31fafaa287fae22348ea36694a22,16,1,0,17
06ba3fe2aa4e092c7697041b40a50944aabec6f8,9,1,0,10
aede4b365c7d267b3009305cc18d097f10fa3fef,636,8,2,644
cc9d6a58c700a17f2f746d22c8f27fd5d100e4c0,281,7,0,288
c40d4cdf2f96165986022727925bf5d3c48c8b4d,1,1,0,2
200c0468b9bd26671429b1c66e5a06acef769f57,2,1,0,3
4a4fc0bceed6c17c5a97603de477c059707a9761,0,0,0,0
2f56d72f928d9a734fa83766fb73b4cfdcf54408,2,1,0,3
fd0714e850425263cde269a1b1325834916288af,688,15,1,703
bd79316a24701a06c169702617296e99eda50002,6,1,1,7
bc9b821495a2b5512d4f170c9df8042b6f1f8855,688,15,0,703
5272c02bd587290dbe5c01c5d9c5330071b9360e,117,5,0,122
3319d2a7c2c3bda0a91cacf248727baf2a47961e,10,1,0,11
5dd432f82c1241fe80780d89b4cd9d17d82be13d,156,5,1,161
ea909bc57361938bd72002a1aa2864a7938aa02f,1282,22,6,1304
a03d88f7e6b9cc3f62c022a44ecca6bd12841ac8,1298,24,0,1322
fcce79cd36eed2ee66e9a2da74bc87ab090220fd,50,4,0,54
36f65e8376819d71e30c7a33c41c51c2a2347247,28,3,0,31
dd95ae1bac16ed38e717ce27cbb8b019269da838,71,1,1,72
e590dc41b9c44581aa51201f8d2e6ad73ea00391,50,4,0,54
dc68c0ed8f26c952f9a4dd65783d1f51e4fd68a9,6,2,2,8
db8a9b2b68ba505376c3be4abe789c84fc8e47cd,256,7,0,263
fa9eb0d4feb8fe2e0cc7cf5d24d6a8b6f76f3781,8,1,1,9
38d9e91b0585591f714331aaf9e2da3561e37a9d,295,4,2,299
dc7b37f0dafecd20da2866312f42a68a15f39a8d,2,1,1,3
5a43025088dfb1648fc63591198c4a1808a47617,248,5,2,253
424cf8937e25f2f9f3095a56a87a47c2ecfea4be,111,6,3,117
f3deed19a33606adc69138a8953dbc5b624c81fd,3,1,1,4
341f12fb25b16206a82de32a96b900163cf4f043,409,21,13,430
796ee160da1023437ea6e3006db59a1094fdc45d,3,1,0,4
dcfd30e31f7f7f2a8f4ab964b66967ad758e549a,1,1,0,2
0c3f5d9b72ce7c911bb9e71ae99b043924318002,1389,8,3,1397
6bd0453382293b30df718ec03efa8ecdf347cc0e,479,11,4,490
5f6fda3df494454ae5b62551b9c6321fbc816c3a,479,11,4,490
5a831519624fdf60b8755f2857e207a619db9683,12,1,0,13
5a2aae71b11ae34a3cec5f7f525c4c9befce955e,2,1,1,3
77e06a8072f3a2d61cadad8fa63e412fb5b2c4a4,2,1,0,3
90ae6023c4301840100c13e2a494c1c8ce401adf,9,1,1,10
cc58a63d1024c6c76b865731ab9f96cedcd0c9e6,2,1,1,3
f65dd00ab95678260efdab1ba538079f70cf8201,428,5,0,433
9a9c35dbe1652abbe5f483edb065e53310a0a3dd,80,7,0,87
0e8072f8bc831ea08cb4194c60b5b2d0449e671a,2021,25,9,2046
92a41ba58ed34635ff7f543849babdc8d566dc05,3,1,1,4
b91d6bfc68604b967af4066660853ee82702ffe6,140,9,1,149
9ea769a25bcda322f628f8d4fcb47f67579db026,4,1,0,5
b7ce8a2bcc76bac44ee41a2b0ac95c3aaa8aa21d,285,17,0,302
3222723891267ce1600694edef722404b07bd7a9,40,1,1,41
5ccda41113d43a18ac0de5c27dc74aaaa58fc71b,10,1,1,11
92dcb56917a8741eb2ef3fd64be2de2adea41e74,21,2,1,23
72413df55a7cacee63881a36c8ec5703b7c232cd,431,19,0,450
e7239b1b4fffa674e602d90567ff887fde123c60,11,1,1,12
1dc1d85611492739d077e53cfd3e4db710040180,12,1,1,13
223708a898420b4b9ea421ebfd0296d1e76857de,12,1,1,13
b52edcaae59819e0ed8be25e9aa7c9c61394b501,5277,91,0,5368
c9f9d24e572ea68dc5066ddb0c128896dbe46838,45,4,0,49
608bd82be453043264dc7db0f7f32b3171e15264,45,4,0,49
fa197d2f71430cb5e8765335eff6a9c2d4f6ec10,793,16,0,809
d549daf7b35496398844e47e4bf1bdacab6e814e,157,6,3,163
e5c8dfe243951543bc2a6032efb5f9c087f5b184,5,1,0,6
21daa23ce0d1bdb1e1e28247aac7cd29ece5c898,2,1,0,3
fb0b0e0124eb42a2d81011e2eea567a70228c55e,5,1,0,6
b369d0306a49bf24a9a6ad09dd8a06929bdc572e,1994,11,2,2005
b95487d61145cbf75a80c993a5b9ddbe27804220,22,1,0,23
992fe660b5efc788ce8106c274cbc0aadf01d9f6,188,8,0,196
a606f59b53aa4abaee7991cddd47bcfd212e58a1,22,1,0,23
eee57af37b31a559cbf0a4910cd88b384c2c64d8,16,5,0,21
e49522b4ec4fb67cd69a7101a1bc796746d82b4a,488,9,2,497
cb9a50edc3e096537d96ac42e51760375599ee77,22,7,0,29
e19da7e4c6cda73d1ab60609fb1fc1b3bfd78d9f,41,5,1,46
f07f988fe5b0b481ba53f4954416544ff63ad6d0,13,1,1,14
88d9fe6796948735bead36475f1953efcde90f4d,3667,55,0,3722
d2cbcbb80d9732aef0a809c9c06899130007542c,11,1,0,12
42e5232c8b1e057ef159483b576abd39a9245f18,256,3,1,259
4d420f07f2b7bfaf6a88fde4e0cb401251c0aa33,74,1,0,75
e79bb622af156586fbfb527df6afd9c4ab8cd056,256,3,0,259
cba52b7da150c7f946ccc57714bd942b598246cb,2,1,0,3
498ce8447a71a045b96e0be064efc64fe3316c58,114,6,0,120
06c5842cdea461a2d479de43bcfe75c377c65eb9,19,1,0,20
e3d9afce70589d535e44b2caeaa7e2cb57c84bc0,45,4,0,49
96107b52dcae7824ef1665dd260732c996efa020,2,1,0,3
a284d053cd2f885d2e6e23be7b992a8ff948c241,1,1,0,2
796d4c422ecd50b17cdd54e8423722ef2bea7ba9,359,5,0,364
eb5ac0ae5db711f75804842b7a39d3d6f80ffcd4,40337,383,0,40720
3f7d33a5aa48f6867d375d90957bf8f9c6bc654c,2,2,0,4
ebf12273216087eedeb07a8c0cf198884afd6e48,2,1,0,3
17fbf252584cf6ac49ff2684124c348c087a6575,41199,400,0,41599
d57caf4604422218dd9e4b169dd233d9be677030,11,1,0,12
83be105849c9aa1b3c150b4f77e49e373b7523ce,2,1,0,3
0bcb155c4849188e1c0c19d4c716972a50109092,674,10,2,684
a10b63e91ddb98c6fdd39b2baaa9884cf3218aeb,18,2,1,20
20aa8d83348434621d5e9cf28bf528add0871ee4,114,3,1,117
fa381389bdfc3c40edd44c6450992ff680fc40f5,40372,389,0,40761
71315a66cd51d0e28a69ff72021a6582f7d2a22e,4,1,0,5
b33eb0273236b71c1a508abc5adca9e2c54d0306,16747,104,8,16851
7959ab000e86268845b84fc6925aeb4b3a046fbb,1,1,0,2
a71a40828e9371f215d945a266f690530d9959ad,1,1,0,2
ce5bb8ddda5efb9ee72d27df5ec4bee99b0c16f0,6,1,0,7
9f143853e374556519946d981fba28ae6d4bcb42,45,1,0,46
145153914941f19cfef19c92bb1771d0e2e6b69b,6,1,0,7
cf85146503f0cc3b7ebce89989ba248e091453cf,6,1,0,7
da49670f3a47b057782262d92af7cdea10323cd1,95,2,2,97
3dd786d2e08b9366948a191f99f8422ae501f993,57,1,0,58
f26f16552be2b602d134f2871c8d2e2fdd13c204,73,5,0,78
7f8f000dd1909bb4ce26852a82f4c681734c8cd6,6,1,0,7
0aaa1c73a26380998d10e70fee76f023dd47c103,16787,109,0,16896
b104c63eaa7fda9abdd6b568cef75e0e9ec304e1,16775,108,0,16883
9eb219cc968b62ae0234246ca4d491ac38b8613d,2,1,0,3
d2f93c0e5ca811ab06f2e88260602d1b3da6e522,2,1,0,3
ca79163f37b82ddc3eb058fbb2d880dcd529ce82,32,4,1,36
2bb074a2698d1f114b07ddf4396914ea3f44843c,15,3,0,18
909cfe0cfd9e112f9763dc9ab1ff64706e45b53d,556,2,2,558
2a35fb6f02d6031e7f7b6a61e01579c48c081a67,11,1,0,12
5aaee059ffbd0f757355a35ed1a0aa20d6e9685b,72,4,1,76
b5304f7bbb3a1984b47126f718b235ead0da69b7,47,1,0,48
db9431fa7cead53e954062adec7f901c0d0f3674,8,1,0,9
1f29fd4bfb7a713503f0c7b6b0f9429586577a3c,1,1,0,2
0c657c249536dc672e4c8c19fe20a22635ddfa16,82,4,1,86
4ef478f2145904a617abc9ae6117475b4c72822d,400,10,0,410
8511258568f598c53696cf2e48ccbb7451c51a37,279,13,0,292
7f3197d8afb7baf59afe33824f17a33a95a5526d,40,3,1,43
b5f594124dbdc75525bdd2c92fc49b9e126e60ab,1260,19,8,1279
fc124138745fc8e02d0b9d8dd4b5c83427557217,11,1,0,12
3c3ad5fb7133ab15c5e56aef406dec285b7f4e72,122,1,0,123
0fdf2f3fc167442e8bf8f7cbb6b9c68991f15426,114,3,0,117
efcecaf046cc5f1a2cb54ef9e2659a82efe1faaf,26,1,1,27
fd7ebf062304057d8b959b3ffa31213c6f497139,41,2,0,43
4ec3c962adfae8f7fee09673876706c55e0199a5,1,1,0,2
5dce3e29bf2a2cb3a1fb41b1bc4215a478ea2c67,12,3,1,15
ba60d6f28dbcf728bec1fb78ea676817d705c537,146,6,0,152
6e27c19056d7f815aeba1fa2f409b0f02e5cc664,50,10,1,60
ff7c587df92b2d7012290c88c99f69285a904d3e,77,6,0,83
3b20fb81a423dcab4f84385b6598bb91a7aba93f,95,3,3,98
4647db7f3ade7d2263eae63335784fb5b332558a,2,1,1,3
b583fb3ee1ac54e9f405adbeff4e582e6fd8537d,25,2,1,27
c9416ed9b58bbb2287e896cc5860177939c4b3ed,1067,4,2,1071
f2b390a385821c4235bd20cc31de978b14601077,118,3,2,121
f83a5f701b28549d0de2b7c135db191321772ffd,95,3,2,98
1ebbd57b74eef1abeb99fa9427667da17db9d01a,95,3,2,98
40a27e714d0bf62a26a35c90c68a020dbf0256c7,118,3,2,121
8cf6658c22c773accef30099e9d2a50f6de82ebb,4,2,0,6
e7a6863135ac922a2c9e569117e062db711123c2,4,1,0,5
e96fd87dab45d7262d6c51721cf2f4159e0acaee,300,15,0,315
ee7e2c7d55a98f496e82ccd544090297b9e33e38,1978,20,11,1998
8e49e7013ea378c3040e1aa2d9494196d0833e40,1916,20,11,1936
eda4dbc242c27296d13fb4b2e1fd2399f2992284,19,5,1,24
4fab7b25032d241dcc97ae17ef211b887ed6def1,508,12,0,520
e13ea62c39436bd1091752a5cfc2912685a6abd1,508,12,0,520
46892c76e2d55f6a88503404339e6b139124d2f9,1285,12,6,1297
07611bd19beaf73a54f0627a6d8a71c3a1a09874,1285,12,6,1297
a06d62c5969567abb9de32d668d4a03a79ab1121,146,5,0,151
13d7bcbf77d0061592d543a48c9d85fb5e9afbe0,268,4,2,272
a2924e11462d37d589b06e764f7105a25d5752c5,6,1,0,7
f7b376bc2b579d84ff8e67ec3f90051fd41d7ef8,14,2,0,16
414cc58bec1a5840b6d6e17ddb354168507c0a6a,492,3,2,495
54e432e9bb6927351ea45d85b94965925a8351c7,492,3,2,495
c8269da30a1d55f06531857c52d254268056e84e,14,2,0,16
046657baf65a9bf3dfdf29a66145f9ad2c5b3698,420,5,2,425
e1ec0dedab0221b53dd11f2854c8c88b2641d147,420,5,2,425
727afc87dce6c26756b56620c2aaccc3a3d0117e,239,3,2,242
183620cd31095dcd92471927cccf8741e3b63ed7,65,3,0,68
6fc274aaf075744e5eda443ffe8c8e7d84cd61cc,3,1,0,4
9b2767f37b841383d988eee8b449e31ddd100251,254,7,0,261
30aa287b881d4f9dc3fd5eec9840eab8d9a20828,3,1,0,4
e2db87bb1b6c71d7978af17e9f2005ba1c661ab4,242,7,0,249
2741e55c14350c488fd3253fb97b99c581377824,47,2,0,49
6fcc7a41d8676956983792717483318b85781479,47,2,0,49
b99470b2edf7a2ce05e03c2e26da80bde124c126,60,1,0,61
c28ce2cc7417d2c93ba1d9d307a9b34e000a70a0,47,2,0,49
48321a402a1f0ecd77817fe406d682ed0a4e3647,65,3,0,68
4ed47952a5c86308a2ff27f72351916f799dc359,193,1,1,194
584f1d7410ac970772376f518f7b990cbd1798dd,654,15,0,669
57a630e5af4ff7403d53a8c7cd020d18ac82d657,4,1,0,5
a9547880a9b3b541d84f584124727d48af9f1509,31,2,0,33
073ddce68156d54f3fb80ac1367f7de3b522fe5d,30,1,1,31
e274d44a37fd1269e7a3a5f0000e1ee6139fd0b0,51,2,2,53
92fca1ab2d3dbae0516c70d005f461ee235ff72a,161,3,3,164
b4f959791c817b0afca3e22baa12c4736f58d66e,765,10,0,775
9a61273c4e16d5efa384bd520d9ca4ed4ddf57f0,38,1,0,39
9f3797b51adbe062ee6449cc019b2ae8405b2f70,20,2,0,22
271f9eea4e762e3fcde6c08e97825e253cfe7c1a,2559,26,0,2585
6687e2bfb9627ce08c1c258527e2927606a500ed,61,3,1,64
40a41fc50bdb73d50e2aa13da8203784be98e38a,57,3,1,60
d05786d8bfc8177223b6db9a98bd3c8170b6bcf1,57,3,1,60
9d937ca34775f39b46568eb3fca4585ce00a0fb1,16,1,0,17
8c578aaa29a4063097dcf1b20ca983e4ece9bf94,0,0,0,0
edc2947d7340cac4a3c90fa726c23d5d47798ab9,60,1,0,61
2f1747d726da87b67f6c5323b3e64762d56398cb,128,5,0,133
0135732283a28b1b522c01f1b29d17bb97780f41,26,2,0,28
1bb8b647264593034659b7db929c2664dec603e1,26,2,0,28
d01a3053ff35f03a254583a7e44220951b9b02a2,190,2,1,192
1cacd774b85095e74313f8d21021d69f3c35adbc,44,2,0,46
fda857413d74755fece9a9aa93f5e518e5477bd9,46,2,1,48
7f597d69097d3f86a68e527e030a5806f3db1953,116789,1112,0,117901
a5956c4e6ef999119862219d60efa0a1760ad949,25,6,2,31
17096cd732123541a89c3f6ac2d42f1a820bace9,47,11,0,58
3d48d5bf9babfab320d08f1b7571cd6196e398c2,537,14,3,551
c98d5d767d1a7e95b533abc88573bc9e00104151,277,3,0,280
c0cee7a67183646c5a8eba8fa75358b58e1d27c0,116831,1118,0,117949
b70ff1ea01dc3a994c591448002ba1388000a12d,24,5,2,29
884359eafd243bc88683328c6134bcc61a51e52b,734,14,0,748
7f16a64ae9a726a4102e9565fae176b2dad75715,231,70,0,301
47c575c8696d51b675a16aa260ec9d398e0a68e9,116,1,0,117
00e2dda9a850f74178ee893a3acf74ddc30d4a13,2,1,0,3
cd9d6321eec73dfd5e26fc984f34a73204088da7,75,3,1,78
cac7c3ad3576d1526aaa69f11f24a91accf7ffc7,33,2,1,35
e2d30005546b4ab1b549ca9fd1deada85b58ff77,31,2,0,33
39badd8d932ab5c7b3b09dca728e69272617d363,3827,66,0,3893
2ef0c8480f539ef784d302c4d88255a0293963b8,12,3,0,15
9a4a69fce8a9a3eabf274205253302a898040d9f,474,14,1,488
bae5ce242be5a405508360b576e7630097c17bdf,38,1,0,39
a28e16e24adb0a03df959830517db84d2505c481,225,3,2,228
96ef97964012ceb52abcc79ec9b5fa46f3807a9e,341,4,0,345
4002e57efa77397ed358605349ce023d093f83d2,3,1,0,4
4aca49915215ba766c855b519af698e5a35ee1b5,9,1,0,10
3c3ed0563c4d0ffe64377dcc5a9a8a73980b334a,4,2,0,6
56c605622dbecf71f3ee87cc41a16d2ee87e92d3,61,3,0,64
a815067a0e8e7cfc9f49c57efe2b2eba562e9071,808,12,5,820
421cf03b03276d0ab6c32ef6665d547746446dfc,17,1,1,18
1666262162902b19e8c5d85c04cd70ecd7f44110,118894,1144,0,120038
4d914ff1cbd8b0feb2a246004cb2865be52f2cd0,2118,11,0,2129
0791475072ed8754a7d14e786a9608e5fc06c8ae,61,3,1,64
167e47781f65c056b9d273eea52d268bc9a8fa0b,43,1,1,44
21bdf3148f05481d86e77e13b282ac44c6c3a059,22,1,0,23
3ca9febeb2bf53d17b6dea739938cff40c5fa67d,43,1,0,44
60c6e720c4b1596b3623894eb4300aee74462843,345,4,3,349
818000ce961362217eb73e3e7c947dc86ff5ddcb,493,15,2,508
82876e9a9df3c88718ffc927d5556012d9de9664,93,3,0,96
d2805f1cfcc94c800ba9a6859342fdaff639ebb5,119165,1149,0,120314
eaac9ed608ce8704b2c7f3672b06e6d7b546ab55,2,1,0,3
2f6c390a83882671abac580678e7f9c8879cb7bc,4,2,1,6
093519ecb5a56fd9bf2c32a30d2f10f3867957d4,2708,28,0,2736
149ca70f4f6e99be7146805cef4ce788ce5ae140,105,2,0,107
7368fa25fd0820f930a72bd60e6662a2cf85183a,2,1,0,3
7a42b73caae73e5352e70ecf705fcc79a1331ebe,66,4,0,70
33de3ee547976a71154d0ad5e553309f9f1dd2ea,6,1,0,7
d567ab377cb34bb474f2c65a9fae7f050d042398,2,1,0,3
116140c907f3a024493e62349ff7425e06631d64,182,7,0,189
40b3eb5908dd45219a48b5c17e978cfe728afc31,175,7,0,182
9db7652d6d7209fe18a5b276a359f5fc01a85364,26,5,2,31
5d01087bb0f279b480ec55df14e04c558b4eb24f,10,2,0,12
f175d3c670025bd619ec347dba2a5c5f68f4cc32,269,5,3,274
4cc10982e06fa521ed93f5930b2ccddcce405c56,1180,22,0,1202
fda69ec2761be4684869a21098df3abe4588ab9d,4,2,0,6
1da14369c886ed12dbe0fc9b2c4d5a568c76b6b2,825,15,7,840
f633eea5acfb669933f1e13f1f3e709ae5111720,825,15,0,840
3a58116b920f2e047353490a95426157f8c35a59,39,4,0,43
e0cf0fcc954a39dad5b0f1969488a7b372ef8f94,239,72,0,311
265d1248df8bf04024a6cc68f3d344313d83e9f6,62,13,0,75
5250baa17cd52604b7452df53309f1bdf4098269,20,3,0,23
91862c7c05bd37e287df1b2b6fb00e5cd2cfbb71,2,1,1,3
c834ae02d1f9adc9604d3515625891e72a3047eb,2,1,0,3
11f79092b0f20bfe0ebe7a8fc7a18ec06e612e31,2,1,1,3
9cafd5f4b39017626666a5ddf71c7efb9c8bb9b8,22,4,0,26
08754c495747906cbe58aa76a07fdf203455e093,101,6,0,107
5cd51cd5514d37e3d788fb6d843e3d0e05070f17,2,1,0,3
4c8725aee98438bcb69135059230ce09b5022910,59,1,1,60
6994dc7962f03b8ab67d5172566cbb2d793669c3,528,14,9,542
e36f1791d14ccb9ebe8078971041e46f214ab4ac,444,15,1,459
bf907b8eea71117a051ac6578642c6b8b2b09f73,66,4,1,70
9df1b905cd86384c1d191785d70a8e5c8e741e48,161,3,0,164
7fc1a7f8ecba07869f8706091f076079dd83cb8e,3,1,0,4
2485d86f63bb2149e8881d3f48c13fb7784c29b0,19,3,2,22
8ea0598c6b5ce9e81ccd114df7246ba17e26817e,90,1,0,91
150e0d3b3ab1b01483b5e44ff28198a51fa35e68,2,1,0,3
0d623830e0d67be5f0874f704155367d2d9de45b,353,9,0,362
14c80a162419931f589f23dae60f2590f0f425a6,183,5,0,188
4a98541217daf047357a94d53b0b3dbfdc8f7803,54,3,1,57
fdc3aa6e6f1f163351ef1200e18faed7db96d218,1501,30,9,1531
6f99b14ea00bd99ec07014f4cda3f43edc562da7,183,6,1,189
6b4eafe27efbecae4c1d62e2d53d7bc114ce4735,28,3,0,31
8156cf817b879b30a9d097a3d4a1aa35b5da9570,17,1,0,18
dc34b6f11b1b850ad6cdfcaa3d34e27e9c6deebf,97,3,1,100
919e28a77a2962e8a6f2fca13435ecda841af7c4,2403,48,0,2451
3d3bf080bbb5d5a35a9a6cb641a7b1b11867b538,7,2,2,9
4799b2601e5928bbb6854f462ae02a6f8935852d,97,3,0,100
9e16b6cb808c3c37e4b08bf08a7e66257a1a5ef4,89,1,0,90
3a665a670801680ad7db8a9894d781430201f096,105,5,0,110
bb2092eedce5cf0dce3c649bc76148b0beb3b7bc,21,3,1,24
cf3520aa7c792829f05593a4bc80e05f95b78120,2,1,0,3
38ac8fb4230436e3983aade5faba3a84bd2e27e2,7,2,0,9
83f9fd08b811a84580f8f517c32c628ec838af3c,239,5,3,244
4e82af8a57d7a627e4d019273f8c5a40574694d3,286,7,2,293
18d4ecc44a895ca0add46e15d01bd547fda96d85,6,1,0,7
48da4f0567748c46e8457d36395743438bf590b4,903,32,0,935
5a06ef44320a0789a9b777c5177a5fe932026dbb,1786,23,21,1809
dc665a8c671df7160858ef4c34c07bf375b7d9c6,30,1,0,31
97d576187b91a8439057dc7ff7440ab7d8e74bc9,76,2,0,78
77793f5e23d2301bb2d623de5bae1e48dbee772b,119,3,0,122
05d37b4b89c8b878ea0323a4bd758a5af41d9975,12,2,0,14
65266e27f4dd3948e8b4cbe7f056dfda594d90e5,203,6,0,209
f272bd0e476f1d10333704fe97e0389642965f28,6,1,1,7
9867596f6365f05b0258f8631a55916977e94527,10,1,1,11
6970ae2fdfbfc30b6b53f81364b1862b7c1bfcf8,2,1,1,3
05c545003f0ea2bc98acd099ecf5ad05d8d47084,21,1,0,22
07e76b858dbe283600e9ceb99a2f759d8aa3255c,2,1,0,3
605f3946bc8f3d9435176ee34afcdd7b9c5a621e,26,2,2,28
4ec0fedf8f45b37371485c30e03a29a3da92d5a8,3,1,1,4
4804db9ca806ee7c743f5f54d6eac37163513759,6,1,0,7
d4046dc46c0b6e4f122ef45147dd44c09e4c283c,2,1,0,3
3cabdcf026fd528fdae305ec2ed832d6ad603cb0,100,5,3,105
33b0eb24dc7daebc13c07eb967e5b4ed7171ae55,25,1,0,26
a60bb3b658bb6d4688e07e0e4d07aff6a976c6a3,286,7,0,293
c300448b94ed0d3f847197d1bbe67c31165c6ae6,507,9,3,516
4273950458a9bb2f83d5fc0489da49aa1fa1dfaf,23,2,1,25
177ebd5c75b38e772e8889fa3589d86ab3fa8f70,1323,11,4,1334
7761e5f573d9f39b5cc542f3d67bacab4e66609a,7,1,0,8
61210943c1c627aa31dba6a80531a3fbac70b6dd,2269,31,0,2300
c148040521e01c43e0b98dcb7bd0d5604a743187,45,5,0,50
152426d32f30b643c73583a0a0f53d1237e63d48,45,5,0,50
7bfa539e556e3a3d1ed2c678587e5d652af14004,2065,34,0,2099
dee6426c77f699f74754b0d898c6d2a91bd41f66,46,2,0,48
b9cd5f32773e79d9790e8393ae0c9c65dd969093,49,4,0,53
f800ee0bef073cf01431c2832fa56a8e2e6bdc6a,36,3,3,39
9d9ef64a6bd812a135b7765317f66e66a1922e10,2,1,1,3
1ab481731abaaff4710224ed58127aa9417fc694,8,3,1,11
1a6039a12d5ec88d8ca722028950726717716ebe,73,2,2,75
eb3e5e171cf0c759df1747797d6ddd666a7aad8b,3,1,1,4
418674075736e881ba98c1d73c809d3b027426c9,6,1,0,7
433c9c8a01e7f1752072e093a734433aacc09fd6,177,15,0,192
51a25fa8496ff6e084fd1ddca5eb5fed9b8f4d27,48,2,1,50
de1b8b103f313189a7c7e60c8ffa6b62a1746064,21,3,0,24
87a16f07612ce1178d4282fd4e1fe3cdf400633a,301,5,4,306
7ecaf7067939386f003cbed4426cd641c414c4e5,46,4,0,50
2bef006e8e53cfc934f92af72d3fe5eed5a3658d,54,3,0,57
247907c8bcd61f28493b0b8082f73ba92d094989,327,14,3,341
6c2de8303d1cf93e32e59d9f2e6a4d2b8329e78f,6,1,1,7
17020cc81edbb6a75b45f35bdbb28c70c951a667,6,3,0,9
be5b3458a9495c93bf64168db0c7311ea65bc573,6,3,0,9
10bbc36df5cd8a38ebad13eb314577c040713b66,201,1,0,202
a0e74b78f8808081f68776dc16cd9e51391420b7,86,12,11,98
2040c3dda9dd5b4796797ed37a0fc01890dcb861,124,2,1,126
7d12c851d41a26b80c6651e3577f86cf38d2a4ef,124,2,0,126
320c1aafdaaa0b5325f32566cb48fcbef455f69d,4,2,0,6
4f8ba17b412af8d32812ffba39e7dc2a2326ecf8,156,4,0,160
8adeef37463fcc3e0f647596f1b97f0826aa946d,160,6,0,166
92acd7404fa0be9d48c80dbdd4f662d7c6a21454,140,3,2,143
80d19f04a793fcf2009985b449ec3f058649ab4e,18,5,0,23
8e4fc4c3233cb21977482c515019f5fe36ffa564,18,5,0,23
96c599cf177321f4dd2a402f696fe4f0cafd9224,255,9,0,264
fad73bf570760e697e20ea19c00c18bc5d6cfc6e,453,5,0,458
442bd6190d38c9d3ab5c476775611fc78f5b2f43,708,14,0,722
150b5c99828f701f72cabf852dfbff0dca4ea0ca,144,4,2,148
e90c9c8889235e780bb9f37ed0b0ca7a8d30136d,1324,30,8,1354
e5fcebb095fc189487d1d4f267fbf2164aef7329,1013,13,4,1026
c88ce20a62e315418cac014c3419ce254c591bee,1,1,0,2
3a4f587b457bd1bb86665bf51757a2aa3f986f07,4,1,0,5
6094ee0d73f26e913dd5ff4c64d72a75e450479b,239,5,3,244
fda4110baf5cba8c6d32d0cdd3d7e2c8945af2e5,3210,66,0,3276
e9a33f2376733ec3c507963c6ff98e3ad0514281,155,4,2,159
3c10b691c14533582a4d40268255e08f4b3dfeaa,102,4,1,106
ec005fa0bb0e99764f758beddb8631eca045307e,140,3,0,143
84547ef2a198d639ac213ecf2f51de539b3f19d0,140,3,2,143
b2e6a28ef80a5e01e6ba438e3f0a6008bddb74f8,107,3,0,110
9350e21d47de9b253e0a6023b0db615a0643ccaa,92,13,0,105
db4e936b1bff925a4b7fc3c7fb979605050eccd1,393,5,1,398
ab7fa496459d9e8560c56d0daa9c56c171dea405,102,4,1,106
5e1ab1b2c42f5630db1c897e8c343af156e26e6b,58,2,0,60
6faa1f229bf24d5aa5dc6fc99023283639ecacfe,108,8,0,116
10916ed03688f820cef93866c8ea71226bba3716,7,1,0,8
b500d3a56b756b92ea0b3ab55795a9022cbc7430,369,2,1,371
e9546aa76be97dde30d3d4777b5770d15cc4d1fa,1,1,0,2
5c1492872358cac78a6954796ea1e3420bf7c26e,369,2,1,371
7f569c8e2bc4be4fe459e00761bfdc8df9c48021,1060,22,20,1082
b742f5fc8eadd850a01246be7f88f08f424a471f,2753,59,0,2812
95d02f7c2c02748701c79a3c6b86b3299418db9d,7,1,0,8
dc1d08856e803ee8b689b2e5aad25c767e4c2015,399,6,2,405
51814fd816f1f3c4bf72c91399c03db7b1358ed1,4579,100,0,4679
c2f8df96907e096fdeaa8d040463ff5ec1662395,805,7,1,812
95513d3214dd1ea7a1a68d6f1709af004c2efccd,140,2,0,142
e733e912cccf2c83d7e31d6f856b30fc4c663975,283,3,0,286
b46422ad64f531900263fb36f6ff28373e4346f1,39,1,0,40
f02ae8b57ce99829aab13afa1010988724fbcae0,7,1,0,8
b8411955e5169b38430e077c5b4ed85d8e95b83c,246,3,2,249
a672e576cf88e21859944474355a91d9f4699550,86,2,1,88
4ed02fd028d152d76d0e59d462ffcca7e2101b77,86,2,1,88
19aeec39fe84f141a97ba1b0f4e6b48d2bb21f27,210,2,1,212
f519fc599e420638ad53b8e53b92b8d22bfdd773,11,1,0,12
69634649e8558911752d16cb40be8d45614423b9,1125,25,0,1150
226a448e6885614383a230541eed23c085d29976,758,14,0,772
3d438dafeb366c4f3e04df0dfc821d3fe7866a84,105,1,0,106
b5f4aac2a5daad96cdac4df9abf91713824ff2c0,178,4,0,182
9d46a73f20dfa4c505c7be0f6b4199e3cf350c0e,28,2,0,30
40d41c10e3179436bc1ae1e12bdc2d6e3a7208f0,89,3,1,92
e05c012f293dcad2cd3a184e6d257a0cb2af509a,81,2,1,83
ca546b3d4ac8431aa9b5104e1d5b732720676d67,2370,28,0,2398
1689164bf0c7cf2d506478f8eaff27c5405e1d04,85,2,1,87
2d69ed63001b2f99027374aed04a49400503182e,19,2,1,21
277480c293bc27335f9e6618c4c362a6f326c00d,241,23,11,264
cc58eb0d51016872c7de99465b3536f68aa966a3,144,6,2,150
2a6658a1d648e83079d9e32846ebe33a8ac3a8aa,21,1,0,22
c202d92bea936e6f257aa970f4b957f930ffd391,443,10,6,453
6bd5650750e373f58eb6cb353a95c0af9e0397c2,2,1,0,3
ae5d7ce9566bf3def791e0f870e1ddac69b8a3c9,6,1,0,7
6fb108f1c24aa4ffc2e5dcf0442637bbdf856b50,66,1,0,67
88f84642e06ee4fb15479ae036bf5c54fe4ebcd8,10,1,0,11
a527bf88133820885be1f6bd4d8e286bf97ac6d0,64,3,0,67
2213dec51f01b16a43099e72519cdc724b296f09,205,9,1,214
c96558fadfd74839443cbb3334cdcaaf96209e16,215,6,0,221
0fd1ab6d21447ae63e09535057cec6326539520f,584,10,0,594
34b5c1b66d4622946336c230d5724f13d3598250,465,13,3,478
3b698274a0bb274fc5f382550110fc31d483d20e,29,1,0,30
0773332335f965af3ec18a474138e3ea6157fc6e,29,1,0,30
106b8691a313d2c4480bb18bd8e3cfc902b5e214,19,1,0,20
c61c0cb15bbed457e376bee96967e6714493758e,603,11,0,614
00a60b9515ccc50fdfdcbf85e27060aaba0bc49a,730,18,4,748
fbba10219281dbf6b3a7cf369dbc1c08640a4cba,63,3,1,66
ead2b1f5aa0637e82b55a8071dd9af911f25f2a3,737,16,0,753
4a78074ba838144f26803210e26b84d4821fe32f,2,1,0,3
8a6ed6100ad8d67db131520d1efcfa7053d02748,4,1,1,5
351dfae09351d4b0aa6f2733b530670712fd79c9,18,4,0,22
caf5b250888ac6ce34317849f77956d2419a3ed7,1,1,0,2
54bd9237021e25390b1039b914d41c17ed6f7a3b,11,1,1,12
d2e6f75b29d418834f5be17f79133d3cbf1813cb,24,1,0,25
2352f71f62eb27af99368031bdddd35ef13b3c5d,79,1,0,80
d5e6b61bcb40fed71fc6e177792816461aa3e6e9,130,4,0,134
4eae362a3b9306497893d1e755bfcb3392ac679b,177,6,1,183
f177d4312c47cd31e4931c8c1e0f89c2325dedb1,2440,61,3,2501
f238b760b683a0fe75132e84d37f2a4f3cf32086,156,4,3,160
848b027db6ef4c45ac0602651f050d2b9f69adf9,2440,61,0,2501
0c5db20be936997b7fa07dd26840424d1633bdae,8,1,0,9
766c89efd4080dd880187dfdd5b46332e23fa855,8,1,0,9
482015e9924425c70901fdae36222110af6e6c16,56,2,1,58
8f28382698207058c8d1a5c2a08976bcef3db083,56,2,0,58
68b25df3b3e1979c0972d75675f2c9aa2b48d9a7,118,13,6,131
3ca0bc877bf356eca93c9c9a5e225362c2b58769,3128,74,0,3202
82950563eb781e07007da58b8424bfa68b742baa,5211,33,9,5244
58a10e8bf77b6f8c7abe39ea8a4beb75366b8dc0,7,2,0,9
3721f6af80b4eaa030dc9a65845151c71af6e647,2,1,0,3
bae2140b8c2564edf6c4c4219162041d7459f1c9,51,1,0,52
3e37a4abfc01029f1b7adf3e35c8eeefa566d657,11,1,1,12
237cb33103373bded20103dc8965820b11ac0ef9,2467,80,0,2547
04f29e6adefab847ba3bc3c05e862212a93dfddd,20,6,0,26
5b4ac3743aae8c638f2b70a528a15dc563ae0ffb,195,10,3,205
2e008898ac24297e7eea17932e402404f7ad0c5d,44,3,0,47
5177c33ec66d98ae379f2908dc056f58ee3cbb40,152,5,2,157
8ce29a92d5e06d5a3d68aae0f6a2865ffd21a28c,77,2,1,79
b25f77e7d1048493934920086a85867a4050989d,82,2,1,84
41f81da8f7efe629affc1cfae52ed1d8820a1043,347,19,0,366
47900a9762421361c50ec12b1aa92d6aa4fdc9ab,15,2,0,17
bb7a6728bbd886677a4e7f0c7ad92161dd51122b,279,5,2,284
8e6473a0488e4cf32bde84b2b0b4561ad5c4f157,3,1,0,4
212dc068f807a055ae3755a9eebf55fe7722c574,46,4,1,50
5e9159449b7b7704cfec7c82c846badf7689df43,50,2,1,52
33ffaa52926625655aecf3344e1b4704b09a8880,687,15,0,702
a70ff4c40d9f149510b148467b1dd6ce3ad5db0d,4,1,0,5
d59e5f5612bc916432e13bfa38a034d9120274fc,397,5,1,402
15ccc4ab139bd2b78a5de5d9b1e99e4311280595,5944,50,0,5994
934456070d336fe2a5081f44429ec22d8fc22603,847,27,0,874
e7ebe0a30da8b2f5995d51c1e59e10900b84e2b2,4,1,0,5
dd0b3c2a118aea35f35c6820ecc3b95db30bec8a,73,4,0,77
517d0aef1141430687386b42cd6786f1f4bdcdc2,66,9,0,75
cb0deb11eed2cb1d574f23d8668cdf1309b66070,76,4,1,80
7c88fb981dd9a050069f30a30d9ee2497ca34844,27,2,0,29
bb2ebd5dc647295296895e541d606d5e8ec57667,4,1,0,5
da0cc64cb11acfbf8d6514265857af6e0ac7d0dc,6322,105,0,6427
ec881acdf7231d643d4816afd478d39d66f9a5f9,7942,105,0,8047
d4eaa814a021716cbcfdf7ccb7e8cfca71cbc4e5,21,7,0,28
d0756a579c5fc4d3fd88682bce2025360e3386a3,43,1,0,44
6cfd991ecc7c27d2cd7d01a492ba41280689c285,148,2,1,150
e1c755c7ec1e8e7d6fc60b722c32d25bf188cd6b,1379,29,7,1408
1986b775326bab7792bf0d9ba72103a98b100665,1,1,0,2
8ec6db5e86702857ba3493bc086880aad757c1dc,279,5,2,284
541e17d07520e5dac7daec1b188abe6bd12d6aad,9586,112,0,9698
6e5061d169ad80bfad6d26d3f0337b0d634afde8,11162,170,0,11332
34fc31e87b3e5f5c31f68421d7200c8848bb6e20,2192,46,0,2238
7d4b15915283a3f78e7a60b4ced36f0f59993494,5,1,0,6
5cc1f074d038b1883ff8a5fd08729e1ce8dcf9f8,5226,46,0,5272
5b6d0b857c510c3e90ea77576a0eef730566ea86,539,15,2,554
d7882b56139f3909439b52597860e1dfbf4ee65a,137,5,0,142
a5e8622c4a59201d7ae46d0d323971610cca1c97,153,14,2,167
8ac1a8c771fed736d129d3e61044fa1952003011,8,4,0,12
969993add03c68adc885b1ff91f54b5d0f8b90cb,6353,65,0,6418
54dd74354c7d7ab08ee39149a9095c75afa2ed3a,38,1,0,39
a3d24d07d43f905b7ede1b150a553915648a13ee,61,2,0,63
a67d56ea4989bd5550bf92599eba89749fcb2a04,451,26,0,477
1dc07fe4d66af62252e4045b9305c9ef1690b2ad,7,1,0,8
050bc0b65bb4b4a9474acede0c431b759d3277c3,6,2,0,8
63f7bc8c5db4d831cd883b16d0533c61cac0e8c1,9,2,0,11
8865c875abe5ba5c198de54ffddfa1dd1831d53b,548,5,0,553
98afaf20ed4c9771bddd1a040ca21f006c4b3462,100,5,1,105
cbb77c9ad860bc8675077b09410e6e344f36bbb4,153,4,0,157
ca066df6163ec7f23aaa6b8d37c6d521d14f8635,2,1,0,3
d03258ba366381f5b632d5f7dc5b3ef9aa7579ce,17,2,0,19
1bd9216c2a061ef85376ce3e3384b25f1bc0ba56,3,1,0,4
5a1067c9f0dbbecdf99acf6c65039bd915153b41,12,1,0,13
41b1197c01f50207f1668a79df413bf00f90ec92,2,1,0,3
b3c0de12972a65e124f7c782f9c5f3e27ddf5039,9,2,0,11
8da39d7b56e3518a0cf5c49db1cce14a0ade16bc,302,11,1,313
715824c1502c6032f03dd97ec318e4042b169218,389,21,0,410
a48f10aae6a212a4e9fc3473386365228ece055c,1333,35,1,1368
83ae8ec910b5a3293e5d525e124c40c83942fbae,185,1,0,186
55e616f781a653071b7992aba85ced9af895176d,254,3,2,257
735cc7ca127435ddacb9ba9baf9a162c6cfc2a1f,15664,182,0,15846
c60fcafc2c73d6ca52a9e60677980ae97a1f8505,148,4,3,152
40d863246dab99c34d215a47eb6598e285e1a7f7,178,3,3,181
16ffe6e20f80854dfb7c0c1284117f7a58cd27a7,11,1,0,12
587160645d8f9209a7ac42b75d79e30669939133,2,1,0,3
85076c0274aa1e712c608c7a410134e7f183368e,432,6,0,438
d07a87daca28fabb8e6467dc7d2731aebef59213,142,1,0,143
94ecfe01cb92d5595611ff31df6b3c7d494b7ea2,70,5,2,75
a0d373ebbc001ee3e665899c956c560457d3254f,7,1,1,8
93ed85b5ef92d664d16318096a077c797d3449fa,71,6,1,77
140fe1933542594ef85e8b08e1dee1a0a109cd9f,152,2,1,154
c4c18c10e6bdf6b695759d8e7f06d41b8c77267a,185,1,0,186
eebfa6900a5240036200a4e00fc20754ad0026a6,369,18,2,387
1af9052c73759939978fe256b7c9f3f4f57916c0,4,1,0,5
00c3383fcb1732b1a78606b80ef7e0dcd9f0e9c8,1,1,0,2
26eec3a00171418391dcf9db1ac3299aaf003ee4,644,9,0,653
00ce2097f57b7f3def04da9449c68b17135cbeaa,114,5,0,119
fb876900c5fdddfe0c581262ae9c8d3a9b8e39bb,6,1,0,7
94df427900b03ffc695e44f8a02db025b90a2079,267,5,0,272
444d549ab51753f558120b718b093328e25ce85e,605,13,4,618
b5e6a70ae39451c06864f1796945634d1b2dcd6f,802,2,0,804
27b032e3ef0eda6f4fcf86e5091319be5205871d,5,1,1,6
68144107607585a92249cc174160af6839778f46,4,1,0,5
474b00e61ce95cac25baf308854363ebc915ba08,45,1,0,46
b1add77cb182f2962f42aaec0b7f34b59c48a24b,861,27,3,888
60d65ee9d24849dbf414ef86bb11e711bb479b0a,197,2,1,199
f91b6996774aa6b3b7cefe5b41e2acbe6e81b6f1,1181,14,11,1195
64f07bfc79eeca2c70aeae0087a3239c681c3536,63,12,0,75
8f53a2af72950d4697c80ae79c57bb4ad8c3ddf8,2,2,0,4
95a3b944b5942a3f82085e167c3782d4ec4ae8d6,587,39,1,626
8464626ded7f69f02a4892d661e9c4816d4daec6,261,4,0,265
05b12cf979991e9e8485062f2d4250f00125b4b2,21,2,0,23
72819375004ea3c9ce8f49a99f636845f70e660e,153,2,2,155
ea9e1b8d5b3778bcb372ffad00bb9a6d22b4b8c0,272,4,1,276
e0ac099c46244ab11b62e1ad4b6c55d81bf0e350,248,1,1,249
860167c96f518b1890c0ea261bab20e2eacf525a,2,1,0,3
583ef2edbc3b05c65d794611553e8a7ff0a83619,13,2,0,15
bf5741347172af6edf2759b29fd3bba8235c4e76,606,5,4,611
5193fe70ba118253a88fc0120694190dc0c911c8,68,7,0,75
8e09f12a535c97b416de25f627bdc1992810f6df,606,5,0,611
55d9fd0aed65c5fe525a85ac809398ad13140864,19,3,0,22
d31a47696079755189f3f3f990e7341740240aa4,18,1,1,19
d33f4db130d4379fa3ab7320ccf118a94c17b889,156,4,3,160
b3af61f76b373210a8902a3335e922a3fd173524,7017,71,0,7088
df16a75d02be2b73167b17a3150f5c704c24d23f,4,1,1,5
11d97f174db9253cf7cd1c62d3d6f86f582c2a21,1598,28,3,1626
2fdc32180abf6496b1f35b104d49d8d67b608fce,4,1,0,5
2d40ae67248fbb626bda59073d9dc649d93e650a,57,11,0,68
3b22e83fd7684d93bfa9c58059206c07820df506,8,2,1,10
c44ee639210301bf386af986396b120698df3133,65,13,0,78
58f3d0f99c71b7a610f91e7ae2aa12a9daeda017,35,1,0,36
9d033e54a69785860759e6994fd3e403b5ed6049,217,2,0,219
34798d3ae007c99c4c813d7a1e060f4f145b4ec2,251,3,0,254
955a5f84f1b2e8c99c5a3ad6c4f27ba068b7e5fc,242,10,0,252
2e65beb4f628e0ba138abc2dfab707bc9a5e965e,441,5,2,446
e9a508ef0d86d5114d709bcaa7666bde7e69efd2,392,6,1,398
6be26ad8904a7af58944be9a7aacc65dab02b338,82,3,0,85
ad76dda5216fd79c1dd54f27b0df83314227801e,1646,39,0,1685
6611d0c2ccb9ea81fe5306d8c4e0a2881410eeda,3305,67,0,3372
00e966ae7dedbb65420c8289c9f76db7bebf1a60,7,3,0,10
cc0de452fa29b43a4c58b20f77d78e0b3a429952,7,1,0,8
5bbb719282826fca1d091de4c61ba02710d7f56f,2589,52,3,2641
aabe815f41545e7ad261fa4c46f580380b0b456a,2,1,1,3
f267a3042d79969405f957301bfb4ad462c7344f,199,3,0,202
9e4d55057eec8a3c2eb5876949cd496ebf05aa3f,201,4,0,205
6924c26cda625fea80d6aee8642e5cda4ee89cba,52,2,0,54
56d00531a7005f9df98177c1fa29e2d7da35f51b,3,1,0,4
323b995319c4d2c836f8ec2c158b9aec11b5bb57,52,2,0,54
aa499959d5551967ee6d4aba321e98a3415094ba,28,2,0,30
1e8757b7f168e49f6e94c716ecbe3e3a900437e3,28,2,0,30
2f843cb16f4e6c6a957b6b8d2177f41809d9001c,2844,56,0,2900
a625439537f0f6bb202b3bf39d04d5d00ac912b1,18,2,0,20
d27e7351feb3ee2738511696597df34f6fb997a4,165,1,0,166
b7d6ef7c148678d308546ef955136f4a6777be1c,165,1,0,166
d1c05752079696dd596a6f11aa344d8b5e96a960,704,1,0,705
8014141df11b97207bbd8c3693fb93cea5f3b919,3,1,0,4
47485e42561e020bc51e697b4f9ef17ec88b1b6b,38,1,0,39
4e468a8cda774b1712231a0c356431f5a0910e88,435,18,3,453
b2fd2aa6d7a74e63ea5957408192112e539cf6a7,294,14,0,308
77bcabcaedf442dc14e60c0f82452393b8c22d65,294,14,0,308
afd3c43613b0a2f8dd4aa3702aad13aa44deef7a,7,1,0,8
b20e45c361cf6215bd374ab915173d18d1ee9822,20,2,0,22
ebb68ef471db8442b598363499df1345b9e882bc,2,1,0,3
6dba3c5dad4eafb39fe3e9c27e21bd05a4085ef9,1270,16,3,1286
f55cee9c5784b96d8184394e6e1e4b97c971291c,850,8,2,858
15175d4602a075c98f734d4f398612a31a23c212,67,3,1,70
0b118553cffa8bac970474df27086d2e7a82b4e9,850,8,2,858
d3bd6c186959b9bc125b7ca5913c15ba9fe3bbd5,2,1,0,3
e4051a24d1a5779acc0de7d1ce83602dd6afaee4,16,1,0,17
8619701fff5dee4976a10e68ef064b0139449cc5,205,4,2,209
0640a8a2afca65457f4dca27cba025be652eeee0,3394,56,0,3450
d551655deab72100ce3290a6d051fa7ca630e086,8,2,0,10
902fc739a76c86de9703b4b2b141e55729fe35f5,282,12,3,294
34abd348e1368e1ad4ae3a23c102a142de4ebe95,17,7,2,24
0c132d0f3550f3c80c4599fe1ef45800ca69ba41,156,4,3,160
41bbed1ff57544a39226e61106614a71cef34240,3924,71,0,3995
55751ddfefad64eb3d93dbfab50c89f17437ed2c,3555,60,0,3615
b128a003f9c7a7cd7ac8594da6864d103216d0c5,14,1,0,15
3c8116c3d989e2386af674ffe0d72f0554ab8561,3897,61,0,3958
9b3bb34afddfad3da08fe963355d92f4e20eed42,15,3,0,18
a2a6f04bbf4f9987239d5a9eee95e4917f69a448,40,1,0,41
3a0c59012d1836b5657b7b43a941ddeea6b87a25,14,1,0,15
0f0047249de539bfff6cfb69c382ff153d653c05,40,1,0,41
427a7b1d642b95f3daeebfa90f800060ad29f69c,2,1,0,3
e3c29d849bded5204685270505ff6d0c082cd028,47,2,1,49
eed7aca3dabf5bc8d899b7e79021d8af7f116ffc,157,3,0,160
b024a1f018b419d413687f1deeed17ae4e0a19b5,17,1,0,18
f9a182372fd030fb99f411b5c569baa376f7f55e,3669,60,0,3729
779c42a34d9953a478430f2346a5add077042cb4,314,7,0,321
74e78e4027fb1c5aeb0d9c95e131dfa32aacfe6b,314,7,0,321
6024564fd356b98b61520a018e7a2d2849268dba,17,2,0,19
c3d01f0b48f677a1e776b68409ed9229cf421397,4,1,0,5
b70630c3dff678f0dce892b193e856079aebb7e5,4,1,0,5
56aa7a9a1d36bc583cc4162ae2ab9eb8b3a1c79f,2,1,0,3
261605e24e7a5924255308e04d337103faf643c1,11,1,0,12
5e5f6ea7949703613bbc8d98eb6f9415e2a5c877,24,1,0,25
2a5cb2c28024fff33d17ec8d3bba211216ef02d3,7,1,0,8
433ab346f491db00ec7090196f0a47baafab9faf,3713,60,0,3773
c38b3ba2fe7a8e63d45259bc78aa47145c2032fd,5161,175,0,5336
14320827877f689ab93a2d38feae980ce8153b6e,25,4,0,29
cd1d618ea5f80f93c378a7dc4c1bec0dcd56321e,354,6,2,360
c7eed8859202b99cc64b7f6d6efe46acf71ad72a,72,2,0,74
eb1a4c01948d8660904dd3fb3a6853d39714f81f,44,2,0,46
95e5c45c77938202966816ce2acfc9fa2e582daa,55,3,0,58
41ebb4f63b481b11e7657e5fdbb657b62444304b,60,3,0,63
c30c6fbb046cc97610544138d5f8f1ab8624c530,52,1,0,53
d227995c52b7e2b71901d2dd1f0ae9a042cf4b63,2,1,0,3
e561bd615685ef5d6f152058b87e3c598a02b26c,67,1,0,68
2c5ef1405b909723ca2483b01581193ad75c64db,45,6,0,51
27c4634dcd9c876172a68947172811e6cfea78ed,43,1,0,44
969e8d19713bcc5c8d668ca93fff437733a253b2,35,2,0,37
34a957cf6f64b9fbcb4d761cb2bb775c4f536b13,98,3,2,101
7c8d56755ca46171dc410f8cc70b838224bc09ba,273,9,1,282
e67cad8902ad38e881fd5d54864359b428e6f455,77,6,1,83
2b5067b528bf6442450b0c16d0bfb1437ea41e1a,4,1,0,5
89fd76fa2e85cfa1c06fbd5151086f958aefa685,396,11,0,407
2f78346e0e3d6a1cb9483b66144175c826a1ff5f,1181,14,11,1195
ade57eaf5b77f779642be424d8cdf858a327ce2d,18,1,1,19
d2198a1df0e5c907434ec1a465eb118823723439,606,5,4,611
a648e88c14295bf2c45b8e200eb5a3137997e131,3,1,0,4
8d6273780bdb63397dfddaf7b7c1e65a8b717e8d,9,1,0,10
4f038c1586990bb550a0cd2f4156b46d359a9c8f,39,1,0,40
4f97444c1e6ac29648dd96bc93f878e1d2c3e784,47,2,1,49
e1ab93da43de3956374a5b8ca160d2336baa7838,11,2,0,13
70fe7bcbb89d8c3f21cb490444a354b32caf13c3,615,3,0,618
4be1d666055c3c4ab4810bed403f3fc22f891c46,2,1,0,3
e1195296ddc883c0a980f64bf0d80c26ef78b233,80,1,1,81
46f42723ac76c025863d7a9250de3eec1eca524a,454,4,3,458
46207fdfa28b34ef9e3767047409e1e8e965fce2,4,2,0,6
054b4eb9da776fb499f5914335be6e5a7157ce7c,290,5,0,295
4a2a08b729e8939041de658efbeb885a513d10e6,144,4,3,148
86d5c801c0b62ac0d01070fc9d6a3fc10b015009,7,1,0,8
6cba20f4e772d6a7e32cd899dfb7ff48f52f6c1f,39,3,1,42
4f725bd4e080b429f1a0be30eade57e9a49f6267,35,1,0,36
96f25aefd0e04f8f95383b5c2c6bcb3afc7e9757,8,2,0,10
04c9dd2640e6db2cddf9a15cfc6540f301808d5f,120,5,0,125
590dffbe47d015db36710ba7708fd7d83269329f,8,1,0,9
279de8f7c51dc93480bf64231321c451c7c11780,59,4,0,63
1dc8bcc20d89eb4172c4b1c8f718419f059c6cc2,3878,14,5,3892
ecc77b0180b3b16303988e1dc187b53e7b96a111,419,3,2,422
8c85b34b4106bc3599c86ed16630ad0054d6f030,81,6,0,87
84fddee18240776fce2466c3d58ac36cefce7e9f,10261,227,0,10488
869db21602c22a5340206016b64369d9eb3e4efa,46,1,0,47
51add5049c9603a143a1a8f9233d94f92c8394da,2742,39,3,2781
2336229d09000ba5992821d3cff3a606d6a54b71,102,1,0,103
f96bb1cb39723ca92b16ca809609c500383f2439,4,2,0,6
3ef5a5b395b44764a0e5552aeee635609e45a293,7,1,0,8
f6e0f9f2cb3f9e55a3f12380f3723bf96c6faf20,507,6,0,513
5ec99e8d987d7c966a55b8138aade6643decd5dd,106,4,1,110
d767e518bf7844e3dcdb3f3fdc02da5ecc1b4f54,55,11,0,66
7140ee9ded458e5aedd1c5a98522043366667fc3,6,2,1,8
6b8020d3ffef55039d0afa55ed5925d9fdb914d2,98,3,2,101
11c7e8fe53461f84924e5c29893865191f236c8c,42,2,0,44
0abfe885f8519d96311104ac21c152b7e7204bc0,31,5,0,36
5b0dbcae00a5237862e73b73f203e1c35710e834,692,40,6,732
c9a0b8cfe7597d736796511ded87781cf9a064a6,40,6,0,46
abd1c74bda776896a8ba8096965f0c0c8aa9f955,9,3,1,12
ac266a79845d6df94ce4dbc8a867dc7e06f685e3,8,1,1,9
7079c18a6950dcbb6c9ff54c70caddfbc2090f8b,723,42,0,765
800495c31544e39ab86c05bc3ba8125c8d5afaa7,1,1,0,2
9b55658749d0e2a869bbb3614034d8aa1f0e95c1,853,11,7,864
6c5218f4d67c8e247f59dbe8deb58b51db2954a2,307,22,0,329
0a5085060c2dd3a6197b908fe8b7b453ba570b1e,1,1,0,2
d0d87d825231dde3fa43d7a08a3de3db18411b02,48,3,0,51
1f4e51eaa79120eb7f370fc65fe0d170527b85b7,287,18,5,305
1ed5517db63a6d3d4e2382444a33450d68db0876,1,1,0,2
9fbd97ff05c21e2367f16c64d3437e50b94e5581,151,7,0,158
b269dd1cf72aa6c7d424d26cbb40962053ad6f19,29,4,0,33
6e032eeffcabe9c633154f1e7db8563ea37d625a,31,8,0,39
1e3815d5d059f7badc68c37b8830fc6974760dba,80,4,0,84
23c1680089b4e35268d2cc8c500397fb4513fc1b,154,13,0,167
3886f7d921fb704e6c6a510f623329093224060c,57,4,0,61
7975f53b79d77f9733ddb5dd5bc44a68f872d995,886,31,0,917
634c5b1e1ffad297cd043c2d7ecce48c5c45519f,2,1,1,3
54d52efcee0df06d5c56083c8aea68d9e70112a3,288,18,0,306
c0fbed6c4944044e8baeeca1df349e839322e425,56,1,1,57
80b3c4c373e9e5585222e7d04c6285cfe9d4204f,12,1,1,13
e1d9b49014d35127ade5aa23cdf3c8b052765984,1,1,0,2
1eda865fe0c5d286c62078382cb004c883ea2111,224,3,0,227
476f0d496023e732203c50bd72db9d61912b88ce,1,1,0,2
f7e8a6d66466fb561b5e2aa49fc45db7958f98fb,30,4,0,34
7b557fdd314a89b1cac307078b1f1d2811d784d8,26,8,0,34
d9605618b532cf9fc8031c1b791f9ffb8303a4de,224,3,0,227
0f1a0ccdbfc44658ee76024fc06ca39d81efc0a8,44,2,1,46
a989f04ec08638855f13ef4195ce7d9d1efee083,939,15,0,954
ab4963a686ea7ca560604079c52b8939b605cfcf,133,2,1,135
ce53491daa67639397582ab8ba53e15195af9cdb,129,5,2,134
2007cf859c6f761d9258f2cb10ef1f695e67d9da,129,5,0,134
a8a8e296ba44291ebb9aa5853d8d28866d9c70b5,33,3,0,36
d88f7787dfcd7cc6207a3a8f7416130f8c2fe757,12,1,0,13
eddd0a981ead389bed5608444a811b1c90f4098f,8,1,0,9
68891e89dd0e0f19321d6a4d45ae7372279b8b08,17517,125,28,17642
ca5c8d8051e5bfb9c17e34738e2a4555e2b8c3f8,83,3,2,86
8d904ce97f6dc2d21aaff9029c12a4c548e03411,4,1,0,5
7fb03c7ca0e4f64ff1629404f0b34d3d7a6e2bf1,83,3,2,86
3aaef96a5d2754613c8f7d24ff3045c258fad7d3,5,1,0,6
df5a842f2ad3a676fcd0fd29b00a0eb361709488,36,3,1,39
c075ab33254b7178c6e6b0a7b16801e787189ced,379,11,3,390
df1490e18e2271969ef6857d40e77427958e28ac,14,1,0,15
58d054443d48f2ef48e935bd4e5ce24b5bb352ed,8,1,1,9
9ecccc7c559342fcc6b67457f7456d6af2c084d8,83,3,2,86
fd50502a95f23c5a664c0e5e43f42a9709a0eef8,5,1,0,6
0e15cf1df8b161dbc44f8d3810feca3192f05f73,362,7,2,369
763f0676b4cef169f41f648b6e41b8bcb16203d9,362,7,2,369
f245c3838bd2eda4aa11b0bd0d07223b9cb2f237,147,4,1,151
855281ed33563f861921c5f93b39625db0206f72,147,4,1,151
332c8c2f118226f3cd3c4dc1fa5564dd1d41d19c,476,4,1,480
37195a024abf16de152dc06914cb88dfbffb1397,858,15,0,873
de9888939b689dac9319cef2401a708c3d3e80e5,41,6,0,47
6917ec403816416a6cbc7eb0a5a3696b692059e0,476,4,1,480
856b536db66edf9e7e6fc1b96da55a0e846c70c3,453,13,2,466
44cabd84152b5d956666b6c906eb43763ab7d72f,211,3,2,214
e70adde719009e99e56bb4398c6fa3e43cf6b2ca,359,13,0,372
fb884ec37cc362764a84c3d4d8feb69648346964,2,1,0,3
ac31334b1072a810bc7f8e0e782ec6e84a9edd66,6,2,1,8
14e33530de4a17f35f6aa665676c36db598937ef,421,8,4,429
3af756d71a68ad195d48bcced50ea92ba3078fad,105,5,0,110
e7547248b077275ea2d7eb4bbd8382b054e95f2b,123,6,3,129
f3e4f78fc96c98f4376ff86ab3e76ba54d6b09a4,38,2,0,40
422c9a8320b4a11c64ab95311a9897fdb48e6ed6,2,1,0,3
51fa5801cc1a4a42edbd51718a5d14744adc5049,68,3,0,71
ba73545473cc5115443cf575e769237efe54bb39,33,3,0,36
16fe0bb95c241c1a8fd36ed8267c64c881e8a38d,73,14,0,87
a441bb9cc4ef07f28fbee3a78480c1ffbc68058f,791,23,7,814
9d07e3e7a34d1cbe67a9656630bc6215cd213f0a,793,23,7,816
da563701caec058db4a264a4b08f0a35c4cd9b17,481,12,0,493
42f42eac58c718f7debdd5f6e1ed989bae48de69,18,2,0,20
bbdf145ffd89a80ed50de19c71620923f521f881,2,1,0,3
4979c870735698dc51ce2c0db350a0f35c9b8b0e,25,1,0,26
a32eb87da4f07f327c92f788a0169507e3b125d9,2,1,0,3
9a8083860ed61dde981cb6da65de869dc4205ae0,214,6,2,220
34d553adaa5716faa67b84917e2aab24274c7327,2,1,0,3
87a7c79b5a59470ae7ec59867b765b5e6c586140,25,1,0,26
db99becc2071674c90720cfe0035443d85f4df95,25,1,0,26
623df4cc334a8fe1d70bcb1be056f4e082a5b858,239,7,0,246
77781e97b2736d74217f08daa8e82c419456a26a,0,0,0,0
2f36ae559a83dc9d294de100e11fb4bbf3bae248,72,2,0,74
f96b568e662758a915309fe631c5bec4fd0ccdfe,136,5,1,141
596f0be34d4e3d571cacdd4f41646d579acec2df,208,7,0,215
5f4563cea930a8320593918d879554e6aba1abf7,50,2,0,52
a7cf12491203c4aa3106a1b27e2d23a7e014d154,17,1,0,18
4318be6d54fbeb3d22e648eaa60c45488ea62c7b,67,3,0,70
33d35b3ed87f986918f87838d4c9f12d23ec8dda,655,4,0,659
4856b15951d3965056ffcf3ecdec5ce8dd3048a7,31,5,0,36
37ab3851dd711160d16ca1ff05f3b61569d984cf,61,3,0,64
8386dd867a82e9814b43d54cca588a5d7a82ef4b,691,10,0,701
c82acb769ef3fcdf1cbd75a429b837e35ed5a96b,96,1,0,97
70fda700d1b2b0627453c8d2dd8b21edb907d237,71,3,0,74
808eab475eb8e301253a8137feb140f5ec6cdf09,50,1,0,51
7fe2cedc74da3d0c8b936c4019df24aa0ab8d6ae,171,4,0,175
34952d66103d83794577a347bea537d67e3e2da7,92,8,0,100
a28aeb6ef540b663142af25824ce816c66e79b07,28,2,1,30
fa81b4a90f527bae638009e19ad9d4131c6a6dad,386,25,4,411
982ff9ef711e97b1cd3b17b848ddccee440ef113,146,2,0,148
b793284481f87c8972a144356b0e3694f85ff331,1,1,0,2
3c691534f8638d019bf3550870f614161d9e635a,194,10,0,204
bd80d728f72e1e11ae5d5e1e99b7a8fdc07ad409,44,2,0,46
a8e50216bc46caa5bba0ab81b6c427a65e0d55d9,706,5,0,711
fcdb765e2f9d73d0649a4260ed1324fb41f55a3e,16,1,1,17
5060605142e4fceb2ad416c6a436286423ffc08c,1894,41,0,1935
857982176c181480e871b5f77a550a4e662e7a3c,32,2,0,34
44c5f96dbf95dd59987e365d04092d27e7ce87c5,248,5,1,253
1cd658883527c55e4a322ea4519254ab3e4a2189,6,1,0,7
87217e853f3ac91942b576da52afa543e3ed6eac,28,2,0,30
16440d567fc289e64839fe8993f86c4c767ef632,16,1,0,17
9ff4e5393f2230327a56aa2ac918bfb4cd94e23e,610,4,4,614
601c9e27371e0d8611f5dc10d4b39446d3a55dfb,281,7,2,288
f6d1d5b2d4d07fac10bbdbab3baf979d65c33eb9,4,1,1,5
7b3d1963cb7240ce3f59f5c9f81965bf5730bad0,6,2,0,8
0c5d5886e057dac936f637ba8aece087e05b184d,6,2,0,8
715517ffc2b25917b4c82b05ca453f13e41f011b,1507,23,0,1530
68b864f5978d7d8e6a2328954686518ca3198504,32,6,1,38
2a6d4c50e006f4cf507ad61403f62c36ccef64ac,1639,55,0,1694
6a896a0bbeabf9d709261d4a5e055174d5040855,328,32,0,360
64feac8bc66498fb91c0b3e6555e0f8d71725c46,15,1,0,16
c3acde2fc77b9911880dc304a3145812ae8c25f0,3,1,0,4
40b90c12ac6bac10a5c50f207a5be643ec9e137c,2511,37,0,2548
e1a7281ea5363b830c99c6a9e8b3a06ef7dff645,1642,55,0,1697
0763de892811fee6599c8f3ab0e2885fd208ec54,2,1,1,3
89f7ce3f5b4710e576ced6b86c30e9f049eb326a,6,3,0,9
4efeb714896cea193780bd5342cc0b9d3bcda7b6,294,14,0,308
6eb116be7bf714d203805d05db7ee6c6a665effe,16,1,0,17
de8684390cb2c5664f4bb8401f4169e930a07e10,14,1,0,15
4f27a47b81314b2eb52a5bc5b1d938bb586ae2aa,638,6,2,644
6433b04ddfec235b4021c09cb8364d88c2049ca7,20,1,0,21
4f8d1822520afcffd1c97c3e643f16ff1bd85513,324,16,5,340
04eb59e7b366f97c1883915ca9fcd6d1dd3477d0,37,1,1,38
5f0db73fb839239a2ab5bf8682e106005640b888,1218,3,2,1221
d65f79481027fc12ef1d1e14216aed51354bb44d,638,6,0,644
043c3a23b1974ce26fd8c2d7fa3ca710e197cf18,1000,27,0,1027
ae23dab0af8caaccd3db1dca8e435b57b8844a31,107,3,0,110
e6d6286d5bd680c1b11e91cf3ad31416d2ca59bd,127,4,0,131
c421614d713424148abce5b5634039b0a4039f45,127,4,0,131
4be1394533421f584d6c3f0af0bcd3d944fd4169,2,1,0,3
a90d05b30f39da001156fdd4053790f8cd352406,383,2,1,385
e087152cb86375c3f75d8dbf5f77f974bb3adb45,210,2,1,212
8c4a1c7e82ba211e69f2f6769569bff25526d7f1,383,2,0,385
59fb5ef082821058ff9b858a5888cf466a5ec5e3,383,2,0,385
a596e67a1cf329ef07ebeef250166829a05ce901,20,1,0,21
d945a5dd89b01f05a59e2b02fb86c1007736aff9,457,64,0,521
ee8ac73f2e048d3bc15525378630c27738a2981a,6322,29,1,6351
a7965c7d4cf564f78df7d47aa14e150913d637e8,20,1,0,21
82504a0e5434051af08628afdf1d95283fdb4f49,6322,29,0,6351
311428eee8d52640a6efdac721335f63a4244d38,1324,26,0,1350
00902afbba538d51283fb17a50c3758a86e1bf31,1324,26,0,1350
3eea6994ac5a3969058959af558e030ad1bc4f53,550,7,0,557
eae93eb1ef49dad271892607145b991ec29891ec,1653,56,0,1709
6257bce858414559822218ad771db700d45ce598,302,18,0,320
78a21f100849dfbd2c3663a79c701e892a836618,3,1,0,4
bb0fb7293b7e430431e7699101320f59b3b93067,5,1,0,6
8994e8db61f8bafb996c41752511e9349185f465,341,7,0,348
a90b0d36b7da86173047b3d88262b2d70f08a2c0,186,73,0,259
00f47d78216db5de75dda2a1b5fef2c1e65d9871,238,10,7,248
fca0c59fd78f4ab21bebcb52619e1e1b2787e5cb,195,6,1,201
0647265efe5a58417eeedda8fd284d2a21f6fe7d,270,9,0,279
8505b2da37ef418d042dd12109c89e9fd3edf338,11,2,0,13
11296a9357275e4f08ff856505ceae7cc8135fad,66,3,0,69
96ad4e8031a508ca62f66ab88f50583778f2c680,2,1,0,3
789b2f3192713795c73ef164c4c8d07272cd9a9e,273,2,0,275
8dd39a59b0b530af215473d2be3a9107f6ca71e1,208,5,0,213
ae04efba8aa100e36a47faa9988ea8a5fd6ad386,94,1,0,95
9c8775f82f2ba285f9cf370b02c35db149f2689a,69,6,0,75
018001011daff723d120834da7b4f57bad7f8f71,3243,36,14,3279
b9d9d84f4fcaf7f025b480769b612fc63b5082f4,289,3,2,292
e23aba4b060a9dfbee20384550a49274a479ac00,3243,36,0,3279
d1a3904c8c8ed4a6cf750a2caa4e2e06cc471698,1,1,1,2
da27490ddb0824a9d063ac5edcb9e57f71408b62,4,1,0,5
e1262b2f2f4fb57fa8a75f6008f9e005ad07b5df,1,1,0,2
151dfa7878d7d013cd93fac9d627bbdeb1ef8e18,457,64,0,521
47da19903b0e851ae4cd0f9ee593fd0f031ea2b6,3772,50,0,3822
8bf0a48cf21c5b75feb62481ddfca102b4a84fd9,15,4,1,19
e5ae9fcad5f75dd0bc2225132da926e8985d18e0,148,11,0,159
ed4f3d6a3380b8fcbd815f5102bb8297c9aed160,25,6,0,31
317a675095d96ce158dd66c1739107a2e18cfc8c,19,3,0,22
d4044262548248bbf432c8d09027da46e27bc2c8,3,1,0,4
b13a9c74165d85bd44ad1d902b0c35a49769afd8,6,1,0,7
ff3e00caa892a7399622711b620fcb4dcfbbfb56,358,8,1,366
5c437eae27d3b0b76ae760d90794b270442aa414,677,16,1,693
c76a5a6ac958c81b37d6228d226b813b368e27b8,6,1,0,7
7307d8d5393740fbfb39aea39559c01d8cb44914,358,8,0,366
4ee2353f7fd7a7601247088cef8a5f817b478097,4360,65,0,4425
1d0cbb45cd61c5c8e6ec926d7e629eb94111b32f,256,4,2,260
1139a9f76b5d37073261d729a15b1fbec674d48d,17,1,1,18
f4f364d7de6b3c5b6d18e624a35bbd68ccd96e79,97,3,0,100
ef09db5fef2057177046518934e256ae14fbf975,77,2,0,79
b0450edc448cd0a697cb57c0a8b41ae6cfffa1b1,468,5,0,473
9f30d0f96a3a67ac0dd487318b6dd8f14e6f2c43,102356,1302,0,103658
186977052135550d760b7db9bac630c1dc057703,5,1,0,6
6247aae04bac0403ad2aabee3590a0f23bfbbe2c,1444,15,1,1459
f50d205f076dde15277388141201037d23ec6855,677,18,0,695
d30d07c7310c901ae6f988f0c2b77344e17456e5,3799,94,0,3893
c154a083b63b1b2708c8453258148ec376bcaeb4,24,4,2,28
d4017e95eb3ca27da6436ec504b0b0c9306e66c5,596,39,14,635
884496fe09ad44c44edf132c10ac2c467af30678,2,1,0,3
3872b553d27eda093e60fb7bd936e02f8b99af04,110,4,0,114
5f7c39877be67141d6855bc1dfac4b7909c96c8a,7,2,0,9
0b4ffdbcce63e5ce53572f71af967cff300d5670,831,13,2,844
9dc2236c286c63c65415f7f91e70d6240d57ff81,300,3,0,303
f49346209ede07cf4135f924cfb76251e5d8b213,28,1,0,29
6552955b6d56c430e94e4157e6fe83f58f0d3486,15,1,0,16
a03df8ab4a1c289f3df8aecde380392874c9963d,10,3,0,13
f6baedd693d556ce8fcaa3f3784edab9c212bd9e,27,4,0,31
5b4ffd0c592b7a2b005f15dfc50bbf694a18037c,33,1,0,34
92334807f4739fdd07d00a653d1319d59e4859b5,9,2,0,11
4920be6fcdd7f788e61ad6d6b966da5baf452379,3058,46,0,3104
2263125dc0219c5eda6c84f17c29270679548acc,2,1,1,3
3dc00c3eeb71b75a0229c1ac65567b8dbc7ad3cb,41,3,0,44
89bce0fc5cb3dba56626c7088e607d0b25c3353c,5,1,1,6
78aa065b4c7b05381b1fa31159b74969ec4a2bfe,56,1,1,57
f87ca482420fc1e6ffcb000a227717142d24e270,12,1,1,13
9ddf9d846f52a4e8fc433643409993884c70ce37,30,4,0,34
dc81069ba9ebb88bc11cf6917e8733cc1f6de2fb,324,16,5,340
ae54e36f27719f46d1d276f62a977c3f8d053b44,20,1,0,21
970137b1db7dc6c5e546581e22e428ae15c86513,3,1,0,4
4d876a7560060c892908da447178e97bfe12ca9c,5,1,0,6
f5a040a01280c654df1fc4789cc39ff1ac2d32a4,208,5,0,213
1de9c0f43c238cb0dc150a0aea0500fdf6396d68,1104,17,0,1121
5cf3bea32a25ccc78641f083aa7f1ac81b4187ba,2347,24,13,2371
3029108a6f023e01882878496d4dec8586664d58,2347,24,0,2371
278633eced6d8039b5be4a18eefe6c65650aba4f,202,3,0,205
a235985ef65ba22e5c4e36f893e3a48151fdfc7e,10,3,3,13
bfa375bbc991c1d0eea9837952be5fee87e4b558,211,4,2,215
165c0cf98ad788c5c0b9cd0210489a0cfd904d93,2352,48,6,2400
b911ff8eb6bc43d6e309758752f56c0147cae659,221,7,0,228
38ae4e5552e8dfb3e4503f66226d1b60eeec6cd1,20,3,2,23
ecc734c2096de00fa571ff04d0db1109476e6720,2352,48,0,2400
f7acc0c169c65d5089ae87decf3ea91933c95926,24,1,0,25
1cc9050359c746e90d78334f39f50f30376059d0,13,1,0,14
2ce093e363b25428f2470e5aa0e0cb8347ba2af7,106125,1350,0,107475
6840a5a7148122258e01448cbd44538603ec05cd,2,1,0,3
09a3922d57f9a4c8fbe6c1056f3ea128869c250e,201,8,4,209
d35f499070318b940d740b61af4279be5569569e,15,3,0,18
b531f13aba539fd109765a215da3b766417b1142,2618,61,0,2679
e4eda7cf3a0de5ed3c6e4aaff4180ca80b1a981a,2086,63,32,2149
4199ff41f034272730029d7a1a9146a808ab7bf2,28,3,1,31
c1245b450948a6982d060d4f9515a1d9df76ea4e,2618,61,0,2679
476081b9171b1b8e5ec0a1ffd7e87092da3601d6,305,4,2,309
fc4c68b01ad26421bd964852c92dc769c6d2def4,94,3,2,97
9bced54c4009631d2d2513437eae3d670cf900f8,48,1,0,49
91000fbb86cd478b52c84137bfd3bea3fcea08a3,108033,1370,0,109403
632ff9c0098e1d62c106cc6a2c3b3c49ab1005d7,714,10,4,724
54572b32cdff3a54c32026a1f43b4ee220f5960c,6,1,0,7
a3a463f22e618a1c32831068c456adacd7559462,54,2,0,56
314eec5ea49b5687710b205712af1717c189f112,104,5,3,109
97d1a6f6f1d30507ad93122eb9ea63285cdffde7,7,1,0,8
6899e06fbcfebff7b6de7e43b0f0b1107d649e00,1081,21,3,1102
8aa534a6124c066801e6627f36179934653fe59f,453,6,2,459
9b801664a28a04bf5bda6b685a0ff4ce4585f64b,205,3,1,208
9fad9c92d5c65b5940e7b78d12829f5b39e5115c,183,5,4,188
47374d97f3f5636a913a9317ffa4113ee6a13a11,10,1,1,11
435b2dd00ca4e2a637b989f17f9679fda71e3810,310,5,3,315
a20ca351b33efb07b83c6f5967fa7a3cef154c83,291,7,5,298
4075bc3d89259a236e03bc5ccda9b5ca58aded03,5,1,0,6
612eb3daffe608995aac28eed019b3e6ef9d66d3,350,8,2,358
9db16d1b2a23e703546c472676620139e82e747f,20,1,0,21
bd47365e3c9b9c3d9195aefc3afaa728d724f4fe,29,1,0,30
f5bcd65024c10d9139c81da6cebecf617e489306,5,1,0,6
0c860ec7244d7f531c8908b1574ca3169f4ddfed,155,2,2,157
3404ed59af3643e217603e8e35cc839044748493,11,1,0,12
4b87830da594558d68d19d648bfe9fbf0b3af64f,15,2,0,17
f0c3b343e4870ee6cbc2e150ffc2afe9e5ce29af,120,4,2,124
7422195f17df2c69a98eeed202f14eea80ad70b4,2,1,0,3
8ab84580da8b2d2b4261b24037cb6fccb4dc8f10,33,1,0,34
974467aa1e8a1cdfcd25bd2218d71e70c0dceddc,584,12,4,596
fa374fb50e8efce0b180d147d3ffebd9bb20fecd,2065,41,0,2106
2d4360707d9ec242db2733b5dd34fd20d7799a3c,5460,80,0,5540
d399db92ab4e147a3933a42dd5635b225665ac63,90,5,1,95
8d5b6ba35d6613e21af6c5043eeae089b159debe,90,5,0,95
05c5939aeeb4a9eabd4a49a9a58c957c1bd73967,90,5,0,95
354318ad9fca00c0cb5d9f58db73ca81366f3ee4,57,1,0,58
6c2c0192d716b782bffc9f555241d55fb3d5ae90,2,1,0,3
1a3c7e331be9cbbc4c49bd00235136eb79b61ce1,5,2,0,7
2d7b3437d38b5e5b76f3ab4342ad754e27079b93,41,4,1,45
871c2f62c017779a195273b4a8fe26740b2629d7,547,13,0,560
432bb212970bf4d72897dc4f62f4ef8c651cd596,4,1,0,5
a17d602defaee3635688ebbc26e7c18556e9d785,4,1,1,5
bb92966d436365b79e9cb199edc9baa8ddeed87a,704,15,3,719
4b10ea9a49875b30aaf88c8d25c02c79378732ba,51,7,0,58
05256a6fa8dbf47e78e78c781f3f07cc96e55769,29,3,0,32
ccf4d0ceb2fcd15bbe010fc5584fd9974b0a40a8,2,1,0,3
5b57fc04866677fbf1221a253fe28905dbfc2d7d,6,1,0,7
fa13832132ad71cd3b3ad259784e2e7ec5366c28,4,1,1,5
a0c7c44fc864aa965fd4d14e5362a4f6356c01ab,153,4,2,157
f2c3533c1fe96accc70db0f91fc50759cd58e9e1,108651,1376,0,110027
6581a5c0867d02a86d3097ccbc745bd009b4e030,1,1,0,2
eea42827738301168d66562a05d3360150e6fb89,2,1,1,3
f9258736c5cfa157e138d879aa0dbacc5a7cb4b2,16,1,0,17
52697d5b2ae67ddac72cf9712176ce1dd3a798da,114,2,0,116
c763e514453865bf8148b914735a9560e12eb587,598,13,5,611
d6033712425cd0157fa640a7d46ec6579fd7e74b,687,11,1,698
e4344fa811c78d78d3a829ba2cf2c916a05e0ef7,884,19,0,903
94b9713fa32c0d45cb75c18d82cfebf736d05158,884,19,0,903
46ef30043c8816010329049294111e49e8f33d6d,222,13,6,235
b26362dea4bbb52f2e8dce915eadf654c4e8fb49,222,13,0,235
409ae1895d32980d4d075089f0a485c9b456053d,521,8,2,529
f8d9180d23000ad9854e3a43c4e171a7c620835a,222,13,0,235
e67804c2ea632eac69c84b70595fc5a22d52c9d7,5,1,1,6
3ea2abe7c8608b52335efe6e9cf0e31d4b5ca66b,12,1,0,13
0fe85ea5fdcc5c41847da15876a60bc6302da62f,66,4,0,70
fcdc32fab53133c4392ef6e54f00034ec3d7c949,8,2,0,10
1f772ee2f8ed4056eba8fd3e7e454457c6447c5b,4,1,0,5
207e8cb3b939670655da14082ac9e1cf1d822fd0,17,2,0,19
a46d7f0fefc61c80db1fb551a3a1ea48ee159282,17,2,0,19
13c7a8e590b1dae1fe0c050390c627e3b017cd4d,17,2,0,19
4de27741b749ec7c8e9ddd5f97f2f79d24d8633f,227,9,0,236
52d694fef0f4e8a1ee45bce02b4044a2761f768f,322,22,0,344
8bb028754cd1d3c41768734bb7122ae3f9a9a3b0,766,10,1,776
8d000520293562b320c248f24d6439bb99363ba2,289,21,0,310
417b269fe844c2a0b2c18aff8f58a2b38bc27531,43,1,0,44
70b65a80dd34c852010a3e63d0ad434cc195b52b,43,1,0,44
2d8b0d00bdbe61c69634fa234fa3c288a2ba92e2,43,1,0,44
8c370c6927848b66782ecc18df499460c0bfdd11,16,1,0,17
79f22844db92b31fa213f0a125d78b8589a27591,16,1,0,17
601f8539507e87f225d896414c7774b33bda4080,16,1,0,17
e8e3493b7f3d7d3785a868252a7bf8606d33497b,16,2,0,18
25b59d7c6ea7bd23d5a8366fb5618e11990327c8,4,1,0,5
4343c73da41d131ec13d729f511f34e11db3ea85,4,1,0,5
019f22adbe0ac2eab85f97fc2f0703606097c0e8,4,1,0,5
6f870fd242f5b90e6c875052f8b202dd8a066bca,13,4,0,17
4e9e7b8ee1c990bacdc2d081b706ca315927fdce,586,7,2,593
118db2fcffe3534aa1e5f4b97b8fbe23891752c4,747,13,0,760
800543bb77b28efa0cd4d50bceddba36877ca4d3,5,1,0,6
161b01819766b603891e2f52d3711ba9e96bae97,15,3,0,18
5a6312fcd7a5369b4aab781f311f5aca6723a1ec,369,11,1,380
30b3e76f1eaee37eb675c75a5e463523b3ab2387,15,3,0,18
c02ad87f863bd730e60fb7052547fa0848e7eb77,731,11,0,742
c7f72e95ba98c51099f70ce51c87d2f0cfe665f0,29,6,0,35
13dfcbe03aca137ee70698f6083df27c10ecdaf9,23,1,0,24
d9a7d50ff13bb9348cc78d96d2212f535038f121,21,2,1,23
b386f91f38eeee910d1fcf97b170f822947b8930,36,5,0,41
81818d14f431b891e4c4a2ff599428cf090e7e1a,37,2,0,39
a2fecaf5f748732a2d3c29bf51ae872c22e01f79,10,4,0,14
d6449ffbc65acda6a2cf4484608188367837dd17,25,2,0,27
e5fa23b303b2b5bd0d0ae3725ea9ffba7a977091,17,2,0,19
a96cb5625e9284c3f60b815c54f3a9efb4a8f5c4,30,2,0,32
e5d0aef6de38ad480a57b52e52c2448d5f454985,33,3,2,36
9c37b550ddf30fb25bb33fd60ecbc6a101f01968,92,6,0,98
22d3b1e941e2d37a3c13763d07908eaec9427298,49,4,1,53
986be05af195420ccb084d031f27602dde7b2dca,40,2,0,42
6540391101e023a772b3c673251dede11921abaa,8,2,0,10
c59a60193ebe49afc7bcc4912e66e551dd358692,44,3,0,47
12fd4976f482ebc43831754645e34042c9073b2d,2,1,1,3
5a3b3e2c6ecb5d6c96513b79f21828526b4a98a0,887,9,0,896
3745b54165cc3f4845682f6f5bb6e9c8f97039b9,990,11,1,1001
fe95595dc1ca9422f71a5f304727ec262cca22f9,312,6,1,318
0e3a6e2df8b42f255a5a4688d5827dccaabfd3a4,259,5,0,264
db5e10793701a331cbc3c7b922e3b0d933463b38,84,6,1,90
9ac13b7aecac186eede361e39a745379e421575e,52,7,1,59
0284985dac7eca9001f02b372bbada4e94572dca,289,27,3,316
12ff6ced6e72e37f34fe39b9efb0cc2c8b682742,739,3,0,742
0ccf08c35bb57b0240c841cf9a9d94730864f75b,12,3,0,15
6e486ae637dfaa5ae27f149b7225643b5ddf8f87,20,2,0,22
4f7eeee316167fcfc3a4d9a77423ac3885f2eba7,239,2,0,241
0bd89751c4bfe8d5888bbd9eb658045af507e37e,423,9,0,432
62e0b42fe4817b0fe5ddd039fbb336af1d96cc0e,387,13,0,400
f82a698f9eee5e7edb85e134442a0fd51c07d6a7,2,1,1,3
da27ac39e16ffda2969965e7bff25a5d887f3041,398,15,0,413
e21111f287039011bc9437c94fb574e61e2ac226,260,4,1,264
8aabd6ea65d883d3bbcf37c05c146105dff8a6e2,173,7,0,180
60afa372906246d43456518e5f76a454ca2bcadf,1979,30,0,2009
9390e95e5f4c154cddc1c1e10ed3d325aba96d31,85,4,0,89
5ebc5cf79b7081d1712b9cdba7fe5afcae8e5d3d,65,3,0,68
2d5d5bc2e8aad98da1e20ee9fad7f0c0792fbea5,32,1,0,33
b26c645011a8aa14236da67cb19e94d62561d465,8,1,1,9
18fbb712eea06f6fee8ee987d1100053e1e08830,13,1,0,14
ae0b5ebf02f3eb70d24dd3b0eb63dde9843c82b0,173,3,1,176
6fd53ea5b50148e5a1156d83ea28acb8faf84035,141,7,0,148
99e3e8a2d997aa681264460c2845984712ded90e,233,7,0,240
bbf9073e8a611878c9e614c58e0a336135b2b700,281,2,0,283
8576f75bd5532ad62b03f5307513ca1940caabc5,107,4,1,111
39eb21d0f96587a4e59741b4a8466f9832a8c5a7,3,1,1,4
2c13eeb836fc8ecbfaf762f6f935286b0ba229b2,13,4,1,17
7d4360a857877c82c2d39cd1f88016307367c8f8,314,8,0,322
87a1928a4f90b4f8a221041cfff9d22e3dd801cc,207,3,0,210
92f18bf353cc8c3821c6500ce9f1cd397a7cf17c,221,2,1,223
b5757642e135908d9baa027a605035dd0d4acfc9,2260,4,3,2264
9365b77ad1bee7efea23ebbe7d71652f3dc97fad,273,12,0,285
9aa1eb25cde9b2633556412839e3b0130316a1ce,4,2,2,6
d866c9535538b7951892c49cb6fac779727468c6,307,5,0,312
1ebe0118180f871f01acfbd68f997fae19e64259,81,7,0,88
231ff2eeba1238e237cf78be042e55899f9a79b1,81,7,0,88
b02845d9c369597d263dab101ba876669f4a123a,52,1,1,53
5cbd347c9546a4a59e25735800fa901654bf82b1,4,2,2,6
d05b0798061bcda82d4c53f1da069d60b8d4d255,81,1,1,82
289170346e40a89243b80d3743c1b66543a117ef,221,14,0,235
119a934d9023ba0910b74c352446eb2b5ffc0364,170,8,0,178
0465874d9dddcf962a82a2ef38589121201f0b75,2482,39,14,2521
ced571761c49a12d2cda5e993e7968b8a41edd90,29,1,1,30
96893ae0d857f700a0f0337868adbbfa32d0cb08,293,5,1,298
fea3eeaac839381ec3662275a82f4d12af6f12dd,8054,76,0,8130
744b47530a390858051679f46c6a8f9292bef36d,172,3,0,175
c2f029fc647b89a3d9a656f50ca356e344c5a6d2,20,4,1,24
db300bac24b68b3e268480636249efa5e4a11e65,140,15,0,155
76f26c1e6e2ec9c221717ccd98b5d92b89c66d14,21,5,0,26
f89375bdd6159134fae5d0b7b28b876b6e335a32,10037,107,0,10144
d98cd3093f4a494e10ebfe5ee0eb302650716a12,181,24,0,205
407071e466d1a4fcec86571d4791ace8bb206f53,957,13,2,970
eb043450ac67fb51c5275d71982951a7b44c9392,416,4,1,420
f9ff97c91374dcd9cd8ad08d46d1d2de44193060,1911,17,6,1928
aa35d593108e8f70c676422204841f664dc6a96a,432,9,0,441
ff8aade442c70b4a4c5b466d5774bd51ebf8228a,1,1,0,2
bce50acab2451d9eb71cf817749d690d0cf6af34,811,32,0,843
f9f52111753938e6851e1e258c89e6a04fec3a50,17,2,0,19
d07a98fae2cc4f90c34c96e9838b5ccaaaeb073d,237,10,0,247
773206adcc7fb7b1e3edcc634a0b57af50b07e48,355,11,0,366
8164491ec7aac142f5f6e9bdef7b79d654a35e66,19,1,1,20
b6abe05878b13256b9ff3804865b45164a7b2b40,237,10,0,247
3244a5c9dabf6d4fcaa32a661cc0adc6f8ea30de,141,2,1,143
72ff74be3efcfe4ddf8bf657217b580c19a0cd5c,42,1,0,43
43295a6b7791deced1fd8dc74348ad160e24f563,308,12,0,320
fbbcaf4322548f61d2f63bf5d4e8f6d5284e73d3,142,2,1,144
f24648cad7d89f5cda4d4bfea08029c5af311d6b,111830,1443,0,113273
1ef150eba52eb63c2bfc3fafa0d036cf26be1c5b,5,1,0,6
4a259da296946740e180d25559e5cacba60a97ad,3141,33,0,3174
c1394cdfcfb6f605db3e7258fbcf5b60092c5906,308,12,0,320
f9b2211c7bf5054985fc5e34a157c53f87703785,1201,43,0,1244
6c368f88c36d1779ef7af7ea6f8b946ee71b8929,2,1,1,3
585f468c1e9270e2fd898aeab6bbd490db8650d6,1460,53,0,1513
b1b67041ea8c136ae6b50dba0ccee9132877b14b,80,1,0,81
31dbc5d65f8ea51010d2129e7c6e9a27acbf8528,180,6,0,186
121d2c44fa6a5e1f64597e085fbf138524145dea,26,3,0,29
686181a7a873fe56efdddbeb67d1368f3eb60f70,1928,53,0,1981
46f0a7b5601d235ebe8270cdfdaf225ecf8ecff5,196,6,1,202
d2faa15ce00080c13aa7ed8d1e89fea1e5668fb0,244,3,0,247
c785dc578cf9c10a2929e1789411147ff224c70c,4,1,0,5
8f697876a3a3ab491434289864a17ea3c3f82ce9,3321,39,0,3360
96142b982149c86c7f9d817e013deaa7d38b65b6,1960,52,0,2012
e1ee8807cb1eef721aaab57bfa73bbfd877aa90d,2,1,0,3
215f9236d604550fb7c52190bd24ba3019044731,2,1,1,3
9c74f6bf5c4f08a8d77abf2a6fdd6b8e77bfaba2,1928,53,0,1981
dabd86c62e39eb983ef3d198c8b8ee96d2623c84,2,1,0,3
0798f3425faf6c5f71e99ffd2f64307089c732f3,10,1,0,11
d8e2978194c2a4258b3101af506655d1fe2d6b42,135,5,3,140
06de58794479e210d78bf527f2c04eb2fd0239e5,86,6,0,92
70e69cb7aa08c268b07920838add4a40e28fe25d,3219,42,0,3261
bdbc5a37c1924ba4427221ee6cdf506c7f3ba248,9,2,0,11
05344836e220fa0c40e0404d1a076c34e846820e,205,7,2,212
23bef9a98ccf76b84143585eca5b1c3f85546345,388,4,0,392
8240cfd9b50e0689ac98d27ff7d289cd2b5b2575,164,7,0,171
3c2f35aecec7d49ede37b3265ca022a1e25d9f1b,118,1,0,119
6ca7e0666ef0ed1b70c775a06cee5a58d55a77a7,916,1,1,917
28632dd43c432c7e749473bf672769ee23a3f64c,2431,64,0,2495
24697912ab67aef3fa3099bc30f7732969d7dd87,8,3,0,11
12f532986677c30a716f73aeaa7d3587dd701f55,2,1,0,3
9c6e650b4dfc0adc5b3cdb4ceb4880366e0e39c4,50,1,1,51
607f6faa33c5879d05d0fe498274b359ec35f81b,17,4,2,21
3cd3e2d9a76e32af6b8638930f8817b12ca92581,4,2,0,6
5ee5ab05482f446ffda9148df69c8d686e226132,2084,58,0,2142
ae7765329fd6f7d50d13183d13626f39c5682334,645,11,7,656
7a84ab6a9163ca31fbcfcc6d7ff27e06bf9babef,23,1,0,24
7bb961fd0a2e78334d33b6bc279c4edc323c246a,3869,55,0,3924
e3c4868d6737e5a0f0b90f99666242865add750c,35,1,0,36
8c56e4516e55c7ed9c14779f0e77e00f055d9a81,23,1,0,24
4dc624fc9a8852f77f1fe7db4dc06a474b34c2eb,35,1,0,36
e9c797fd964727882ad6f40f2a452b17ae7c857e,730,17,0,747
c992213274ec5872ef7ce359efa51e26003424ad,67,2,0,69
d06eaa2344a753e08d1e3cb00e6b4ab83c6a9a01,513,6,0,519
f8ae67456703e63e3afc9bb5c21d81d576d59448,118,3,1,121
fc2fe7bf1905675258d40932a4ff649156c17488,20,1,1,21
347429ac62f15197ae7d8f1aadc95b15f028e65f,2,1,0,3
3aa13f716934a6ccfe49f8bf99ec3b654e263900,11,1,0,12
7b0d2326ccc62afd5d162b056398f96d8d7c9100,11,1,0,12
a760918757bee71ab28495496f94e9067ef17888,282,10,0,292
afac3fab5f22250b830383a9f10336d396c83ad9,277,4,0,281
857a1eac12a39ea8d269ac35be7267d8cf16818b,286,6,0,292
f4d5c1946e0aa9805ce1d4c6183329c98a5ca7d2,2,1,0,3
1706fa1c3246d15f61ea5f146191726d7bfb3a9e,5,1,0,6
06b0e70af21fac552b60b6a8bfd996a35f1f03e5,3,1,0,4
d65228e42ec9c84182b8c9c9c8d06a0056d5eed2,93,3,1,96
40d4b6ac6a71ed541d20018cf7deb2fb9b9bbb9b,40,2,1,42
b640b8ed7f9ce0fdf24392404eedbc1f54c9063c,42,4,2,46
751aff4376ccac0ca25c552abd09e0e232fc1437,864,27,0,891
a43e2ddd193841e57ab44078bfc3dd5d247c81ea,39,7,3,46
86470c2ac73be544771d63c4a95faff818052e9f,22,1,0,23
24d8cc8b28542113a19becd79082c7f6924a8f1b,237,4,0,241
20a36378cc45a31315375b7600fe09c24a31ff89,3334,99,0,3433
42963e6c99e9b282972e6ad67a813a8038cf580f,16,2,1,18
df8163f1ad3a390bb8d51b0eb2f378b5b3663025,134,3,1,137
59644fe578038f4e149c29e5017173a9882a397a,212,11,0,223
e3533010b584ba986196f9c7dbc36359aebd829e,31,1,0,32
008cf64429f40635e396a71f2c0aaf184077ff2b,147,3,1,150
ad7e07f18207162224f5f08711755f8e194fbd73,806,15,1,821
807d7bd2abd1de84213381561bf0fc8e8698be9f,219,11,0,230
1682df0831bba6ebdaf552df8de0fa9ad3220e76,29,1,1,30
6d9a28ecda22722fe92b8016b68ef83dd22cb92b,29,1,0,30
bf9371a3ddb020209a6b031e11282706e19c58cb,86,3,2,89
4ea534a4298a7fcf8db8866fa8bb4129e4e3bdf2,41,4,1,45
2c397d2fb8851b25aa5f0a5589ad1deffbe7eee9,91,3,1,94
9d3cc2dcfed7d6dbba7a924d6ff9cd31242eda2d,48,4,1,52
355082958b476009179254df9be20e225179cb7c,24,1,0,25
8970b3e3a36b18274b451fddf365627ba23459d6,165,11,0,176
76cde29c1466dc5fc620f1764095c553c7b62e96,312,4,2,316
280fa9b93bfd2d62fdc8609a29892d0fc7b8b448,124,9,0,133
b03256c20386d0727b80ccb8655599d09d29f34d,7,3,0,10
f90a54b17f03c1f99d7cd839f86110ae28ed1bef,11,2,1,13
c58a35571bb55b21bd1a2acd0dd4d23c2a4eef45,9,2,0,11
771f5c44563e9e8c7e35224359b1ee055befed36,29,1,0,30
84c28d531ff7f8a7888295bb2ed3a269e821564b,72,10,4,82
3c8aa46001d67a27a44416ed97c87cadd2e73236,151,17,0,168
538ce8b57248ade71861dd9bd5c44772ec187bec,203,5,0,208
69632c8fa7a62b5d24c46f7440c83bcdb6151fd2,32,1,0,33
e23a94fbab4040f60b7a8ef3638aaebe4b9ba5f6,11,1,1,12
385355a157993f4d78ced551bbaa168181748a7d,2,1,0,3
9a4b8f2e7e41ba03144286b22e0f1a37a7e7e368,525,30,0,555
bdc1b10cabcefb6684adcdb22bb6106e44148516,37,2,1,39
522c69676060412cf3f484f8d6a214a2a3234703,122,16,0,138
747b605ccfb562b85bb66a3c4a70d5034f569b91,2,1,1,3
f55e344059ea03117da1c5e88683986907c942c6,190,10,0,200
7e6dc21b8b3a16dd73e32e8c443ff5693cad2055,505,5,1,510
81b99da129ece034e6bf5955847491fa3702ab53,41,3,0,44
af02010f97c2a64bb9430a1e427482f374a2e3c2,97,1,0,98
31b9bb84dd29259121759c655bac6247d2b93285,30,1,0,31
5fa093638bf96dd460d10f9251340ec80f718101,1283,18,1,1301
224cae1dd5dc5d95843c6ea1a72f61f27ea35cb4,18,2,2,20
8ccfe82296524cd8c346bc3d82681d1cfa796d99,28,1,0,29
d540dbff88109a090500cbd99ed1b60a9c2fb606,119,1,0,120
0940b68cc22d87501f9afaad6bbb05df5a84ec91,6,1,0,7
b57298c2699ab94881844ff6f14aa88f037c5a90,6,1,0,7
b5121adff860d96e5954d3466137854f8fae4c27,7,1,0,8
1fb4549ed05b45b689c29cedc30ff7ff5c00f836,101,1,0,102
98d305f958b8e1d8c0b4c16f07c310441cf960ce,101,1,0,102
d672f2989582fe7259260a25f0a8ed26f31f5b09,11,2,0,13
121b89b07990068a31d384da8d6f3c781cf0efb8,2,1,1,3
2703648f380037a833e55a52a6c33e844a9e48fc,127,3,2,130
70ff72ef86878f0a433f6cbb33fa8a7bbddca70c,36,1,0,37
88d027d280ba437a69d8100db1e0e6a5f034188c,64,3,2,67
216477e5a9badc09133a7fe1f545e048a23a8218,9,1,0,10
fa8f07eef44ad0d295c9d177e4c6598f4c36f26d,205,11,1,216
9389328afdad8478b16f124f16cb45dde6c33aaf,52,1,0,53
e1c7937dabb3508183ccbd9afa3f76d5aaa67236,24,1,0,25
a4ad665837916101590f093b93c0c7c8688969db,151,17,0,168
04c4b029f4bf3b7b8862439ce6be06725e1dfdda,0,0,0,0
869c3055fb724a1eed23aca1a96c6e7d03aec39b,85,9,1,94
6af6560a4c90ac24644991ce25081c7548279aa6,19533,537,0,20070
492ab120b71a2bd044bb3631560f689c80d8bf95,0,4,0,4
4e1a8ffe27fc7ce5293c756df28d7ca5b3f90167,2,1,0,3
769e0be12b61497d456a113307c8cff86128ba50,4,1,0,5
17f41d0586e47344dfd382bac4da760c83916fa2,104,3,0,107
aa13bcfb959fa2f308ca8241b2e707acf1e95a4c,323,5,0,328
67d7d370af36a72eaa960b5ef2e9b0aa36824bdc,5,1,0,6
7a81e8e059900699524d415aeb00b8bb32887375,26647,397,0,27044
2a117fec92d3455e53933cd3992ac73d2b2c0d3a,8,1,0,9
336378826f0433fc0a4f702bb334563ee3dbaaeb,3,2,0,5
77fbae6438aab37d68739dde13ac8350e2c9697e,363,10,0,373
a5925aedc4ee81b5a421f51ce3a6f4058b8d636e,134,5,2,139
122662535f0419b60b0c75d515099ec32265b048,2,1,0,3
4454890aec0bc79a8ae5c538fa130ebc7691796e,328,5,0,333
c85b7021270730e72369dd97aacc3c3dd017851d,33,2,2,35
b3bdca7ad9b394fba0f263990bd762ba04aef80b,5,1,0,6
cc595021491a79d6ccf343a156d6e21389b68ff8,22,1,0,23
1cc502d64ca058d97b071f7db0ee18f3aac3dfd7,8,1,0,9
f58bb9318ecfb269247ec72070d617b3c73afa5c,10,1,0,11
a0b7d5b8b8347104642f7fb6be2b4194946b3eaa,9,1,0,10
4b01a4bcc2d162613ea84eb5d8f609cc06b82558,7,1,0,8
43bc2b7c1ddffd75a1647e06708a795a66d6d823,158,2,1,160
39ec7d06be4ed71f7c7425c0fcd8a244caa28550,19539,537,0,20076
ff676a2dd2cf524fc6ffa761a40be07894356b2d,53,3,0,56
79745ee6d549b0eca8f29608ce0c4d0c2efcfd6c,14,1,0,15
29bd56e15a86b4f5f1c7dec915441466f4daee9c,86,2,1,88
843979dbbdf65bc005d2cda36fe94b68eb8fd5e4,63,6,2,69
98dbcf428dbf2ff4826caea961788655a0724569,66,4,0,70
b595991fbc8eeef4bf7f8bf1e4e096c6c1f88488,36,4,1,40
4ba9c8e62072d0933f97ebc4335c7e6264657ab0,0,0,0,0
527a2996fea51b81267d0fc96da0f4d6076ed436,99,2,1,101
59527c5649afd3576d944d42299cf49416972562,923,27,4,950
65c92faa0f36b3dc9b344d9c2d23bd15ded970e0,99,2,0,101
6c3993d9d4b2126a4ef9699fdb3c0d296b03dea7,69,1,0,70
3b391849629d63c0925862fbf2b3ec2a2e429c24,4706,108,0,4814
5ac319dc42a518f36cc2c4d6bcaa00c472ed4969,20,3,0,23
40bee3127dda2bc0be04f8e370e80e2288a37c6d,1777,35,6,1812
a2f2a1613db5e260f90e5df384c074920266ff61,251,2,1,253
8b00358cbc851c914e7574d55e373ea9324a3a6e,213,3,1,216
35d6a56c9b70af9c25b61f5be18a5d050b2a7922,69,1,0,70
241b7933ddae77f8e39b167a025a1e442e629504,2,1,1,3
0bd29ed35ea5aeb1b4ec314bb14f60c381851e9b,873,32,8,905
61257bcd41f4468f00df91d20b49648b948ab71d,328,5,0,333
dee35041fa266e9f872c9a603bebe1755d613a5e,6,2,0,8
04514fe062025ce412bad762e691b37cdeb83729,4782,108,0,4890
d79904a6da4335cb325b6b8d030d1d59a1feb776,4,1,0,5
56b05a9afcd6cf2a3d8c1532e0b0b2d1c524499c,98,5,0,103
4a6ea1ad435da939b8a29ca9e006d1003d4510ba,5,1,0,6
5748034bf367ddf860fa6daf4ac92cd3457dc301,12,1,0,13
672f9780190e29cbc3fbe798e4b17d5af2b4243b,5,1,0,6
df5a41ded85480e4a6a9b3810e997a52c44a1d79,656,14,6,670
70d6dd0dc74ac2d054ed9a94d72bf3cee128393c,364,8,0,372
cd215678f6114399b395d86949c40984036b2e7e,6,1,0,7
a2e52a612effdc7003a47c8766872f384f5e4874,99,14,3,113
cc6fe511ff87a228283f15a16e8dba0536661af4,3,1,0,4
c68303d251638bd541686bd121c17202c91f34ff,78,2,1,80
05dda32c206664751e95f520325d7af7f9f5def9,23,1,1,24
ec49b2c9dbc1c734cb00d6e85938285513ce4d99,189,8,0,197
162b7ead8fde611bd5e3b3776ac19af8885da1a0,189,8,0,197
484b3ebf9c6c57c60e2247e75d3da219c124ebc9,2,1,1,3
799b8ec9336cb78f4eb7e87f6e0fac059b7a752c,7,1,0,8
9cfc1dd1044fab75dc321058a752eea20239d365,118,3,0,121
91836cd7c8486e4beec8161a4321d2e2a17d1f89,616,15,1,631
5e013a6c83f6252aec301618e107631e3d1ee14e,328,5,0,333
63719c7bbca3b894e5018b5305d99f18509fe860,656,14,0,670
499700c2b48d062b768327f8d35c0349648a1eec,34,3,0,37
6070566ce2bc69ba732cda92dc899eea81175648,20,1,0,21
2ba74af4ebfc66631b7f0cd764c7493952da4112,296,6,1,302
3ba8328e8b39dc2027b12584b029e85d599deb0c,124,11,1,135
fc6f8797ed5a22820a8cf0df0482dc09e2df6731,54,1,0,55
2e82ce0acebf4ff7553428231b918a334956a99a,157,2,0,159
a68bbd39023d8d68786a660aa395dddec3394388,4352,102,0,4454
a13bb3eed61a0cc84856eda274abb70ab8fa258e,142,26,1,168
86878562536fa20596a656df62906a23d8b077f4,10,2,0,12
a3c22b9f3332ee5e4059228bb803c06d43fcdf88,6,1,1,7
e1062a0b364a1922a11ac2ea2828ed2b266e108f,160,3,1,163
dd8e0af3538c40a56409cfdea46a0b897c420cc2,1,1,0,2
0852baeef4c828e4832b34edf24c0869619c5745,144,19,8,163
887bf2da41d8b0eecd47597d7c3c128d69330080,27,3,0,30
34568eda31516ed52195cb54ecbaf7a9e84ab4b2,4600,47,5,4647
df8d93ae83413f31a95bed9b3c1483fefa74455c,48,3,0,51
43f65fe91d85ba8f3c16e13bdf5ea815d3a48d71,83,2,1,85
d155af31bf9c53040b677bdf77939fee7c8c1c61,45,1,0,46
78c13886dd1288ade8d76966ac228c8f5b35ecd3,4488,46,0,4534
16c5a715889322d31ed95a2a29206d3a909aa7b7,150,11,2,161
18ab8faf5a9962a43a97a4ccc931f28635fd790a,101,4,0,105
4a932d8a8fc8ebc584d16fa2c06dfa98da9b8b99,34,6,0,40
74736c26566d9b8e29a7f37064daffefc1aa88b0,2,1,0,3
5748cc3fb9095599137316ae018eb1869af88809,13,1,1,14
8df1454df482f40832e5be4be1f70fb2b2c8235d,319,23,0,342
cb716cee7c44bc91f6dbf70fdf12aff8e95bc27c,984,19,0,1003
a8b3bb425fb08783a725b63271308e1244350d22,492,26,0,518
a20895f09721cc729422d507d0946cba1de213b8,4621,49,0,4670
527e6ef79a145de26adabe99178d20a4d7be09a4,43,7,0,50
231ead01d186c75ebb48f1d19e5a95fc9c459202,1162,132,10,1294
563c2765d51c1afafe5fd79b28804b9760d5389f,113,4,2,117
6cf2f2b16b97eac8dc79dfd497272702fbd3fcb8,179,7,1,186
409f043b3e94f51aa23341b7283233a572be6cd2,320,8,0,328
98914fef1565dee660b1d743c45c91f3c0bf0afe,175,4,2,179
4f27805a5007d30cf00b4c281ef7a298e8cc96e2,4936,53,0,4989
24b6d63a1dbe7e0469172375560f72da9cc6c999,3,1,0,4
f30b79c842cb56c0c12c793852fc630731d0698f,905,39,0,944
cfdae56db683a709924719e878ebadfe1e984b4a,959,40,0,999
0d033b61bd4d4de9aa589c288992fcacfb3ac2bb,15,2,0,17
643d9f8676d2ca07edeeedb87d928e51e9a86201,15,2,0,17
3fb9894eb130e7e5d2fee460c785a4aacadb8373,74,1,0,75
d2c3498ad89807eee87a0b841db961e002b4b07f,4,1,0,5
0f25ce9a5a41726baf6ef05327c243bfcf45177e,6,1,0,7
d225c13c4519082bd54af061dd817e1a7386f5bd,98,5,0,103
adceca0f5fee29096799a830bee28ec2f4927e18,33478,551,0,34029
4155d239d648bf51d5531bf32cd79893f548f429,29,1,0,30
749a9024e67e6de7e4fab9b96ce638d8e6e60fd2,6,2,0,8
d3a0607bb8993d0db657dcd1c554bb0a6f5c72fb,21,1,0,22
bcf583af770857d667582a599c56cea1277b5b5d,91,9,0,100
af1974c5f5678e57f01ac11eb972e8a6dc392d89,87,5,0,92
911b6b3343f23e4d61cb872f6f8d8a40afb7cbe5,2,1,0,3
8b8b02e27d78c89c5594fb57ec41bff8cf87a9d7,58,4,2,62
3db0a3dea7503524aea8595434a0d43236c9cbb3,58,7,0,65
d574038a4694d3a7273797696af4e1b712f8cfbc,6,2,0,8
36f4c862c905dfbd814eeab0a7182c50cc2970a0,8,3,0,11
7cd9c63599f57fd51026a5e04947a624483eca69,186,73,0,259
a1af356acab214f6bf10ce27228dfb2d339f1ce7,72,7,0,79
aa7d28222563adbac0ddd246745e5e14e62d886e,25,1,0,26
e9ca1474ba23457b4fc7cd0951632b64c3037987,684,22,5,706
75997afc762aff0581e53adc25c3efa329f48c6e,10,1,1,11
3a28545e8c404e9b8dacd93ba1275a1919fb1d9e,175,4,0,179
3a94f27e6bdee1672a2a94faf0b5b63ab218b476,123,6,0,129
0dc9713ac3124c0ea34d949271a813c992873656,574,6,3,580
2474e2b331da34e16acc7a69c4703335e67b142e,58,4,2,62
3f98797d7fa0cc8a9823bfcf1d8a82a6e0793492,58,4,2,62
031edc84fed21d9262f9997121f75fbaabc50db8,2,1,0,3
b747e9444d6e8bf43c0e9419c7f938280413f0e0,694,21,0,715
49b72a60be52c3d89e9653bbb160560b00674f33,22,2,0,24
be990b13c8dfa05f873b6a6a408017baae38f24c,167,1,0,168
4f6da47402ecd8c53a87539126a55a5552877cc5,18,1,1,19
8a97480637ecb76d6a03d7adce0f3069b8f69433,729,23,0,752
fab881145246a85a18210a2418f17fdc22ce9fd3,8,1,1,9
6c8b647b76ece036350f45c505a08b9b162b0a25,13,1,0,14
a07ac3a8a447a420a32fc8c5a1d4d4fdc71313d9,10,1,0,11
00c9d150c9d80d936d5463f05a68d028c87a6632,13,1,1,14
346d1f2b91011e0348f119f20409590e22d36ddc,60,1,1,61
7c24c87aa14cc53df134a24a9368fb5bb6509a17,32,2,0,34
eed389fea4d846ceb390e3ad43fb860034be41da,475,2,1,477
491068f0dd47ef1545b27224ba516f61554fe1d6,208,1,0,209
43bf3b7ae64f031522b8d6997d4e3d0e8970906f,1014,31,0,1045
ccd036c4a06f84bb40c3c8da73e9a296cdd17e2f,707,13,0,720
e7ae5c8ddd8b9e1eca0a1e366002bcd6f32e72df,753,25,0,778
a47283149b2ad824a2d10562002626526b83d1a0,16,2,0,18
04cb5377bfe1cbc50b08cfcbaf35b3efe67b7414,4,1,0,5
3094cb88fbc28857090cc8863b1260f8f58c31ef,4,1,0,5
dce51244c1d6bcb4516fe780769b6922c9ca3ea7,2,1,1,3
c202949f478d999cdce28adde01eb3208555e8fe,76,4,0,80
886ed64fd6958d7dad1226ef1de7e75e7b29ff2f,1082,21,3,1103
730f2c3cb7c66cc185642fbadd8485ac02bf93ed,9,1,0,10
4d06726b2ad401ab47a08a3bb079f4c499cf8347,12,2,1,14
ebf354c568d0802b7eed1cc6b9d251941dbce014,217,6,1,223
55190ff4c2c24d95a30945cf75e2e7b62c5e598e,16,1,0,17
6c32591e6f946154a7e00f93c3e5d975c0810759,2,1,0,3
eef746b62716b05a4c6da64c0795bb720bb5e238,101,2,0,103
d7fc37e04e4ff327862ef525133258907e51b369,10,1,1,11
8fb882d8e702dce7ae95a622b7de6cf898e47b2d,101,2,0,103
d3dfc1ff23b8b48899022bdbda55ece69d730d78,1713,22,0,1735
6c0110bdb4564711427cfbb52601f8392bf1e2bc,7,1,1,8
1169309ffda25074c716ba2d9c25eb3c29f00d4d,4,1,0,5
c866e8f51317c9b9777f732aab4bae5207853076,130,2,1,132
f3d1a876bb87f2272fe343980e54f2406703f325,118,4,0,122
0a2b066dd9a4df7f2f0ecb948daa422e61e12c6b,1714,23,0,1737
b2d8efeffca8a29c91658bdba131068855b8ffc9,137,3,0,140
dddf6ba0f210cbcb7dec1253be2ee3c2ce5642ce,36,2,0,38
37923cc8c9b9ca80dcd831e482ed1ee4e081aefb,4,1,1,5
046fef15db0b746e3870db1e4cb001bff45ad185,130,2,0,132
799f1909cea96037a38eee1b4ecb21fab737d092,4221,42,9,4263
0b7512a445acc39daf8cfb2108e199212be2f228,4218,41,0,4259
77a9aaca1ff8673f30548ba4f4e806ac2bbdde51,2,1,0,3
a3e98daf8836225ab3bdc1058c13113108cdaaaa,16,1,0,17
f2f82f09b35368f25e136c9fce5e7f2198a91171,16,1,0,17
77f46c6a8f419bc88c612893e28dfacd65d9b8ea,7,2,0,9
c0b2b4797be4f250f6f1304ff27d45c72154608a,238,3,2,241
c24cabafd69804b3ac8e2c08895c9b9b9597a7f3,982,23,0,1005
a0068ac47091cbc226bb84c7f4a0ccbeb41c8198,3,1,0,4
75fa2e168408751f30a322654a80597aa83220cc,4,2,0,6
5cf50bd2106692d84b527c8c94d5528bc43f7531,136,2,1,138
147ab9c08f6ac7edecf656b23d8b25bfab91becf,219,9,3,228
34c3dbb45d96faebbdb21745200c7209aec7db85,14,6,0,20
8c0bf39f6c295df8cd084a425e3d3365a22950ac,97,9,0,106
c3eff6b6c7817f83f07afcff8784ec6aa9473876,493,5,5,498
5281a0fe6d363d35cadaf6de874854d07b2f678b,879,15,2,894
548bce88c7bf5672f8c7233204ef56e60738e6b1,415,3,2,418
ccb762dd6b846d93d65ed092f2d9bc19a0e3e053,39,1,0,40
9b72d18dd94ec1383653f00474c102804c02790a,1744,31,2,1775
780bf23d5c89452dd062be4fab9e2e56d50bb9e2,164,4,3,168
83ff7c7df8e659c9b0f267a55f6a04223145d69f,2911,51,0,2962
9f4bd20d5b44eca1958475ceb3958394b1d64da6,2911,51,0,2962
abe5309405be8f05324c63a4c72796fde50743d4,22,1,1,23
19c7f3882fbcbbaaae718ea17711443f386c0436,879,15,0,894
003602451986a8694ea284fdb83ae2e55519f5f7,18,8,0,26
6f12261b6d8c5d74fcba468b5885703bae1a279d,63,7,1,70
bf571f1d35bcd5b6eadfbd33e3f0866fbac33e29,765,15,0,780
c1372ce2f0633968036fcfb079718214605c3350,18,1,0,19
5a35ee9dad194b3009151b79f0ebd3976bb8fd22,341,4,0,345
63ed76453e1ba88fd9809acd19d073801bfae3f5,8,2,0,10
b20699362e39efa969f2c8cb76c164a6f5eaab89,5,1,0,6
f6d42f3e304a7947824650e5a7692fb787174ebf,2,1,0,3
78c3712085e3cd617c659b9f3c2c8e93741a61d7,193,4,2,197
1bc6058669023042f10d715e0736c6c87a521c56,486,8,4,494
f0e4e06af3734addf64c05ba6a73331db2031c58,549,13,4,562
bcbe8cc4492449957ff983976f8f16e090c0b239,38,6,0,44
19e9c21c23c332a40ca003a9ed385565abf5d27d,9,2,0,11
726491f5211d5c7b111c0fa1abecb2defe38c7d1,6,3,0,9
b0b3af1ff81f8b923baf530bfd812ed5af642711,17,6,4,23
1ca5d2f037a8418878933418103ecffa5c86afc5,99,2,1,101
85218f1d2369f8af0093d74cc723392408429e1c,239,2,0,241
7fd70f7f97453d5f03cd0d2675d60388bd439c5d,147,4,1,151
135f0a8a39fb6895fada18d210260deebfb9426d,17,1,1,18
598ccab0e72681350bc2fff15b5837c9f6e3f349,78,1,0,79
f04f843a390f9ffdfa2707b28aa31d6344101bc5,380,1,0,381
b3ba8b886bd6e582a860d836da093918dc521745,3110,56,0,3166
4ee52f0a50d9cf8bc64a277f2d02600a832d6ca6,47,2,0,49
85c47ebf2ed8773f699c9cce093cc79696514494,587,12,0,599
86d31537f8f9485bbc197f197b6ddd1cada46217,587,12,0,599
c653b6c2b39f4b9eb2c2f19176640ad996259264,918,6,0,924
f44b36f2ba358fa3d9119b4a712c0c22fd880a6b,28,1,0,29
16b82b77f00dff8e525c8cc68d3387de107c78d1,3,1,0,4
ae53a8cc0d1b3ae6027c0bdaaef044b7aef6e550,16,1,0,17
91e28a050908b2293a83c7a86f46cfe1ebc53eb4,234,8,2,242
4cefd64a6904a3f815244af5aff4d2b026ef4857,2,1,1,3
4320d3cec0ed939d4404cf56b3174a3202de2e57,33468,556,0,34024
e3827a40bcbd54664cc0688e8e6ec57e4e328172,102,3,2,105
f4cd72bdeee32c2cda0fa7ecbfcf5df1a06a35f1,3,1,0,4
0d5ee7887be03295133704227133d619898b6abf,101,6,0,107
c8e79388305e026f36bca62cf7d87ba9bec7fd49,206,10,0,216
a97483a4ce2c00bd0cca025c4ef4bfa181897aa9,777,5,1,782
41b742cd6d89da9c1573aee78209ddded5ecaa45,206,10,0,216
63888bd99b8a84cc961b226efba9964dcc292f4c,423,22,11,445
35b741103045a8098f835fbd0c051f3cfd143d5e,1199,27,0,1226
54fb415172cf7d3517ca6eaad523c84fb0de6775,1199,27,0,1226
097a2f13ec9e0e601b1671a7589d82c0451222a8,182,3,0,185
9666dc49d704c32a4b0b4b7920af62b78af69298,4,1,0,5
52e9a2ba5a1e46decdf363b2acc1324ad6a72084,4,1,0,5
defc75eca176d70190e250fa1e37358ece41fe63,4,1,0,5
9cd4ab8ff7945bf41effd171ba7d996a1963f93b,2,1,0,3
29f508b17eb383a1c910c72e7d5056564acc37c2,5,1,0,6
40f647258a10fa8b42ac6fda67d6fa4db71b8100,5,1,0,6
920b56e777a5ca0d0a5fb9bfa27622c3b4c17ea5,10,2,0,12
23f6dade294842d7e743787ea5aa0aa946bf90ea,5,1,0,6
062ecd75908131084e27883f3f160f3504e92165,370,9,7,379
4ff401b555f067dbbdf810f1a43228d174d2f238,5,1,0,6
dfc728817c3cd3512760bc7383b747e8b4f8b13d,2,1,0,3
16a29d311b23d8e136fd05b2e5ae4f6da3e9ecab,12,3,0,15
8e996796279eb31cd167cdd10e32f71a8efaca27,4,1,0,5
e5b3546b300cf2acf6866145ac103f3586d16dfc,4,1,0,5
775e07a9c3cf530268d6dc87782e42690b507e4e,594,9,3,603
14959f2efea43046a1a2e5c1978fc27a156f5a7a,3,1,0,4
990fa0908966b71ab7340a4906e9937e32a6e78a,373,10,0,383
cc57e2d624f072ef6d290446cd0df540ba880418,373,10,0,383
2ee8f4506e9b97a9afd1d426030c462f1640a447,594,9,0,603
3a66596d76eae5b9265a7de74faeae812d95cccc,62,5,1,67
38d1d0491ab9e6858a58b90d0e5d892d9fc0e284,1247,9,0,1256
dae547c9280355c1609bd3536a839ea1915a4b41,746,37,0,783
5d9a20c6e2b186018c147c93b6f21a9ef4195bef,3,1,0,4
548fe6a3fe4d38caebe3b45366f3e812b035d006,195,9,6,204
4fafdf0911a5724d284d4575a2e9d5690e9b3b97,2,1,0,3
8032fc2c8a7cf9f404eb75c65164bb2900aab79d,6860,238,92,7098
6a29d2d0e21b62c55d3615d1053de0cb1190f52a,63,1,0,64
33a6878eccd60f86648067901613b713ef3bb71f,25,2,1,27
4f9ac81c5d88f333d9aec78cc480230c48fd88f2,8273,257,0,8530
d9c70a01bcc488be2aad5512de36662edcb27528,8335,262,0,8597
a4a933eb708dadb6b67f6c062db32ffeef819184,1251,22,0,1273
d1449232525847d9a46005379d0ae060f601e4a4,492,4,1,496
1057af69b151ca3a8ba6accd900f3d9d7acff9b9,93,2,1,95
9dbddb7859279170fb6c8ffc4fd87b35fe855281,13,2,1,15
fdab5761e930d45f2a0436512bfcada67bdc5247,7,1,0,8
785d612d50b4b6e2ab0f822c02d692217a9fdba1,13,2,0,15
d33c0fb4e06ce72d42209a9ecc39a45e45d433ca,38,3,2,41
0fb3e406162ad728ae13c13121a227c0f2dbd7ae,33,1,0,34
350e84656686eb81f8e12d569783db9914ca5a37,12,3,0,15
bbc97580492609e2e4fc3d92b08b4740b984d78f,1267,26,0,1293
7d05c09a4928fd9094c0bcf8b1689e8c1dab7e98,280,8,2,288
62c07972d7160ef48ec84799c65d4367a64c671c,1267,26,0,1293
e4ef23979765364eca8991e33ef3d2cba6f5d878,122,4,0,126
7be74e3c6d7f2f0797dffdbf8e6cacb0c71c2159,33,3,0,36
4e2fe388bf5f62b57221232db3232f91ede2332f,106,5,1,111
86925b14df5a857dd2faacbe4b4febba855545a2,68,3,0,71
f5dd4b0604e2bcf390d7c947d80eea2ec8199d82,59,2,0,61
9bc2cb435758b70535ff0c72ad1573df517a6f8b,4,1,1,5
16f6b920edfc8249d14fbb973f79f65d9cb1ced0,395,6,3,401
6a41dc92da124a921b304392e922886c30597037,395,6,3,401
5ff9e5e8c95ea0fe37d281a7ff46e148469f952a,395,6,3,401
97bfee4dff807e3049b61fa473472a8395cdcb6a,2,1,0,3
0dac458d2aa36b03986412726bd607877e53aa4f,407,9,0,416
1bd0d2a8294593c51caaa5303352a59137818c15,3,1,0,4
8aa3a87485457884d06465904d552908e1efe919,633,9,0,642
68b0bcd83c295ce540aa9d9d0910abcf671671df,12,2,0,14
41df266a232afd86ade91c5e18f082206913007c,14,3,0,17
c15d3be783ba0bfab7240d1c4f46a90d7e5aa2c3,14,3,0,17
bfaa95c564acc13cbac5ba043303ae225f09d60a,22,1,0,23
48d4a9252536dd82811a10327b2df6ddbd1ff13a,2759,93,0,2852
29acb33293c3d3130e16b7ff4d6b7ae260b7b78b,2,1,0,3
3f62596ec33026fb6104f7ed33979a0df46c5789,2,1,0,3
c2a3f11ca14cf9f9cf5bd2d6e2a87764f7cda5a7,486,8,4,494
39fc5477c19cbe2b2116aaf575a2d0a9c9a618b1,19,1,0,20
5cffd3c3d6cb006e3745c314d6f85a066e6a0f06,552,15,10,567
c8dc92ecc8a5d76e68d2d75f12158e0a581a0326,13,4,3,17
82b44fe7e495b418bc4463036f4a6b7169bac6d6,571,16,0,587
8ba2b947895cabdddb8633a39063c8739c18ad1b,125,6,3,131
7f8281cd191ea576a8d6358b53fb13e4344cb9d5,114,9,8,123
8127667a14184f77bc0f686d21e3062ae19260a3,138,10,0,148
f77f93cd20085961b302146e3b99408d482696f6,2,1,1,3
9a666a87343b2976cf31820a5470b66bc59c3cda,1235,15,0,1250
2bfa06dd75fa55ad01438fa59d14b864ec95834e,2,1,0,3
c188c3c4a96eacb85ea8e08f0634288332432c1c,71,3,2,74
89c30c8b0be6915d2399be508ddcd9eb439a9aaa,307,10,2,317
a53c399e10926120106379d1c764edd7d3854e6a,1661,54,0,1715
4ffb5860baedcd0dfe1a4c74b214246116327afa,3936,140,0,4076
3126688e1e6952a23d93b7f4dbdd83dfac0cc20f,59,8,0,67
ec9ddcd3d99d19403bf19e1172ede2afdab6c86f,208,2,2,210
17c2fc0b69abd023b2a1e5da344e67951fd49408,34,2,1,36
daf974d261efa525678d5fabc6191642c07f9ad4,5,1,0,6
53fbad7ddafdae7b368b0f207d06d16574978d62,5,1,0,6
4ff19c20b169e0373eafc8025a838db8bfc61f27,11,1,1,12
c89f88dfcdd04cf3772868e4f13a9a72695a59d9,8,2,0,10
bfe4458448a59542713830f57713b3ac2af08e2b,34,2,2,36
d643dcf2dd2caac4c3ff04cb72f31bbfbf97339a,37,1,1,38
474ade276c4ae3e8f93cce37473d37270b4e7ad9,28,4,3,32
ccfaaf8d060ef984678d2376b16b5a17e7c17e9d,42,2,0,44
c7fa918c10d771efa91cde1017662c26d0a61085,70,6,0,76
ed473923532d8c978768a34b50d3f3def0f53684,312,10,0,322
b9105df77cc70b532f94899c754fba47e3e05e9a,85,4,3,89
d595345765db2151ff432beecd478ce056393593,55,6,5,61
e3f13455d4273e615727d0410783e3719db98f76,34,2,1,36
b2faa339acb2eea24e6dd5e0c21fc3d3d0592ff6,11,1,1,12
74d2fc2416b8e6bc0598152552021f984a013061,34,2,2,36
d2563dacceea61b19bb6e083e29ebacc28fdd323,251,7,5,258
33d34941390c00e8d6a2488e8f2e11e6abba8a01,251,7,0,258
2489b8afb408fec7760760aedd98d44085f95748,191,14,4,205
78144c4c9d6200ceef8b666a186039685f053381,110,2,2,112
e3dfdecc3607b5f3183bfcb1ce36c57543a8965f,191,14,4,205
53229e290f7d6aab9b504693bd2b93155ecd2bad,36,4,1,40
db4bbc3a5752eeaf8fa75b15e237dd54d13ed1b8,0,0,0,0
ffbc2180be6f7ec159ec07001051ad70196d6030,33,2,0,35
d1e3a78ae569fa5d5692816db44f2c677e1b8283,140,4,2,144
b280c3efa1eb84c6bc8abbe31ba669b0c24323d8,17,1,1,18
3e8a1c6b045c231dbb3c972463000f824386aee9,7,1,1,8
062b9b69aa851d5253dfb7f44066b7d749f1ca12,13,2,1,15
a4d7aa343df23a5e00df11c5080cc1762b187161,7,1,1,8
6023539d5f078dff8753e44c5ac151ecf9a9c69c,1775,31,14,1806
6cf64c0bbf981053de04d6c264b52ffa0219affc,44,3,1,47
ad613afd7165ed2d8bf0a62805fc2506dfe6c59a,7,1,1,8
b667d71405ee22ac4df1f91e2fdbdf15df7d04ca,289,7,6,296
efc73da768c62ef056bcb11d219d3e73939f16c4,1834,35,0,1869
22dc2c9e05e5183f838865023c9cb7a8291ac67f,24,2,0,26
4ba2deb34d00aa93a0bab4f176ddddb435d21004,2,1,0,3
106d496d7dd07f56940adc62b666e28974fe789d,161,4,2,165
f447559ecba55149452e4e48e2bf44ef1fa1b4d7,21,2,0,23
00576d8a937bf6ab12db02b3d7b225b01cd37c0e,566,19,3,585
60a0063107ad74e33186942155a4f0711ca7752f,91,5,0,96
3b8aca64b8ebe6ba21f5d02f50cf69ad46dbbc95,2131,25,6,2156
a4c63ae113931615e940ada2411ebce32dba5db8,141,1,1,142
e7f353283af2792a2ff0fe8c744b5d2308ece366,107,16,3,123
a12298c0baf19407f3110ba3c4f0aab88b67946d,6,1,0,7
c32082fe8b1e02758179c1b7bb61a75be53534fe,87,3,1,90
a8ef28ef020ef1bfc29e28aae4dd3486f0d740c8,22,1,0,23
891f7b8b5ff6f06fd33c77e11517a13653f2bfab,5587,85,0,5672
f745371af76baa676385c22257b4577d2e697d16,17,1,1,18
de50287d493acc73186926d34431733bc76c549b,140,4,2,144
5e7ef8644ad824b87d4797e59133eb783ff8b098,244,7,0,251
59b46d3e6ea073d054ca2262d676b055a74bbb1f,430,7,4,437
b5902336ba7a2c313b61050e38d7e033d310d55f,88,8,0,96
36087cfa6867d29e7db56cf47e7a87b5aa9b63dc,800,33,0,833
0b66d2d7b695cf370a4b8a717844ad67742c6090,342,8,5,350
3c9e254ee762dfef0b27b5b95a63502069904d70,2420,48,6,2468
ae4ae71f0481662a5fb13eb8ee63a17e6c4c3802,2,1,0,3
b7ae0dc205540a414010cd6f45d9955908d0123e,307,8,5,315
d8932da5560a0d15ef776fbd97bd87cfcf3ce989,225,6,4,231
9f211e413332931f0fb1190744ddd7c7f38fd213,944,14,6,958
e7b13cc5c4111be990e51e7633a8fb10f6795489,732,34,0,766
afc892300935e09e41cc87218acdf1b549875966,1,1,0,2
443b4d4b9fa2daf0d68d54cb227a2e3d84de9fc2,15,3,0,18
21377401b6d8715bf27252ee063b74feef1a7ccc,12,1,0,13
fa698d6fcfde0006423ef009337dbef58ac62515,14,1,1,15
1c82cd04fadc61ab5da02e1d395aedfb28a039da,602,13,5,615
48b293db4d443b4d8739f709ff12f19aad008b84,4,1,0,5
909f0466e1c600063dd7b5b3e1b69a26e2243364,6,2,0,8
04f72c15485f23481fe92f3fbdf2264b28bba368,6,2,1,8
bba019fd5076412ca43c10a32fd300b6031ccd0b,132,11,10,143
f9f45c22dacfd8e3ce10702a6539279f20dd9185,20,2,0,22
4f98931e9e8a5829044c9a4a046bd6c757405d52,216,5,0,221
02f48d72364fb0c52e95aef8ed383a14ee531bf6,647,14,4,661
3a5ccea5514f3ae3de40e643a066b8aa194be809,790,21,0,811
bfdb5c3b374fd3512481cf16779d227d7f96e569,14,1,0,15
a01927a91ba7bf0544e1afa61459b452e4c785d8,639,15,0,654
a92f20b5cc75e6b80b2731da0192723526b0c1dc,546,52,22,598
d45383b69cc68c0ec967ebd673b197e437720214,23,6,0,29
a370bad1463deade9a6fb975fd0b7297df2deaa9,22,4,0,26
3271d75fca41db9ae186047c08f422f6b6f66498,282,37,4,319
2a8737d126131e9ec252a1c466a8d38b3eb947aa,41,5,0,46
ef2c29e177c45b981775b7ed3312a966b4201a6a,9,2,0,11
6559cd77464b1c00f869d97b995748a92ae96b90,41,3,0,44
5afd6546f6ed650ad0db8d7ce83944188902b805,99,3,2,102
23461b8d33922772ef8e7217e9e87b3f3b0b37b1,150,3,0,153
b94b0aeae4c42b1d35128c6b1de97e3fa318d497,47,4,2,51
e6317e01fa8a0de03e15dcdd84a575c6b06ce701,24,2,1,26
83cbb2d2f87447ef394374f5116c60f4eeeac065,15,1,0,16
c478d03a81f9d3b55ad7757f743a7471b768e2ba,12,1,0,13
3e4042b6d49b7000ec5c6a919d50b2c076ec193d,52,2,0,54
952be8b995050b34379006dd6e739da3fe3b49e3,108,1,0,109
483ec63e3ca2f733dfae2f7d7b7871b1ec361ff0,90,1,0,91
6d3d8f1633f0c7be78624235229c944ba183d921,59,5,0,64
23e3ad7be2e7f9ede0bcbaa14a70c0227bb92cde,6,3,0,9
beb36622e6458dc38b73355804f91badbd50c30c,2,1,0,3
f600750cda85ab859ba370bed0d22d875c6e29cf,2,1,0,3
b9c776a8423471706ecb1dc6176b38f23e799077,175,3,1,178
30cde6b3721f3e0f7a112e3a8f80c83673fe3c2f,3,1,0,4
3d9f892613d7d0b5474ad0916968872d47ca87c1,11,2,0,13
f9a0676fad7fd6c23e3c91c10d7e0412ccb27c06,520,12,3,532
9a6cfce659df40b0a4624f19fd91c217b74bafea,1292,82,2,1374
1938a17b01fac1e08c30011180bbcc3ed7374d83,175,3,2,178
60d27547dfc6bd27c6d39cbcc523d0d1e872a821,1292,82,0,1374
359a392f1c53217c691c4c40762c51fd330666e2,6,2,0,8
01ca6db70933fb7f50f161a80cde9647e68a3710,3037,153,0,3190
b710b71dec1ebc4a7f911f9595840225366bf2c4,14,1,0,15
be881725b39926f62df437c2805ac9203fea5737,72,3,0,75
ab85c75fface0b7ce216f0ba9d9d156a42ae8ec0,44,8,0,52
0659bebe04dc9c0b0a163bc95061519c553e678c,249,5,3,254
f597aff1bdf65d3d430cf85c9932391a72c2d7dc,306,13,2,319
08ab1ae28f2d88fa70e057d337efd593d81b97f6,45,6,1,51
c9cc1f3255c236e6f85af1755a342d88267c8d40,14,1,0,15
2ab094e08373dc6667af44d48a38b4f044953a79,403,5,4,408
e6d82d8da50b9af9607a914e00da3937d839862a,114,3,0,117
eaf8ae246cc799c1353332fcac05cb3a8efab02c,6028,59,2,6087
b1ec58f716ece3a5866dd654ebc707bef67caf57,70,1,0,71
cb9c18ccfc937b4a880eddb5df5d0389de9c7bee,54,6,1,60
329d0a2d285950d62c5f6590f86ee9a7fd71a70c,142,4,1,146
447e07c0bb5af75bce6a14612606904e4e3d9705,344,13,6,357
fc6a20a58a234413d49b1fa7a49b57115339deab,225,34,0,259
a35e7c91db6b4e5229cf5f67eec7777c4187d72f,257,32,0,289
169c4d2053701532ce2ad1256033942ef1bd9693,22,4,0,26
eb8bafb98a88e410575c184acf33bf6106ffd70d,45,6,0,51
3a3ef8f23928bffde6ab9ef78a7f88a0f5d7b161,2,1,0,3
7adfbcf1ee7bbe0beb95fa82749a2e04449de8fa,117,3,2,120
80abd1b72e4fc7b0b95212e7f53c700c0fe21156,1555,23,6,1578
43ac3f5d5e8ab664e07f26d99be34f284f7941dd,79,4,0,83
0cb1f10b0b85d63697a333d89c195c70aed5868d,18,5,0,23
63fa77aa138f87b2d2cc900cde29ae276459d202,2,1,0,3
d3f042b9ba6c605500ab7155c40a41850babefdb,9,1,1,10
59de231c0d0dce56b0cf5c386b19a2880d9c0603,10,1,0,11
2fb0910fae25ce8a44de03f6b3519d8ec2979af4,187,3,1,190
717e91fed944082df35ecdc2e647de2ad3fca2c7,2,1,1,3
44eff48f72d2a4c5c6a9a2ba6ed903834bcb63f9,46,11,0,57
4edcf126baf75840e3816a3e0876200c7e9c0d45,306,13,2,319
f8b507937aa8533cd4dd8a73efea413ed7fb4657,91,5,0,96
a64004c368cdfaf6972981575b472846dab1e174,48,2,0,50
ccae52cc1af3fa2077ece6f6a9c4146e3ba72cb4,93,1,1,94
e6430bdf14e457e7497bf6e84013747f06f71fc3,364,26,0,390
a863eeed9d152eed8418416291b9b19bd5b5e88b,2,1,0,3
7290d88e14a15a3d030b7381dbd0a3f14cb65a12,440,37,0,477
258ac73a51ba6f7a758d6bb3a2734fecd9d428f4,34,2,0,36
772909cc0690db0327997dcb86a6d7bd2bec9481,12,1,0,13
66c76d1f30f024b58db8cab07ba9e7d429f596f8,99,1,1,100
6c1ee81a89ccaf336ef948cfd28bcffabeb7fc20,213,2,1,215
4d8d78f06514129d3d38c9dca9456baa3b05b104,542,50,0,592
dc7df2e2ce4680b10c093e1ceb8b80a8ead3399e,2,1,0,3
f37fbcab1ae2c7553696e96b7a9c3194a570d7af,18,7,0,25
6bfa38370a5dff58baad7a47a0c43f769e858072,2,1,0,3
1652559ef02f55fd98db60ad8e8700f5ec3aa324,6,1,0,7
5fa4402af7de644eeadfc1308940ef3317ba22cb,6,1,0,7
b58cf3210a89ee22bca906f798f8aafa4a6629a7,3,1,0,4
3592236e666d842e4ff346466458c8fc9394ffb9,2,1,0,3
07e1df6bea30d33c4f0e9b3bc6a78385eb32d53b,2,1,0,3
bab8e3efc9eb4ddc5e9b69bde5674e1182ce332a,2,1,0,3
7ed2bb7e341701d052220a36a2b2f8f0a46fd644,485,2,1,487
81e6cb4f3331aaa05dd30c75f9de6e5ed28632f9,14,2,0,16
fbd5529460e924b48b5d93bf4e6d825443036f64,27,2,0,29
6ed7521af5fa1a99ef6dc384e86cfa4821484c4e,14,2,0,16
551a4dfae6169a07a5e28f9b266f90311f3216b7,19,1,1,20
b2d865771eeed1b8f035ba3afd4086046326b8a5,151,2,1,153
f3da87fb8c056dced2642aaa7c60ed6efbcd9c3f,259,2,1,261
96aae86bb406855b340d79a433d0e52fa74b059a,26,1,0,27
331262aad1937843b7f12d78171145afdb72a6ef,1,1,0,2
3fa0124c554b65ffbd319c2b8b34f7e70985fbe1,2005,41,0,2046
2a09d22182ad065f1ee449441d41825c87cd55ea,1050,63,0,1113
c6c198f38a012b37a2f1b1d5c7a58e1e6ec965c5,460,10,0,470
958f16bb0ae0ebf5307029b9fafc2cd6f0df55c5,51,6,1,57
09db00d0447ee8862388d4ed444f83a4f432b079,6,2,0,8
4dd735ffa01966b400afba2403ed609f54117884,1473,84,0,1557
2c4c7a4b0539aac35f91e0e9cc61f2e74a088d83,955,23,0,978
b9bb1f6bc02cb3054b1e9b9bfbd34b886db77624,1,1,1,2
bab33016dd7ba99e288f2eaed089a57f867f8af2,6082,59,0,6141
f97170b723e8ced39c7acae19fadb0039e7cafb7,1,1,0,2
e73125d96c2a8d1f5a53a5fc3d3ed58db1dc7713,53,5,0,58
6d69701038eeefaff2291a909d63d85e1ab9a376,5,1,0,6
96243fbc410226002e98f15d73aeb96ecec23a2b,2,1,1,3
7a2f9ab516e8bc855c04d6ae947de05837f485f7,531,17,0,548
2eee94c1ce141d02a4877a1f501c99eb16b0930f,2,1,0,3
9fc3b5095b825b9ca00b45c18f8072f998dd2adf,1212,3,2,1215
04ac900a06b60fd58b7f5aa71c5371632fe03ede,3,1,1,4
f664751d2f5fda214ffa9df4f1375da4acd2f200,14,2,0,16
255b3a3e199b19757a511d4340f184a9de7afddc,4,1,1,5
a703604cc0404daedb167e974d3d72860adfa4e7,120,5,1,125
ec12a9db2265180f96be72e2217e60ced856164e,4,1,0,5
4555d4bf3ba9d903ebd9e13178581494c0524cc7,23,1,0,24
8750f81462ae23320ba1bf0ad0821f74d0252f04,120,5,0,125
9ab1fea338df81376f68db3985745d7aa4a1cc75,12,3,0,15
5c8af75edcb365ee7c218879644f6e93f268c006,36,3,0,39
1cce9041d58bb5f6a417022530d10eaf410bb060,244,7,0,251
0edcf27d1afdd82f929b080b410cab2812d441f3,6,2,0,8
02dd07a58277b357991c1f74a7dbdfdd9de2a2cc,1753,26,0,1779
3fa1d9c416fbc0f475cc4659c7377c4b326625f8,4,1,0,5
4f6d111233c383b964850d22024c20bdde85cb75,2,1,0,3
7320e742b736c0994846df0e2d69c4e30c87bb17,2,1,0,3
2a90fcaf8e46a829306ca92e226d984111b3aefe,180,5,0,185
7e8ce0ee10c792f7cb8d593d70bdc878f093352c,33,3,0,36
36baab39aba5b90d5d9aad540733354c1cc10b24,4,1,0,5
e71b166638cb6965b35eaad72fe4b66587a9598a,40,2,0,42
bf266e971579cad0f40d233090c93f3acec06d0a,79,4,0,83
1e21d643aaf4d78e36fccaaeaa29cd3c49c90405,9,1,1,10
51cef7c740828ffcc40f411a66e630421040a2d2,46,11,0,57
442fedc17bdae43b1c87d6bb4680f724a18adb52,306,13,2,319
46e77f912dfd741000c32aae03449df691d522b1,93,1,1,94
f5031d2a22979869a032a1d53c097609d96e94cf,2,1,0,3
926aa519d7dc37ac5e8960f4368646ae94171290,4,1,0,5
ed8ee1ae70e8539bd0c29b5544a58a62052fbc44,18,3,0,21
54ab719d55f7b9e144474c56981eabb2d663e22d,39,5,0,44
d849dbaf4ed66cf8225435a6c6679e98d622eb4f,2,1,0,3
0e2772ce07fcf15942a98c7d88cb91f40d32f006,41,6,0,47
da3bce03ce63509c0fceca4859bb3fd07090fdd0,2,1,0,3
3d01ee1edf72f17bf6c027afad88fc29e321970a,440,37,0,477
e0b846758a6331e13095e9dcefa407ddfd57d6ff,9,1,0,10
44740465677c39068dc813dabd464e60f09e5f49,482,6,1,488
d1b99b719d621c196491ffba503ecedde5675034,59,9,0,68
baa91c2de428027d7c72eccf0188adb3ccd80d16,0,0,0,0
3e724fd8a8da38c955e7ab4712e0cb8b5685a16c,469,2,1,471
3398a784b2dd8dcd827a559285f2e30cde1dc6a9,6,1,0,7
ed45f2238361e5bbbe907fdeb4b7a3d7b2b051dd,15,1,0,16
e95c68b77cbd3ad30d9f6d0b332137fb26000a41,2,1,0,3
b9d28caad2670557e381d2d67823fc58b4dfd97d,180,5,0,185
2e7f59bf113bb76af0ddb5029b6af4900a6b1d54,180,5,0,185
160e37f1bf83289b1295f0bf772be1f18bc342b8,2,1,0,3
9ddb8be1243df8e489f7ebc716d315415775439a,516,9,2,525
4608dd83e8071391fe9ba4be48d33419e5e4dcf5,115,6,0,121
e30156c604e0969ee60e7b155cc114ed861911d0,2,1,0,3
087f6405d21ffe33181ced407ef67bd78583900d,12417,168,0,12585
f445e7bcb7d9e1a397ec593ebff44d8f77cb36f5,736,8,1,744
44db38f3c56107badcf4948afff967ae12d115d6,13,1,0,14
a801f01c3933b992ae8b5282f438f06059c22523,76,6,1,82
e3edd84f1bc259d8c72b6241dab6980284f759e0,14,1,0,15
6a2ecdbf5dbc86ff0c25cca579a669e90b3cfffd,18,2,0,20
9ebbaea586d9ba360a1325a840fc7d81c93a95fc,100,3,2,103
6f160728c544d252f77bdb85c0ff2857559707a3,100,3,2,103
9d6288f0b93ea2b20a558b37f6796b31a52ccfca,89,4,0,93
e1defc039899259c6ec2df6a77f575250fe4c81c,16,2,1,18
6b78ad0cbbcf286cb083136c49cebd5dd85de58c,341,10,0,351
8c83e9f48dae754dd1b997d797712208f7b028b8,171,3,0,174
5e636cb6b92353bd20f8574a81cd4662229e66b7,78,2,0,80
c41198fe3db9fe2a1cd47980dfb6458f83051419,71,1,0,72
d2c1c53460bb16e3a8e01cf64ddf20fb3382d5dd,29,1,0,30
b1b87036fa180df80e07db00f3674eba6089fe71,12,1,0,13
4530f99ff6eeb1b25d9738a1e14be0efb7c33ef8,39,3,0,42
8add10e2ac9a91b0d7e473e6f40ff14d650abf96,12,1,0,13
e00d53173e7e217f4e94388fda34ebd813c4e7c3,16,1,0,17
260f9b2d01b16a98fcb7bc721573b95a72adade2,16,1,0,17
e7d7a59eff6da1cd62e8ffb64405cdf12607b49d,39,5,2,44
ef015d3893026dc2e0516b65b3caf7df9eec72f1,328,5,0,333
d0f4b23600c655dfb94f6fe0205d1cca7cf19d36,17,1,0,18
5fac786b6dbb179127ac725180acb54d0f6f4b0a,1566,27,0,1593
b8b9abe863ed8139553a9ad7013dfad5a363b4da,919,15,8,934
61ab650ecd353b4014a30f793090e9dab3519ad5,45,6,2,51
7b32236051e1d6af31c5e9d575b2cc9ba61e1cb6,5,1,0,6
4495efc2aa37ca31214558968fa83598317e830a,96,2,1,98
24ff8c5f7d8fa66043dded6ef9016a4c00b5ec92,299,4,0,303
ebf353591572d600fc1c10e72691bfc3543b79cd,70,2,0,72
dc0adf641f0ddac19af84ba0d701b33ee520b067,2043,62,32,2105
cd0275d95dc6524464a154c74b1e62559b3d8af4,15,2,0,17
d7dee5248332c6c6276c9e21aed4afb3abdd4340,328,32,0,360
390c8d59cf8d44d9703e5fbf8d9c0f8028a4a172,77,2,0,79
861c1736facdf76c71e93ddada0d8e15b5b2950c,468,5,0,473
3a9cbed4e692e76ad884e60a4f5edc670e6b3c8f,273,2,0,275
d5e15af76044cf65385672f8528d48ecdeca3cb6,75,3,0,78
74f8308d10fc011c00e52efcdb315b35cc79e60a,15,4,0,19
37dc32aedac2e9b8bb7924b4254d815345331348,52,2,0,54
92fff630fbf36c82f93bbd9ddd53d11bed44e772,377,5,0,382
a62a0136d295486d95c6e2ab5bba88270d831753,136,1,0,137
2b52efca79a5e991d06253c9086f67bd4f7b88c6,21,1,0,22
d6a651e55c3e37fc66b788645c881c14a2611db4,2,1,0,3
138a3aad20f7dcb16a6c7e6d047d0503450ea06e,131,2,2,133
2f0fbdb0a211961bbcbe1580860334459842c5c4,169,4,0,173
45bb1ac95a9385f9a03388427cd1df25e9993c42,10,1,1,11
348593986b56ddfcec4a4455e49d9b279eae4dc8,15081,205,0,15286
2e310d1c3a84fb37c2d0a3b50a7294c8f308688d,228,5,0,233
c5b1ba759e62a87ffb0d9a7b7d6aef9a88cd21c7,27,1,0,28
a8d5fa350e2999f9c9f885fc5195f9118139607b,58,1,0,59
b9f5f7acb5bb9109c9ca2aa11dd52cd719164045,91,2,0,93
175da6b7e394dd76c27d5155ff98a5b2ef03bb9d,132,4,3,136
78bdb45bf1c35672118a583f5150cd1227246b0b,17,1,0,18
ead15193899d08f41491166003cabed0560f0c59,807,32,0,839
40ef2f5ae42826fe8fd077e3013e8f55c8512bdd,425,4,2,429
df670c7d64046d282c053f296c47a4743c58c8b1,111,2,0,113
474f22fda4c7cf4d7b2623c451cd7c10f0d8c636,134,6,2,140
fc7ce5a4d72145f2e8a86debeda264ef0a5b37e3,32,8,0,40
ab4a9ba596f9a86a4b930b5dfb3c20668158459e,32,3,0,35
a98804a249496ba9bafbc96daa7aaf25b3d36724,381,5,0,386
b1c7c9bb95c900083702d0ba0362edf3aea5a7b4,25,1,0,26
5aac7d56ab193f08f49a399f9b49390aca21ca03,27,1,0,28
319014de075c80fb15e58172cc24e35ce16b56cf,7,2,0,9
37353d35eed1873cb094a2df0be215943358ba05,649,11,7,660
e523c4463a0b78c0d94f1cf779b740355c0e3abb,37,2,1,39
e031498d872a5f1552b26a859b9ee79d3568ff9b,195,2,2,197
4cad032cf51c107a0145f5967844569c4878b235,2,1,0,3
950bad474ef29f9b808e74034c49a69d57eb2740,241,5,0,246
3d19bfc2b66574e3945ce17c7a4dfe77d0070b8d,838,17,0,855
1612b6d66fed032182a41e90da71e6b986ae087b,4,2,0,6
e821dc0083003bc81058b1cb223d8a8a2ee44daf,514,9,2,523
c2c82ca44befe4570325dd6cf2ba885e0d90596c,654,18,0,672
865bbcf0f41a0c4944e0928f1758d43a0eae82c5,654,18,0,672
ce695c634a7a75a56c98a96db2e3dc84ada94f3a,745,12,0,757
9726421ff9efb2b19813b2fd6ad27a3728b5ab1a,654,18,0,672
5a3a1960fff1dcf32961c45c0ba5149d6748d2fc,17,1,1,18
f697fb5786fb4ce15f581c465ff0dcb3d2bb7b14,27,3,1,30
69487f2c375010737311af65750a519b403fc17f,36,5,1,41
26ac858ac5f11846f7c9e6162865a9a8445f6ef3,627,8,0,635
888891cd9d0edc408833fc97bea808e606cc19ea,31,3,0,34
7f3f1d67cf23b15dc51e55d01c4969614d4f0668,3,1,0,4
e4acc6f59fbdcfb5892c40c0ede52ae027b087c8,137,3,0,140
d88f422aeb02738d676d86ce416551b805ad154e,56,3,0,59
173e2b83d2059e7f70e357387b860f4d0c9cd14f,29236,490,0,29726
44d07905df3c94934c62f14a874c03f87cf9226a,1088,15,0,1103
703957dd2fba4527a9070ba31cefc38a5f24e490,4,1,1,5
51e96d614de1588843ef4374cbbb91c426297c3e,68,2,1,70
ac660dcaa5bf8eb20e7dd4e442e97c1cf548a827,217,4,0,221
2bc234ed8bec13998fdb2f6eeb4e8703263be21c,165,3,2,168
0f469651f41112e060ad1e5492396953cdd29313,80,1,0,81
cdae2ab76d403aef9a0bd209fc7497dc6cfdfc08,271,5,0,276
678b4d26ae0812d8d61cdc5f4544b9a9cfce9957,4,1,0,5
5b31d83f38732c8e92807000be858e19387108fd,4681,41,10,4722
1093819ac0f3e7a0faacde59919117b8977e6d5b,1,1,0,2
986e2769b3e1112a601e1688231a500afe23360a,4,2,0,6
d775ad12a8eedce5d3bd80c296de76b9ca2d49b7,27,3,1,30
058ad505547c4d35afd16cc3f962ecfb04dd924c,36,5,1,41
39defc8af26a985e0f92199c2abad0ec9dbea351,33,2,0,35
bac0cba7fddd412dfbff98163afbc15d81d5e0d4,112,1,0,113
767a8a3375f8db50c660e076e885f92e27b324a3,20,1,1,21
c6e0061711b7bc99c87a64f96a3b0ec687aad3a8,1,1,0,2
26daa57ca82254d68ac04a7b33223c6eb5ade0e4,2,1,0,3
aacdcba6a2516f5b4867163938445032a82ba7d5,4,2,0,6
8b59f4e76138e08e80aa219c1a9cf0c3df6fdb4b,348,8,2,356
b7499828c928e02e8e554f960f3754e4d08bfbe0,1425,16,8,1441
baa752660c6eddf27d15a812252b01b5872385de,23,8,4,31
ef9d6cf9e334c35b03dfa42e4ce0680c85a693a4,23,8,4,31
e007f6e35efc2e0cdab94e39510b2dbd77c6e454,70,2,1,72
884b281218d88c028daab25d35c14ee2b41be36e,70,2,1,72
eac5f0c05b85b620f979bd73d5043ae521b6f2f4,36,3,0,39
e159fdee0152a6df1bbf4dafc3d18a284e86a57e,49,1,0,50
5a4ebd5de8751dcf32a26c96bf4f39e43bcbb341,49,1,0,50
73a8fa8b635cce3b9d8dcad364a32d29f12d4398,2,1,0,3
53876d3f1b3e561702fc0cd8c6ddd078d6c7dce6,2,1,0,3
f8aa957327312d76f90231b9bfe6d386d1d4ec37,49,1,0,50
c6921a311f437504a45a4667ddde85b14269ba57,49,1,0,50
d69e26dd8d4fd9383a149c93c251911a8dd67528,520,12,4,532
a70f0bac3ac2487b8ab58598ad921daa952b485f,108,2,1,110
dde1db01afdc7d8815fbd0a4bffef731ea9251fb,124,1,0,125
8bb8bdda2e846dcc92a2fd449e64d7594b2700ed,111,3,1,114
7128a395085b60e86436f807b4bdbca83627d41a,2336,53,15,2389
c3e8a832098887a0fd09b6e8f63d6a8cbaa20eb9,27,1,1,28
42175527a4f9af70b2a9d2555dc8fa29279bc6ea,15,1,0,16
a2a3bedce1a232c0c1db6f5e2b737ab47be250b0,18,1,1,19
ad2831e784cb15d1a106cbded794d2e075389b93,2838,94,0,2932
3aae5cb1d9d547f1d36783f902fdab3e9d5da570,52,4,2,56
85a4b966fdfb7018d1c91b73df1659082128f786,52,4,2,56
dd20d943a2d8052e29f747f3bfbc6df0f1d535dd,4,1,0,5
b96dbec769e033fb32828b219d88880603465266,327,2,0,329
0f2a3028d32dd05377ad49ce009444124c1dabfc,124,3,0,127
085872ec0541401080002aa7f2e33d87e5bb285b,616,13,3,629
6e36a7950db84913ddfd0d98f5a0b50923d2a29c,67,5,0,72
c0cd451aef28edc7e750fa4de287990b2fbb1726,190,2,0,192
e7a65ee6286617bfd897595be384576431294cca,4,1,1,5
cbada5964ee12a8dc44a7db8797f91709b70d831,193,5,1,198
2c64dd06251a7657b71e9c8c908bacce620b3079,4,1,0,5
b8a2b8ed81175887dd11d8f6b719c9f561d6a028,2901,27,1,2928
1a337dbd2e3fb9aa2026782b867adbbfe358584f,556,6,2,562
f1e6257c5e179386bc29b767bd68b6b9a4e0669d,66,13,2,79
8298372048deab4f429d464faf3c9c5fc402166d,27,2,0,29
b2999f2e4d490fdb140483e4283f0fe2d8004a67,930,16,2,946
df7b4f65fbea86310c953c7bd41d2fd7ab85831e,8,2,2,10
17316f934029890169ba17cb05386ffe675775cb,1593,7,3,1600
f3b9ded502fdd4f268df19296cb286e0dd378e82,10,2,2,12
e39888a08da313bec4d30f96488eccb36b4abacc,30,5,0,35
38a5d0a787531b132fc0109e79b76e10e06423be,166,8,1,174
19a62db571c5dd8bb01ddee607a5a77d45ae2001,383,8,0,391
7a15a1330b1ed37318bdfdb53e4a156842cfa159,476,16,7,492
efac70530884a7216b809307d9841018cc725fe8,191,3,1,194
486f8900a1692fd579118fad9dbc4709b06f07f7,32,3,0,35
e25dcdd645e665feed1b2e262daba5b5f06b22b3,598,9,0,607
55282fd29b4b240324797dd8a60683d0ea23b5e6,4,1,0,5
12959744c1b55f2f452379fd6cbfd318bad2673c,259,11,1,270
6bfc6902443b8dc989a28694992e310b3b8aebb4,2,1,0,3
797656e8e3d7632e541f9244518df692698c8f3b,66,2,0,68
6287a0beeaa4b0dbb1f2393f98158c7a318ecc0f,141,8,5,149
472b200068a0abfb9ffd179a95f26c6124b08bf2,311,5,0,316
0abe3047909a10d8efa306984c74f36eb1b41cc3,5,1,0,6
4672b33ffd7418dc467189bb17ecceab45bd3fcf,183,5,0,188
b547f6f60387e1489bbe850effc1a82e2c98834e,19,1,0,20
82e2501ca3eb0309992ea69dedafad9592e59765,90,3,1,93
a9715424cca459fb04092c292de11377aa728be9,142,3,1,145
3f470482780863d1624ce2a4b1739c8f03ff2afc,98,2,0,100
be37fdd9b8ce9ab3b058d42ec4366391cfed546e,2,1,0,3
d102b297cd529dc97fe767ee52715063ef1d8b7c,24,4,0,28
e23c775dfc786161239ae05be913a24dc3ff3199,30,2,0,32
18b37f0e08194065edb2b457bbc50007acdadcda,76,7,0,83
db6c2288de5496fafa67783a140c562ee47170a3,6,2,0,8
9abfb87c377ab69a9499c7bdeb0c46f539e1a4fd,35,4,0,39
2b002edc220e2b0482f2900e9f6e1ca18e4b445a,2,1,0,3
cc1f550cf9c2cc1ce7255b6db3456f7fe9ab511e,20,1,0,21
3b01983c5f5e63b15101253f802331bd0072e31a,117,2,1,119
c90d0c60312bf40cd9af9c1645bbea3c2fb287c3,26,1,0,27
a67517a1b5d12b5eedfce57706e0e8639a1a9561,148,7,0,155
6f74ac5258bb201c2129fbb79dd3aae9cc924b32,26,1,0,27
ad063d0a12d14a788eb0cb47db7a124b616da247,24,1,0,25
dfada780e0df3718e778de47f49ff3eb2f8a3d59,521,19,0,540
c90cfc1f13c1512332294f848378d4e5d07f235d,14,3,0,17
78939417c6b01c312b3eb74e7f36ee21a971f72f,4,1,0,5
3eacc0b59c27be6b4b3aaa09f84b867ba42b449f,49,10,0,59
0234f67390c88dceefd6e62de98adb922b4ba9ac,2595,34,10,2629
a24a394bb66ba0237a9e9ef940707d422b2980f0,2851,24,6,2875
88f38ac6305578946f2881b12d2d557bd561f67d,1062,12,1,1074
37eb93b2d01e7199b858a5d1e006501936d54625,118,7,1,125
c04df1d9fb1364dbea58998b0939168c90713f9f,61,3,0,64
51ca24f2db32dff9c0034603ea3abfe5ef5cd846,1607,15,2,1622
6e4a279e34584881469a7d841432e6c38db2f06f,24,1,1,25
551f90dbeebcad35a0e3aac07229fb67578f2ab7,1607,15,0,1622
f2dc1d71705b86428a04a69c4f2d4ee3a82ed1bd,7064,141,0,7205
a0db0f41f7c2e20d552f5684437ef2bba3941f18,16,4,1,20
ca97f87364c3406bd5d545c66b1bb86fa98eea76,30,2,1,32
d32fa21b673814b060d2362f06ff44838e9c2cdc,86,8,1,94
d15eba4becf7515b512c1032b193ce75e1589177,2,1,0,3
a884db53fc66e2d557595fa8a7de88071cccf56a,19,2,0,21
f80bfbd19e7870554bf3abd13bde89b0f39aaee1,46,2,0,48
bc695f8e3306c6d74d4fe53d9a98adedd43ad8f0,232,11,0,243
fc9ee6a74fe0bf413ab0643d2776a1a43e6dd5d2,134,11,0,145
861fab9d0598ca2f06c4a6f293bf2866af31967c,142,3,2,145
e23129ea1dfe394650665b2442527b2513e8463d,142,3,2,145
ba99df1554fbd1de2b2367b6ce011a024cd199bd,6,1,1,7
024bc358509f49be89179b3e2bda9ff362a0194e,6,1,1,7
209bb657981a0e020d2a6e20367a65f97f8869a5,12,3,0,15
bf6744c66e86f138fbe73dfe02805182389ad635,66,3,0,69
c34d27423a0c45c61341c1fcb3f56727fb91498f,3,1,0,4
47fbba8f6b8b26b3b9ce5087c5fe8b1f4f94e6d9,7943,83,0,8026
12d830de4688464d5240f4df60b3ab638c2551d6,7203,152,0,7355
5ffb8a74d08d998f8258770669ecb240db41964f,1,1,0,2
9d82f2ca06fa6069c1976cc75814874256b24f8c,49,5,3,54
b21e83b90de05889b11f9f7cd8f194478951ec0f,67,5,0,72
e91c15073eb0f9677c8a358a21497e7a6956200f,50,1,1,51
9af5c9d2121644eaedd1dacbd6412fcc7ef9b89b,136,3,0,139
3307edb868c1fb00c4ea7496808be09830d059a1,2,1,0,3
a753d2b58c66364e0d0ebcc3543a7af80e5d15f7,51,3,2,54
c15ce2f2079bb5ea46a7010b12a18b77fdc7fda7,34,2,1,36
b70b2c02bd90e32a8e1c247bbae7690243d08760,5,1,0,6
32e8d2db8c992e1802faffa9cccb3180c40ae11c,2,1,0,3
93c3ccd01228394f9d95620ccd2c1f68d1e0b22c,49,5,0,54
b038730ee56a662f73e02bbec83eb1712180fa82,56,3,0,59
86d143bb8bdbdccba9209762b1fd802d5dc40268,12242,126,24,12368
4ba1386987cdd7ee26c14a6d599d6c6a970ca08a,56,3,0,59
f4524a6a7b86df9cd008dcd22fa5cfa400c3af27,516,12,0,528
83363d8e0cab93b62f674ce0215082364881254b,559,4,0,563
4d243251006bc8d1de85d7b6a481976899755a82,775,26,0,801
ae37de24d7ab553f9ecd7db1d01efc7d3e4f56eb,5,1,0,6
641450b5105245f4553ae7c1150613b6266b5f9e,2,1,0,3
9e2651c73aa2fd2534da2a4089dd13813cb200e6,2,1,0,3
91385256a55f083d8973e5d5b0445f28182d36f2,36,1,1,37
7a47a0185d308cd3a58c7bfcb4d1cd548bff5b87,16,2,0,18
57277679cc708cc9e810bf7efce828532bcce70e,37,5,0,42
8a3c0a4381f94229c0be2a3921b82934af43b151,37,5,0,42
bf330251734018467fa3291fccf0414c9da7dd1b,1230,141,0,1371
e43ea5ee9b6982b2b2086fd2a678882d24c1654c,1246,143,0,1389
a0c0b8108d918dbb80f9ea5021de17f781cfe7a6,152,6,2,158
1573151a7f6f29cfa4b93614d5be1c3232a945b0,37,5,0,42
7d88c5bfe7d6f130974fab1ed4266fff859afd3d,8,3,0,11
d2b915e50c8e3cbe07f565f14d14474342662550,8,3,0,11
fab7283116922b8ba446b7ee4b29cdcbe01a2282,6,1,0,7
3993e0ac59c4e200d8761808be215e84d80ba1d1,8,1,0,9
4a758d1a6285f9441af7c894e2a31e0df895cb03,48,9,0,57
d5dc5815416cc13f7b2b8a323fa5a39ec95ecb95,10,2,0,12
9c6824b4f33fbdead64299d9e0c34365d5d4a570,81,4,1,85
9326f9a5c081f3ba434dade7e9541c46e4ad1cea,28,2,0,30
c4badeef809851c1ab890e2d6358834f698e94ad,28,2,0,30
871c7f09767740d60081965c8b3832e9f194333c,21,1,0,22
414d9345bd1b3d5a59422fa05c176818c76b90d1,70,3,1,73
548d4fc1276dba7c2fce405232eb5ca20b07d773,6,2,0,8
56998e704e9a67760c70481c10c56e72c0a866bb,736,8,1,744
fabb77d17859a0a6318c2fe11182ab753e2198e0,43,6,1,49
9222c83764a94f2b0cfb659240c6b7c08a101f96,1,1,0,2
deee3b9f64406e084e65c1f7e48e14270e8ad688,115,13,0,128
7b35ba730edbb91a30a59b1efdc22eceea7298e1,4,2,0,6
ccc1956463eae5f46457824bed251cd1d4c2552b,172,1,1,173
b04460c6b3ad5891f12a23ad6dc8a08625aad031,47,2,1,49
3f797b67384f6237a51d358727bc406c5610d0cf,6,1,0,7
0822dc2370e75427078875bcd67051eb9cd44779,2,1,0,3
ccbe60076f32edc642515351cb69044dabea3436,53,3,0,56
43ec85f2be5bc4b18f3cff6630d5adef60930fdc,40,1,1,41
5b2eacfc25fcffad6f438b63e08d9187635f25d3,8,1,0,9
7b8d530858b997aeedc2f0281bbb707d9d8b86ef,69,3,1,72
3e2ccfd30427ba0552eea8667c0129ae5ace9c0b,4,2,0,6
a6cb18a9375f3f0b9c6cb7def0380999a78138c5,4,1,0,5
dda4fc94e3fb53a0dc458e1035adb2d3d182d7c0,7,1,1,8
810ab3357e75ee99e8d5e85203396f73098ee81b,9,1,0,10
2fccde7227704cb04abb310b650ac7060db726c0,4,1,0,5
30b442e871471ef08fbecf2dfb8423aaf8ff8f78,5,1,0,6
4a4082a6ec59211585a9fb16b8e2a5a2b2cec16a,8,1,0,9
6fbaef45af8f40062a95058df7ec0984c99035b9,4,1,0,5
0712a8139c3fd17f6d089ce3ace9bb221e488616,339,11,1,350
e7c0d453e53821d11f92f102ccfc06e2426d2dce,299,4,2,303
ac6d910576f2b51298ab171a9ad87e71e0ade532,17,3,0,20
2ca709f8efb83c33ebe85d4b45844644a6fee7d4,26,4,3,30
9ec0a6fe6a10f3650e2489c9b57660f6f811048f,144,2,0,146
1bf440b3637c9b181a6e500ce85adc89df3d3614,92,14,0,106
f5560fe2c3d28c13e58087d8f482ade243dd4c3d,94,7,0,101
d1cc292583b9358ffb7efab5f15ab84bcfb67e9e,219,5,1,224
0b7c62d2939854223653d832a616ddb61211bf22,184,5,1,189
4809b84e32ddd92354aa2e3187a9b80dc6d314b1,238344,2337,0,240681
32ee31c3d6aaf831d8e18f253fc14f3549947bab,663,27,8,690
1642c00d5c899cbeab2d1ca8e002dc68942a1ac1,21,6,1,27
7af7a9941611761b174fdd3992f225b549c20624,4,2,0,6
b0127d3c57601c475d186dd3becbc17829a657ce,159,2,0,161
99eb4e0c802a5c967a4b4feda5e7de252912b962,44,1,1,45
24594d3c02d16090d0f11473b681d0f715df55ed,15,5,0,20
1073b2c14d68e252fb2970d489eab47f9a31d201,144,2,0,146
a53fd38c0bdb65c454affa947b2edb7b694973c4,4,2,0,6
523640770967ac000171171314457b81138e45c2,10,3,3,13
ae93caade2750719966d6b2a3ce0b52f3f09e96d,5,1,0,6
3d28b68f61d3823b0831c819feeea2f88c6e5349,490,5,0,495
e205214ab4680f3b873a5cd4cb41ce877d2d3f17,171,2,1,173
0139ed50cb1f44106c9d98033f92bf5e24dbc6a5,18,1,0,19
ca164446830067fa2204022fe1efd8899367b2da,81,3,1,84
7a26a7f5eb63154792e5ff0ea5b247f947940a5d,394,10,0,404
44bb361491589cac93899ce9b45f9ad1a535a950,1,1,0,2
d0e0eaacce25d76199c20db2ad6ada615160fb4f,3,1,0,4
1a2de51f5807a91ce0d5dff28f24ed5bf7abebbc,3,1,0,4
8e10019b61806366068d721da40cd68e478be4e8,1382,6,0,1388
699398afd0ffd791c078ec69ff63aeac29f48cbc,33,2,0,35
59c3ee8cbeffd7947394a64c4d78efc8b43854f7,4,1,0,5
866a50fa5649c6b2c8924708c9efd190bb226e86,255,6,0,261
c78d0e9d277a42484fc9d30693675fb5213f9244,1,1,0,2
c5977615806050a362d6a8bfdf5cf68d46103992,33,1,0,34
ca28001f490df29df18d5f875d3d834715093c9f,2,2,0,4
f2d8d078597ee46fef40b07a8d263be0a76d0385,7,1,0,8
c06e4017771603df7118974758d3d6b9cadc41b5,18,1,0,19
63962872e70c84e63d6b4671cfc9cbc7940e0a4b,159,3,0,162
d09a18b7249769ae26e7c7e6709f09c9f8be9812,593,31,0,624
5ea64ffd45950fb3dc35f4c23d6a304b2a8e6f37,181,13,0,194
066691098797be8c01daa0e8dc2ba94d4ad73561,155,3,2,158
4ba8fcd08e9fb7c876e3532a0caef6d416df8a66,16,1,0,17
88c06ec3c4656a9a1d11f42ccf6a184cacd18203,68,3,0,71
e9ace7730773a6d4a1d30b271854f1fe8a7ba632,12,2,0,14
12bdd6a031a33eda004a66e73cee9628f073ed68,200,2,0,202
33dda46061aae73e5c138851cfdd5f49a1c254cb,2570,26,6,2596
31bc3bf6ed84ef6ea2253d3fafb9716c5d1e91e0,4355,186,0,4541
af24a9e2c3b61dff7c9116f1a3bea8c398b7ce78,9,1,0,10
b2692adace32b7308ce53d5f93bd56c506eeed36,20,1,0,21
cc13d9d155f70e22e08ef203ac64e5cc0aa0a50f,184,5,1,189
445cde777370fd1320dfec65c377c32acf3be1c7,20,1,0,21
97a6515b89cc4dcfa6d5fd971167c27a27c38911,535,10,5,545
c978bd3fb4293f21429593ae9f198619569a1e1f,39,2,0,41
d5ac59ad5cf09efaeafc007e96f0929511a64761,272,19,1,291
b4aedfd5350b4a318f1608596a171789513835a4,10,1,0,11
4551328851660c2cbb17a5cb0279a1aa15c8bedb,2569,26,6,2595
2516232d3af95f003715e01cb7d534f03f7d3c7b,1002,9,0,1011
acf20b32d8fb68e42b904b091fb2b943f4558cef,1040,20,4,1060
27753f9d5a7fd3c81ee852eedf3ed27248028d4c,19,2,0,21
214197cdc397ed15b12032edf9e56726f3966d7a,194,6,0,200
6e8c35b42adf36c2600d6ea423d468e5cc11add4,49,2,0,51
6d348aedaff492758111c17460d93fa904b90b9e,15214,192,0,15406
530d8c8de7e29dedcef1d7032a9320b442dc9dd3,191,24,5,215
edcbf5025916cf90875b0bc206afa46d3db05554,123,6,0,129
bc33d19ed8702d648c90fe25caff639d3a8e0249,343,9,0,352
acbb8aea8ddfab89947526241a6f47853efc5096,76,2,0,78
9e9e371468baef4e2bc7b9fc4c3089e6d073c014,85,1,0,86
4e1fc406581c65b89b0b98c7d376df3cb6b8d95b,19,1,0,20
d3b23a3d2599a1e240f65711aa19bf37727a6225,92,3,0,95
71d69408e78a781f64f99c9ab75fec0c36c422ea,203,3,0,206
1eb73d952f740305ec37e37efa0c5333fc2dd032,22,3,0,25
806e41d14a81d7f3cc51384071a4d6c3428ef899,14,1,0,15
dda12750387de278b2ca91aa6d466d28f78e9293,16,2,0,18
e657456e13698bcb3784bf3ee77e1f85785d8968,4,2,0,6
09ccb7052ebbfd486dfdb835c8d9ff7813ef94ba,382,6,0,388
a0dd3d93cab1bb076898f47ff09fcf1e9533b90a,33,1,0,34
81ee8c01b8dec8e21106db8c6712883dfd4263f2,3749,66,0,3815
6ba1711a1fa10d8276974227491136070c3ed43a,385,6,1,391
14c68dadbaa4558fb2bde3823bb45d32919897ce,22,4,0,26
2582c5caf021c0b597eea2e40f750792d28acc70,19,1,0,20
79a1600713cbe7bba45017caa735b048a17362c1,739,8,0,747
cf9bbaaa38368dce2fa07cfa55900e9e3df8b4b3,272,19,0,291
639aa92479083f1e692479182e9f6b2c610254ef,5,3,0,8
3ac945c78a839e825063bf11f06192fdd01c8b31,4,1,0,5
8b9df7a3a2a5b8d318194f37aff71fa7939011a8,4,1,0,5
3371cebf1095a8d033e987c63e6040bec28f0dfd,2897,48,0,2945
f308cd87b2eee0c81768783de531783c623ef396,162,6,0,168
ca8ab2d55465431b82631427645504d49eb2ad72,7,2,2,9
1e5bb0ad36aa010fa0801b6f534ba4fe7f5b0c8c,6,1,0,7
dfb44ba2dca0cec44568239e318cf6863ed0c16e,88,3,1,91
3df412e7f25aac8227b68cffe1577593a05d1431,105,11,0,116
90986022d30bc03529a77d94c5373149b023d23b,132,1,0,133
d998ec234ae45d9730a36092b3dcda89a97fbac7,3,1,1,4
2c1881c641cdd4def85626ca322d19e0f0d0314c,88,3,0,91
f3db74f782c68c7f73ef3ef4390e010976493634,6,1,0,7
a7c4482876661ccda7e183f20b5b4632221e455f,10,1,0,11
0d4a1b7381fece47ee480f3a06bff7c51a7fead4,2,1,0,3
56efb10c40fd4481d6a9dc00928e7beee1f164c5,24,1,0,25
68fc7f7666c50f75e05eda758d0f03e15f3026cd,84,3,0,87
ac8602dbdf2bbf5b16a611eaf6d520a0a7b0010b,20,3,2,23
3ab5a2f126b08088bef444ad8b983f1654e5d215,25,1,0,26
7b50a25133e2fa2539d30de5dcfe26e66d38f3a0,89,5,5,94
bbaa79af8ef526b5d2684db0e3d71d60a8f1ebe7,284,37,4,321
991eff2372fcd422b5941f01c80a9b4249e02ba6,37,3,0,40
5099f143dd2489467ebff87e0a5324e4e34f8fe1,4,1,0,5
18598574bb2992aa193eed1d72ca333a1e21ad72,61,2,1,63
858b129ec53f500130b57824a787a4af7c4eb6e7,1425,25,0,1450
671a77a2d81cac401765dddf25f30fba4e4ab17f,23,1,0,24
597f3a581a0cc5e6061fd49071c13856be9d3627,9,1,1,10
e05ea2fc1009f783572d9cabba80ebf0f6fbb6da,33,1,0,34
59e6fec0b92c353ee5e128b9343a59f4b99bd468,1362,43,0,1405
7389c1bbd42b1601883ec4952459dd5882154d3f,3020,52,0,3072
b75c1ca32ec41715a69b59bceeb65c9e9cdd7050,15,1,0,16
1b6402fd2cc674f736319e84e50f769768b89a27,81,3,0,84
6d781b7b4e8ad95234de71390baae74d0e322407,153,38,2,191
c14561c337cf145aced381de1f1ca9676733b862,198,10,2,208
9a691c4f6a709caab18ca1442217829b6f578e56,198,10,2,208
2f51b4ac0966d6786f4a172023e2f238ac20aba0,0,0,0,0
9d053e4742be47850c7078e79a824d7844ce6510,2681,12,1,2693
391f4be4c687a7f325aeec8b727c9c85ca003454,50,7,0,57
065ca4a75a0765409a27d87c781efb215c0a6c48,1394,18,1,1412
bc977d3211906ef94e1f7d3f0f988efbed65034f,410,4,2,414
10ade2849880790a0fc05a9528ca9b0e1e4617ad,6933,134,43,7067
b65802b9d32d6c52bcf35b3a52a39b12ea34ec0a,95,1,0,96
fa358cc1b81310cf5ffe5a3da17a3dad842de33f,6933,134,0,7067
9dc67c10e57b32fee4324819705fae0f4a72b98c,2,1,0,3
27a81c865f6574f6c287dad6a401171bf0a9c53a,98,8,2,106
b83ec8e57c7c48f2baa4780cf3b2e46df075f3df,22,1,0,23
32210bad70e30656c9dcd6821c0b6794abf5b782,240,83,0,323
08606bd468e40f19b46559cce616d73898ec7068,103,3,0,106
a44dc7d7a94b780aa21579a4489454d3011bb25b,15,1,0,16
6e485637e2738a7e809eac1a802f0964dc12383d,73,2,1,75
6fd8bf6338470275e687a686044c7d935d3714ff,44,2,2,46
c143bc1a77baa13f61d6ba00509fa1fcb33757b1,129,6,1,135
6616a878598b8ed74b71558290a22b266a8ac03e,44,2,0,46
d246d9a2b5758a6860258d52e5e6cd915be371f4,103,7,0,110
9bf14d05e02fe7cb0b317931d6d6e28db600543c,113,16,0,129
02e3b656e324d999800bd8ceb41441f75d370862,183,10,2,193
33c08fcbeeb646c11049552e7559504317a1cf5d,17,2,0,19
a0c393ca8d02f303498d46e3718352f8eaba2e91,2,1,0,3
3130341a6891b5966ec6acb8b034d0e0f800e3c4,344,16,1,360
962daa8094af733470fb9feb792b016d6abf6f45,107,1,0,108
f087b661c466c9fd27d049efa8e55a2d7bdf9834,151,4,3,155
ceb60d27d38782d82ec5275a56a6f778511111b6,129,6,0,135
b13841de784a94d6a24dd6d1f934c851baad4b98,593,5,2,598
6d744db27111c68e13b06ec99428a4c4148d97b6,248,3,2,251
eeb2f2a38fb792b711eb665e380d14bc00f6e078,415,15,3,430
9762643f8fad8c2b2b9a2c7bd5692b716c50b2b1,50,2,0,52
b67d7c54ec1d469a41117948531fa1b2791fc011,4006,66,0,4072
0bd9375f5899ece6f758202fe194209e244ef1bc,11,1,0,12
8dd4ada6287af49a243aba1e58daffa7e44f39a9,1,1,0,2
8290c8b99a6052ae0137ad1508aa3c0fc26d425d,77,4,0,81
f621f7f76fc8c97c6f5c98d89cff6c9a1b70c24b,478,13,10,491
72ac53da2e6f8311c2d816763a6765724b79491a,3157,28,1,3185
32837e2533c96f430a590dc27229a80e41f038e0,629,17,1,646
b6594125f48e65062de00be1165970f67e5cfd71,69,4,2,73
eb6fdbf46089442065d61e44eeea8758e23424e4,6,3,1,9
47e01160736e6003d4ef7cdf056a5bffb523ba43,816,40,0,856
83d961cff88cf2ead0bbc4ded3285f4faf9157fc,76,4,2,80
83710a9d1bb7379e5f3d891ed95c86096263740b,69,4,2,73
59da0ced40a8405d70b7eef0b4efa40433dcce1e,9,2,0,11
89427c8a3005960db5864704cef54a06de617e2b,24,3,0,27
5b7ca4640474956f43ff80d88510f5b4d85926df,45,5,0,50
eec3456933ce9f04dfdec17cb64455b2aaa8526d,503,12,2,515
3b6b02abe68b086b4ef1cf4a3ff623ef5d7df2d9,3,1,0,4
ba4f72283658831394ddd5acafd33ba1d7f23806,503,12,0,515
4731bee70704e6a092a48adf1497f11d3544210b,1,1,0,2
bf1770bcebfb17d36ac90e157373901b5a181c05,309,8,0,317
96160adf576753c600f3d42fae8ee761d349fad4,309,8,0,317
87a701813b6abec5dc174694f3f0963b1641fa8e,10,2,0,12
dc677c9fc86c68cc82d980c33e420da701a4954b,8,2,0,10
cb1fd82698fc814d3a9b5b3b1792556de3a24501,40,3,0,43
7094c0fd8dcf80ee17ca84e630565d11407f9c2c,263,5,0,268
cc675d9b75696cbdcc3af994ad3fed30c032c10c,70,13,0,83
024bb4e1142128102b8c3faf09b08d544baab53a,6,2,0,8
5036d31fef1957226b9395493af808788b202e3a,476,4,0,480
b961fdb41e1b4a1ccb2e769ff64e3b8f09609958,8,1,0,9
fdd272e0bf956df3f70a3310923fd41967697261,2,1,0,3
893ddf084a687bb0044b8fa7d3dbf5904a774bb7,8,1,0,9
291d2a5b23616fc26f1af4c890a87b9b7d34b5c6,7,1,0,8
d9855b66d28aa5888b5d3a12f263d09ae96597d7,5,1,0,6
7cc495bf6b1dedc3a87046f8cd373766eaa33463,537,14,2,551
33e027db0de8998416555483c69ceae4ff5e4a5c,8,3,1,11
9a62d53326f857540ff91e484550150cf4936043,37,1,1,38
056712bf946b326f8431b2e20f11eaafe7ff0dda,8,3,0,11
0aff7d68d906dfad1afcb8f407546a8fe92a3514,10,2,0,12
b0c56038dd2a74581d344d0355ac523cb4589980,2,1,0,3
e7d04451f18e549603a0ad777ffeee8d205d95a6,37,1,0,38
9905ff32c420a6d656106750f18be0f83ba517c7,183,3,2,186
e22b6b64a89693c68444a6a32d548a1b1e52fc9a,2,1,0,3
5c5d70bcbc9f7bd44cdb3578ddc3bab9b6894956,105,11,0,116
c8dbec4eaac417b3943120d0c46a9d493d719def,6,1,0,7
49a0b1879fbce3879d37c34727f05a11002ecbc3,24,1,0,25
b2cc951e3d83e92bce966f7e8aca65fa9f248fee,183,3,0,186
ae903c59c10bb9fad58842221f3e720d1b4d54b8,19,2,0,21
2488f340c85301c0ec39cac80a8426f5f4c3caf0,49,2,0,51
3c384212603dd31b933205d1c127dc9d0f1785e1,191,24,5,215
b7b97cfd3419da4421423e189369a4931efd3996,343,9,0,352
04cff9b53df1da21c7552b2e47df50cacbae9158,76,2,0,78
be12a7ea242dedba932c15dce005540c34711e77,85,1,0,86
e857f297bb22bde984b5e99c1fc62a389fa54f9b,22,4,0,26
58c338051aed89a787c2a575856e949cc44e8b8c,739,8,0,747
a976c42590f786ff977999736be5436e7dac9d87,1394,18,1,1412
ffe53eb5a59908db3684ce11474cb875c4bf392d,593,5,2,598
b44baf1e8c42c57fa4e241d5943593fa4ae42f12,478,13,10,491
30b869ddd32db637ee9ea8f13a115dd4bacc52fe,40,3,0,43
c1ddf21fd627c76a8b7e0d81ad43480b1f1e204d,537,14,2,551
f8ac0f14986169ee25159734d0a97b08976c5751,8,3,1,11
57eb47f9c057d15739987500a8b3894d1d739d29,2,1,0,3
c6b01009bdf0507183aa4b05db062c182b5ff22e,247937,2442,0,250379
689cc4ef98cf31fdc76f6a3eabb94716d3f0bbe0,128,15,1,143
12c731e28ce1b33a9dbebb6c9c8251cd5e574136,10,2,0,12
eddd7dc8877dba5e443fa338331407fb623a4311,128,3,0,131
c27fff5c9e6f27579cb115311cfa0878efea6c7d,122,3,0,125
f7dc91f043d4be6e9eb6852865dfbeef81e63eb9,122,3,0,125
05dd08b993e2d7f88176c051463b178431714f85,6933,134,43,7067
28dab6ea7573affe95512a403821cee5d82fcaf5,37,1,1,38
7b03a2b5651862b47092677aab873d8b3b127d66,19,3,1,22
7a44f1ebccf4fe0f26f54e070bbacbf24fbee3d7,16,1,0,17
0c782b0b6c210e837ed37ffb9b1eb5cdb7db5662,379,14,2,393
c530d47b8e3fd514e49bc59a1a7a3bde1060912a,1472,8,2,1480
acfea5a51164e52978c425464be4f3674b51dc09,29,2,0,31
7251a6b4aa58f824fb927475916383a14517a0e2,19,3,0,22
a38ae7eca125c6a17a468f130502de69e2aac18b,80,6,0,86
180de8eae51cab500a3cf3e06d6de93b1e802c3e,19,1,0,20
1e97d78c9e5423656ed690b6fefd3b8c96330fb9,272,4,4,276
ad785cbd192ca3f34d62bc2155f61a74f4962102,1472,8,2,1480
c1fde05d05251353f0e75125aca44ab145798c8e,379,14,2,393
fcf5d9ac714df93c615f97fdc306913bf7ed7e50,9,1,0,10
cf7b6a0e9bc6fb48d6268bfa40e1aedc9f8c9252,77,5,0,82
147277d89fcdbd134425b74fc0b63596572a4af1,77,5,0,82
53e2cd2014a2e12d0c8fa555d38580819a598fd2,17,5,0,22
3e2b28075ab5d00dce7fadf4769967f7a0ee2ee8,3913,105,0,4018
64247b9228451e46abb8029e09c7fc6ed4e16d2d,6016,100,0,6116
09c634e28200e0dd94c3c2e2271b5cdf60304888,19,2,0,21
b26ca40714e7f67ff5b1ad46f376896bf82deb8c,20,2,0,22
ef03eef463af6122b3f2eba35923ae29e419c3fb,31,2,0,33
ad29cc92333525227c398c2f783d0947069da376,10,2,0,12
a290fddee1333f2a6ec0ec2dfb530f452c63b3ea,18,2,0,20
3f83c0819f0530632c82ccadee34352de16d5617,3,1,0,4
c0f1a219e0e423cb65f25a3968318495d29ab86f,2,1,0,3
e82eefe7a7d7f541e6d2fc4b166843b87ec9ef87,2,1,0,3
126ab60fe6fa0f47e19a26dafecc7feb7c57b60b,3,1,0,4
800579c9ca193f7660e35f241c255904c573eef1,3,1,0,4
e8fd1657de7847922feec3d3e58250ad116e4e47,2,1,0,3
3bae858986f78dbb288cf39d970b3f163c3da247,70,3,1,73
ce83715123d9ac3c1939e154318fce25d387bfed,70,3,1,73
1ac93f0c94cfd5546a9446035e6f5f3975e43a8c,78,3,0,81
700529a6e461d00362666de9de58a92cf7bf8bbe,6,2,2,8
d92b88f12fa2949a7ab0b205c8d2fcbfd1042f11,6,2,2,8
cbb9b9edbf1674f0ded47237e31dd2dfaeb281a0,11,2,0,13
598b464f81d2e74dc0df62011e08f3a76a674db6,4480,51,0,4531
d4f307182d34dacd498f3ed4774025cdc45abb5b,16,1,0,17
dffee01c54081d5a74ef50ec73bee1add0e8429e,3945,106,0,4051
9f9be208414fb141c192b5d6c688021acd09ec25,2,1,0,3
854d1a5d9ccf4d24bd3cdcbb1a60a52c78ef5c88,11,3,0,14
072b9c26dda4eb7a39d095d33c08d1611c891444,11,3,0,14
ce46c10ea767254a60b80abecf45be8a2d9921b4,2,1,0,3
0a336445367fb2cec202c431a8614c185da9a3ca,16,2,0,18
c893da70a9757b16b0799adc8eaa29fa1b03d06e,161,13,4,174
c864fe443284508c7eb1d2341d9fdc2a5a844c45,239,4,0,243
cc568f9f6823de04f0beeca45ada4160a58307e4,23,1,0,24
c103ac33d590492577bb687b29969550cdb532cf,33,4,0,37
8483e8faeb7282d2a1483b1f51b4b1e9b7a0851e,270274,2683,0,272957
9217f3fc207f1af70c2ca648871a78a9664529a2,4,2,0,6
8372e69dd01972a01dbd59689475f2d45c2b6d94,8,1,0,9
41dddb87da53bbe72594b0b4bb9e2a396a57b986,141,2,1,143
708cc8c6849b21063a555895671f6f820d92184a,250,6,1,256
d068fb757e21121cb14ced3e688337e3c5be1621,2126,20,0,2146
d5e9a3b0fbf0f5b02ddc2bcec588306c64fc52b3,15,3,0,18
86cac7ae2f151dd31a7fc2a53f04c952c2e13de8,602,14,11,616
094a1b8c5d6fe47e642c13b23904714e70cdacbf,188,5,0,193
100f9bb39092c65e2ba8a4014e6356f04ccde658,1,1,0,2
2e55963eb987f4fb24b716178f6408782b590f28,13070,190,0,13260
691c3b771b761fe0e82bf7877a3afc7add59196b,7,1,0,8
f7d89fdb311761fd5a4a4b8594001fb6cae13e88,93,9,0,102
842c1b7b8f2063b99cdd4b7740510c2e0b2e2553,26,1,0,27
1b2afbb8d4032d23ee9a78987aec90a42e886700,1547,42,0,1589
9dc652db5b0891e08aedc4ed40c333d4f5a7c044,41785,848,0,42633
30633571f878f794c5ba73beb9ecfd9c9f52aa7e,187,9,1,196
88a7eda47281e538a7c56b33c7882da7413c935e,26,1,0,27
cecaf7e8f5b581316873d02fbbf623b0496d0d6b,41712,849,0,42561
871a069e6f874389198591f2930113407329a95d,2,1,0,3
c1fd8aa561406aedebb549819691cf66e815dc4a,6,3,0,9
848bb66311365e5f8e3bde8310ad064d3449bf13,2,1,0,3
561101f6b644945494be7c23e79d1e40b2aa5bb9,10,2,0,12
53b52da79ba22ed5d0ae1e09202131611ae65910,2,1,0,3
2591c160efc4251cb33854955970c93ec20d6b24,292,3,2,295
e2ac66678fa28c6744c4806bda87ffc6800018ec,9688,170,0,9858
6e71ef26d8e3c6f86d1f0b9f4bec97b7e33d0b2e,292,3,2,295
bb485f67ff0645b5990ec3428be9b09126c6e85e,4,2,0,6
babfc2f051f8471f541bd054650a47cceb3cc09e,3,1,0,4
1e2469fa80aeb554b12ff5e7c3465260f900dfc4,3,1,0,4
6d45ace3faad9b491c11b64a01f1f9d093201b8a,18,2,0,20
302a28fad46cbf186ca114ccb8a26ab6450044d5,4,2,0,6
8e7c852b5ff4a3837f2f33f3d9adc0c2318dbdf8,14827,102,0,14929
dbc8a0f832e7cebf362dd4818947df65075126ee,11,1,0,12
2b3a180ff7692c0253da3ff7c32d65c09f9488d2,14827,102,0,14929
8cffe90010e1f0dbb0b93c33fe6a08bd27fa9477,481,8,0,489
fdf1f4bb038eb9b0918367c7a5b7e49fb1e9ec51,357,5,0,362
b252b441a9ada31c7200b385d75e0b3e7c0362dd,357,5,0,362
fb8191028eb19b0683b8239b7024f7fa6ccabd4e,60,1,0,61
6ca86704c36029ff29f11e1dba10588b341aa31a,20,5,1,25
2da2816fd74b17590f45781268337da5205c44fa,20,5,1,25
781e5b7c93a1ee47299fc94519efbd0bea020940,75,2,1,77
2ccae40e2a21398d15c3762b72575216c56a7fb0,41,4,1,45
8ba772f6bef6c85bf733d40266ed8d3fc5bef9d3,8,1,0,9
dc086bf355dbd0fe694111427427976669b39422,41929,856,0,42785
c040c3767b3962e125aac81cb0a6c25fa565cec4,59,2,1,61
cf67df2a4d08df90d365f8da602a9ce786cc3725,96,1,0,97
7677f5f223d1904d914e6d702aaf925195fbc1b8,131,7,0,138
8070da317fec537b130164cac03a0b56e2bf388f,41,4,1,45
9273e51cd039049a4aae73f9dcafc02915bc6153,906,45,2,951
c5882a85f4e3a1f61723ac54fd92f087684df6da,18048,174,0,18222
cb5633317c9071369ddde1c568e4479a7ccc0557,6,1,0,7
df725e837da06bc319f9655d138909d1fd96ffbc,7,1,1,8
7606e6624be313a114a1c6350faa83a5f5063938,112,2,1,114
300750f14eff04063e898d2083ea188ce0777e7d,20,1,1,21
e8f6a540a95728c04da921b84b8c7376c35e47a2,35,1,0,36
5769f44367cae5908cd291f226e9fccd68fe1c39,65,2,0,67
d98d947fb971053b2c9e024cb6cf286b4c47d65a,17757,172,0,17929
32d2629e1a8f828b0a34e363e793a5add2639f2e,517,37,0,554
e93f8d43a92dd8bde12c4677b5fcc6b0c2de6ce6,59744,965,0,60709
10b2b97a38cf52e480785ebb041f51e562666ad6,70,20,0,90
5494dfb8dd222bf7aee8214b6bb201d3ae8a1ec5,62,18,0,80
893cd901d1f0aae115cff9b944085f90b21a58ee,2,1,0,3
8dd03222f87dc0b0b6b0f0a86adb5ec196592e38,5,1,1,6
06ef846067411350081c4112ef9e9466deb6086c,28,2,0,30
7e73d0223a3f09cbe0b7094a2c04bdf9d63ca9be,753,62,0,815
7d82d6a06b5e9f1f8cd2909b865e37d46b8da03f,297,13,2,310
864af7eb48f19b8d6350332100f741fcdccdb5ad,1229,11,11,1240
a61b0eaff1817d84c0659e8a7e095f29e22800e1,263,4,1,267
2df39a80d80e2575be61a902ccd48615796fcde9,996,23,7,1019
828b9b614ba23d8316c8f0db173a2dc09a5bda27,46,3,1,49
2999ffd5646e608a20080b758f65e0e816343c77,209,2,1,211
46688083acbbb183a2d28c548e773878b91d23ae,2,1,1,3
721f255eb2de1d8207e35328e2dec6514c22500d,25,1,0,26
9b006b26231948caff8f179b83de3dcd9a259f2c,10,2,0,12
bed897dc01960dcbb7219ad948973e0f27bfa564,21,2,0,23
07535d92cd37cc949188434eb7ded2fc8d2e0647,58,3,0,61
a38fd00de0a2d2d54b3702f94797639f8aa26dbd,46,4,0,50
5c106da0526fd3afc057ee50efc532f8176d60fa,219,4,0,223
f4a1e6ca86bcc6054ca6066107ad58b6b19d665a,151,7,0,158
b8cb82de65a529040ea18b0dc03fa7109c69bb4a,151,7,0,158
2e691d80ea4870c3e7b5b127792b66c920f72c39,234,24,16,258
a9b1fc2b3840d47d7c978d9296e8ae6bdeb10be5,1039,4,2,1043
1f743465d6875ef48b1835d03a78a0dbaf339bf6,4,2,0,6
6c38eb28623271a3604ee8d966deb88677a3adb1,18,1,0,19
9776f3f4925f27d6639a7381c5151ebe8e58b683,29,1,0,30
12130467e75e537a0000752e9afc99f4a547e965,292619,2976,0,295595
1ffd04aaedf09afa588a37479b6d74ced910137b,7,1,0,8
864a95e13f1262f14351df0883d0a1abd1bf70c7,73,1,1,74
da5b68cc89ba6eeff25beb66e3a4d8c2b9871ab3,249,7,4,256
ff9aa8898445c2a30e80fbc94f668eb5cd29a7d8,296,10,0,306
8852c80a0c6b52531ae6a287344f1ab776e3b32f,38,2,0,40
228d97bab116a513ed03f4f7f48ddeb1ef5b6577,16,1,0,17
6f47f44c4b060d18f372a7d80bdd973a0ff02c7e,31,3,0,34
d139e6476d5ef6de3b79d2f33081821b50b2a969,9,2,1,11
c66bb4f8f6a85607b262e863eb66489a56905b8c,174,3,0,177
71412cecd861119965a873520da96078f99c94e2,350,5,2,355
53b579f9487bb95b8b09064cd21087cb464bdf22,65,5,1,70
f167a58eed911946df617c42d84878eb429175f0,19,3,1,22
5475bfda2b06feaa80e9060dfcd87f6cb819d20f,20,1,0,21
a940fc3adbe36917ac80c06580a25ca0d0ba92c8,47,1,1,48
72f03ea7d8bc92de624817655e21f05c268a3399,322,8,0,330
81ba60fc38f6a880a3771ab50de31ff027f12811,47,4,1,51
7b6e6444d95445d88755804310417d5d5304599f,10,1,1,11
aa54b185c31600e4ac0934f5bad2fd431ea3d51f,5,1,0,6
f8a152ef931e4334bfa44fca30c5d32151a8b470,2,1,0,3
c1c15a6db0bd84de49c0f828cdeab1aed4bcd863,257,7,1,264
0f0158d3e887f0e130fca9807914a1711c1aa866,43,8,3,51
6c1cd162e60af37c9d380d801a6d2ce7f3b448b1,2,1,0,3
2774d879a72b0eeced862cc9a3fbd5d9c5ff2d72,10,2,0,12
d62542b9bbfff5a221915f2bd1d23ecfee9814cf,206,7,1,213
beb242bc22aa7ca6c068fd59a09965fa5967177e,1319,64,0,1383
121f034e5739dcc7dd9c9577c9a437acaf710a19,332,9,0,341
494cf88209b196f2677e26f468aab1f98d791217,16815,192,0,17007
6090ebdfcd0ea3840b0d32cb10197b43615e1e89,3301,103,0,3404
ac92bdb44ed0fb02893c1e7e9df4443a0a26d331,9,1,0,10
1776e9eb04895bbb870f7c6aa89ca96db2af31b7,4,2,0,6
e7d781ee3221107d9a819dd70cb5776558a59e2a,206,7,1,213
b6005b07b3e28907c8ff5cb6ebcce25bdb23bb48,64,1,0,65
f406887c274550317e1b6fbbe1bb302f53a5eaad,64,1,0,65
92dca1e80d1d238189e04b2b762671f70845547e,34,2,1,36
0e8cb00985c458faa24bbb60a379b491bd080042,44,2,1,46
d484a76ddfaca502f3f3997d5a98cd1eb9d136f2,7,2,1,9
124ee7f19883e73e0fc7940d6fdbe216593fd505,16,1,0,17
f3c723ce6ee0db9345304fd00e0e0df0e21383cd,35,1,1,36
ceff09cbccb4e0ab3e6b4234cc03bd0616894b1d,5,1,1,6
626f1d5614930bca0ab744a6049e5f83f321d46a,4,2,0,6
d2e6007b905b6c19cd87786a039229156d10c013,6,3,0,9
06de699470092e0014a112617d44dbb57945fa08,28,7,0,35
48b2653198070dd08ca1fdb878174b975c0b7fdc,2,1,0,3
a74d5ee23ed7ec0d0421f490f2baa42f13d584ec,28,7,0,35
57a002ad01d170d6219804430449b133a912a433,20,1,1,21
c1120927954079ff9dd4557b7a9c86b02fc85cc1,16,1,1,17
18caed3a393dd40aaec3302a6882c49923ca4c2e,13,1,1,14
d44df8fb0d55503255684ad74ba4c345e4f3b9c9,69,2,1,71
620b81521f57e46d4fc4432e29e7e3ad39c919e3,4,1,0,5
017435c9cdc3b742a0947adef0766aad6ac31493,15,1,1,16
10f296b7f6884b548781481dbce902e3696470d3,3,1,1,4
c42fc65f35b372d33590434e5295e8cb39790a2c,5,1,1,6
715821b29cad0b33dd0dac1ce7aff2b511898cb6,36,1,1,37
5c6fb554ccddbbbcb04cfd640921ba1304d0a65d,30,1,1,31
bf118aad8d8251144062d97c476fbe5f817d8018,79,3,2,82
025e6ee10e459883fb660f1c31bdfdb61f3ca124,23,5,1,28
31b132dd682f0ab9c74597db43f3a24554abb4bb,3,1,1,4
56162b39a9a86751ea0b791505db14f69348163b,2,1,1,3
15956a8a6a26e37d99501fdb7e5af0b00efae506,26,2,1,28
d63b3862a43a142f248ac96bc3fd1c02705172da,596,33,0,629
34db273ba628fbcadbe742d90035a44295ae1aad,10,2,2,12
6cbe8a5a8ea5e4dacb8c5a859cb15aea5b3f38af,32,4,0,36
c7f1cce266c30676ad8781072362161fc7a50718,55,1,0,56
bb2ad161888b676bd8afc7d4783fe939332f7064,2,1,0,3
6107ddb8e987eb381ffdc4a16f928d8fe89fe003,57,1,0,58
2b6484a5bcb5520e66ad13fa54507390e58d78ff,42,1,0,43
98366b134947e9fb962b7f89fad5f24fc3e7af58,6,1,1,7
9e8e9798dae8b92cfbf4d940856dec35d3e30f54,619,7,0,626
3c276c9e092b6f6b4baf0b550ad89cb85ab9c42f,15,1,0,16
3c99f9099518854ad997963ae8efd2fc6a2b2c3c,9,2,1,11
e82940cdede7001b2cf72a63731df29c9fc43bc2,14,2,2,16
b3f7ae3bf903a0a6357163029ed310647877c8fc,24,2,0,26
f5fd34ea5ac855cb3f6bb517e6199276ad4a3e3f,69,9,7,78
bb425161958052726c30b43ab7c7c9fa2512975f,38,6,4,44
9af39adbd353c2fbebf982f239c78f8e0aa9e77c,24,3,3,27
e03a9805e5e7ea653f10fe1abc6f2bd981bec71d,375,33,0,408
4fbc38893673fbf896c9d946a7ff1154aaa92a8b,12,2,0,14
825fe9cd64ded64068c573d7e3c3901efae6283f,621,24,0,645
11a7e7d0bfd6ac0a4bd4b3cdda584bfa63d2d244,40,13,0,53
87fbb275eb9d11084485e6b4314b5bf7f8d42a1a,131,25,5,156
1e39325cd3a54da97476b0779244f062d333f582,8,1,1,9
c4d67d2ab737c398c9158dfeb67dc979f5c052af,8,2,2,10
13f16dc105053553181a92bea001735fe14a5d07,2,1,1,3
3f942af1beba1973e9e72304c5cb98d21072dd63,21,3,3,24
403ac1f14849899f2f2a66e53965b5b1f08580dc,28,1,1,29
55ac6e71e68dc1ce66edeee146da0073d1bf10f9,8,1,0,9
e4b8e4bf681456ca5e63a494378118a4b6e392a4,102,6,0,108
58188e81b262c26f93b29f3facd3e77f4325e359,6,1,0,7
2aca7c79711020859e016e20e7f7633b2189c752,2,1,1,3
fec70d790b8f0a74707c5ebe2b0f199ddc7e85cb,5,1,1,6
942076720499e7fbf4c4d950655a17f3ee8b7b83,4,1,1,5
ff0caf810f3bb76f284555dd37f93706c9edf1e7,2,1,0,3
6c6cbd327d67c05278a3617a0cfc4b0f90e0bffc,55,3,2,58
852f03829c997883376245e3515e47822e9012eb,1407,79,0,1486
9d38f6bba15223c6fd091fb73be7d8b893f71afa,2,1,0,3
2185adc240f91faa1fec23dc8846f23e15c8098f,80,2,0,82
07752ec85dc3bf18297b728f9a31185d44ad3687,80,2,0,82
12a4af6448d12c27e44370bc40efb3cc02fa1dc7,78,4,0,82
2266e2ac3af446ab36c9d646d2b8abde719295e9,1210,24,0,1234
3f4a2ee58508eb42d8dfff80f3c8b4c6c6c5823a,137,4,2,141
43eefb0c77f448af9b3634414bef0e97cb2d7838,127,2,1,129
949e4c0ac6a9ebea877bbc336e95f5a8a5cc41f9,78,5,0,83
3443c4e4942f6fb41fc3d7b37a52a7dd0ea5c7a1,4,1,1,5
660cd1e072496c323f5bdfc797f2a7cb7d74480d,30,1,0,31
074a4a08012822f3404807015bc63052c20e7439,11,1,0,12
2e55ddb600819dbf4684c0e97cc71a733167a4ce,2362,85,0,2447
ecead988090e6a65ffdbb4098252ea26287fe36e,10,1,0,11
1820eb3135c44d6768d53b95d69c2a93c7759b6f,60,2,0,62
e04d83c4911bbd3e18f03ee1e80a99cd49fae87f,2,1,0,3
79a546a97448aba01c67ef52177e6c293dd3cf74,647,50,0,697
1f358db1eb3c9a28dd1a66042539796c1ef5ac45,6,1,0,7
abc8b9091e9eda8cc43f398939bf1fb6035f7a3f,58,6,5,64
f96c59039a8b5f7d2b8e8070fe1ca43183b4eaaf,6,1,1,7
90f846af029bdc8d62b8a176ca9a144dee4c1cec,18,2,0,20
fbf13d4c8d95462a7f67fe706cb93a6902d4d483,27,5,4,32
42c9da6143140ce57cd7895cc039f3f8966b8179,24,1,0,25
fe424591161595de1151a29cf1cdeb50456c3e39,42,1,1,43
cf9f0a79da7540dc40c3ac860a94158e87e2d7ec,1,1,1,2
81435cfad1c462eda79e2ed985294828c20984a2,24,3,0,27
beb80830c153ec529d082b3588951af43fdcff33,4,1,1,5
00e88cc938b24d9f3dd13057ec5593fd72cce28e,6,2,2,8
d10946b8b107dee499a5798a4679ab5d14499764,20,5,3,25
2254d37232ea994ff9dd63917cbd9c8c599bbb12,22,4,4,26
e304b48b92fe75027442b7f7cfb46b421d58ae49,16,1,0,17
049247d373d2b0197a36f133b21575462145f635,52,9,0,61
e1b84b41bd4ae52631f17f79396d6921385c0dcc,10,3,0,13
5e289d81273f6eeac826e7f6b5c4de7df2d067ff,55,7,0,62
8f69186343dc95aba403e12c8fb7c06a5042916a,7,3,0,10
adc0422592a18a7c2635e45185ef17852cd41952,111,10,0,121
4505066481d4fff601a14d344dc8059f5dbe73de,2,1,0,3
6045a2469a4d2e23cad918b44e002c7de237abcb,7,1,0,8
79401b2ebf814eeffa36d41a82d1238d8eccc7e9,79,2,1,81
27ba69b55f645a022f2e84cc4db76309b02850e3,60,2,0,62
55f7594fd0595a4269c3972446ba4ebe30c12442,20,5,3,25
1665a615030201a7c9a51fd479868c3533b103b5,350,5,2,355
80f7325211f6adb8a9f3cc0bd1192ded28aeff77,350,5,0,355
82dd912889b0dfca213edb1374c1fa0ed79411fd,350,5,2,355
496fb173d55a8ea0702fcb70a4e807f61d8fc53e,90,3,0,93
77ca2e636c73e464f833f227c4894df0785ae9e2,2130,86,0,2216
d14e0727b3dd61ab5ec2957133d77dbc25e9ba68,453,51,10,504
d6d42c2a17b7cf53a71d59931b2cf838bd8116c9,7,1,0,8
f1365421c299b754a10edf8b6f156aeeb5ff0ce1,41,1,0,42
166d63713c259f0b5882c41dffd3bf66d47da0fd,18,3,0,21
b7908d7a65f07615f2ff183e107c5002658bd511,1955,39,9,1994
ba847555c86c00a288362e1cfad8c4c30883975c,295745,3049,0,298794
e9bb1d900f6e65d8371cb32cbb09e79f9ccc8992,25,5,3,30
7b711a3248b0dafdcea195766b50be4d44656f7f,79,6,0,85
6e5bfea3b71068bc4c4487e68d1d9ced4069005a,41,4,2,45
6c31bc1a59b56de5328af3d9c160e35dd7e52c34,80,11,0,91
c3eae9fecff5ad01390170c034dca39c216a097c,79,2,1,81
71176473f9fd0aa2088ba4e611ba4b7fc45e76b8,60,2,0,62
393eb940eccef149fdd7a5162a533cebd225972e,79,2,1,81
b0ac987d3202f5796c101bfc1998e4d4dcfb2bab,60,2,0,62
e7e0d876b609f44443b2dabc8109471696e940ba,139,4,0,143
22b7e76c00a77a06388bcef869f29d1a572a306a,613,16,4,629
67225b24dbc77ed70f5aa6bac6d750623c67045d,90,3,0,93
9e6732822061319df1e934361cfaf96e06f91573,139,4,0,143
0ee73fb097a6d0e15fbfd6ae8acedac46c45a640,71164,1168,0,72332
6f258b9dd0c2d3aad6d30e09282da8b953d27a58,9289,342,0,9631
ca373d78694db25f0c6d233f4802d77fb3a7f654,690,53,0,743
4538818a36143a66dd4aaa3b9b4f819bce271545,2005,41,0,2046
cb60e3865acb738f7f23124ba4f3e41c0dd63cfa,7,1,0,8
7db65ddd16beae5f5bf95f67c638d5ae1c58653c,4386,93,11,4479
74d0dcc6c56118f9e4fdaa4aa70d25d1abe7b80e,335,6,2,341
8e622e41de4acf365da7f933a08b6d31bae11124,109,6,2,115
a922ac9d17f91f25aaa2bac9f0a2622dbd04c9bb,231,4,2,235
d0c0bcece7d8e9d373aaf13a210f6d890e5ad48b,90,2,1,92
982740774b95156cb100b0c0123530d3c3ab2337,81,3,0,84
51fb928fa2e8912b803605ec8f6caa1262424cdc,974,76,0,1050
eb44de631560534d271c7991e58dbc2b28f4fcfb,287,14,0,301
44e2c7603f29d211039e1a13001ac93e592f7fe4,90,9,0,99
9b40d0eaab7054d00e40d7b2c6ef8ee6a9cc915b,90,4,0,94
b721d73dfe4bc5c64a9de0d93119c482a7020d79,90,4,0,94
f8c7753395a6cf9c4948ebb32f1e0260e92d0915,4386,93,0,4479
05506692b8bc8009481cb988f21d8ccd82b99e23,8,2,0,10
b54a481315a45c7a6c8f70534f655e14b25cc439,933,19,4,952
2eb24cad277e14322cf42155697cae78e0f80e13,126,4,2,130
43b124495465a44cc7ad4b11060f2074d3865460,73,8,0,81
e1ba328a21e3491e7afbc155e772a3e2c228cf9b,3,2,0,5
2305e38345d8a7ca812d265d00eaca5bb7d6adb1,10,3,3,13
b8d435b6f1a5798a3525d54c56cc1ffba237a505,247,7,1,254
ecf4b8b5bd05a5c1120e08d9951cddd26d0e924c,8,1,1,9
738caa1a9fe0f3d9c74bbfdf57f8aa759f715059,2,1,0,3
f9aaf0353cea54afefea4caac74b1583eb17969b,797,11,6,808
177d7f49934e24e85472a8e44a641c4b57a25914,152,3,2,155
8e7fade935fb38a703e4a7e56c77878eb3c347ea,17,2,1,19
4264089868dc7f75a50ae852f392ccdd10feaf7e,80,11,0,91
306923f0adb7e6e55991192c49907ffcf8ce701c,4,1,0,5
8f7855b9e556a0717a250836ce91b24fec6e8d87,17,2,0,19
0d710096a340375ef49603dbbb8f75263dcbe465,8,1,1,9
24dc3d698c59e637d732a9b40269883b50d47b16,4,1,0,5
fc7af8668e603cdc45bc8c6f97cf2d2be64b1fb8,4,1,1,5
adefeae40a4688b51efd8bce8522a21e8ca32865,2,1,0,3
fcd0d16124466d097f7b42a66283779e150cae26,16,3,0,19
5b010c27646aa61620b47d245f92676fafaa0815,8,1,1,9
cdb550bcc12429b060c17558a159f5a1654af9af,2,1,0,3
f4a4e7c59a9bca50ce517611a78fa4b5fc719ac0,17,2,1,19
93e497fb999fa2d36619bd62bb921392c1d62ec7,8,1,1,9
ea848154cbca1ed0b99d2495f6fe60a10dec862c,4,1,1,5
8764930adb0cfa451db8f2beffa7d0467670bd6f,8,1,1,9
f6011a5cfcc79589601c9f612964acd332b2c673,37,5,0,42
80bcf2739c3f84769805005d7c0acb5769606e7d,175,5,4,180
d396398c1b4660b3bca24d2650a10f6c0677b4df,68,3,0,71
51e1f874624c428cc93e9c16407ec5a8b4cf8420,19,4,3,23
9c9175d4a84194a224a4020e6185d1e2aee0a5aa,124,4,2,128
4e81e9479580d67b3505cf810714e776a767c376,36,8,2,44
f35057833900ba028b3a9a8bd547df61f42a45ed,2,1,1,3
664dc88e94a8ac0506c2762b7e964f51c72d7459,1207,21,1,1228
e08b6ff48916edfab2dbd5d62092be5a1f819a2f,3539,70,0,3609
fbb66ce8df4b4156069701b777dbdb5371bd4df5,3,1,0,4
43adf8a3f09c6b29fe3e70f62dbc58251d8d7cb9,257,7,1,264
454b9769e72775c5f6b44a36f0eef84bcce13bd7,3539,70,0,3609
4cd332b781cf700b99402eed2363f988f6403602,5895,81,25,5976
71a76c81530d1aa38525fd78a90b065b6e19a6bb,20,1,1,21
0e9fcb717584a76c45707d3b96afcd56b2a9fddc,8,2,2,10
d0a6c57aa26bca64ef68370c0ebdb5ce45bcc765,1378,30,7,1408
34a97833905a33bdb31b8e4580a576c2142313a7,44,4,0,48
d854395829f145c4fb4ca0cd30db7a3314bc58cb,174,5,0,179
b7904a4bd5c55e7564d6300a1eaf3ce2dec5c542,8,1,1,9
8f56e9ccc8b3dcf8bb8e3de702b3b172d042a966,16,3,0,19
670011b3dcaa98d205c5eccdf932e4f8f310bde7,174,5,0,179
19a7e969434c7de8da4e7a4f64d73d4af364ca38,160,2,0,162
c47d0316b581583009fde97ffdf7f8310a936ba5,333,1,0,334
f1fca3ad5bb0a870d94915caf8186e36b165b924,179,10,3,189
83b5bca6bf402d2368d55ae5c7d6314ad7a225b4,438,8,6,446
b9826ef677eaf045d7c1f7914cecd25d32b08396,16,1,1,17
e8377167b7b8dd020a93d92c743e4541dcd000ed,777,20,0,797
f41eb8d7e36caea319e228a6a0256d08681a2b55,3,1,0,4
38cb67d45eb91e20ad4b92a490747534f5e8febb,3,1,0,4
c3f9fe73a09cc27e49e44c2c4df0ee0f385a38ee,792,11,6,803
d596f02b1c64c789f91dea57d349510101d3e201,240,12,2,252
b7997fcaaaf038149fc03344692055097d2ac872,4312,88,0,4400
476b089b1dd4b4c5d3b6ae21e1b3b2c010c086ac,240,12,2,252
065fe4525cc46a46f65dd40af6f4be9f034c0de2,167,5,0,172
6a88642543bd8391c678455ff1705a1a953b0299,81,3,0,84
3a1b7d6a30fc8892c9c3ea5e0f6ccb7cba70ba35,16,1,0,17
1c566ddc2bf319e87bd56598693fdee2d9085386,333,1,0,334
0a04436e0c7551af6c79cfb3b8c639daa15577af,2,1,0,3
09ed12847422b265a60d7217530b98728363688b,3709,66,0,3775
db84b9b6e39ac37791b35479bccb8bbd75bb1676,10,2,2,12
d5b274883b2047069457af60ad313ad9096f5641,131,1,0,132
82857d0cb6e2984a5359b822a9c903874414aa67,371,13,0,384
7f0af43519f9e27f84ce8106d98b90aff00ee936,41,1,0,42
eda245b86277ff9227e4a4f46c885cc476403b54,41,1,0,42
26000caa83b92d43ce14fd53f7802e9802a7670c,31,4,0,35
68ffca03e5457ed00013903a0083de03a11254e7,31,4,0,35
742aa94c258791ff39365fa55b15d9beb8b1766b,2,1,0,3
3587ac673658fffaadaa19fea16a575dfb077d30,34,2,2,36
af66fb1b643dc911b042b2e101490611c7b645fd,2,1,0,3
c875221a4c11de7d8933f19f4b9d46a148dd8c05,36,3,0,39
24e14b6618564873ca9509ce3272cd315df93728,128,3,0,131
c42b50cfa0ff992debe773307a7cf25ecc141a31,74,3,0,77
28d66dbc100b7ba299a48cce0f001a4070566978,514,25,2,539
e832ef9ce363fad34097aa78293a57f4aefcbcc0,541,28,3,569
b0f84872945f36f240218636c298ecc9f765c152,104,7,2,111
b9901f02147319e811be21db1e3b9fd1970fa47d,1348,29,4,1377
8ef417c14e4ef966415478cd3cad4ae7f638f668,576,17,0,593
0453627b5f6a5a48967916d342ebf9ce92d42ec1,2,2,0,4
68cce9c1cb62f2a5f89b9e0f2078d3fe6aceb448,662,27,0,689
4cf2b3da84abd6baa870385f21745ccb29aa1e78,7,1,0,8
cce91f1fcb09aefe2e11cfde9f4ab3efcd8eb60a,8,1,1,9
4db65d292b33b88378ed029973562f665829b843,28,3,0,31
d4d5976dd354e05f6ac5fa2e2faf1ac66f3b7dec,198,4,0,202
3db0971d7d32798aeb3ce5dd8c0b3246a895fe91,198,4,0,202
ec1430824a21e41349a172c22fa3a66a53a8a90b,3,1,0,4
e219bad22b724deb46661478e00d2282415f70a1,7,5,0,12
02505425aad9ff3b43e5de882f5aeb01a03257d0,247,3,2,250
ef04f35fad5a8e74ee3e5f7fb6085a8e101d19ef,96,3,0,99
d3e2e0c5574f7677645e73e1fbafaee3563895f1,3748,69,0,3817
295f80d10da02692540435d46961a9c3cca99b3c,96,3,0,99
f25f85afb9d9d5e91116086a6b3998a5bbb082b9,96,3,0,99
ccc0f41794bfd2deecc3e0bd042f82d81c9809d0,179,10,3,189
128ba0733692178de05eae183b97355b81715a1b,12,1,0,13
6f6ff397c8a2fb3f1041958a3338294cb44af998,12,1,0,13
faa20530a707014ac34477cba8adaaa4b67de1bb,12,1,0,13
eed9d669353d51774afdac6d99b01ebd569b8708,345,8,0,353
788d9bb74e5e5406fb10a7865fc101f0fdeade5b,116,3,1,119
885dc32ba21d08b0f4bd6b067ad80c738173a2c4,122,3,1,125
9d9e61fc9db0f79daaa87b7ec2c89c652bd3beaa,55,2,0,57
490e9a138d5ed0da505f4de7f57bb0e14c540fea,773,19,0,792
0cc13dab42743a5a24f8347586f8f796bdfac021,7,2,1,9
e8067a6a38d8d1bea43cc47d1867fcc2a804f969,128,2,1,130
637d79170a3bd9ae229447b5b756fbb63c8e9328,128,2,0,130
f5e601e2973bfa81593241e55e4b6f97c0e55c3c,563,19,2,582
58b49b6c2e9a834386ee4d8d06e8578a8229953c,87,1,1,88
a7f1ef4617dea79584d25efbfda61ba078cd085a,3,1,1,4
196c0ac371f8e6d40dee15e6906372649522c852,3,1,1,4
b19b250f585a72adc81dd1ea368a15c0986664ee,12,2,2,14
9d64a281b89d447c92fc8181190d0554ea3f5755,1368,21,0,1389
6796f83c9542008480a5d9320ea6cc4e92e0978c,12,2,1,14
907e5e11eb7052f64b31ce1f5a091f9f3626f9ff,1455,22,0,1477
f5375deead7fd40787cfb2e7130ee7c2d58820af,643,11,3,654
23c491846780499a97fbf3a414558568e7252ceb,1,1,0,2
4b1d21faee58865fe1a6e9f3db62cddbfeed17da,40,1,0,41
b7d24dc274f9af8ee8c17cf0ad44dc467f198c93,61,5,0,66
ad061021be40569de7402bf1f480ab6bc2fe1ea5,727,23,0,750
c5bc114b031a2109004abd7fc7f7ad21063cbc47,5,1,0,6
43007d5473729ef6bc99043fdbd943381c74bc38,9,1,0,10
898fa150c7e2a663685abf37c6d1bcd547910f0e,9,1,0,10
1b3bbdb1758eb19c755dabcb5fe329529fa0f378,9,1,0,10
82aa4730da19afe052bc593c6b9686b0143ffd4c,2,1,1,3
9c87affb45da9d41068ea80b58989ac7067ed41b,22,6,0,28
0e78dd1dd4e039dcf1ec094e1c84733529d6fedc,95,4,3,99
83ad0943edf6a0e07d1b07c889492bce4932f9d1,2,1,0,3
c1466d877d3bc17417987f2870d3c08d0f03ff4f,2,1,0,3
e15cbe8b283bd9dc5cc9e3c355a4326c718e510f,1,1,0,2
a1c6558cba5caee05941d6203bff1d5be0b77586,96,5,0,101
611f9d07bb6ce26341408e141106fc9ccea90de3,3,1,0,4
00dc964362031522a99b8140bec889c56a756fcf,3,1,0,4
2caa0c64b04f48bd4e7ee527efddc2925b7b80f6,2108,35,0,2143
6015603c4b7a209169ead31b13d9daab2476eda6,4,1,0,5
ec9a3cd679c806a4bc71c5ac55754818e4faece1,4,1,0,5
e613c0091cb4ef47fa5e7b1915272b1ff8c93970,1,1,1,2
587a05e90babcdec0672f4939bc3bba5374abbee,2,1,0,3
b9bca8ca6e88bb7cf1b9e5c5370fffbba59487a4,222,4,3,226
86ea2c7cd26c03ae59cdf9974253b68f5bfabdf3,2,1,1,3
087c4062879a5c77c194f1e43a3b6873afcb1694,17,1,1,18
9773ea74d8f8827feeea6552509c46c23bf54d76,46,2,1,48
ae97143e86073e600c78c5d82452cf8bc956dd91,259,5,0,264
8dd2181f5f914677b18dd43ca24025f471c7f081,14,1,1,15
954d0173428103b521964ce23469bed681645959,14,1,0,15
92ceb7f71e3ec1856c69fa464c8a8c848314a27e,179,10,3,189
4d72bf8bd47d87f846178f3c0e4e8df8b17d3094,96,3,0,99
cfbe6e5d4ab1ead118da474d86262ab614da88ad,12,1,0,13
6667f3bf572b05a51c2d576f7208d7c0a20d2e9a,9,1,0,10
051b3904695c20c219493f8d2821c57e8ec11459,106,2,0,108
c258eab4336d16ae2951ff6852ec25f3896761d7,266,49,6,315
423408f298b27ab19acee08553c5f9b39cc6ded8,273,6,0,279
0d19ed5e3b14629554d396cdbf5b8c865de3207e,287,2,0,289
f505e2095ce509d738b06e9442556e793fa05ab5,71,3,0,74
f299d9adb61034c06171a7fec9d6fb6dc36577c9,640,23,5,663
f2f5dc99895d1a44ad2803e79b03985b8054b51a,12,3,1,15
bac9b690e719582eda9151e033499db6d96cc7e0,12,3,0,15
529a54555444abdf2477f7c0c56227c30911baa8,1381,233,118,1614
e126e558df3584edebb63687e7e91cd9361178eb,17,2,1,19
6d5adcb7b3cec01bce18bba10fbd22c426563e93,303,51,8,354
4908210aaa998e952d5acfe8b47d39a36e978a1e,1398,235,0,1633
607f4eb7cea1e7392fac584772b3b86851eaf57c,183,3,2,186
b0bc6f0cb1bdcc3038f48ec0eb34f9a01044ded0,2809,61,0,2870
e92d44f68329797a9f7377da6ceb8885aabc90b8,320,53,0,373
cfaa5cb2741bec3622d0796695d533a71185e67d,88,2,1,90
739c606aab828a123f47a7ff2b7e2115fb6e31c4,5156,340,0,5496
16f64d1feadbfe7ced01c6f989a58aa6ddfa6523,17,5,2,22
d22bcf6c72db5122b62e80f7719b22de67190e6a,9,2,0,11
a70dc00e1b699a9ad2959dd127241ec4371c0a1c,171,11,1,182
b0e104e87e40e6cd4164d96d17d757b822a50e9b,114,2,1,116
4b3fdc42fe88a525957a2ad416dd9ab39a2d4e64,355,14,1,369
9ff2a8f62f7f7ce36153e317758c19b2982eecd0,4,2,0,6
a8355feef630a5c8c4edbe02224c8325dd5952d3,4,2,0,6
ad91eac2d67d594f4a3def7fdfa2590ef5721b63,4,2,0,6
b2462607d726608a39033e9b7c7327c59cb28c73,16,2,0,18
26562d3575c54a359df06c72202ec91e078fde05,144,3,2,147
9c401b0dcfc6edb5cc83f6b35bc0d24db6f10347,34,2,0,36
aa46bc7c82e7f172bcceed4afa4b010bf4071cda,228,13,3,241
66557c8b6d6dbfa09bb559b6ab281ce84ee78d3c,2,1,0,3
96527d92f003dbb5010e155d4f2e7f394640a6c1,2,1,0,3
6e68f64d484371c1d7e43dbe0b95906faf15242c,240,83,0,323
8a6736e64dd42917cf385e45043e536e53841278,9,2,0,11
e22d01abbe3c7275770b5447743f46ee30b25e28,17850,525,0,18375
2280467e86bdba00f9bad438c6d7113bc3a37a12,9,2,0,11
5c33c292f1ed4c9c8298512a0f3e26daf2308d2e,9,3,0,12
98b35ff347d0245024ca52ea128c34bb7f9279bb,54,2,1,56
112472304501ab2b4ae91b92ee134ffd7cabc113,4,1,1,5
1f86c05be9ed6db1b1ea1b3de021a6c782fab0be,253,20,0,273
47c7df9dcd3facf43e60209ee36b5888936bcd56,29,2,2,31
d20b7f1d29fae7c7907fa9905ac39493ec66b465,67,6,0,73
8d5d686090b5fd70baeb907448a6f1777318582e,5,1,0,6
0726d3200a411817dae8c00cc183c49b25bb1f6f,72,2,0,74
96b0f7f79e85606e8cdfd9e85161453f8b8f85fa,0,0,0,0
e0e4d5941912dd37ce91bddbb6e6e86b19bcfce4,13,2,2,15
af98efd5487dc2f6177b245d3d4c369f8ec4fe81,419,18,0,437
5967c6d08b4dc978c543df3295b08790440542a6,1,1,0,2
296bc413fcc4ea5a541d027788fa458bfa480be7,30,1,1,31
b1fb8ff108c49ef5f809bad8dc7cd54c7e088be1,2,1,0,3
993f1f62695822bb4b71c5f86f42c5de866b21ce,115,2,0,117
159d5f4683a3e131f6d3599b4ecc3bba5639213d,109,4,0,113
70cd8e452b94b806a2fe6fe00b4b67ce80eb4373,412,11,6,423
e6ea938d193353b173366fdd7ef132b8c2a12904,354,6,2,360
5544978df00a131bae5f52d6c5e335c43a9ffb74,354,6,2,360
2c37df66a52fa18b8a2f0a946cc366657e96facf,6,2,2,8
c1348980a3c56cfe160c2ab079c6593687fc79b3,48,4,0,52
03f6822319b9c3d4ca7e76daef5a671097b913d9,438,8,6,446
4bf7fdf40e50aa6aca8fb438fb314c35166802df,170,3,2,173
754bd7b8a37f7afd3312fc9e9d4d4c7d726387c0,75,5,0,80
26ee9c2865648118da97ee8ef84df990359edb96,1699,48,0,1747
a65d4a70743685fcacb482ebffe0adb026332a75,13,1,0,14
dc24068cdd581ea0298c7750a6eec56184f2c3ec,0,0,0,0
94d8a6fc0a61bb3046e2ebd8b3cbffb8917c2b6a,1685,47,0,1732
9a8746e1ae9e599e6b7fa3d376d7f8fc1a4e8b92,355,14,1,369
7122256c87ce74e7942fa083138dd3a4d5e0f976,75,5,0,80
b571fd40f009709718bce0c969d47b62be06b8f6,0,1,0,1
e6cc8cdab85c96d7a2088d3a5267f3f42039601b,76,2,0,78
bb1ac0a5cfecf4af7e8dcfe86efc75997895c431,412,11,6,423
68ef21157c099f84b64f78237c86d97149d87037,2129,56,0,2185
d01406f26061f9a994bbc399ee3033a86d7e307d,412,11,6,423
46ff66efda93fa91a44d44ae68e7ade9add1c697,118,3,2,121
fe63e0ea349cdaab02e919d40f8f3df6a5e5cf00,46,4,0,50
f092fbf2a0b8d727827a080078f9892d24e2b4ae,9,1,0,10
db5da76a57734b0509c70cc3afc284310a35fe0f,406,8,8,414
e7a5307911dff1df93d003b2ef98aeca96a89dac,83,2,1,85
7f270405e3ab94938a9e46e301069825c7bc6fb0,30,1,1,31
9ce099c05f4b672fd4ce95173342335402f63039,2,1,0,3
fe0cff39445f1d8e3eea1241c51750c888114121,21,1,0,22
839c598988ba7710c168d6c9e48378d912177010,83,2,1,85
3889b2b798f680a81c8cca114798a7516c8e3ba1,21,1,0,22
5bde9b19be9541f46485e92840740c3e338068e2,235,10,2,245
3459bdd3a35869df13c9b35f616325c0c3e3481e,297,9,0,306
4a62232fc95f482ac1610263330b5ef103179b9d,1,1,0,2
e1c3ddaf6238545ade73cd5e0627584e16e8ddf1,42,1,0,43
605d946ada5ca4e562e256fa0edb29cc25dea7dc,221,6,0,227
aaeda7214f738dff2fbd865e83250413a9b7cc0f,3125,50,0,3175
3bf880c16e2787c44f62c4f1daf4c9f0fdab2dba,221,6,0,227
a600cafd1eec7581e8edde5a10b7d171997551f7,1356,11,0,1367
543a65fbac20a6961f8d23baaeb6ff8c6c61f20d,30,1,1,31
2f4bdbb674e5634ce4c1a3432dede4c865977fde,237,7,2,244
d949b739d1fc47a13dcbf8fe107276bc603b6d92,226,3,1,229
1410900f2c0e2f8819a1fb945109ca0d88f3a2f9,4616,76,0,4692
19739a080d389658878cd8eea5f28ce7dc5a229e,135,6,2,141
2e421c2a847caec7a2666a9d6cdf1035093c10fa,184,11,4,195
c286f9625287d99f107edbb0ad13e31c9f7de4f4,40,2,0,42
db48f545a83bb72cded77d8269fe4f8820e8380f,1356,11,0,1367
e4b54c985f256478ae2cae23b423d9b8e0842df8,62897,944,0,63841
2d6735a20ac8009d1ac3f003da4fcd319271bd71,83,2,1,85
1fe33bc7b6e1dc966aed43533d32d4ce9c18795c,30,15,0,45
5245214d316437b8ba82093cd356204083aee75b,30,15,0,45
cff20e794cdf8e0e0ff89ea17ab1d2c7f1de4663,16,8,0,24
0a4366591df30bf9c6841cf487e92f9decac6059,28,14,0,42
0ace63c6c02656802b30d59bb51a0e4da84dbe1b,16,8,0,24
7c58bf5a4a83790f00344ccace3e2ee6b53f817b,802,20,0,822
262a3410802de790b75de9b94fea9599b30171bd,789,6,0,795
d307e2eced1fd10b007ee08c3dd113e7bb4f22ba,789,6,0,795
adf223eb280d4ce5320d9e8923be5a8e5802a268,2,1,0,3
3ef7a0e03b9cb36fb4037cb075512adac95cc3f7,373,4,3,377
e4e58df698950c699170f1bd17c57e67026eda20,373,4,3,377
d3601c41ea630e221fd6c1a29e3cb5a35bd0c472,373,4,0,377
2f574701995ef644bb8066a0bd99a5985adcb154,6989,134,0,7123
00dd3d815e0bf61784151891304ed01babed1e05,440,19,1,459
0314dec71b19c90f06ed13c415dfed269cac3ddb,10,1,0,11
d8ad967c85fb56810ee7fab76494b176f443d773,94,3,1,97
811a2f9199a20c810c6072ba4888cf5712445d9d,21,2,0,23
37c0a220284527a38b181561865e8a57cfb1549b,1064,15,2,1079
db4ccbbce09a6027252ecadacdb078f8a44869ee,1064,15,2,1079
f606a0a357212896b09939ec5bfbc1f9004871aa,1683,49,0,1732
0bdcfb022b6755b082d7f0240934c83a07f0bf50,182,1,0,183
b9bf77c1a492951bd45abb8653469650d51c38a1,8,2,0,10
c52cb9f1fa32d7339f24310bbb37733e94ef85ce,182,1,0,183
0a51ef73ef164b74c362814edf8a497836761dd0,8,2,0,10
10f6cbbce328da9059a7a57e1ba12f77b088bfbe,237,7,2,244
caa3acb519e98a86def1ead13e2d0f2e59e620b5,1356,67,0,1423
7d3c046e58a160132655a7b8f90830d69a16e2ab,32,2,1,34
8e12513efb24cc6df1da0968560ac932544ee68d,453,6,2,459
85b08c5a546d79535cb9178677832ff8233034fd,39,1,0,40
49237343d53ee33d44e5599cd7fe7da868ee30a1,863,14,3,877
8bc0446f619c92b958bc5dda3f528cea08284105,863,14,3,877
8874f99f44dc2edf08a525619edb49d5db70b938,352,13,5,365
79e1e536e5a6ee366da94f563355429635cbfdd2,360,21,0,381
ca5956bedfc0c3bd18290c64b6a6c2e3f114a440,528,21,0,549
b461cb47882861356ede58775bd9e253dcf26202,360,8,3,368
ceac7e84744b5621d30456f664d001c28738c7f5,360,8,3,368
571586cdc7d6271b671c76404075be3793cd1ac9,6,1,0,7
3f5f9e59700baaa38668e680ef9483f6c1bce3de,6,1,0,7
63e6a2189814fb0b3c6b808f02fe2de81c19a5b0,6,1,0,7
db548dc27d3d6d2efffb678be8cb885283f27789,324,8,0,332
2cfd55dcff04cd81ac81e8ed68a34e7ad9ebb883,60,4,0,64
db9252c9588c671279664484bb8c397312d265e6,60,4,0,64
e8f8e0acf254133dd978d72adb73c5362752f706,937,10,5,947
004aca0bb7c7afd7aabf1e0b5f7bbbe8b9720738,937,10,5,947
80825f7862065ba67d2f75fe0b9192562cc73c25,9,3,0,12
bd988b71d995cc509349b278b52d60c90ccaba44,422,15,7,437
4a783410e2555584bc69b752f955d7e0d9066ebd,291,12,6,303
6bdff2c31ae9e754d38b2bc5504198c77b173be6,2827,55,20,2882
92821167ad884266728a2fae83799d1dfa17e07d,264,4,0,268
ee832e4ca502e70e5891cb299ea348adcea96d93,21,4,0,25
06908d29e0f2687fc31885f7fae5e436801a2c11,6,1,0,7
fa27ee3c03ac16cf0c5a86cfd0cfe5610e82d1a3,6,1,0,7
97c7ed7b36eb605f275df707ebe726b905b3db54,81,4,0,85
58c0c49d31605bf4608e7ee97099b75b324a782f,21,4,0,25
2ccbf32ea3ecaff1068832accf37235a32734b4b,81,4,0,85
f52ba0f5d6efe9abc5d6c29352872df08007858c,643,6,2,649
7663c22682c3b3371590abfca8a687b4d4cd219b,142,7,1,149
8f836cb0efbda3805672788be911131d46dde9b6,1411,29,3,1440
d4efbf342142f7376016f0700bc553c60b8f1b90,4,2,0,6
ef4886d5be7c708b917e97b1cd5fd766b2ad8450,4,2,0,6
56fadcd27fe321b79417a917404cf744e1549a10,2631,54,0,2685
a19f94bdb8bf29d811bd795512719896fd9a0fc4,2631,54,0,2685
d3ccaf6d911ebf88b0abfc5e2495d1d1fe24fc55,79,3,0,82
f2328a4593a6e4902dd3f4c946357fa054c3f1e2,221,12,3,233
7f74458148268af5bd721fd308b66b57e9a3852b,35,1,0,36
e14cab15f647acc20f45f97ec98c2c27a8c56b2e,119,9,0,128
1f70cd62065fea359b3b9cb98562a650fa5a8c68,118,9,0,127
0e1c60f2cb3860f69a3f76d7d67bdd34290bf0c7,182,1,0,183
7e16eb29ec0a3187e2c14d0fb876a0210e036026,360,21,0,381
5a648b2148738b54213281a35cb9258afab0a2f6,60,4,0,64
75f903fa526d7533fa2ffc125790ff76c8d0722a,21,4,0,25
4be571d061b6faf2bf9739e86966bbc440bb58a6,81,4,0,85
45577a91c4998dbaa48ae7daf15dc400e297e463,4,2,0,6
5ad1933b018583ee7749677aaa39dc5718ae1e36,35,1,0,36
dd82b891b79fe35b6a2c54169f2e0e33ca53ef81,54,5,0,59
aca315d888b227a36983f44d2874fde66fd11ab9,452,24,0,476
05788b3188b30b5a3b39a75fe66301e03658408f,103,2,0,105
1f881aa70a3894af01135f4cc5e341a8130462c2,236,4,2,240
382fbc9d0b55f794eb4a9045fe72ca06b480062f,103,2,0,105
7b9cd0711b2ab16b8635cdaa588bfb3c03915f3c,49,4,0,53
ee7ae1b6793b63bf1050ec0b79fb606545536923,1086,46,0,1132
417e243542d6902cb8279d87fc5aeb23f8d0764c,105,4,1,109
4eac51cee953aadb664265eae38aa08be53f59ee,49,4,0,53
11bbec487dc174fac1acd6b50c940840305bc75a,859,14,3,873
7cb3e687efbbfe7e72a8d7b047d03235b8f7ba72,64,5,0,69
7a65281a60ffb2a3dfad7b75fb303ccd0eb8d3d6,64,5,0,69
b02ad0deaae78424356f9a4b1748fc43b21eac03,1146,45,3,1191
e4861067ef1fa7c37a2c29b979e73e78674abf9c,44,4,3,48
425ae4c4df9d621a8b82fc9f0b8a479d597e5c0d,5,1,0,6
1c9b02462f38cda8fabfbc84aa6c7aae65c8d33d,141,4,1,145
11bc0586318c36e59aa227febc5268b33f0e1be0,5,1,0,6
9eb26bd83ff57980adb929dddf7d4bd62810bf51,5,1,0,6
260ec364b8671b9c3315de423d3c9b546afa7ee1,116,2,0,118
ab1b68507cae85eb21fd2e0479a8c9f3148fabc2,667,16,7,683
e667a12dbc72c567daad4b696a12c465cbd43cfe,1907,42,0,1949
4f859170d7eebaec47470fb3ff4286936e4dac9a,39,3,0,42
2f57760dbb4fba948cd035498d2c7f71869c0665,116,2,0,118
12657937d00a1ff93f215270bba06d09b810329c,919,33,0,952
1a08ef76bdfb9f4861ad97a2d3c94c6bd98dec82,919,33,0,952
0384b66252d331f8a0406eecbaeec5ba6f12ed2c,7,1,0,8
39894517ed30646627bfaadf3fed60fb72a7057b,23,3,1,26
83e8287cababced6b3c9ab2cc9622bcf251fc737,23,3,0,26
c0e2df26f056cd11690d821146f05e3fd938906e,103,2,0,105
53802d8b46f8ee09d51ba84267f65dc6f7e73a2f,38,3,1,41
50620a7460d770b51857dbfd27b7d78f61fcaeac,274,1,1,275
b37c3f8ea5ca84011109db1759400499ed1eaadf,34,5,3,39
5dacf4925363273887610ae3dce893f4273a2718,2,1,0,3
fee576718c6f5b109562bc9bbf4c935102544537,34,5,0,39
0130b097b0a24950f369cc5e009a9394c3fd4e1f,980,15,6,995
76f30604be3e4e724f3741d3d21545d4f89d2e49,118,2,0,120
95dd74829339c05b3f092829a3f84fadd84f67f2,118,2,0,120
0d2d5b365dd138b8fa56ddd1a594da3e6903f026,7485,173,0,7658
e1d8224c156a11dbdd79da20437edd75cc818dc4,15,2,0,17
32c3d6bd66030b70ede6d1dfa58fd81eee7829ba,68,3,2,71
5b94a7d5b14600e951d4bb31b474f9fb1195f703,118,2,0,120
5eeaa387cf4597f58cb73c6ada009bd2f5cc5e97,30,2,1,32
c5aee5b795d7cf36a22cde9be8855794c2bf0327,1907,42,0,1949
f55370b4fc8b41665a068263b84d53cf2540c30c,4,1,0,5
8613c1634091576ee309643d2febefc39bf9b333,298,7,2,305
caf7b225c6ae55a530961a3b79ebde2368b6a24d,298,7,2,305
3737407b28294e08e3e5d9a54b7efa350a7377c1,3755,39,3,3794
43bf89f97cac84fee155e5063b1b18937b74b1f0,298,7,0,305
c849534df6583043d6a1d4f454cb981a20896d1a,14,1,0,15
166e65c0f946529852d72bf8a74f12c4130a64dd,29,2,0,31
64ba13b0a3be6acbf7d629029b460a39c2e2b388,2337,25,5,2362
e69d3c34915f2f7de1b66f22e0584b7c09d8fe71,173,6,2,179
f684c00affa25d67557b382e6ffaf2d1de45c964,4,1,0,5
5b774f6d9dc7faa60a95b1206d30115b0ef67d16,6237,103,0,6340
56ce2237a87c2285d9e2f2e8ce433ba17d27c64c,13,3,0,16
a71a23064566944d1597e2d1fec4f17404f61b04,12,2,0,14
a65889a75b0ba7b3fe74d97df82e2214ff1d9b52,12,2,0,14
3ca46d1a1bebf940f916ef47eaae48c3a181433d,2198,62,38,2260
14290d3fe44af7e2269d42361f2bb1207b0ee8c3,12,2,0,14
2e90a07218272c5cb2c09111e193a3613d3d51ac,34,1,0,35
990f64d7694204d2e7889d9aad2156343988dbad,10,2,0,12
f4d36cb683b82bc0d059f183a586be4662818bbc,2,1,0,3
9df5e94d5cf14ddd55e29b81989177a7798f7e1a,165,3,1,168
f0ef842097b61dad364c98e79e125b6a9b1ffc31,2,1,0,3
4c97f43be8b608f20f2a5a3d40280233cffd46e8,367,6,0,373
207a669b7b9b48834791bddd8fe28d4549d52de8,20,4,0,24
de6e52ba54ce58f0dadad16de8aae14b55ab8478,6,1,0,7
1cef4d341cfdd8cfc5f5efffcc3a3cc04ed69e07,24,4,2,28
5114d62262d841397b41566fe8a8458a6579d3cd,4,1,1,5
7721df275420b1aab2cd3c635a4036976f23f718,822,26,9,848
bf337bc53bca0a1a0ab6b8b5d4f19e509287ebe9,138,6,2,144
946e71cf56b4b4dd3fd94749c4cddf6fe53caa89,5,1,0,6
885436cc4a7a8e9e1b159ca833268f98d752ef0c,29,5,0,34
84df8b32d22335c7ad4f5f9d9298f25c4b7e7208,2,1,0,3
9bc776fef537d2fb749951cbbf186e81858c11b5,111,6,2,117
a16016257c6e8ea0e33ed1b4cfdf0bcc655a16c4,10,2,0,12
aea459d773385f312535b203697f478d137880bf,10,1,0,11
40f015d1847ed215024fe50dfa5c76e752873ec5,10,1,0,11
4dc369487ef6f5583348f6a0232952c441623723,418,2,2,420
efb866803e9831c86b1c4b1bab93cf12076c8a73,48,2,1,50
437f37469e241b30aa4dfd129ba572440f487161,10,2,0,12
31448be0d724134fd1825f3738c7a3d858918d07,2,1,0,3
a029997b3c62333d5d2279b0e3c877c663d40609,119,4,1,123
ee28b9cb89400af6fcddd89a52fcd1adbcd5d4ff,3420,17,2,3437
d77fe815395dcd2871d7d1cd4cb6d978918e616e,193,4,3,197
43fea35aaf92fe50c74ff0359fafe5377d88637f,3,1,0,4
963a9d9fe39a67097c848c7b232ddb220ea34189,3,1,1,4
718da726f7474368fdc2dc5b06c190716a738ba7,19,2,0,21
658b4ad5a3bf17fcb3fb9f364e47b4e28f5eea64,2807,31,0,2838
19d6c31a24a1dc86aeec203a758d1d0d7387d1ed,60,2,1,62
2d0d5673292814a914208770e9f3992c17a078be,11,1,1,12
94dab7bb4d8a3c422029e8bece4c0655c7c7c6af,27,1,0,28
b78d354600e3b2e04791d6c75365b6193fa463ee,121,7,3,128
e3d7326ac8eb848666c87dcaf17361860dd5b73d,121,7,3,128
7be2a70e49febfbf2642d54420f5325f059ef327,61,6,0,67
80352d0a8e0a5f69a33d15d30d5b1f014c247e61,121,7,0,128
cf3de19ccacf5c15c16df8a4e4c193d88c7dc56b,18,1,1,19
57291773cf9ddfbf78c3370429a1fb630a907603,61,6,0,67
9e6b8ccea36ba2665cbe4e91c59a35a26590f9ae,5,1,0,6
7492843ad9e22c91764fb8d0c3a096b8ce6c653e,877,11,2,888
d13520e9a05bd9e9b987529472d6317951b72f96,193,4,3,197
4dd3d23b96e8ff348f603e63d99905fc5dca6c4a,3,1,0,4
a779c5f9439bd797d9c662f32663780c09271672,12,2,0,14
a70f5c4cece805b7a8c96bdb9fa763b316169a12,21,1,0,22
4c094f5816ec0058fd70457427380f87860a597d,2,1,0,3
72c2ef6056ec75c11e9680e8f7d74a9f9029c2c4,1,1,0,2
e12f2ecb6584ba266c80c47c6c3d1ad65afdacf5,53,1,0,54
50f87419e8876c79303d67008619a7d4796286c6,10,1,0,11
9fcb3e74f91c8497b7b1358cdff40950cdf5c568,232,4,1,236
b7949c4fe2cc4e27035e0b6576c361cd21246432,2,1,0,3
bea863f4427651cbcd67ffc20e22cc8d97e3bbf8,1,1,0,2
fa3eab3391794d08d61c84d8d4530ec51959b34e,60,3,0,63
5456caffc08259045c1fcf26f7d22819ff39aff7,18,2,0,20
231984d04d8391ccafb33ce995d942a9033cae44,18,2,0,20
5424b706163c2539c7e54a4cdf7e007766e17088,2,1,1,3
1118c72837096f29ff58065137f82763831c2c85,641,5,1,646
78c2a7f410d9086d836e4c5596cb47187b52c95d,1431,11,4,1442
cc6257f8c53da5f6da32b0f184065c1e35a75acf,9272,162,0,9434
78ce14b696fe191fe3c12d0285a15fc52d2e2748,5,1,0,6
5a4c12b68bc6acd82aab9bc031b500f16ca03426,5,1,0,6
2ba80057ce30874db0e7db4d809b20693682b3f8,0,0,0,0
a7f77d4e89956ac7a5d4ec9f629f89f1c2e1315a,58,3,0,61
9d811f1b56a07a463f9ca88535581097477929b2,947,10,5,957
ef35f4f42bde09ad890e586ecfd61933e7399378,19,3,0,22
c4490ddce4a836fd41fa6d65d3fbfd7b94e56995,4,2,1,6
7618b5869e490148a8f13d4ea55ae4d08c741c3e,44,1,0,45
573624796b171b2420b87657598198f40a91f6bb,58,3,0,61
a30183ac821507fbdaa6f0cc2c6ef25ca2677867,118,2,0,120
5f5cce4f36e6bc0a3468ba1d80fa5f3d158e927f,58,3,0,61
7292a5306c90d5c48c520bf9ffad388769250488,118,2,0,120
620235f3ca0fa32c1f4a4dc1a5e0bd5545f6e07e,7,2,0,9
840ab997436dfad8cdbb4ad182de24bceec37962,868,14,3,882
bc9fcf7f6aaeba826df6a35f1a9aacb17a562337,58,3,0,61
f71e4b47a65a085bfaeccfe8a60b36e28e32b0f7,85,5,2,90
c2b201ed5bf4bea5dd5aa013f685fdfa02544527,85,5,2,90
3310f10b9d48d64280d0ebf2464ad892f3f31c52,32,1,1,33
c6df060303b667562d65516f25840f0503a7cafe,79,5,0,84
1080e6861288b229630e24c9b8f282c09bede030,2979,200,0,3179
65c0d1b6c8c12fd7d17a47da5682f357a6868c01,16,1,1,17
684dc7be114c8acccf4dd196daca56c041d78a5c,109,5,1,114
59ed1d7ec08a1bb827e7354bb5dca80b86944933,1020,10,5,1030
bcdba2a87856a645c97087e11b5ce90683e16b01,1,1,0,2
76cd44d6fc8a195b2a20016c144836e684330b40,155,4,0,159
0be92732ec4dcc683b1dbeea6c027c4076579847,4,2,0,6
a62cc454466f921e2edd26bb0a6e0646bdb3a7f1,122,2,0,124
8362fe720779de5d3e5c7d99ec1bdb6191a38a06,114,5,0,119
b51a2f8006a13a24e7115c44bcb7124ee20be255,25,3,0,28
de2a1588e89379277011a282e5b0b1aade83dc1e,113,4,0,117
93e19962114194072151840198f04f3406be068a,341,30,4,371
2f213d9862421646d3cac6e61111ef71ea294c9e,2,1,0,3
cebc4ff08a667341dbd543ab5491d25cd18aa369,316,1,1,317
13c3cfc1a37df5e74d578c9a247f6ffa1253e55a,155,4,0,159
497202076153ce7d9fa5a9f866ac30e3d371315f,101,3,0,104
24a3e9a4f903e379d00adf67f2401bf3b7229e91,3,1,0,4
f79471501d3d629a8cf942875bd883f42ba5c712,39,2,0,41
7ad8e79fa1077291c50f2f535ecccde6baee0321,39,2,0,41
e960eb70c0d6a4980883328150e2acf0233de6aa,146,2,2,148
e4b05d53d52ce3500e409d7275942d92e23db01b,178,5,0,183
2d385c51d7394a4aafcf96dbd3f8a88e530596a8,4,2,0,6
7e956ed07c70c6d4de0ccb60a222529ecef3ea9b,1320,22,0,1342
0ea88cd4cd28653534178e629354f6495a7fb148,112,9,1,121
9e4c2cfdc0d527b439a212f2c347ea4356e7c941,1585,9,0,1594
5899cc3e61e56fb34a8e8dba51295c55e5385da2,882,3,0,885
a61a98ad3908770b77d0ffb071effbc92f4d5c5a,1289,13,0,1302
423466736904b55a6d4397aa6268fff5a9ee5ea9,1435,14,1,1449
8817190e1dd31d869682df0167bb3e82fb597aad,1697,22,4,1719
32506d69c6b2654a3547a6797254c7527c6ef239,1697,22,0,1719
d6be1e0b978577dccc7e6077739c37ad1f6fe7dc,1,1,0,2
37a5f92a40ed878ab61a0f92733cbe031784848a,193,2,2,195
b84d4b1e8a19f4335f18eb66636ba37be5968d59,1,1,0,2
d4b87f449c2465bc37532fb7763def294f272645,57,1,0,58
bcb139822afa148a7ea3fbb3eecc274f308070f6,57,1,0,58
590b82d817595b82a0706e332c545e4746fafbc2,57,1,0,58
6fda2c203b82314acff190304168b40043f587c3,541,11,4,552
d1b2c014a535b6d49f78fd76d4b002552e4ee680,17516,438,0,17954
e18fcda7f9c76c398db0fd3ddaed653967a6e3e6,37,3,0,40
b7c616037ad2fd294f6e4579077718bc2acc1279,52,1,0,53
19566fbc0a683e5a72cf91ee0f8de987c524c01d,874,11,2,885
75a4077f77457187f4a08644d1f7e5db3d74a17f,37,6,0,43
86fad9823dff03d486abe86b9040f809bd7be25b,38,1,0,39
2be130769e9c913ee7c84d660b813cca76a113eb,2,1,0,3
977653fdef4ef1c7acc1cc0406341890fc4b8574,3099,44,0,3143
748d1fd0a5ff6459f789b71ae1d0e36276965b51,82,4,0,86
a6b077a782a72e45d59810c7449f0dd4a01a8169,31,1,0,32
e004f9a59921fd7cd228943d0c58fea52b6c6a8b,6,1,0,7
aab4f30bc94a0d61be4801b7bf0cb2afe35d22f4,37,6,0,43
e6703518f4549a183993a5422fbf75b18f1237de,2,1,0,3
d37d4df928ae2c9a1ba8cb5a236e4c3a7ab1b361,136,5,0,141
d9d6ff06c596b28f1a330f71d13c55bffb97373d,2248,27,2,2275
f59f46d37a789dbe7f66e811b006259b18d9ba13,7890,1251,1023,9141
0b996e62119b316f9758da09623c722ec2fb7921,196,7,3,203
cbc472fe7f058db42ce49652c85981c7b797d229,9059,98,23,9157
901be4f49440f7488781dd066bbef1cd2a85322f,2773,41,0,2814
02a0e34235d453d242f585558a9971a2287bb6a5,3,1,0,4
3da7794fb59ebb836523ba717722c6a6df845019,35,1,0,36
0ed4fdacc7cc8cf41b7726fc4a42db1a43241285,90,2,1,92
6633da64d57eadacf30bf437a9c3a3d205903dcd,81,5,2,86
5db0c020913bd102a910705b7614ff5ed9c56629,26,3,2,29
91210eb21d25f90f8b3bcb68403c2bf5362f65bc,45253,1025,0,46278
0bdcbb359bd818d8f3164eec48697b4bd0e5190a,221,22,4,243
f361da4305db72cd1e3784721ebbbc8520382353,2,1,1,3
2491a2a9d28a901223db7c2ceaeac30c06ff4083,23,1,0,24
94c1e7cb505e0a40e1d3c28de5a25b5aefbd55c0,104,6,0,110
df265c4dbec5e2131502c736db940ec56099f33d,3,1,0,4
be93baa755447e5eef95e11ba43d4468bf5be31e,2,1,1,3
22632839bd59123167ed96255d6fbcd9c04f45a9,704,17,0,721
637c18de190515293e01434862004a410cfadd53,281,16,2,297
8e5e3cbf35976fc57652906f26c86e25a561b41a,123,13,2,136
22b6a9a954fd9e56fd96ca94d99165f94bf8ec01,12,2,1,14
4820c458fde5d641c114b2fda94061abe452a2d0,41,3,1,44
088b3c0f6255f47cbaa81d3f365c1f0925d675b4,34,2,1,36
476e8f1e19dbaae426b1121a48d0d23043e1babb,22,1,0,23
3cba32066472da5b25bcc0738973607cabd1dc45,1771,14,13,1785
59ea1c2fa87ee6a9e09f9bf7afc2b1ec8ff205ac,271,6,0,277
cd0bc4fd5bed636a796e22288f8d027234dfca38,16,1,1,17
e8e52362414ad55f7360ce8a5e689dd9af745bd6,1,1,1,2
82f016fb9707a49eda27f9898bac96cf834e3ff5,447,32,0,479
84880a8108a586604ab00d7bf48ba6c9f8f658ee,821,20,0,841
decb0c7aa62f9354b25ee0a09ca19b424a688e8b,8202,68,15,8270
83579ce80abf3960cfe4eb07019f8ce6154df5c2,271,10,0,281
9020d12fc9dbcf39db545b0c8abfc50a324fbd77,4,1,0,5
d124004d8b0396a44c26f4c35c263a15880f508c,1023,16,4,1039
946419314b567c604a15ae4f9658d89bc350127b,1023,16,4,1039
0693a9a7eb0f4c7b3fd7109885f1e1150f4da126,21,1,0,22
2d3d5eb229728ef984ead430b00720e423c50102,26,1,0,27
527c045f4f42201ccdb159cffaec7af09a149d17,1,1,0,2
61c845d66b82463bfad71c28093f2cbf54d99eb0,227,4,0,231
167d82d98610cad2b9256f978319df09b1bd7ac2,1,1,0,2
837bae683931688cf2f8e77b11c1fbcbbdd3c4ed,92,8,1,100
9dc64feade44d91e5cbe44f3b26b272c05b6718e,179,50,31,229
47189d2d21e59fe3196e30c0a8c098f01e3ed034,22,1,0,23
81c1964b8a2e8af56747e173003fed97c58fcbfa,530,3,0,533
09f64e5a9b43bec3340ca4f6b14b0e49293b6111,199,50,0,249
ea8c95ae7d7f8775b99edd61aa57c66d1b4b7f22,90,4,1,94
5f790d073d7198927db029c0ec45bcfca60d4a8a,3,1,0,4
2544bfd3477c0da9f6357d857c35802e7bc7cd05,90,4,0,94
89eb175915c0aa293742cad9e7374757be1acbe6,6,1,0,7
15c97807d9aba529fdd637e3ce5c89d2747f529b,313,7,0,320
67bd32c207b2334984fcbc47b20d8c52002a3e2a,16,2,0,18
99bb87ae97153c3d2965ef8573b9efaf8b3e639a,825,21,0,846
1b935be6fa461c9c5faea4e8b44e2abf2e173ab4,3231,104,0,3335
cad46799f34888381137e903899d73805ad11b13,2878,198,0,3076
1c05eb30797ab9862c87e9d11237e7bcfb9782a0,4,2,0,6
0c72d825418f785a2b0017d4730b5f6e55f2f757,104,6,0,110
baf8a8ca01d7e2fc69b04a77a39f7ff1f8b35727,64,5,0,69
4ba2d12c1a797bc9cc5ce585354adfe3755a3ddb,271,10,0,281
f1aa86f43776840ff14d5c709f3599da2e7b39e5,35,1,0,36
d0c0042d3fbdade16e719cfb91acebae3f10bf04,91,4,0,95
d939944f84aa415099a945b720dd4cd65132f6af,101,2,0,103
fbb994081f13091b1442b0f882312341471dcc5a,97,3,0,100
71c62f70df2b79f706b6cca157bccfbcea0ae5ef,97,3,0,100
93faee3579389c5754e3b91bcd39cc88dcf39125,17,1,0,18
92bce6ec9cdfa3ed7184b055d07be8efc87dbeb6,2,1,0,3
45812566694d016c07b47fa589bbba612c26f824,2,1,0,3
0b6b83839086171e06a00d518159ede17cdda3d8,1512,36,0,1548
7e6f214e8404e45c63585f96966136fb1112c382,24,3,0,27
92beda22f0bed33035584c79f99a90a1f5d97f46,8,2,2,10
e561069c9f4acfa7d8d133573304e5c58679625f,39,2,0,41
f475222110e45c9160274a62960d53559fd93b7e,277,11,0,288
a140a8362bc5f9485ab21c3b8829e4c605d3f7d5,165,3,0,168
4322e008f06efe7740d04b950f81cd71126d885e,2,2,0,4
19ba8f477b07074439718d4e75cddefe4bf6c71a,61322,1910,0,63232
02991d3066b73c1a006afb55b4138e33a2e99ed3,3116,36,0,3152
b4cc8a70e8a9497c599bddce44e8b95a82127f2d,345,21,0,366
f4232e9557fca89065f4ee424afab940265e2d1b,288,18,0,306
ba5f5389fef690a69a0b41d40e7952cef3a2c197,20,3,0,23
c4973889b68e2d69c5246c316882e29a83867378,3,1,0,4
ab3b2926213291a45305c21e7efe066855c1342f,6,1,0,7
6e2bc4bfb0b200e59c9fc3cf4fcbd408d52acb9c,6,1,0,7
8273e6703944ea50b229a512398ac741eb713073,1755,19,5,1774
3b89a5ce78fadf4e39c8c927afd8ffef7b9fa186,294,2,1,296
d16a487bce79cd6ebce7798314f79546bc139de5,3,1,1,4
16d653158493417058312d32f8259a37132964f5,7,1,0,8
3b86e29abf6e94cac8eb0208a4a7b81eff628ff2,1768,14,13,1782
937a1414df54a67be55633cf1a19066708f3c816,53,2,2,55
827befb7f368afd1a42ec52e559dee01ab57113a,484,14,0,498
6775f646df127f5cdbabf7a154b65856f38afa1e,484,14,0,498
067cf8a23d06acda873ac73d8f99f30eba9abb12,28,1,1,29
6cc1403f9b2188b6566de13c0b83e99806b6b4db,96,2,1,98
aaf23fd19b13ab630e01fcd3cbb26d625083db6f,116,5,1,121
c5a6ea6eb03debc082cf57cf22ac2c7c81814c0c,15,1,1,16
50de0126e170c768d0575dc180fad68b7de71665,4,3,0,7
117e18e834969e96936ad543ba7af0db865556a7,4,1,0,5
7d94963251cc66823883d760668c2e2b31574bf1,4,3,0,7
eb837c7853ffc68e5a3f690e985407e603e3f955,4,1,0,5
3aa2a68c02879ec57c46091cd2f22a9ac4b129ad,90,2,0,92
7a18c3c52c6a04d2bcbc94d90a364c2b31df3c9c,30,6,1,36
64c71059bda1ce04413afc36e2d1328e82baaf5d,1112,17,0,1129
f9d054d7059f35759facf6e9c08b735d25380d1c,30,6,0,36
1a93a727f629f7fefb9be611e214fa768efc8af8,7,1,0,8
612e92ac99f0b8305ae9efe92dc32cb46eeb9358,871,29,0,900
5555bc6d25010f5267ca30423fab61e4377bbc15,2,1,0,3
31dea23645c3070a329985eceb737f6c352fe100,12,1,0,13
0765ad32006cbb0ef11669b720e0603b8c6d138f,18,5,0,23
6a148e27c08e2542502593dcba4f9da0d574ba57,12,1,0,13
ec7b9d848274b229b69dc7b8a20902654f719c44,12,1,0,13
48e78a99b9f7daad079fc8663acb31a5d6610012,20,2,0,22
36f7621b6eaa710d3b1eba7fddd0dfe92e11133e,20,2,0,22
719fb5a914bdcfa42e0db4aa208fa7fd57cca9fc,27,1,0,28
1f4ed52b29f7f71cdb5b7ac471b7f45a7f286f4a,14,2,1,16
927ead13979937195aca6ffb717942fb477dc1b6,6,2,0,8
746ed2b07552fbac7d0e849eefff4073764e8044,8,2,1,10
6eec695f5d1223c73f336f05641e2de7004fc5fa,36,2,0,38
88b61246f503ee6e737004d6b1ff6debe615b191,369,8,5,377
81ae2d83b0e7bcd8bb0cc14415afd57db450b84c,75763,1931,0,77694
9129b7428bd7f2ea02f294b7d5bed4f021f00c3d,167,17,1,184
00c0f322dd3c6ca0569dfa41ecab8e13d9cdbb29,13,1,0,14
906b69268bda1db93485e9bee7913b07ae4e5a0c,637,183,13,820
282b334f76479460613f28347d8cea97ba23f795,9074,156,94,9230
24f90d6d242c3d10bddc83ef6123def8c367f399,419,22,9,441
12e240a2d127f32b6883a8ee1b7422d9e59f3f16,379,12,5,391
488b25e191d66eb970cba9339c41bc0d88479878,4103,71,6,4174
cb5e9ebc004102792dbeba9ddb43713ecf4074e2,23,1,0,24
1308927a61b0efcbe1f68fd894b91c33dba1cb77,8,1,0,9
eab8334bb49ceda249e742246d26f72539f9fa4c,777,19,5,796
73940a3b5d704f20ac44a644569fb3ee230427a5,9,3,1,12
fcc490694fdca25458dd4caeeebb0c951f01ad7f,2,1,1,3
6d7eb44d2f40e795e7bec77dccf4553784766361,13,1,1,14
3f8cdea95596cf11d51db2ad3fa773ecc174f13a,347,5,3,352
5626f1c0736a1fe6b4ee0435ee642289885236d7,5,1,0,6
d91a72c9aed5c52ee66f5c766aeebc1ed25eeea1,15,1,0,16
9ef380e4bd355d7e785aa403491afdff141baef0,4,2,0,6
ef4238fce54dfea5f9a95113a57819b8b08b1b7d,10,1,0,11
1f3b2fcd003c1f084874d5c421953da0a7cd02cb,252,14,3,266
87477e08c0b4c07af501f288bd26d8efde7e2274,81,3,0,84
858ed3a557e5a7da8dada086721bfe90e9af96eb,3,1,0,4
6a979eaee0b2f855841851818b1fdb0a43c427fe,5,1,1,6
58e814eba4327e4ef6a95a220e8c30668fc95383,13,1,1,14
832665e91ef9a51c246e754533367debcb38ba00,5,1,0,6
26ff68c17444cc9e0743ceb2a0d98941539aba58,4,2,0,6
58b31b9abcbe046ac4303501a951af9f0570e8c8,142,17,0,159
738bb1224737ec6368ee944cb8a3bafb67d7b151,40,6,3,46
48701fb5d43ca340713fccb8060eb2048b84c774,33,3,0,36
ab516da1acd1b220c0a50b05850535ed5712a033,190,24,0,214
226d6981c60fe4b7e36df6d4b768233458de7309,1808,21,0,1829
831b272c73c0a34cf23124bffcb43a78f32edfe9,12,1,0,13
90506c418508976509daf04acbd6942b48199932,2,2,0,4
37eed3420d559922568261b37f1e9f7aa5f25905,3268,25,4,3293
3a68d8550bfc34be48fd4298f537c4326de3feec,2,1,0,3
8ae3d5b209c383faa8e0068d0dcb2ff4533cf3d7,13,2,1,15
d44de994e33973a7423f24df52ef50e2af9a1355,2016,52,0,2068
118492d57bba1dcdae740839977de61240fc3158,34,2,0,36
db21f73548efca8a3380b24577a08aad88b964fe,2016,52,0,2068
39edcc7890ce497771f532a83a57ecae318d8c88,11,1,0,12
682f3bed2e8c7dee4f13d11c8fc5d3cf856934c5,101,7,0,108
22fc1d7ebd55f790077c019cd0e43547e26cd255,33,3,2,36
e47bf27b5582cd695a7d3de3c39d54b3df4c59cc,93,3,1,96
6f1e97098dc5f5c6a91cffdcd7c3612dd08b82dd,2,1,0,3
336672432486830c31cb4b6f8bb1b401c276f3e5,2,1,0,3
1ddce5517815fc85136e2ead9973c8cf74054f9f,8356,267,0,8623
3f8f4bd2f27a973978f6ebab7857e6dab371de8b,494,7,2,501
348b9efdf54d885573e5774a543fe46e62977b40,6,2,0,8
565602fb1a0ee920662ed38d9ee7722d155f07d3,1846,15,0,1861
75d0e7dd5db9df8c18f0378c05a3e41b34b41327,3,1,1,4
be93b91d31c888d6f088f451732660baeee14a76,35,3,1,38
b3f953a73d8ee746f742a9e8b90706e63b68617a,3,1,0,4
6c6a9a3082dc350ce805c2bc9d6eeb48dd93a3f6,9,2,1,11
bafab8d6c3c5cc224a779e28b48ee3e0931a6b5b,3,1,1,4
d3e2afd6db64130b9b4bf110d063d4b2496f5bee,35,3,1,38
7265c13f6f9eff24e504c180bc8eb91a7b28eea7,9,2,1,11
2672b29064c5234149e018aeddd9a31afe9d3512,2561,53,10,2614
9c89b9b3a7f1acc8123477cacc481f6fedf91cf6,2,1,0,3
4e42bb8a1bc9aa863449b86253a30fa88ae07086,2,1,0,3
b30703a94d5a16b4c80cdcfc7b8dceb0d93efe4d,209,1,1,210
9642cbd584c44b790daa3ff6f27e0b23931fbca5,2,1,1,3
caa16b33ae236efb8b4319ba104e73f87e32f895,5,2,0,7
b689624e2984ec3cf42ca5b01966937e236abcdc,136,3,2,139
d2b8ee6d17e400388a23e429f7dc2ff9c133527d,112,1,1,113
649c1e4d41da1722ca37624cfc31703f366f81d6,222,5,0,227
d0a59309acdd95a9ee6bb858782b514da1ba6077,6,2,0,8
48e712377ee48da2b84fbf7f58e2b5a2430ebdc8,2,1,0,3
9f9639a3fe639e7eb8e5c02bde9acc693124024e,209,1,1,210
f1351d5a675a9eb22c71c54c5c25fa3b5592cdf9,2,1,1,3
610799288756d7fce1fa0a0032669cf714eee51f,112,1,1,113
0308e689472801d3e520ebe32220dfc98d4cdd61,1771,14,13,1785
5d9323ccbf86c84fa5c9b77a9e8cd51a9b07d3f8,2,2,0,4
ec5923a39520ed6b14f5e4d71e8f743badd0e6ab,20,3,0,23
594cd3e93538b7ad0b548a42547e0ea4f535418c,3,1,1,4
c4e7b4e4756dcee74d4710ae960c73f0f53d6b66,12,1,0,13
2bcf8f51f2420b33c9602a0ad27bb479dfceaae3,15,1,0,16
96286f215ea35dd62fa619109cf6bb6edb5b74f8,33,3,2,36
7ac0fd0c9a6a7c89951f04489269556475bafdd2,2561,53,10,2614
95b48a9ab61a90daf13b51d5ffc06c67de49545a,2,1,0,3
9f40516e5ec29f1ead4eff6dbc9d3784f5555e52,6,2,0,8
3a7e80164dc6a15f99979063ff214153a637a2f4,4,1,0,5
8dd88d81cf2174fbde920ad00c892995cf913711,281,7,4,288
ba68c6cae674aa6b2d76035b376fcbdf5c4a2f64,76,4,3,80
f056f2e390fb836124e4994add8ca92e267aa754,2,1,0,3
e34222b3b88fb85a3dabdcf87763d55235554c4f,2968,66,0,3034
44cf1d21ad4363041043ad88161a954c738f20eb,3405,32,6,3437
3fcab0df64184871d2238e09e127c1816402cb2d,16,2,2,18
357c20ab9593390fb7af25f8638188595c5f6cd4,230,4,2,234
45a4cfe7ced27aa9d726b36326bfae8b006e84da,281,7,4,288
2c480b4fedc44f48d246b1801b760a47e8a1d990,21258,565,0,21823
31ffef4c741bd469e2014be72bdba87a060d833b,6,1,0,7
c48e3d6288226737b1b0e9ad698481dce9dbdbf8,13,1,1,14
cefddcb082372959dd65fbecd80362746313055a,6,1,0,7
59c302c1b707c29a681fca398671863e69d22171,105,11,2,116
abfbaf801f8a4de747e463a2ac7bcdb5cea61061,20,2,2,22
51d27eb772a227ecbfd6a394c16bea89d945f94e,3,1,0,4
82fe3bfc3ac5a3997ea2c650cf6ee40753325a10,2,1,1,3
5ce33f3334c1692eed93a07af3eb962b44f7b8cb,6,3,2,9
8c60243aac12164918aedc829936a61db4e44d31,688,9,7,697
edc8b7fb51786a405f5a26fe6b6b059ac7e3ed10,11,2,0,13
51eee72c8fb594005a517c8db30578e84728e099,7339,190,186,7529
b55640aafb8e4e9d701e606239a31384e133ea35,150,7,7,157
3e71edae117c435ee406c4fda6526c27d805db99,2087,60,58,2147
5ec807a53a812c47a5a8b22f98d57b25cccf0240,2024,102,96,2126
7a49fa5d4be9970af93ef662abc84d0538638717,1,1,1,2
50acffa99f7e256dc96966a205d3ccab411abf6a,1,1,1,2
4ea0316e7a2e04389e57efbfbbeaad77fa5bcb45,1258,42,0,1300
c89c563b573d57f5138ab61bd9a161a2d8c8866b,9,1,1,10
141064ed9e0c392ca0c5bb51bf848945bec1c1d1,7,2,0,9
b5ccfe365ff1a1f1ef949b7505f6058b772671c7,22,7,2,29
0756bb890c26d74a51e72268811048c485502aee,4,1,1,5
952c0efd12d2b90b3b519a999ae0fd6935b84274,17,1,0,18
06d853d124c9cfc1cea5e13867edfa78c89a3d74,6,1,0,7
fd8ea27daf91a74642d5939e1ab8f2c7861a46fb,2,1,1,3
4ad8974c9f741ea33379ad4e323db9873cfda328,45,7,7,52
d4979b87e3301f11f52531645028ecd4e947986b,35,1,0,36
2e6bc4416a1f2fa18dad78235b3f71f6fb58a98d,1,1,0,2
fb32854fd3398cbf812774773c26acdde9a43ebe,8,2,2,10
6cd6978f9f02a3efc34cbdd7412d7968cbf653e0,3,2,0,5
f767925030ac32a54e051bee350aa486c8dbc29b,16,1,0,17
2859bd0c170f4eb47d4ffce5834f1f7553cbd091,8,2,0,10
cfc88028fb359d1ccb64ca636eccc86db0f0e61d,4645,79,0,4724
7b0eb418145eca9b50c8d3a1f4756aa0769c40a8,59,9,0,68
f77edc1435bb1621ecee9b65f45f11f29ad44925,6,1,0,7
4ab870c282ddc7ae11419774a02880907e1c64cd,59,9,0,68
7ce61b7d08cb54f5355ae51657a3df37766a30b6,3,1,1,4
261a5eeafdc9f7db8446ca6b58896c9a249ee618,2,1,1,3
b44432dd9409591f18d3d34573e32a018a709c4a,4,1,0,5
d758a82a72f485f374c2623d213156cb487d0beb,101,1,0,102
2ad2365a03686530ab10993966e7153105380fa9,89,7,3,96
5b5c838060e8d0c9160a82caa3b9052d0f5e8d69,2,1,0,3
c7f8c4682cccf17d9fad007e2152422e545aeaa8,3,1,1,4
3f49b18ef85009893ed9f22ac0368263cb417e05,21262,566,0,21828
5cf3f05d476407e7a8bcdacb516f8d826c968300,16,1,0,17
f701c6af2198ea22ef59f57063e053db7536f3cd,24207,632,0,24839
7215c25bb9e5bca141fac374645f38b8836bc49e,21418,573,0,21991
ecfc45e23bcbc5e440a74c594c21455bdd8b935e,254,41,34,295
79bac4f87b15081d44e096d5bfc2c22854aad20e,5706,82,28,5788
d4da92b7ab2625c1e09d8ae06bf1eb9393162c8e,1608,35,0,1643
7d7b28377c0f53037e5207a18a109ad22c8954aa,48,6,0,54
669404c26786eb180e39dbbd0653b52dea360c16,2,1,1,3
f2df0a7c7c11426bc83839cc903f10da18a0d677,98,1,0,99
b43dd2bbf366528a311ff0a10236adbd9adaf64c,2,1,0,3
fbc731552b926b756f8b5bd51836b6b9885f6983,16,1,0,17
d0665c17eb2aa84355badf600a3a4d4c493fa811,2,1,0,3
65d816f39a6985c2cc2104960ec1f41574e4e3a6,1556,6,0,1562
9d71e3159ca4cc95e6943e637d7fa74cabf22d77,13,2,0,15
51b0d0079bab80fc78115d0db40c8569f41894de,628,9,8,637
48a8c40cabb955749a261c412862a7fb67f44a8d,26074,647,0,26721
db10c451e105dac961cea8a7290feddfc5c100d4,11997,210,0,12207
424504d6492ae6a6963ad83f0f0b03a5b6abbadf,25,5,0,30
15e2024b838533cb1d6e3bd4cdc0e0f21f402896,12,1,0,13
481f0210ecc280bd00be3fa473409aeb4a61d7fd,23,2,1,25
b6c17615fab05bd1265c67d3cf9a3a0c4d4bb910,23,2,0,25
f66be1af78137af9306d2665a7d4a6eb062db2e5,184,3,2,187
f726dc483a9e406b0149a6afffc38026b43ccbc5,112,4,2,116
64959753f47e53c9406b5fc68a4e626d6992856c,12053,216,0,12269
e9bc0382dc0b785de6f362dadf4fc685586e23a8,687,25,0,712
32faeb944402872b1f1e6e4e791ac9249e846b0f,7,1,0,8
df2504c8551a00ecc95973eff588cc2cbb6ce725,4,2,0,6
513ca3ae51d49f33e492842a11a4567ee16708d4,7,1,0,8
d449493a2806055eeed4c37832bf73b08f897ad8,1,1,1,2
eff3185d790b57118a9eaaa35057d712bc59b3f7,3,1,0,4
f223d3eb8122b06e762d82aaad6028bf35924ddb,4,1,1,5
1229d2f1eaa8cf0fbdbc9b2409e089af4ce00fd9,3,1,0,4
9bb48ee0f53afb60f147f733747ec4d402f9a4f0,2,1,0,3
8893337a67269ee4b7cf37737bcf21f0938dc020,4906,61,0,4967
be28dbf72c931ed52b04450dcc46141ed9dcb425,3,2,2,5
55b13c6be2c8d31c1800931417e900dd4079f9a4,23,2,0,25
2fb75c41eda348ac9c7de770638d4810d394ae5e,12108,212,0,12320
ece49284638f012c39c1dbf49147edf7650fb13f,50,3,1,53
d34a4d06dcab2b23cfc07544102f75f1b9d47d10,904,14,0,918
6dd29eef599a95d0e3e905dba3aa9500ef994237,34,3,2,37
abefb35a38f8be7434bab8d3bb851df0f8c92d8f,133,2,0,135
07ecddc5249594dfd70ffc083a3a9a01c802856c,4,1,0,5
889594f454da8d9b2e7085825557143aabfb13f0,0,0,0,0
b127153b2d2733aab1881b056d2dd2bd7f374d81,253,5,4,258
89c2ebb6d5a28d715b2352553409ab0001cb9563,134,5,0,139
281efd4b9f0577d55260c7ea53c450e6182085c6,6,1,1,7
dce205fe288e048707596bb0b467fe562e93e845,253,5,0,258
7696dd24e15c4dd387db430bd7b1679eceb843fb,80,4,3,84
3b84f34e5354b2d02ba839439f9091ed9feafa89,2,1,0,3
5469626c9a3765c9151643c7ec7af5ed98606a28,2,1,0,3
5d5ba5cf600f284512be54a023d49e3ec7533c76,140,9,0,149
c3431e901678ea1520bfc647b935e7d425b839d4,12,3,0,15
1811ede439b1273f4904666ecb0a49ac8efd2f11,1884,32,10,1916
0a39212c92cbc5193cbb4531f08001b9eac9e6d3,259,6,0,265
17bc34d7b5426388b9fed9b605b392afe9894ed7,293,9,0,302
c61d13875de9e199ebe68145dabd6a88544d7673,224,4,0,228
740621afb55131a5c86b6128f8a6eb6897dfe12f,166,14,0,180
b7aaf3e46fc5cbf4f2be56e6e99955f73a251e3b,12,5,0,17
0f5cadfbe81bdf5d6f8c84accb9b452aa6450b4b,15,3,0,18
dbe7782fa6c718f60f2fdcea51b23e4213916f99,4,2,1,6
3ed1cbf64bbf3d994f071c19db638e4542c515c3,123,2,0,125
e8b97470180216fba1abf5c4f55c78e8048cd901,49,1,0,50
ae435fb5474429e7ac76faadd680c19a4c657371,227,4,2,231
17d00a4fb09539af91a07b18d1d8660d21a84301,161,12,5,173
21d34757c7132dff125b904f2d45c07707bc940c,104,6,4,110
7c80c477d38c59cd64045c5eb9f048d367a7978d,147,4,1,151
6d0a419c4aa18d299865a745c25a32c168d3566e,263,8,0,271
037bca6f92c6041f75e9db83cd6befd635321177,100,2,1,102
0c0d905c3863e9533b416dfec697dfbba4d9326c,23,1,1,24
b4653012be2b251a6afa895c1273a833ca8918d6,118,5,2,123
43098a43e06cebe00b0fc8deb09922c4047121b8,275,13,0,288
05c48f23648e82643bd69cb979a743ec2cab566a,104,11,9,115
03183a9abd830d9d15a26e773a4d95b841f6d8c3,5149,145,0,5294
cf06bad240f60c4cebc2153bae3d0dcaba4120f4,23,1,0,24
0ccb8569bd3f7b4bbcdb435612867a6723d4a506,92,22,17,114
a6d518d40b946c23918423e15fd332dc185783b6,18,3,0,21
c540206e8350a5625c854a38791b0d094a996d55,15,3,0,18
0bad8c670b2b8fad7ba8318a4de908e3c61ceaa0,613,28,27,641
6ebddaebc020ccf5dd091f4ea2029395712c73fe,107,44,41,151
ac8720779b44bf32310e1484d7ca91036c9d67ae,470,28,20,498
3b5a74585eb9e5f236fc09e89a2c9e014f4444e7,13,1,0,14
2999d99823dd888d17f5b66295a89f6a96f1d076,1295,93,0,1388
8499de3e8386e496156846461df37e4fc5f06d37,13,1,0,14
e834498134e3d3924514a7bcc635b74130b9064e,3,1,1,4
7a9bd3ef05d23d685694a560424cdc1de7806053,4,1,0,5
1fb198e806dd7ab6d05837226e9bcc9e838c80aa,16,2,0,18
99785f1f5219298bb0b64baa79b21ddd138f38da,75,7,7,82
6204d46506508256930ad704d6d0599900403a5b,4,1,0,5
d433800fb3b6eb0a6b02757ff674e36dc374f55b,370,5,5,375
1970982a4925ed52d5f99006605b69a5b18540a0,3189,25,0,3214
5c6d5503ef41dea91fac70caa140c1bf798d3c5f,18,1,0,19
6b62a20323b6ccf424e6531e165bd6b057edc4c1,1015,18,1,1033
3be4e00373ec5a2b49788d70eb0aebccc3cb6ccf,39,1,0,40
abe711824a3afab6bd3c462f61e01239de910305,3211,26,0,3237
d81548d3a4e384e1a9b4adacf1fb487444bbfd33,0,0,0,0
ea64bdd8ab4d87cad8c0c018bd9ea437a15e33a8,725,5,0,730
3f90a9c0795c2ba61942f2f379e379e8bcd36d08,1874,37,9,1911
64cad4744f73eb0efbc9e374019fad778553f34f,20,3,0,23
5157bc8ec5907df1a24a2b2e1d20654d39bde417,104,8,8,112
6954ff0c85f2f75507ee0bd306c879f490b4201a,0,0,0,0
c824b35293a9e131aec4848323bca94acbc7c2da,5,1,1,6
62dbba81c009170ff6243a28d3ef12fa75b96225,0,0,0,0
d79a40d482b0270c3c5a737858991fc10dea674f,1264,21,0,1285
872f34ad1cb6f85ac0b4f9770a2e71a7286dd390,2,1,0,3
4fce28054bc325741f65035ae384f9b4b9c3fee8,1755,19,0,1774
bc571fce555689a59d575868b4bf4cb66ebba1af,28,6,6,34
77740bf6fa72b1e669196b945165d59ecb8daeed,10,2,0,12
4e80ddfe25d21f316de287bf5dade4ef0a0d17cc,53,1,1,54
aa66de672fde2ea5b615400132a71248c240bca9,127,4,4,131
c2d8bd9a4a369b38f329ba020d5419fc03b2b788,2588,60,14,2648
f6ee9c0fb5f5d116c79c840a13010ce51e5cf512,11224,88,5,11312
512b7af90e3fc8e6ae5690c4b187bb65ba82f218,56,1,0,57
676d6f778c8ffa50f4fbc864e8e3ce00549de34e,2,1,1,3
139efb10aac41fa0ba242793fc5d922cee31a9d5,183,9,4,192
7201f2c415b8c8e77585ad3585fa7f42a6804180,2,1,0,3
035b0fa8712489b0ba86bd612611f258c2e85f5d,618,8,4,626
c449d6e93ffda3e895615d5958a1b00e476e3ad6,7,1,0,8
6be3a035778ebf9b023b003a462606c83e2cffa3,6062,121,0,6183
24d68a74401e4281c5fc3422dc39028a4014e057,122,1,1,123
973f3352554f9d5784fb21a4ec6e537561c2d40e,96,7,2,103
118baebf800b91089981754e349688b8e07ac517,5,1,0,6
2e996471f7e48c2b6e84bfc453072a9562025a1d,6,1,1,7
4f0061b31ee71dff1297b8b601abc5599a94d31d,350,13,0,363
b4fe9e8100388a45ef2853a32807c90cbadcb40f,455,2,2,457
bdf4e1e95bf3b5b117ef55e71916bb59f481ca05,2,1,1,3
4425b40f93f4b61e815dd7352022b5fcbe4765f0,360,11,3,371
960e454b4b68c76ed94ca58a3ee9a9d8e79c2039,235,6,2,241
207ccaa1ff5a021a25dc779b5b2d7bfdb0f3b647,21,2,1,23
5fbbc37669bcf0557a98d8ab70c3dbb79ebcd340,17,2,1,19
782ff0a39b154ab03b698155717a5cbaf6e3865b,19,1,1,20
a7afb7f496deac41a05deca39ed180a1d37afa4d,2,1,0,3
99faf1b3b24f5b1d0b3e414fa40ec311a5d294ee,33,1,1,34
73b6b666016c4b6c6da42f09186d5275d38498a8,4,2,0,6
096d2c063ec6aab35537d835451e9f3fcdcbc2aa,14507,292,0,14799
f15e9a5084eb8a9b291e207847b8dceb3fe65fe4,14535,296,0,14831
62a3b4d718cd37ab6964d757b285daa126342424,816,2,0,818
55b288310a419dd0ad53f9efe93fbb772a1cc0a1,500,7,0,507
7102d532c3efa144de7510f21beb6feceab53dae,8456,51,12,8507
5c48260f3d79bafd72af87e19077f150831d07e9,36,1,0,37
89e9dbe484312c251f02c9fbe9698c3ac2e03df8,3,1,1,4
a1919d154d0c7c23022b528afbbc525790964bf1,6,1,1,7
fb63d2538279c74f7ab2fc012e4d829fb1f912f0,45,1,0,46
f59a7f6ae8a3b27a6ed4f8ea175362a634fd88bc,6,1,0,7
c56c4b8c6a648c5901515399071bba7844cedb7a,17384,409,333,17793
b4e6e4a4abe0c3ca28ac58dccfc64c3682d69c36,1,1,0,2
9319305cdfd95d4510a19e638fd912bc857865c9,369,8,0,377
6e67866866ec834c62d98f62722cfdff6501e9e3,8531,55,0,8586
54213d637b2f547856b736735b692ac672a023de,51,2,0,53
b99c1980dfe250b3f24a94eb4b6cb948bb314ab5,149,8,0,157
baa3835ee60f9c9a0c7229b78c4603504fb5e522,540,13,0,553
f2c9d6cd0f22974aa4e1db99cd519a954b18dd4c,6,1,0,7
ff5b3e16850e503b79a13c44b667140d23c1f080,2231,44,14,2275
9165b0d684f6d3a7bdb2f6bcb0f2d9edc876744d,4887,62,0,4949
a3f845b048fd9cadc8d1c722060447e5cc98ef23,1261,61,1,1322
b2441db0d75e26946c751cb6a4eaa2a2d2eb1e4a,10,1,0,11
7e1d58314e1e99490565ecb02193ddc2bcedfaf3,65,2,0,67
ead06b06f4b164998bfc5853dfa28cac4b618d8d,121,2,1,123
9ad0883c66120940740bc1944bd1e17814f9d540,4,1,0,5
be7296c525a1a9b9e974415365b535e28c5716f7,2,1,0,3
01b088fed55d3bcefad5d935f704d7d6f63e218d,6,2,0,8
edfa353eba7c87c802df9e32678cb253549949b3,27,2,0,29
02b194268071b179d291b28472cef5d587e7558a,3,1,0,4
da7093add24a8efb6cf55f9e6686ec3d44c52ba5,10,2,0,12
aeacad6b87ac95dd2f5da525573d6fa58f4e51db,837,13,3,850
a45dd888e86aab8fbbdde04308e62bf43427899e,68,5,4,73
f9b64246f4bce407cb52853bdf296270ece69036,2676,47,42,2723
a68045f0d8871da5619e9f8f01700b6f3341a18f,78,7,0,85
2210635aea0a39da7b3c9f699cbc268ef6eeece7,12957,148,0,13105
8daada7b4cbaebfffa538047f9710436ec1f390d,550,14,0,564
8122099f01f7d0d1e5f4418e0d15d9cdff74972c,1,1,0,2
1a7b91d6e2a45d6869eaa79a213d414db6c0f5d6,43983,679,0,44662
085c612c66c2b568f9a658a06baa9907dddb9489,18158,253,0,18411
3eb05de5e2ee0d14567167bfe8547441cae69523,585,14,0,599
b62d44646b93049a3795780ff5eaf7af070d3d9b,329,14,5,343
5c4d43c2b6414159fcf15d811d8ca365e01da4d8,798,22,0,820
902bf42c36f46b0aaa605b779a699eb8e0c0aca3,117,3,1,120
c9d08d39eecc216a788bf023929d74a011ebdd0e,798,22,0,820
3e86c511b0aef0d4edc75e411be98c8b56b6b0a4,30,2,0,32
20016a20f780eb3c21f249d3cb74d08018c4eea5,4,1,1,5
2a6afe5286b105e5e45097391f78e85ec2cd1fde,7,1,0,8
7eb1234cb4853baf21d06cb1b7643de98403f261,580,16,0,596
2068a7510b09e193a33ae074b5161f1166399b7e,6,1,1,7
4ae084d047edd3b7dea73c66a373e37eb4cde876,1501,45,0,1546
5e5ffe690292a22d7cdffc272e858d7e0d9acc2e,18,2,0,20
d69a5942d8926fa6dcae081f70a61b7a2513798e,6,1,0,7
fef2834495cc2c7245dfb0282f8411f7651b1887,24,3,0,27
c9fd6b997ee8a7d4f542d71003c6e914adc19937,1,1,0,2
67cd71939b05bba426450d37b322b67eceb397da,1,1,0,2
e319697023537237fb0c741dab9dba5cf08d5b83,47,2,0,49
81e75380004918bb30ba686b950fd1b0a6fed5a7,47,2,0,49
391d8d00327736a3acad0025ca1353131b3b0a64,16,1,0,17
570354702b27cd30f028430297648649d76a84fb,226,3,1,229
0390391870c759e1c5d65605b94a9bcbf3e9e67c,44,5,3,49
face0c7b8190aaf4849ee5048849c2bc1f7aae62,17,2,0,19
55ab10eee485ef47a1c0794cbc90da0376ecd738,136,5,3,141
b9867ebbab8c9712e02df00007d56c075d5c61a6,4,2,1,6
06cee57e623a1c70c9bfc23547cbc66f2b62eac9,60,6,0,66
50f9f1612d6f2b3d2f9ee1a2bd4cac3402673753,38,3,0,41
55b9b8beb4a3d93ea733b6bc56a566dbf0918fcf,22,1,0,23
4ad2657d4c2a4914966399d39bf609c1301e47b1,2948,34,5,2982
8c9c60a48e3431950791c8cfeb9236f6d034e1cb,1277,29,0,1306
5cded42e8a45cd799122061499e0c95b00803504,6,1,0,7
6d12bd4b9fbded5e5862b5c3d89b05a5ddd11755,6,1,0,7
78836682d85b4faf4ecd1631758f6c4a2e26bd77,8,2,0,10
3e5e1f01af8eb68cd69d7c1922c07fe367777ae7,336,16,0,352
3a62833adb72ca3b0998b0df5c7026196dfd943d,317,10,0,327
775c6e57f9515a6f3390d598a5eaa1914329eff1,26,3,0,29
0a69e45a200febcc35913485da545c7aee6f0709,3,2,0,5
2b6826e13deff5b174ad6188f6fd636e455c93d4,6,1,0,7
5f724512a9997d8e2b2a4ec7d482772fbeb741a3,5222,92,0,5314
21dcef207f7bc2beab7fa50a4346b2a33fd34611,4,1,1,5
5839f481b7ff755bc68a521014ae308ac675baec,3,2,0,5
10c0364c4a6f5bd90d8dfb3d222b4a5792222c7a,7,1,1,8
a3ad6e04c163718306044573be7b30fe636ad193,2,1,0,3
a9ffced1493439df2c8c43d85e819b2916840387,369,8,0,377
355efcd06ec765b78453b0a6d8b7da201ed3596d,94,1,1,95
13dbff06a1089eca499e46b35c59c5e31b8f295c,699,16,1,715
b066f6094997fd3b1b21e624f5599781320cfa83,17,1,1,18
252f004169a6aeee41693efbbeb24e47af2b4be0,4142,48,0,4190
407843251eb8326b5dddccbc0f7a46434ae8f7af,128,3,2,131
5489acea248acd40d2f916b31ced361afa778aa2,4,2,0,6
6bb4c817177c6c1680737ae14e1a9369184caef7,5221,94,0,5315
a563ba0556d940cc3665973b6098758786db72c1,4,1,0,5
76485fc3eb4baf9c1e1e60e77dd904330db837b4,21,2,1,23
1218c416adb864989c0760746c7d2e4df2e1644e,4,1,0,5
027b2c27c8824ef1498883dff3af9d5be37a80b5,1715,16,13,1731
dd4a5c423ca8313206db79d241960ca96228b746,98,9,4,107
e922dda6e9230ff7715f83c7b81e5656e8e856a0,1365,40,2,1405
d298e75610e192ef1ca17fb9e678bd83db64e1a4,341,1,0,342
81a0f9a711e5893f4ae172b9e49b65d191b179a1,17,1,1,18
c31de2783d66eec7ae7237fc6ca1fbbfa7c1fb3b,4,1,0,5
48494478f14eb76b731a483e868d5e1bc7c58bb7,8185,125,0,8310
1469f2848e0dc190400b85ee501bf513d47d0239,149,8,0,157
4310583298baf9fa371064b29eb17ab73d5f47db,12,2,0,14
8d2b020c7068a000c2eeaa5096e24cdf8937125d,35,1,0,36
10485a0f99faa67b25682e623167e1246b83cc67,58,4,1,62
00d63a8a960680749920b32d12462717037026e3,12,2,0,14
cd0b92950c6691c6fc1a26cb4f7e55f5ee459298,341,1,0,342
2c4ef9ee351d0366a9020392527f59e3fc10622c,10521,1,0,10522
ea02f6a025994a7f0567ac1959ff03cf1cb9d982,18,1,0,19
024272844e6507482c2bee4bbb0cfdfa993fbe5e,80,5,0,85
7e106cd093134acab1c4202a6849c177bacc909b,3953,92,0,4045
faaf92d65614daa65d6f6cbff9fe08cea31c6d4e,58,1,0,59
b6b3d3754849aa54626befe2375cbc88cbebfab9,38,2,0,40
922b2582d0053455b7616afd5ff35a59027871e4,3915,92,0,4007
3f541676e208b3bfaf13346a60e8508c68767772,276,9,0,285
d7c0b52f963c0cf21f77ba69ef5abb2a4b99b067,2,1,1,3
428f66d38a661dd3bbbb578e976917daeee7adac,3,1,1,4
40347eda88de4c48a2c0535e50a91c5bff683105,13,1,1,14
bec4a3eba3aec10864202aef1c097d4dd3367b77,79,5,5,84
b64624422c05c1ef8bf24e551e2ea46edda88a21,17,3,0,20
bcc69371a50f363af4996ed1ab0a29f1cc85e361,1,1,1,2
42b1580779b4483f21045e5fc873e2b5df6d83f0,2,1,0,3
1743f27d65bbdd5e098626cd668d21751eb09b18,212,9,3,221
5233c60e342c89d282c00fd8f36c40ceb95d1690,2,1,1,3
d4c5133273de227c91a0d4003bc64853c38ad941,73,1,0,74
9e0e7f39a91ec6385de23325f4592b0b2fc00483,106,11,0,117
52712ff0f97b81893338aa1213ed82e64fccbb7e,75,2,0,77
eac7861d41106a3daf09f353bfd18e905278858c,88,1,0,89
b3b5395c826ab1f581dda37e99c815349274f273,212,9,0,221
68727334c35e357eec2146a2ebe64f3a768443cd,38,1,0,39
4b8dc799fcd0173576e7e3439d5c7e88531fd1b7,5,1,0,6
e5200c27622e89ae904182699bd9d1954a2ebd4c,68,6,0,74
7e8d9e86815d62f958c59a9831d77bf75a8ca1b7,9,1,0,10
a025268da2d138ef146226b0d6f10eea8af84631,155,4,2,159
a1b5b8c39c847b308c3180bc5308b0a09adf75ec,457,85,43,542
1676ff656b3ea3efbc32864f333c43e3edde3318,270,12,0,282
59c617852b8ae77429b90cb71c7d9f69d034fecb,25,1,0,26
f978ff20ae42f99561018d84ce252f1d86739572,143,11,0,154
4e6de2a389db14e744402942c31b7f29ad5c4fd1,22,1,0,23
44a8f93892fd44aef934e6cbb7bf5e9f616df42c,1136,19,4,1155
d66f27c5ac6728e5294282636784bde134cb16b0,124,15,4,139
e7f348879781669625f861a7d58713a715b05f18,230,3,1,233
7d90c06f9449d9c263283ff777a13a8245f67035,416,11,3,427
0a2dd92f87e99da43d0fc6efd0c0f6c2e994be0e,224,10,4,234
45b51b8099f5aa4cecfc74c12d86ecbee881d426,31,1,0,32
0f9eefb413af6783dd423babdfdb5c6646ed4f6e,114,5,1,119
e96682f3ef88d904885699f13a32d03b40810a39,166,4,1,170
1708ffb9b48b6a876ac82b191080763e4f964417,22,1,0,23
378475649ec3fbaf84929863fa36fe6f683b1530,22,1,0,23
d57ef07dfb815b2510d62843b556425f19f54f5f,526,5,0,531
8b56a43f28ef8ddd6b0b82ed03dfe1afbb6ded99,24,1,0,25
12dfe9e8767020d9e9083f887717e5e63120880f,12616,186,1,12802
9b61a76bd2f5f18e50081b2553e58bf36375b8ab,232,3,0,235
af55d7292215dd872ddd2620942655ea6bdf5c01,25,4,0,29
ecadf6a0da77efaf33a7fb7924ea02c385be1e90,12428,186,0,12614
1f867c60335acb8477c12382fa54d2cbf9d05600,2,1,1,3
acd21fb8b0d1c7f274d50d30da292c96ede7515c,29228,199,57,29427
247282f392f68a45a122015a7b7c752c0f73fb5b,4628,241,172,4869
7def66c46cd64fc7a402d74fddc893c60b88b681,44,3,2,47
0a7e82403ba81be91e5aa06c9f238cb97c22a441,10,2,1,12
51ea6c2d9fc40085232bb0b68b7f6be53b6eec3e,10,1,0,11
0db4cebea76ad15990dfbad2d152e79168048514,11,1,0,12
8fa438c65d395cc78628abfede2a8bca045a846d,0,18,13,18
0c0cf2c00355ae2aec340473ed19dc5f0e0ddef0,186,4,3,190
86c405873fd32ea859afa29ed1e403f7320631e6,306,11,1,317
0db2c2037117cf377915768c9bcf97b9d33ee3dd,3658,46,0,3704
ded599aed95501d7553dcf326590d9440a5e9ef7,867,15,5,882
d5e662940c4d5b4b3ae219e9d4d21b86fc7458c6,533,14,3,547
727d76bcc559996f5febba54343eae50fb0cdda4,42,3,0,45
a7d3e1bcdbd5a425acf1a47615432d26794df057,29,2,1,31
9f2ff8f99daec2c313e086a734ab61af4bf2b994,305715,4346,0,310061
0a3830ae004e0bcbd6512604fc1008602b78a034,257,12,2,269
49cae051debe4e15b26f81ed6b7e04d9f479f4c2,2,1,0,3
0893a56835eadbba2f56933ad55bd8385e09d02a,10,4,4,14
22e2d8cf3a8e75c9c7c177be72bbfba4e54cb85e,690,5,0,695
9ada1e18d4b87a7cecd5b768952f608cfd7cf462,10,4,0,14
2a2e719691b5503e1572eaf4f59b912d457f7154,3,1,0,4
dff77389d8864ce66e176d828d72d209ef401820,60,4,3,64
346373a75387ea0e1c07bb7a5824c7910faf78e6,4,2,0,6
d95960b621cffa055025ab8d9f64ed8e7d83c95a,80,1,1,81
732dfea91ef6718bf22005f54debbb73c2160f2e,128,200,57,328
90bd8b58d44a263722451709aaca04e0f6f16184,4,1,1,5
cee744737390066266b92cb817469d42e8207351,81,4,1,85
56e83a82430c5e608f61fd9770b744e2df28f1d2,250,6,0,256
8c032203880619a9213a7959b8d9dc4639fa0d9e,81,4,0,85
323e38709d99c08142c54916e7a718895f867be8,5619,70,1,5689
99842bf1986b4cafc7d15ddee7dd2322e65b9c10,117,6,3,123
3e3b91a8a3e50ce8e255bb0ce2bfc4ae9ab858a2,1749,42,21,1791
48bd8da319d2b41db5ac673906ecb8553bc14921,25,4,3,29
d4480f98f1427810ed88eb8958812aa3214a7ac8,18,2,0,20
faae9d47cbf63242effbf1e8c3ce56cacb8a248b,1891,51,0,1942
920673c4d3ae64b94f19a3b45470496e9917e705,770,17,1,787
227599fbbd007427d817284d8be64386e18c4e7e,2,1,1,3
3d0b83d8dc37faf3f2f7963a9e1cf7380e11150a,47,2,0,49
feba95348391938aa7bb32499c647103b6a0a16f,1985,28,6,2013
6e12daa13fe5725ed4995c8e00bb38f597876a96,37,1,1,38
b2fb9be1d0be6ec765ce706c9264116b90b3ce3a,63,6,1,69
ea9a9dda78d8ba93aec69c7fc8827dbf50f20a75,2085,35,0,2120
65eeec5f40a15b63387cb48d0506c141d8a84300,14,1,0,15
ce8d0ba5df050a4ca66f240b7192918998e9cef7,19,1,0,20
a6da0959f435c4a765e441f42d2c400bb128560b,72,4,2,76
6aebb60b8c8b74f2eeb3ea4c8dda457ac46c5191,19,1,0,20
99ba9de1a679906f9a97968b686efa061234df22,227,4,3,231
3b93f791351cf1bb2a5aa1083e8fe208af2b368c,158,3,2,161
4c64568ee7029dc1602bb666b0fe137bcb9752d7,25,1,1,26
e018eae6b9cf92baf9dfb9d41c77f8c31e56421d,4,2,2,6
ded9974e1e1ef456e7e5ea5cd1bc4370fd525038,7,1,1,8
d8480bdc22048ffadd3716f5d3a1f1c6a1797a0f,310,10,1,320
eaf7350c64aabd98084df4eca337923c0208d085,30,3,0,33
3565e4ee60e705e0bc34a73045a8b9b161df2e6e,29,1,0,30
375830d5e06384c4c58b6f792224bcd69a0d4323,21,1,1,22
84479b5a28bae8230d9ce79f6d86b2512ef9a658,3,1,1,4
862d8af0a27974eec76665a8d336a4be4c08361a,21,1,1,22
c4d81808c3cc002f1c71afb275361b728a84440b,3,1,1,4
22580e19b7ae5d11b8c299e2b3d92f5c8b9f0e8c,1099,8,6,1107
dbcb02aa04b94fef0d498a8c633bc769a7a6fb57,13,1,1,14
58a8cb2579665c989ea9b08ebebf7b050f4d1405,13,1,1,14
36a6cd012ff610aebbadf64df58aaca9fa596190,6,1,0,7
7038af4a7d976e59a7875b32b3ee3dfc1758908d,4,1,0,5
d78e071a7de1129838652e9f377ff73d3a84495d,1879,194,58,2073
d60cf53bbfae162ac96ec1525bcd1772b8249a79,181,5,3,186
43d6d7e7eb9eb146c48b843293849ac687ead216,1883,195,0,2078
8ea9f83ce7f21f6ba50c0c644f62319f25b56ebd,6,1,0,7
735ce60da02ebadc43aaa29cc97d331b8056df36,94,4,0,98
9e7421f261354b28119094b3b53b9490fd817b24,94,4,0,98
2edb935cbf87198993c403724e26efc655710c25,12237,111,45,12348
66a7eb3c6bd77d4af1a04f2224feac5c1a7e9fcb,57,1,1,58
633db6f1b011450f5e926375c24d1ac2fa5e1dd7,5,1,0,6
5d8e31806ac8c013169c9892c0f88b79d6833358,29,1,0,30
0abf6601fc1ff1e6e659381666ae706e31b51de0,1883,195,58,2078
7eccf755659b52e35755e5fc3e51736c72aaa0e7,13714,431,0,14145
51c18a27347239479117311ef9ec6f6ffaffdb92,2063,201,0,2264
364c38661a1864e0b823be737998ed66927d11ca,2,1,1,3
0da51d4110ab13f42f0ee5a2fc3181fc50656cd4,20,1,1,21
9b21c85d6ec0cdbba8cbf2382559a8ef5a82e15c,2,1,1,3
f82ed01807c80b36b7e361a5800ea131c1431c14,20,1,1,21
eff4201ab5ccfa4cfe874d300a975e6a53f94ba1,1,1,1,2
27fd74eeeef1ebd0cb89a99be69c5c74829307e3,293,89,0,382
7808492b7dee12bdd0c3922e1760ffa364183bc2,2,1,0,3
9c954c93a9d93952354e784a75c45cecdf245a2d,170,3,3,173
9ce62e64a7abfc59799f4edf8d057a12c7a0d11d,8,1,0,9
36e7e19830dc53c0ed02a0d83806b2cb5a7c7ce5,194,6,1,200
d38348432a2b8b66999c6410ec4f5c1ef050191d,34,1,1,35
22d5e55bee69403c4f9f8da9c113751ce110aa2d,260,6,4,266
2ded758ad1f1663aea05ca943ecf509b1574c0bf,34,1,0,35
c812cc843e3fdfbc17a99920247320af997b3aa4,5,2,0,7
553288b11d9d6ed2f8cd9c612399944533d64988,2,1,0,3
800b8bd90033ab64f4299ba242cc89b1f4c98417,33,2,1,35
b47f29d83f25037c5bf3cfe489b7120a238c7120,13,2,2,15
15359bc0b048c1a6a4093ea8998b343374667d43,170,3,3,173
fb1dea79e6bbdadd5152818276d71b77c5f18942,8,1,0,9
5dab5fb65d97921d7e28e04283a3d47d00c44a25,54,2,2,56
d76a7299a209c0282b9d7c1c97ea9f8c783d9ce6,1917,46,41,1963
52bb84dba83916ea0b22b793f4359f82e8ee4573,50,2,0,52
f278dc969a69ad3c166fc863de5b0ffcd46a19c6,17,1,0,18
3ab6e481abb4f19389ed51448a596e5dd6d1f232,1967,48,0,2015
1a9b38df5eb083c1b03fe1ba381587594f6e79f7,256,20,7,276
a51477c0277785db4089467dde9c8da7132a46da,34,4,1,38
67d3358d030a2e40262a7a344ef95fee607b274e,69,11,6,80
7b2e38882010776c3ea29662fa25e71da97bd946,399,31,2,430
b1822da3d29951d727f91c9dedc91e168f727e26,3,1,1,4
f923bc91fec38ad4e024ae1b395c5bf9a0a50e12,481,6,6,487
40bbc5d12b20c3ebf3e4c9dba0675c080a811d3c,17768,270,0,18038
130b1fde3e1f9cf1f9685a8144d71d03c7514533,78,3,0,81
be8b260bd90e951c84ccbbb733e89fcd6c758279,633,12,0,645
58995f668a172f3acdb2bd6386dc5390f0dca9a2,8,1,0,9
d8c6ffafa0923544dbb9814c2ea0cbbddde7a5d0,2,1,0,3
1cd3cac534403172145481310b597b6175306222,143,6,4,149
0cb2c92152ea944d3313aa493bfce1f5191bc263,189,4,1,193
2c37effe46de8afd22378c71bd7260fd0f79cddd,250,5,3,255
badf49c44118fc09f686736ec45439cc4745e3fd,6,1,0,7
a5088265d7927aab702425249b3f0d6996cb989e,951,31,5,982
a4c397076954d10cfb200fe30060ed0d118a3fc1,469,15,8,484
88ce993f7b2a9e8d1c23781f880b46cf4994dbaf,2,1,0,3
f4404805fbebaf3907fcc2639e133894dcd24a96,47,2,0,49
097b4f67e48e31b61ffa5c1220d7ada8b51f4516,3,1,0,4
ee955df9fb80737292aac5f7ad3c82f8f0d8ea8e,2109,13,0,2122
457dcdbba78bcbd63f50c5f83433c4935651fe17,77,20,7,97
2334160919a77ea82a4d05f200ba7981e8035f44,2109,13,0,2122
22826bc93dc2f186ef6e129d687a28b1c1f384b0,28,1,0,29
967582084c803a09450b3d16d661efd13bad26ac,10,1,0,11
75c760aa0f16aee7c1a77c9d1a87114f141659ab,34,2,1,36
a527e4123aad5233995d643d1a9bc1dc330a9949,43,1,0,44
a826c6171c0179d721ce363ea41cf0b0643f4823,22,1,0,23
1be7d4a8cba88ffdca35d9d2936d2f92a51f02db,43,1,0,44
d20f4588f5b26ba7f36111329211e8ed6e4188dc,101,5,2,106
d1f637f799c307b34ddabd7abb8d2f0dcf9d73b3,18,1,0,19
6cc43cae9af09bcb938c94a7f9df376ee90d780f,101,5,0,106
800fb87a1c095edfdbeb090ea2125a6fcc0f742f,745,12,3,757
6e93d04d0117ff4977ad5f2ffe2a4c990c5ab0cb,208,10,0,218
217c6be2650fa77e8ba295a682f6549a1e3c2be0,30,5,2,35
e41de0cf42089c636deddaa611a38009ed5b313e,2,1,0,3
8ad5a945de9df6df6281b80dbec6c3c8c7e3c497,5,1,0,6
907b13ebcaa07c7471588de1f831e5ad827eeb71,5,1,0,6
3eb52a8a4d42add524051a9611b1b7d1a1d17398,408,5,3,413
1f382afba6028bcb4463c3926e2d4e7ba6ffc590,175,1,1,176
0da8c70ad77a57328d2ece26bfa4d9c09eef70f3,2537,50,21,2587
d43a63c5e878460c1a9d6e2569e315aada788a76,2,1,0,3
1aeaf2070a56f1dd6a867108e0d54038f7985446,6,1,0,7
39abe5ee8c918c0866627ad30813f361f6ab8145,15,2,0,17
f871b0d77084f4ebf7993eccc9cf59767835a41d,1072,24,4,1096
d5a2ca218e696b51e317ca0cb1b32289df881f9c,2712,51,0,2763
04e0822e686734626ede2d8cf1dd33e851ad9838,37,1,0,38
dcd27a92775eabf47884eba8482f516be01a54ce,126,8,5,134
ca8ad03b8089ae3b2b466a727aeaa3c1080f8b50,2,1,1,3
97b895719aa163281898589eff90d2dd4479b1df,32,3,0,35
0781b1af0980cb52dadf0546d752e4e2f496f2b4,10,3,0,13
a6f8b6940873d880ce8b5052f8bb344c33b56d37,3,1,0,4
457c551581ee96891b62b834d8bbc0358679dade,253,24,3,277
ad7e4a092c9efc9cf7417437b7875dc91eee0f8a,570,22,8,592
a900dc685a24b21ac155796ecb027c60608b88f5,578,10,10,588
6e2c51d340e9d28f0bed05cfb571fe4b32733fd9,836,48,0,884
0c1db6777bf0ef49b1219e90e2e2b932d17dfa82,534,18,0,552
32379ee4c6680a58121a72c7e5b9809a713ef1c3,24,3,0,27
a4d91484384ff2e0323fa9375083621e87d2f5e2,6,1,0,7
0292ce00b20a1cdf7852f213e17190d80d42f2b3,4,1,0,5
f9f5053573b1526de34540879cad45fdd8b00782,302,20,0,322
a4e8296f3ccc2fa532f7ac5f4ac28ed68b1ab3e5,8,1,1,9
3a5c6f3590f9355cb63045bf0dea91b92b96b1c4,1102,15,7,1117
045ae66524be8c41007a9ddf641e1ffb01046487,10,3,0,13
2d7fc5176414f9ab47baad2305b700b5f198e037,52,5,0,57
f2996710da39063723eda8aa0793d16362a0613f,4,1,0,5
8a1ded1cf55b9aaf1f60d2657ec3ebf1e14fa8bc,26,2,1,28
09b65075b12ff6ea0a54a404e0f339a6538143f1,2,1,1,3
1968e4f59eea6265aaf82a3fa515eecc99a91310,313,8,4,321
33079fc9c6fb6970ff24e88466e5edbf41ff1a28,639,39,6,678
7378bc38abf8ec6ed8aca9c3608eec00f1a86fb2,31,26,3,57
319280678515e4e12c10c0362883f207919e87c2,28,1,1,29
1214d7e7e0d0853559e0017366efaf10927aa898,614,36,0,650
6e571f8ed17849b88aa51f942dab091f251d6fd5,315,8,4,323
5a433469afca394fc97b59cc16dbe83b2d24f8c5,116,2,2,118
7c249d7bbb3c6f65e2781e0da3cd21c62d2ce078,323,18,4,341
de421ffc492e3536b885f2d90c21bcfa71e435a5,12,1,0,13
b58d584290fc4ca5f18031fac582130ffab59a24,58,4,2,62
999801be8b0d4b321b7d334a075e4184c95eb197,86,2,0,88
340204333624ecbc4166e52a83056885c673373c,711,9,1,720
b41ecd1e0b9dc6199a618e8d4df740c96372eba1,2,1,1,3
ed5c09653afea5a6f76a1042e162c9288af90802,355,1,0,356
bbef4cce7d0e705b0e41fdb24028bcf9a861ddd9,4,1,0,5
f328c4eeaef59a35bcc7de0ce03b612fe71ea408,1744,15,0,1759
c094ac5a95e546f03713ec1def9157fe273bb032,181,4,0,185
26c222bd46e5fc725c2ad20815078792298d7869,17,2,1,19
e4a926b2825eee507e1f58a3c1b19fdc2ac80cb4,24,4,0,28
234bb5ad851d61b5f5236772a36724210dc8f445,48,2,0,50
8702da9558570043c9e458a903c78d8015d919e8,24,4,0,28
8d0da14c547022f8c9cc429531faee59a812f9a5,20,1,1,21
645581ee7b76ed40800b47049fa4aea7e4d5605e,77,1,1,78
4739458cd23b28e435ec91608a747c612a767477,2,1,0,3
1dc9e69851c19610e9357e35ae17ef2599733e5f,473,8,3,481
8a5266e787d181dd98aeb3c597ea64e9c39af6ae,57,1,0,58
4e4a22d9aad4fdbfbcefc4eeacb65f8cffa181f2,34,5,0,39
860049dc76f86e3d9339eb8b4a4d5a0a6439f1d1,2,1,0,3
712398e1254867f38556c941094edb23c9b346ae,564,14,0,578
d465f6c69dcfddc944a2974c364eabe51f8d98aa,143,6,4,149
5ef610c07c947c7cf4884b946ef1649e5ce4da34,1463,18,6,1481
81d9dcb60d077c829af828a10a3250ed066c8ab1,3,1,0,4
9649733ce561166e308b53393e252d7efa087964,276,18,6,294
30ba7698dfcf2e9eb4376afb704e0ab615ffde5e,3,1,1,4
401b7a0b76e8372841e4170b14de75da7f45fa76,52,1,0,53
1ccb943b48cb5ce385b767f0a888980d2d7bd9e0,3,1,0,4
7d33dd50b152eed29d9995dfd37403cda27f46a2,54,1,0,55
4be320ac44f29b927f8b487caa00479fa6add3ff,26,1,0,27
c9cd761e05ffcd4310e8df60ca62337e30507829,79,4,2,83
ee1b19d3f6eb8c07405ee6783379d4c2c20ad8c8,4724,100,22,4824
335f24317da9f0083834bb9e34622b85d282f42b,704,10,3,714
c829aacaf71b06b32be3345c3c70047230b9f9e5,829,20,0,849
6998785a8861387b7ad83527a381dc5b772cf76f,1219,72,44,1291
402154c657a06e581e4a0bf24ada42010ec60ac0,41441,760,0,42201
760cf952d20dc302a208ee1a57abd874c7f8ad7b,18,1,1,19
efb7abce8323e0dc3449d7ce1bcd1d9558e6f2bc,2021,47,17,2068
34a5ae3c052f5de836f9b7434492711de41826d0,7,1,0,8
50fe5aa5acb94c04565f9cc28f108f3f0c6ec7cf,2039,48,0,2087
74f11e84daf3d953db8093357ffe94fe35a81c7b,25,1,0,26
8f9edebfe74e2de1368d42ba951fa074b116eb17,6233,661,598,6894
746f8ebc2e56720b50873af1b4ee2a320ca58793,463,8,3,471
96f5cf5af4d00c142c901ffd64379cb569fa87e1,86,6,2,92
4d260619b1ad90469b5dac7b24ff413847522fa6,13,1,0,14
f4d233cedebdf9d7487bf733fcde2f72adebd8c0,8,1,1,9
6a435b17e23239d58c3410d405b61147ee152dd9,4638,98,3,4736
1104ca0fa49be07aeef3ee822d1cc1ecc6b598b5,12,2,0,14
f5db9749429f2744807ca1bf3ac5ecce0f96ebeb,1,1,0,2
6ccfc0b26ea9af2d40d76359e3da621f0fded95d,160,3,2,163
ff13240c428439327b0de7efd8bad4bc773a093c,41,5,0,46
64656d17a531690b6ac6bf04fd0f55db11d72bb4,160,3,0,163
f9a2e02c9aea1f5bedfca452b939b91d1d9d7787,202,1,0,203
34f92907779bedaaf38a1842c87b0922787ae159,2,1,1,3
9f5f57af8c2a5b575ddce716e17b431d7f63242a,202,1,0,203
8dc3a4cb1f0eb32503a2524fd91d5178843dce6b,4,1,0,5
a0731f31016c3076f90ab0c2b9d038b80a6594ba,6,1,1,7
c294b2706b0be11e77795593744330c292d98711,4,1,0,5
c58b8a3211f84a1ec1663ba4ed3fae79c432f23e,80,5,4,85
44e0de66bff9911eea05e82b8b23c927df108bee,8,1,0,9
24bb2328bca08238c917bf87ee9a9053e32ef328,2,1,1,3
c219ff06fe4ba4171544a52713e31f1bb8c67e20,94,7,0,101
7bfff3b89bddb6ae19bc6b045198baa0fab33154,12,1,1,13
b2aeac7512ae578a7eb63c209fb4b68ab3166c83,271,67,18,338
3dac1fe2532cd431793e2156a57922c17e2c03e4,31,1,0,32
a011f575e7fa974f33d6adbf18a3a4fa32c197d0,96,5,0,101
cec602fe7252fda8ae334d3a7331479ab8a9341a,155,15,0,170
d4b6fec1c2bbf6f73b114f6d5446655d0b66fb48,2,1,1,3
ba32b40faa357b2b3deab6708ebec9c5f3f90bc4,73,4,0,77
7db2d63efc4e4e8100dd7c7d9ff4be5503b689a2,150,2,1,152
683303c98878f55c83d05ed8d79f5da1f1cab6e3,4,1,0,5
f5fe301e12a8e3418b78a4299e7e59818263a22b,2,1,1,3
11c23b628af0cec6cf8ddf2da9a510c460877f22,2369,75,22,2444
e981f1d06c524eddc7666a0787abf385111a07a9,126,5,0,131
c0960598de1aaa4ea4798aa150c9bd764042ae17,24,3,0,27
33f68e27b8760fc8ac87278ddc7dd993193bd702,13,3,0,16
14f4b33f1b49392ded97eeb49fa16fae62d17606,76,4,0,80
4787c8b962618dd67bab1c82e62ce22c686d8ace,16888,952,0,17840
c9a11d4515559ac68453b8d59a726deaad9c8e0d,4,2,0,6
ab2a5b903b814d917065f3902169dbded8da334d,2,1,0,3
2872060897a9a6390d4c5cb7324a733f7b3cec56,33,9,0,42
6236b5f7721f92acceb1b3b814d6ce0987178033,114,8,2,122
dc4b21efffbcc0e1f45570e89477f8a63c381d31,30,2,2,32
25f0f75df2541c164b4164e6430f50f52abd5c92,6,1,0,7
7297e1dcac183e81336a588a17fc1a706b8075d7,24,5,0,29
73d4e1152409026d96346fe5f5dfbc6194b97c9c,8,2,0,10
c67dc6f81c3c69fd58c3440fd8ab524edbd18d8d,85,3,0,88
0e8e5dd99ec647a33f090cde02cf7cddf4a9b24c,48,3,0,51
cc528344169ab89453ad376a3ee8ff2b56a7513f,81,2,0,83
03586bc7c75e4b18aba9bdb875e5a7d7a77de062,77,1,0,78
8374f6c919c3ba46a8138af7638a000e4c22778b,34,1,0,35
e80773bf271394bf5883eae6f4197df01e0befcd,2,1,0,3
3a10973e3555ea1bd23f59da84b936db1b656755,5,1,0,6
58f1998afbf921eea352ac0d9d409de2a342b68a,59941,1581,0,61522
6ab579c77123d72fee14c5bf9401ef0c4959c839,36,1,0,37
0955308b8832200aa8ac86c84e967c1d50ebefb1,125,4,0,129
fcc41ac4be7c74890c948ed1d545054dda905f4d,159,19,0,178
eb6a1697f5b31827edb780e0cf001e9bb3acac9e,17,4,0,21
777078d377ba2f94b8f41086ecf0ad6056cdace5,2,1,0,3
cd46d46ca91e1921bff2036c450af071496d1c68,10,2,0,12
a04aa10a38a5e8c89223f567b4ce4822490509b2,4,1,0,5
2f7172cb5c7af8e61cba00d6ec5e4d6f76b635e4,89,1,0,90
56ec995199d12c3b257e77cb49296dc747bc7a93,80,2,1,82
e7826aa89a5bbcf2023a7fed300fb62b31c07df2,14,3,0,17
0fd7ca27ebd3e144f64f11417558f691eb4d62f2,23,2,0,25
843b3f7d45512e3d8c2f34c3151b233201712227,69,2,0,71
4c1dab4e6be1490887144cc2ff1042aa4d650363,30,5,4,35
1a339481b6a7e04051e011bfacec9eb143d143b2,69,2,0,71
6d22a91e412943d80c440e89b52d808ac0d5fdb1,8,1,0,9
2436b93411dc84c10672b86534ad23816db4c03a,91,5,0,96
28870dc711d23693179e3f25dc31259ce2c92361,8,1,0,9
28edd6171f273eb3e039d42135cae2fb89a4e3df,9,2,2,11
85f5309db0b12f3dc1c843463537518e05c0fd80,81,2,1,83
c0da061f90dcd56f345c3c70a49bd82f0f5e6111,14,1,0,15
ed72663ff8e6b6f46d77c91471400ec1c9ff0dfa,36,7,0,43
97c2a3ce0f1d0a6f30e288bee8102cb107f46ee6,255,11,6,266
c64ad7845340b0010d0c7f41ee09f9507fbf3b31,6,3,0,9
c4deff8f59ba39802502284acb3a40c745e13844,2,1,0,3
156ec5360e6ec918878d9d0c6f7a5d04fc8161a0,298,7,2,305
934f6ac22c04f652815f79a9238ea72b9111a7e8,3142,33,9,3175
8be68138c7911f2001eddd3c16cc968601e90777,2,1,0,3
6579197a86d6c6a4421aa20af8dbc792c2f49e44,63,1,0,64
7d0cc2c4df9dca67a981cb1770bb13092535eb9a,22,2,0,24
d70ebff6c8d3f6626ca928ab5b89f2f34eba7584,106,2,0,108
7f8a430908bcc6cbbd2d3c75afbbe2f500b88a6d,94,4,0,98
c7f09d8a3cd6544eea7d78dcce8f8479ce905019,376,23,0,399
7d288c7671fadea9345c8842fbf1a26c21eaa5f6,5,1,0,6
a8fcb0b1abe02dcd8a8fd7354ccd8b650db8d19a,99,3,0,102
0a1939b97fcb4197d3fbbeafc9d69ad62c2e83e7,13677,30,1,13707
52f5004007bb7a3716f29ecb438d5a590b608764,14,1,0,15
4e5a82d657fb690d90aea33617ec05fffdb024c2,509,23,1,532
174528fa12ce70d2029e079a4b763acac5a6be49,99,3,0,102
988ca32241651e629ae740c9bbd998c10f3148a7,2,1,0,3
dfc35388d45ea2596d9a9e855f9e4a5ed8fa13cd,236,1,1,237
984f35f4a1e3ddec24cfa0bc86f6256055dc42d0,1426,5,0,1431
d0ee7ad8ed69d40da7215a122c01af01fead6a2f,236,1,0,237
8f85be55769f18c4d5ff2182dc1acb88c7cdd1a9,9,1,1,10
9a0ad843f20d82e800cd9934ea1ca19f88d92db9,17,1,0,18
b0e4a92e8e1b9f236a76612737d7fc3613d5dd8f,9,1,0,10
8cd9fbe59050b788ce9cec7f0f2b59bca36e7545,208,9,2,217
94c1d758940fc4d82d855760f7b514d329e46daa,45,6,0,51
ad288a5a2533b1cb1e8ca92c055a4e1bc96c37f4,15,1,1,16
4d55ba1202f5bf1ab32ad9e840b4a6144dba1295,86,5,1,91
9fc4054b62d6d1381d2bc13a120a0c22a982f384,28,2,0,30
1af98e9b597d2ffe986d5f9827b9bf2d596219af,8,1,0,9
c263ccc94ded32d87ecddb28312dd69978f1f1a3,11585,55,46,11640
b1719ac58927032bc0a3608e781fa2b7b24163a3,12,2,0,14
cc2a6badb4b3b5dc0e8b3247ddead2f6374bd2e4,40,4,2,44
92a490d7f5ca18ceb5b6fdf6364aa2e194d83f14,15,2,0,17
f9fdd2c0d146da489e4c2a2b40f1736f7a15fad4,15,1,0,16
9cf52ace2943eb8a48ab944f449691e2c5b72982,5,2,0,7
dddc6d4a4719beaa3d73a62a8b91ee0a51c5392d,864,16,0,880
e224ff026121c59b348d260cd98b97fa298b9200,2,1,0,3
ba21c46cc15661d550e9018349ad266517446131,449,15,8,464
825a78267203117047bda9b3de1c87cb085806de,1179,6,5,1185
1aa2fe740c2d1db9f98aeeaa88844e9baecc1953,26,1,1,27
ce32505e352a72b1fd9ef04bf1d65d13cfaab669,81,6,6,87
f6ea4a1b2269ac97708860afceb84da2f31f1a29,7,1,1,8
a383df739163fac9525730a3ecdca0213d358142,177,2,0,179
c51de7fbe170a9d0e44c1943a509ff0b27944ab4,14,2,0,16
8c3ac1463b7327695d5afe33585cb74732f7ae68,2,1,1,3
5dc989624da19f400f69f2ea61cfa1d26659739a,3,1,0,4
d10091d6f23e648d413e478b69e9da0f62c18413,37,2,1,39
0c37da097830bab64ab9983f77d37c8d51cca101,28,4,1,32
a14a594d2168c7e5bda56bc0cdc2492c5ffc1f82,60,1,1,61
b039d05a34d8970ee3cbee5cf98ad9e5369772d2,4,2,1,6
70db21c2292e4fed918875f003052872e0a73ff8,4,1,1,5
68b68381d0c3c3e394a843fb22eed010b6f0a421,337,9,3,346
51069c5ca5cac5c0b7b86ba0146e2c019c578ecc,98,2,0,100
c3874579ea9d03342161b0f5c33052d6570e7ad0,42,2,0,44
c60118daf9f185db2eab4c742da299dc98aa7ae2,6,3,2,9
8004287cfef875089a926a5422ebe09e4dc0ad7b,60,5,0,65
79a510dce099f5fc77040cf51f5b21de564f4abf,48,5,0,53
3bc828afda9929d46f963497f93c7ad6ff3f8a0f,244,7,1,251
00ff6563f781d99f86f7b5049ad655e804f3f034,98,2,0,100
57c6705050219e15e218fbc3c0e9f7d6bf8803f5,1,1,0,2
2e3e97141502a3e4120d46ef314f8d3ac368e050,368,4,2,372
f0051e18add681e613efe9420c99d7f5c438a192,18,2,1,20
1cce2fcc960c5098cc684b6138ed306daf5dd5e4,35,1,0,36
3a9dba5f86ad34736ccd278ebf91044e18cf9a6b,71,2,1,73
7ea5830a5f28bb52db3efa6955f505e731e87f90,101,1,0,102
01671827411ed6043e6bfb80514e3ff57fb40b18,1845,34,4,1879
63fda7fa56d629e71d84024d07833fe14a562b7e,700,33,0,733
94a305332882113bc68e6feb0263d104f0c673ad,9,1,0,10
600f2b7b726703418e02e8ee953bb821b01f4b56,27,2,0,29
4b2b68434bf4560cb71485b93f366126730d59a7,3,1,0,4
ed4a7a131ee92143f7dec003c445142af207ee96,641,9,4,650
96c293caa79f8d448077e1c7272df371cadaa0d2,35,1,0,36
f038f63a8a67c23061014a5356cde93814d5b8d2,252,4,0,256
865eed71e9a0d735911b9409105e8e273a25ecc3,406,6,0,412
38e9baa883f9f626ea477c9e935954d31a7134cb,40963,1399,0,42362
330d9ef26946541ae95a7221c1a2f02daf167812,494,13,2,507
9e3af25e1220e84cdeca2c24adfe8a964b933e60,71,6,1,77
5743c3b0bec7813eb22ade8c15334be418c5ad4b,237,8,6,245
9b7c4ac8f337e8af7b8ef1dfab7e1ee86357bc7c,22,1,0,23
86622cf79fd2a5f80b5194d3c32d456c0bd808a2,24,9,3,33
feda3ff524d57d94633ad9e90adaa6788d6b5259,308,14,0,322
8195ae0655255979d02d425a6ca11fb720d460d3,264,3,0,267
5b16b51c8779ed3d129ac45621e73dd903fe65dd,1482,41,0,1523
5eea8adaf2f5d4d39e5a629dc3261988ab6669c0,2250,80,52,2330
dacf973ef8580ff649fc2dafd5a55a420edf7759,57,2,0,59
95850b47bde6df109ecd029d6a3a59b8e3772f81,21,2,0,23
88593b6dd872a5ce7d157d75ece907b628736a99,27,1,0,28
be012d82be955e37ab93ab4b0c17574fae50ce95,366,10,0,376
256a4a3abd4683c86343a6ba9674b4612d7801de,45,3,2,48
601722a3937bbc4d1305436d36739519ca645f5e,4,1,0,5
e0ea45f5c8bfa335db11f90d8ccdf7a5ff2d9863,14521,317,0,14838
eb80b4096a1705c7e2313ab006322f93fc49b0f4,34,1,0,35
57efac0331bfa13a09ec1fcc979b6943014245df,3,1,1,4
c6319cb58245079b6ed064019ae6b807910e36f8,2250,80,0,2330
3cf4c7b0175eb3556957df8865d049b14065bd49,101,2,0,103
99acdb5605192d473fd5f0711090887054892020,7,1,0,8
1fef59c75e8b2e17a043d47abf24884a26a1644d,187,6,0,193
73fc01c4f021854e3fdc5c9a3bfe9a0650a77055,342,14,4,356
7a4a1940e14ea9809740eeb8d25261f58e005452,10,1,0,11
6d3821b92e252ba834da793295400eb8bf6d0813,17,4,0,21
c4b7f401b410a5dbd051d42abaf5fca4bc394cc3,7,2,0,9
2a5a410316acf04934152bf267b199218ea6763b,11,1,1,12
e1f3e4a679ac3a2230085bb244b6c153b40b5eb7,6,3,0,9
c4a12b048f62ab2a845c7fde49a2ed7f135e17e3,958,4,4,962
821446317086102ab1f11633864f8d9c08c3bcba,89,2,0,91
bc4209bac205a682729d8ab174348bf188356565,8,3,0,11
29a608314aa03471a5513d06322da2d7a48631ed,2,1,0,3
ccaed07da57e2de2c69be55fdf45512d2d90de11,3,1,0,4
03ed3813c51d06653a88162e8822468a66f462ba,46,4,0,50
44f276aa50945271d8a1f7d65d04df954ded04ef,28,2,2,30
4638af19c4402b5b99fe383653fe8918d09a0b81,2,1,1,3
83cd97c76d7fc47073437615fd117840398ac4e1,6,2,2,8
958b08f502290e9ab59b523535554212a74d1cdc,14,1,1,15
a0fc6ee6018007ed9b358b1766e4998cd0a1e9d2,68,1,0,69
794e1d3643021319e7aaa0707b288bf6791b44be,384,49,35,433
475eda0bb670e66a377f8872caef295574a4685a,32,2,0,34
4e75e14a1c75055ede0432b2f9b5e3265d134a50,384,49,0,433
986532c41fd737a93110e065717eb3f2e3ea37e9,15,2,0,17
b352fc625b86edf286f47656bb0ee9becb1da29e,5,1,0,6
0eb95078e01c797842c4824cd915ab92638b5b0e,381,26,0,407
25bcd43a63c7d6496e92237cb965d32d4075722d,397,10,4,407
8ddc5b734819a64d8b1bc57de20b1eb14b4f59fd,12,2,0,14
20f4d1843562486e2dd553b6797c2d9ac4e5d727,778,36,0,814
e84d237878f3e692875756661d79a56647259d5e,2,1,0,3
86002002fda063eb33431e8bfd3f3a0df047325b,4948,48,15,4996
201769640cf4a48ecb0728d5edb0b16c682ee46b,2,1,0,3
ac85a7abe4d0da7bdd8a013e5cbd4976b26e0be7,7,2,0,9
b49754db2f392d49a5fb8656d7f2aaaa2f6eadab,50,3,3,53
91b6b13e16788fd528766b0954f0d843b27e3a23,24,1,0,25
59bc11bcc4338ab44a19ec80dd2ba3d62544808e,4,1,0,5
6be8d97d6574c0727ad4f3e13e474156731f1fe2,325,42,1,367
d84fd29d924ea1f81ce2bfdb7f8e42c7b85b4c05,110,3,2,113
294fec4e5b887bb5740d4f61ce3b1e295e405373,183,2,1,185
f90cae22a8f444d5975b3b2ee1e8181f970e9296,11,1,1,12
a20fe961e90c1f9b43f0a0771b3ef33b795e4006,23,2,0,25
6ec62bb56991df0c77d72e3a507b8bbb1567e316,69,1,1,70
86465f585d82c1eec3466b8af3d648ec57040de2,2,1,0,3
7402ea11051eb328702ca85d12477accfd22337c,163,5,0,168
d9a30e8bc285672418f800b527d0aa8e7dd3a4ff,19,2,1,21
9193c58b6b3c9c5ab794a2523afa0121d41b0a1d,163,5,0,168
9e88f979b20acd8333351ceea58d67182ee06d60,24,3,2,27
8dee534924a33c9227ce7327a6dea4b1bcefad25,20,1,0,21
3b7e1662820f4cdaec8db7a8206295ca9dd45668,82,8,0,90
17007b8589fb7d3fe9ed60ea39af1879b41140aa,8,1,0,9
c3ddea4cd25192ea9cd0cb590f64daffb57f4444,3,1,0,4
b0a5366942323eecd93aae22517899a27e6a12c4,41034,1401,0,42435
d90f1d9a6cb24093b13dc62ed189034dae4d887e,2,1,1,3
e809458e70cac3e7e79d9baf03d91f57a4fac04f,24636,607,0,25243
930c87c9dcdcc455858d39d534e88f631e598bdc,323,34,29,357
1924873b26d0704eb188faa3d6f4e6a4730ac126,70,10,9,80
39b440fccf5aee8d37aaa742b84e7f286b259c2e,19,2,0,21
e0bf4e0dd8d68dba191a0a234e91a1f2a44076df,10,2,0,12
64c558404e5d5f7aa6850fbef39b5703bb643691,8,2,0,10
3f92485680647353f2cf9e774f6c4b891072e1ee,16,2,2,18
992c9767e3e5a1c6d1871cf54d4b901f96a7cb84,30,1,0,31
05c6c4ebfba2f820eb1bdfec57cd4fe353d83b49,28,1,1,29
f74d51cbf9a62858718c5d04b0857a3b0ef32c65,650,11,0,661
4c575f0f433659760b2f17ea80cbc55d24109551,18,1,1,19
8b89ea50042e3e6a72199bd117fb98fb4d68072c,44,3,0,47
89d0cd2e925b3cd45ec8137b3e06d83fa6c8e55e,8,1,1,9
90717b4b7230ca5f5e0fd9318d0aa0a6f5e48064,34,1,1,35
561d2cf048be59524acfbe2ac064d8b633b99c37,202,5,1,207
cd17ee0fee9c3c5fba357f1190e5ffbe9a7e3681,4,1,0,5
2625dd8903b6b5ecee2b314ca6916310e65ace5e,95,3,1,98
f41c4fbddea4c399b4c9e2d4c5d3f182bb917b1a,38,2,0,40
f3bb4740c3da5a32df03fd8ef2f08ace6ed9ffdc,12,1,0,13
a760e6e72a716f59a0110954c1efb665215cfcaf,16,3,1,19
c4bb996d86f80f1009d6efb85f5c659048bb0c48,58,2,1,60
e78441c03b2cb1e4d5d6f26462e98eb88b2720c9,14,3,0,17
a403ca8ca465be3a8a9ddbfea63b41cecfa2e476,16,3,0,19
ca94cf3d6c708218ef22aa40c07c436c75360bc6,270,12,2,282
c95734eba2f0bba4ff8111c778267f404683eee0,64,2,1,66
e31f37171dcf3cf578432d93cfffa342f4e69cdd,71,1,1,72
98a1758d438060357d3d370ee797e6b6197664a3,1069,92,61,1161
2110994715e646b3b2c6cb5f1c30d85ca967d090,22,1,1,23
7058c71f10534d0f84bf9acf8b4690b5d4e45688,525,3,1,528
c5a04da7103701d4ee95910d90ba786a6ea5750b,60,3,0,63
3ef78264a36171d064627741d8e340c236bc7d38,414,21,4,435
5582ebf55083e991d9889fba2f87c1e6c850fa67,40,1,0,41
661bb532aa53de22610acc6ab1ef1f495cb6e3fe,33,3,0,36
42018e6a9d1240c99687d0b39f7ea2b132fa5544,53,2,1,55
647fd195b310df10b230b67c92a8df04b5a064e2,131,10,1,141
1554a1606244b46f042ecbf6aeb7eb09c3a2abb8,134,3,1,137
f353faf1be5f26cf4ea069d13a9194bcf18840bb,204,4,2,208
c04b39a1be92a500a273b75c58b75d27603bc477,265,13,0,278
6f1dc3ac65d403a634331515cd1f279010d0d092,2357,25,5,2382
f8792edf9b9354c58a40060d38ee863acb6cf42b,22,1,1,23
018b25b29c3c491db7e44963e8c79677d77ceb23,742,2,1,744
e1c825f034f4951c647aea9293f18bd0953b44e3,86,4,0,90
8de68c68eda96c9e24f3f89fb7bd90202d799502,16,3,1,19
cbf0b2a5873395b127e05b411136f2d30f449573,999,33,8,1032
dc3450e34db9f882a372a02777dc3122fceb8ca5,142,3,0,145
b8875870257b8dc867283368067eb4387d7d9859,2,1,0,3
eea7a3b914f59df1bb4e2b2d27ca36af2acdde2f,13815,343,0,14158
33cb5e89c011cc0029898fd87e6b47e75809cf0c,119,7,2,126
ff813891dffb24021f4f7b744cf30d58d919dc42,64,1,0,65
a3908bdab64be29cfbf98aac8e1f74920d22d292,2,1,0,3
b131ff0a5470096522f960619513cfaa0d6f136b,2,1,0,3
8c9b1bde2884e05e4f0cc4349606250a5bc37aa1,4,2,1,6
d8eeea84bef33d33470052fbb86c96d75490c9b8,18,3,0,21
8c75e4de89496e1b80d854fbaa64d3bffa8193bd,4030,19,0,4049
b84df567696454141507b4f5959878ca379c2421,11263,224,0,11487
ffb4f3c2f17b308ce841c4798c5eb5dcf49602d7,4,1,0,5
af026d1efa482728f1ee78a8d3aa54c2162233f5,109,6,6,115
a245d620a6c4ca5c560171dcb6f69fa879a17481,188,8,3,196
e8f5af333a6f02f103a257058b2740f6a510a367,1356,17,3,1373
db7d776ad53edee819dcde9ab3abef48219fe514,283,10,1,293
49fcd2cced1f7b5117b8f1a4fca252b31e2c9b90,59,3,0,62
7325232b120b0c11e7ab3089958637ec99472eb9,80,3,0,83
54beab99c12762a53f539f68bf1003ebf9ea3e85,24,3,3,27
059008ed0d4b279f5461b67d2e478d804701269f,11451,228,0,11679
59b88f5fef05e36cc50962d156e78b539f136e13,12,1,1,13
bdd43ff50674acaec5048a9253f911106dfe24b6,2,1,0,3
4608cc92b26419263c9b9deea3faa2fbf2b3dd7e,225,34,28,259
11f7572cdffb989cbb90eaa06f5999504c145aec,204,5,0,209
a0fc2b0e6ab8903bd3007c5915c1a5fea9d43985,85,1,0,86
68ee06304209541a8a1fafaab8a149002d70022d,26,2,0,28
cfc74364c27ad06d38fc2bb40fdc442327e95285,48,4,0,52
d911848d4240af5ea17e79b2312132c2047b3071,33,2,0,35
874096f33a68e61d96dfce2ef3af0f354b4ce102,8,1,0,9
13c5a5f37a448c5fde66538ff522ff2582db6146,8,1,0,9
8a6bc9e61677e3b1b75684233a4693921e991db7,4,1,0,5
22d108c076988dc2291fc78776e0473e0c457d91,1,1,0,2
279f35b156a74faec271f23ee589e0a54f7ac53d,1,1,0,2
9c3028a6414bf7c94a9550b40cc40a7da72d34e0,508,39,0,547
d38ca8b1004effefa5126981f434649d26db1e68,369,8,1,377
b5c7b6f5ed81a9cee242e3abb052c29ec571a9a9,1487,47,4,1534
e09b5a2dfb317698ba20f337e920c5e2be38a32d,37,1,1,38
164e3188f303b3565a53634be713917b0f6e2e85,27,1,0,28
a988b8ddee36209bae7a9fd7b3d6d39428bd4180,2,1,1,3
3450241fb101eaa6a6c0378f085097ba7609f1c0,39,1,0,40
c68b61d3c3229c1c473cf06023df2ffe6d5aa547,16,1,0,17
427ca6900209421db7693df1dbf7e15fc872c0cd,1089,35,19,1124
40851c7ff44c0ec97d9cca53923c8db0a38f78cd,175,6,1,181
b673bdb58ccf9bf5a959cf43423ba4316535caa6,93,2,0,95
e59d3890ce4d50b6627e731c13dad36ae05959b4,4,1,0,5
858e5b729b621efef057c1919273463ebdcb133d,56,3,0,59
aad3b0c536e3f7b0836d31daa63cd6d6137675d5,1064,37,5,1101
fb12f0facc13b90e701cd77d290dccdb827b13a4,299,26,4,325
52e14ac079a27e42c4b356202148d0d5cddce52a,3,1,0,4
88fd1a63f0fe8b856cbb42c750a9f3b4efced530,808,23,0,831
c68c146d1671a26efd38335f7902965d0534c0b6,51,1,1,52
172419b30b3e5523f426239c0d521c82639dfe3d,808,23,0,831
c6313b7ec24c860f803d191e776ee7ace11cec82,55,2,0,57
e0b2053e663c76a17b262940cef33399d30ec824,9,1,0,10
f5bbc71d4c1cd1a01b08dbc5c5df892bd2f55316,360,10,4,370
827b7f61faf65406040f2f66349044cf91638b8c,122,6,4,128
42293fac88c29544b7c55c0340224afbf474a301,2677,25,7,2702
69876116dd851d7bfbf0d82e6850654cc57d3d0b,1814,45,6,1859
0f8af137caa6d2ab5bd00ea33a34d4a969adff2b,21,3,1,24
f9c96de578c8a87e8f2f7fee01d3719d0bb21359,2784,58,0,2842
cee5dd84a23cf0456e30149767a7cf5ba70841f6,7,2,0,9
7adf588f0b85d4a3a0a210493f28b1f51f4336b9,1,1,0,2
03b383c81bf2c7b7466164c849ac1a806d4afc3e,23,2,1,25
618a448ab5fa2075a212b6a2abe4719a010038c3,65,9,7,74
64ab5cdfe9297ed819d269166a3d1a3b489d03ec,837,11,7,848
b7f20211e372431bf61d661660fbaf8334a919f0,36,4,2,40
b0e49ad9ad9cba8901b5ffad37b4fe171246a9d0,379,8,3,387
8237ac6f6b8071dcb18b2a05a429e94cba22e71d,129,5,2,134
fd1d87b997c02e511731fcfd0c49d1ce5d0af2e6,10,1,0,11
73ae278d87bf5d3f404719a4a3c03f88badbe7d3,8,1,1,9
a8586118ff4acbbd2ff9489edf954a187e0892d7,68,10,0,78
10a0a84a15fde067b522da156d2de2bd17faedfb,305,18,2,323
6f8577f34c6b9b9de21629bba30adbdac86d8126,169,10,3,179
0feadac5fa19b3eb7270cf735268f290fc4994c6,6,1,1,7
c45de1681110e42b88c84d82507b8bc9286182ec,730,6,1,736
e36c02cebbca90899e0a5b3a6ec437f0c62a6dcb,7,1,0,8
8476a1958a1778a6b48dea55a81e8e954f243179,9,1,0,10
4c460b78f7b0febc37940c8d65f91cb449fa4d54,103,1,0,104
c71b7c26d0a43acb8e5f433e48da1adfd4f9ba14,410,9,2,419
738451c16ec75b84c36bff7cd9dfbcf094c5b8ee,480,21,2,501
a7e566068c143a5c33ea0f583157bd197068b321,104,3,2,107
858d11b33e14c799d90134cf936384532c2d0f7a,42,9,1,51
abb9d9428696ddb3a250e9a491d4abea437d2a38,462,5,2,467
41dcce7b8adb86e5a053f62c658e36a9c67c35f5,125,1,0,126
d0bddfa527af6c5cf4554e484ce04c078bfd69e9,440,12,0,452
b04b58005d32debc3ae54dd3b03289fad1a590bd,1893,40,4,1933
54f499cece98c9cade28f3e0a9cfe89323c64ef0,458,11,0,469
c4883113dd54a13ea68ed07548f838fde513f9f1,280,3,2,283
43ddc7d5337635e49a7646d15bd85da22e8b7d4b,4,1,0,5
3a44e3ac104775d58f24f193bd1cce1518526b91,91,8,6,99
dda56bf667b903c74a758deb6db83ea339e8deea,85,3,3,88
82ccc9a7bbfc5907959d6f9832f69dfe9adf2da5,151,2,1,153
ccf3c9b5b5ae1fa419728babbb91fd78bc1a6227,242,9,7,251
98c05a28d271109a910d0ebbe6292ea869dd199b,76,3,2,79
dc780268d750440769960c0e8882b483cc766d86,74,6,1,80
9589093059270691549f7e42796da0d2a25a4083,40,1,0,41
409f6e5d049dd095f2f496dc3bc00717c1e03bba,1296,22,0,1318
802562ecad31e7c6dedc55327179a5aa4a390dc7,45,3,0,48
bc30dc7ccd09763c7e392d911fe62f529e36ae3b,1336,23,0,1359
9d75ff8cd9af1a2246b48eac28ae4f7367da91c0,22872,485,0,23357
fbcd474303e434d8ffb46468f5a39f6c5ac0d9bb,27,1,1,28
c6fe26b8aae298e2645d3ed8e14e24836caef6e1,18,1,0,19
281d105f65f3dfd04c4ffa0ee82d052335506d93,4,2,2,6
c7638bc46c32234eb3a37c81a30f1cd1e5d9c984,58,3,1,61
34409fd59374a8fad31c592a5517e8d80a032cff,373,8,4,381
0d5231e6428a83ba9b862be58d9978d44bd58ca6,1799,37,0,1836
79d45e34335d2286bf382d7a8a49a71661f26f79,145,9,4,154
c7a7e64237e8a2549d43e5e8ba6a3d77529cc150,2,1,1,3
fbf0e35371949309f07105331f3bafb54da6c29c,983,7,2,990
fd838d5e2d29d6b1a0d0b68bef013013030c8275,118,5,2,123
e92707b65ca9044070a200317079a600c8d92ded,9277,63,10,9340
be3d60688c788c99088126017693e43803b87124,51,3,0,54
a93af295649cabc2e5d4b4a035c922570809e371,114,3,1,117
bfb278154b27cc968ad816eb7fadbe61f2a228ab,274,6,2,280
b7d8d1b3f1376c6f83a60f73a90d47817cb159cc,1387,25,7,1412
43ab98bedd2735f349b08ac02983fa0511aa4692,2,1,1,3
79ab48b876f2cd8c1b2fe18dea0492c9f2483694,10,2,1,12
6f1a900fcf40c780769befd897742206455128ac,204,3,3,207
e4580b8c4b51d25ad294b67125b1a5a8ea5de455,10,2,0,12
3d7b15b1a3e025fafd44035ff33d714e3d2d87eb,136,5,2,141
4024cd3a3e2c3c9cd41a16018a15aaf8b0e3daad,39,4,1,43
9d2ec1cc24652a14f5c37c0ba36ca5f7c19d2209,1400,17,14,1417
d44fdd452125a7735ec4718b18a7dcea5a95f471,1451,18,4,1469
e773c4bc166fd304f54689d11ce9038c58412825,14331,146,0,14477
b375c1ef504c72b9ffd653933da4bacea5aad5b5,772,9,4,781
2e93148fa79f484b5f03e913626cf60bc8cbff2f,1,1,0,2
1a9c942b47a05e8dfaf4f3fd979a6ee94fda4e80,214,8,3,222
898781aa03d9549f0e785b64770bdc1363d82d49,673,10,4,683
7e45010b4848d0a570995e6dc938875710d846d8,18528,260,62,18788
e04df7d1fb6cf0ed1756cd7df9980cf4c509ab6f,2968,87,0,3055
0d5a35a3a50d1f1d0b4ff3c505907efccedffb9e,1,1,0,2
e273f2e5523c3b599379b6abde9b3e7f19b8b4cb,2,1,0,3
31ac7e9a06457cb967e37bef11fe70d6e13fbf5d,184,5,4,189
1d0b0765134a81e6626a9ef1c70939085f954847,86,1,0,87
e1c328e468c94d268c754a3153c7bc2584279d0d,450,8,1,458
b47db106d42afb5dcbee57b793b63efa43fc4ef2,118,2,0,120
c6f6319eab2c0069534666d9a9a364a5d54d3cda,19285,249,0,19534
0ce28c6462870f8b6ff798aa6e9236ade490f540,11,1,0,12
874b1f472cdf866a516f858b2a069a32ce41156f,17,1,0,18
1ed088c2874345b42bdd97546e94c25657cf00ee,26,2,1,28
da37720449cff2cc5c2e1dd8c0015aab6ac6d5c6,36,1,0,37
2ba6ab42bea0b1fff8fa4a7f5e676f04b6c14783,411,21,0,432
2485b984d78331605ff184a893e4fb22c15c77f9,144,6,0,150
776cc6e70a2a0a2d2e69f9bd89e3d44784402dec,854,28,9,882
3642d6c0de956cf8556eb9b31bea4e5b6cf738d1,58,4,2,62
ae4d0739bc59a034e7f9abeb6bc67c1c7c0e7c48,20,1,0,21
de658caf8e21971659ba601bdf7132de32a793d1,194,6,1,200
f0605829e3846ac9afff0fcf0352cb3878fea58b,87,30,27,117
a9733921f2203075738448806ce9713037361cb3,205,7,1,212
986c07a0788b5c73c0f1afcd4fb8eee2f1a84a12,6,2,0,8
eaf8e14ad44d69471fd6c1561b14a2ec849b4252,5,1,1,6
db85d166b066e39777093db9d7f44589a147276e,16996,249,69,17245
4f69bd021a3e0951ca222e58cc1fb947c0042635,3740,126,0,3866
d7108af5925b38dbdacc1e685c65fccfa33236d4,117,9,0,126
70eea2aa641437a4c74f90f61dfd8fd1de56b08e,7,1,0,8
9c22c716b5902a5d21277c8a1ae88e4dd59d3b66,677,14,2,691
a2e173053fcd2c3f194ea1907341f18afc7f8adc,4,1,1,5
915ea32e5fbe73fbc58255328081003251706850,2,1,0,3
98cdcfdff72aa5a7ec9efb9b7f06a67b56c4ab0d,32,1,0,33
f3c6b3c5a7b610f0aea3945f5378964dc60d77c4,43,2,1,45
ec5c3a2de426ccdea619548821472291e900f28d,2,1,0,3
808ad9fe4b339dbe86ae96c1915c5aa5ea0521c7,194,4,0,198
c3b899812c4df952767888b4493a614bba87b4fa,5,1,0,6
183aa80a58e37f312e4d7d85bf52a103730ad049,22,2,0,24
18f3c9b2fc4ec58bbe690364aa6ab2865ffd7fd6,24177,454,0,24631
3ab4b9a289e585bfa580fdf82ac0eab9fb3bfdec,483,18,0,501
56768a2b2f50892537c91fa46db6b887660c9932,300,6,3,306
86d0049b7a248cf6f9fe2532b63d0e22baaa659e,621,9,2,630
fffad68f6c23c36cf28e61bd7465082d71569665,1967,35,10,2002
8555e21e9063724e6f0a35862549c0b251d4d27b,94,4,1,98
5120a245ee5819ee3602b659e4146362cd38adc0,6,1,0,7
ecba1acc80ec395d312d7e70be53fdafb3ff6fc5,478,11,3,489
3a2797e2dbae8415de790dcf1331b888da08aad9,1,1,0,2
8371e3adf453803b2eefe228adebaac3b42b3c0a,116,2,1,118
d2efe78e1bc59b79a1e544b64bbcd44a0203ce27,579,17,0,596
0a6b44cee31084f35591f3a4d28c69d68ebeb857,24,1,0,25
518238473c0a12380cb9ed96c67597d1fe42652c,4183,62,7,4245
e90ee95567c5f9525fd5cddf6c37f41a415679b7,2123,53,0,2176
bd5065b1b1a4babf7cd882b9753700e7a58a6094,412,11,1,423
5c77dab546f1eded908fd74a51eaef59054e038c,29,5,2,34
45bb5b3a2faca318ede6dd194bd2fb7fb9898d7c,81,5,1,86
d5ecf0a7e1683a060cd5c0b1dd2ba0d49c678947,59,7,3,66
c73aad7c0b7960bf41e64f60a7342fef13fb301e,1,1,0,2
612f5ad5ea6deaf7addd39ebfc6956adcfb9a545,59,7,0,66
e238d563bf374489b34e6c719d10f580e4eb7b14,8,1,0,9
0a0ddbc01fb70cce248aa75431b18f8206885a59,2,2,0,4
6cc5f18a9a8da1c741a9728091fdb5988183af81,60,5,0,65
1a19b9004ab5317e8c620c55d5faa2f1a18db577,146,10,1,156
930e2e0114a72452ca3760aac7d640145a412909,111,1,0,112
52640357b1c170b6917339dcb5933ec9fcc4e81a,11,1,0,12
f03ecba3c9351dea56794fcb829b4b1142f726a2,6,1,1,7
eff3e09cb66738e987f7993a7d68e2278c4afe95,10,1,0,11
c782241954595b4d70fe7ee38be746e17211c2c3,111,3,0,114
60c1454709c520c28d843726b893fb82db750f0e,64,2,0,66
68aa4da3507b2558975eb99763974419fa4f970f,125,7,0,132
9d2eef99aa0c1b185b8ea72b3c928db4a4c448d4,330,13,3,343
c9412f2040f97595f169bc30fc1eab61ae661cf5,567,11,0,578
ff33d803b2223df4bb2036dbdc5340434f5748d4,184,9,0,193
0f6873675d5243af02ab042b0817bc8db4d2f431,106,8,0,114
891fd2f0225e6da7a946d1deabd9ea200644f51a,240,1,0,241
4a1889bdc7e6dd4d8f6a8958510f8a08caa63a22,409,5,0,414
fdfbde7122193b0d2fe54a24726751ed8e82985b,54,6,3,60
d817d2abe08fe62528f801481880d5a09b6da2c3,42,1,0,43
d08b3b41b9924659515388da026ad1401385ae2e,83,2,0,85
9bf26ac75ddb4c91dabcd117eb0e92be9d2b735d,693,3,0,696
a1e6edcf425d59e2e300b92b538021c9feff106f,8,1,0,9
975c9bc480decb5a06d7cda5434745e5b264d401,86,14,1,100
cd4d04007ca7ad1bfbd7f358f9182f970d38ec3e,1200,51,46,1251
e3ff16abed72e2b8a897a2699fe23e0e614f502d,139,3,1,142
4b0998e5d22a94f56db5ddc65ad7fc274a1e3199,688,30,0,718
15f3c4eeb7642791845ca19cce7e47c5e61c5139,406,6,3,412
485191f36f9c1efbb8707d1ac87f96e89309cf92,803,32,0,835
8de8fe50c663a0a20fc36b82ae6a621b2864d010,329,9,0,338
4479f2135116d5f8a587af58a20feb5eb2c93e5e,98,1,1,99
0fb6d2f8d2ac2d26be48dc5513fb6702ae680918,201,3,0,204
c63988ab276cbedfac1dc5943987c94d25870f9d,18,2,1,20
7ceb20169748c99116e21400ed12f426d0771e00,64,16,5,80
4b89ae0197ca4acc4d1ee730d296d0e1693674f7,4,1,0,5
03ec10757f62118753a7bfa02749c21c6eea3d51,2,1,0,3
ee5c5ca765d778bccae444db1f8db6ae88a95253,52,2,0,54
d099d82b1b37aaa2ec12291902b79e04d30c0693,406,6,0,412
39c5b5db250a48437baf4bcb8df0dc1c029cbed8,6,1,0,7
72e2f883e1a9a1e1fa2d5c275be143163e1c16ee,50,3,1,53
87551427c5796a5d48f60a412a770b810269b797,157,3,1,160
7977052e45907b8d36340b41ba07bb1d9769af11,152,2,0,154
b6c736172006814eb848bc5abc9dd515bcfec8fb,3914,115,0,4029
fbb51b01caa666ec9625b9c7f05f80020b05d647,4089,117,0,4206
ffe1a010c9452954aabd091b25e3dc47128acdcd,2,1,1,3
65d21ebd094c2d93fe18693f5f1ff9dfbb330053,261,12,2,273
f9ed6120baa6d0db826f1e58f4fd7b791711734a,8,1,0,9
3c5ffd1ac7556b99b64aed70aea58b2d90abc51a,255,7,4,262
5d98ccecbd43ad155f1394356c5569604556f158,2149,22,2,2171
851b9ad584097bb9aa0ebc984100aec6b95d0965,832,18,1,850
bdbba0ee9a5437a3f66d05c8175bfcb2f309b3bd,4547,73,11,4620
6bf5ce46c1e6c4e3dcf042ac91a5b61a726c5821,1839,236,76,2075
4dc81ca86347107848328d1e2e206b796976fb23,199,1,0,200
ca6cd142d43a47399c51a586d43c8eab6f82163d,734,33,3,767
0879ca88553ac1299fe21bd1e60cf64e3edf4096,28,1,0,29
b843f078fa97c6a34dd4bb375c534bfa798bcda2,27,5,0,32
195147d573d7cb3fc637f74937ee561b03a3c574,3479,42,31,3521
d4f19e7f3977332c1e64465310627167b39a0bdf,6,1,1,7
4df693704eddfeea2899ec7bf6db21304116f648,7,1,1,8
d38dfcd5c4a49b6ec4be1cfdb4f28f7d152cd14a,15,3,0,18
cf886fd5816534b46a1247d3bdc41061087608e4,3,1,0,4
5f84bf498c45a9437de80806ca50419bc221f10c,121,3,2,124
d2dcc1d032c7f9692ddfe50fa8a80e375e8d4c9b,2,1,0,3
b65ca6854828c0f2368edab202ba00f31365a3e3,7,1,0,8
f337f142b9dc3f2fcbc2c0b36bbfa718b3a5954d,418,10,0,428
1181b478d7810d4485da43204c9f64757be6a8e4,7,1,0,8
68739b7cffae5b4bb3714dfe12bcf93327f136b8,289,10,0,299
ec50e23591c4d2e2332b7a81b7218ee44f358afe,14220,433,0,14653
4342f46ab4258f8219e45f4b69435f38b6d0f2b5,23,1,1,24
2b0741039e7cc6e36871b97bab53780edfc84648,29,1,1,30
4a86cae203ed9aed953cd6093884cf8cab4531e3,9,1,0,10
11881782b6aa1d45bfa541b2edf077672f1e5447,142,11,1,153
5c567aeb5458159bc41dbd251dfa8a65701f4861,67,3,3,70
5e9d9ebc1140f9647fc1b325ba81d0ad6c2c69f3,2,1,0,3
2c2a9e652b13cf60b7e878a4e20f4ab4ae014e9c,67,3,0,70
9141b3698d0ec98e512efbc78864cc06781fd8c7,14,1,0,15
0a00f03da78649320cb0bb3579f44d6fe037facc,78,5,0,83
2d8c6519d36e2d7890a45b258d3b7439942dca66,3350,13,4,3363
c5cee32a510e5a3524ff88119acfd1963c74d8ad,14,1,0,15
d369dfc4973c179861d1d2ff37fbe8c6c0543d1a,9,2,1,11
ab62ce847cb73854f31f1232144f487786a6a3d1,2,1,0,3
33a9cc4cf9b32d93e34c5855d52ce208a3fd8228,12,1,1,13
95257a16aef0bc0bbacdee03503ee483ffc75bda,9,1,1,10
e2354cb5ea8965276c3696895c86e51315765571,101,1,1,102
41cea0bc2f887881a78436e54143313af27e7fa8,9,1,1,10
8e1439782b993c8ccb974bcdbd55d4f2b28a5489,2,1,1,3
ef732dae02673c2ce79575b57454a573f0d1d591,4,1,1,5
5eb40528bd6e52b4c13a4c21ecca74407b081898,2,1,1,3
e4f203b512cba1dc8ae82b506cadebfed3fd7f65,121,4,1,125
fd7050c72c8125ed1dd213ef781bdb9971d00413,25,1,0,26
3e509aa604ca342b3f42a73e771a5a4f678d7132,2,1,0,3
dea416fa65874d4e33b37b46368f9e476a3904f4,17,1,0,18
b52a84e885b0f88971290200942e0bbe01252ff6,3983,106,0,4089
fb2e6d4ab00e3e443bdd896918e812d6fa6119ba,153,8,0,161
2300ec47da979847c36a41e95bebbbd3af1758f1,17,1,0,18
ff9e4559711c69c73210f5d91036fc829b7eef17,55,2,1,57
34f8c244313ebf94b65c40d5f17dc507f2b54251,22,1,0,23
2101132fb553c83a2936bbd8501dbdb696ddd054,451,3,0,454
c49daaecc8db6c0d71927cc149274e9b51e37911,10,2,2,12
9925bc2b87238ce3ff58d138baa11aec169e27d9,451,3,0,454
6aecaa358c1f9365eb8b1d073634ac74cc65f4d6,70,2,0,72
b1c56a10503aacf04bd1cb1a6c006d7534fb7bbb,84,4,0,88
9b3987d9bef7eee1dbaaf68b6325cf477bb43bdf,6,2,0,8
2b030c0dd40db0e0d400fd3652ffb609bcd9ac06,125,3,1,128
db07d5853e80e6e55bb54cae138d2908fd976f2b,4412,112,0,4524
b3adc5127dd897dd035224e419b020e6f7a1357d,14,2,0,16
4d201dba5a66a3771d4a2d7076d6bc95a0def9fc,44,2,0,46
9ebdc1106555d9233d5d328fd6cc71f7a1402490,68,5,0,73
87c6bf2b761f585dee095f9a56641b4741d0db3b,599,21,0,620
b7a19ae7b54f05a0f2fe8223397e59f34b4f63cf,18,4,0,22
42c04ddb17f560f4120636431da20e6e0b1422a9,217,11,0,228
29df01dd2196fda7ed927e67e5e8bad194ce6f34,8,4,0,12
0cb8a0ea43fc9dc1902655c32ba03968a3c3b517,84,4,0,88
3f8ef4f821908b1a910a36c07457553b17f763e4,6,2,0,8
3bf8b0319fc50cb4a9294f90f4cf7b689bc48a77,9,2,0,11
5f5c5f1ba07cccd1ee072f4b1f95d32459d9507b,90,6,0,96
40db31ef76303215db1703166c94b795cd2eb2b2,59,5,0,64
4e973551a4264395aa7fe167aba61736a0d259e6,22,3,0,25
69aa299c9f9f864086266d618d28b78ca407b8ac,17,1,0,18
6283bd83ed42d12d9aa9eee37b4ce86596dc2351,219,1,0,220
4eb8c5e4c687edb1c695d2d38ad93cca09cd024a,9,2,0,11
752dd65f82221fdc7570c50ae4c0d41652541422,17,1,0,18
3d269d7d5094acb9b8ac86de16fc16c8c80ec5e6,128,5,0,133
73df0354241bff62c854847c4c98abac8a5b4c24,43,3,0,46
8b85477eabd6e9059d3849a277b9494845b67293,4,1,0,5
51e6aed7c82e4c7885b85c57a7235f0d5872b7e7,3,1,1,4
0292110a0427ecce0b10f9b3393d0c1b94b254f6,6,1,1,7
d285f82b2540f84a88d4c655d6e3a74680b0f766,13,1,0,14
e7a7751a9d60c541c57f570779a6301abdb696b5,5,1,0,6
c5882ba94a21859dd5fac7f50b792512492c7018,16,2,0,18
59dace5a3883596d7edb661e6f8a328cca4a059e,2,1,0,3
b6ad6c055a1870945222b4b6a49ca7b670a829fe,644,9,1,653
b1d8a4975585dddc6256496c3c797362eddac0ed,567,19,2,586
86125baf871d2a686fa1e8fb9af19ec44e013b40,2,1,1,3
c4447bbbabcd47649349af2c1d7129f6148133d0,23,1,0,24
aef982c1953aa9eacd8aa9e2fe2b6db3b7be463b,21,3,0,24
f36ab7ce5e32a98e6bcc6c913a38552d481f47a9,49,4,1,53
e651aeaad3d0d40859145df8e810f29ed9dc1d48,36,1,0,37
6aad7b2b8921c47c6bddc7293bb1be8679156438,615,24,0,639
70eed75422ea50a7bb9dbe539e2b9a62458e57fd,223,3,1,226
a79724dfda4a9056d4965ca9e47edff53679bceb,2098,45,0,2143
19333f8b61597617ac16593edd8c7344c02f21fd,20,6,6,26
b3e0753e78d21549ee9c1b834d682cb5eed1edc1,7,1,1,8
162ad951c9f61a2fbe10e1fd26490560113393b8,5,1,1,6
666aab9f345743f5faff3751bd8bb14296bceaca,5,1,1,6
abf3ef9e154af86dad0d691dacfa1197a9d34aed,5,1,1,6
c50c1da4d3d70c2de3c5ce2c3944977f770ffb62,5,1,0,6
1a2a0ed560013bb8e3e0d64fc665efe527ae886e,5,1,0,6
c828e0cfb1bd4700883cc6809f4ebe8ef1f935cf,1,1,1,2
1a52eb5291090e43a8e5da21fd931cc3cae37e50,5,1,1,6
4c5d9b2163f7f233d06bf714c01d4c07097ce120,1,1,0,2
3fd9e041942f7faa547f2a152ce84fc4b1641028,476,25,4,501
b0565727dd696ce89cd124b56c2715f1234ce9b8,89,4,1,93
83e82c12bc93a0347b135dcc535d2a7255c05fc9,124,6,0,130
ca9b068f557f26f466278c4b0344ded952185d28,8,1,0,9
4026ddcc2161ca4bf5ad3dc04cabd284c608738a,4195,48,15,4243
d15e2bde13d9a01484ea357e46f9a10a29fee227,96,7,0,103
05fd6804e769c98a3d08556cbd2fe6c7efcaa258,12,1,0,13
037ee6f4555a0de403bb829e0983a715251191d9,8,2,1,10
7f55b582b5181a6a1093260664da8e3677b843c4,5857,89,0,5946
92f284f3f303d6877f97b718755c2bc0c242ad4e,28,3,0,31
f661fc5ee457f753f388c8f19a16d30277287d41,12,1,0,13
b48f4dea994fee47c8da4ddd00d9e9dc6d412e5a,3,1,0,4
00a024c6563e694acc3ff08557548451a6c4012e,15767,314,0,16081
973cc1caf3986895b5161498091d9821a8711978,98,4,0,102
4a274bfac63127ea30c82e5f71b00358fab621f2,257,15,1,272
aac08bd8c7ff294c3d9fcb3a56c4ec69fbee5369,18,2,0,20
cf2aa40a1e71637207c3ba8fadb5d9bccc92d3b0,224,14,0,238
9600bfab2567bfd042c347a95b484f22c1352358,23,1,0,24
39a38fd9338d158c9d150f7832d00c82af107dac,3,1,0,4
07c0c4e5e2464603c1cd4c2e8279912535e25a6e,322,18,0,340
279612e50e3c358b1b5876f90d7c860b8598b37f,3,1,0,4
eb4d4d98a07695dedab293d749b3126697033f84,68,7,0,75
c70d1e8ab76daef0ac1f8982d8af0fc936f29d17,14,2,0,16
640725afe72c31c6fcab223ad41eb6b3e260d724,10,1,0,11
1f22c409316e04cb66e861c12926ca0b9a34265e,630,12,4,642
804ce8243a8d19c3d5b4ca96b905ec18ee0139cf,154,22,5,176
4ea16c410c444766e5151bb798af750836287d2d,56,8,0,64
18d0849c0f6a6b4d969d709a0531a39b95a1c6bd,3690,82,0,3772
c395996abd64841e1864bc8e597b0dc8c364a871,313,18,0,331
594a56925a6b3eccd6efb37562ff99ed2184ca95,5,1,0,6
d5f7d28d2510e2bd1068b2b2fa820d630e9a12ee,56,8,0,64
5d0b5cac0fc3038837d433e4e7fa5a4c456885e8,41,2,1,43
9f61ddb1288564d47709cbb80d869fed1173503b,12,1,0,13
77dcfcd70f4117e6731853597adedfe5c9463b2a,3,1,0,4
4ba631aee6b1cdc09a2ab68f233bfcd15bc3e891,2,1,1,3
3c8d62f560e271c46346e0154096a7ff512877f1,67,2,0,69
e34db1e14ab6a25b62bb65dea9babafb19192915,4,2,1,6
c5d4c1b7238afdc7ba1b44868372fa080213880a,12,1,0,13
01caff4d851401fbcb86d370e5a34b51a2035387,2,1,1,3
e2e8d10b1f8c6fae76b8f21e99a55bc8be1c7b0e,55,1,1,56
c77045640dfbf026031cb0444311dec14b5ed202,2,1,0,3
ca585f033a3f7769157935ef7ca5fb9e036c36d0,12,1,0,13
5b8eb6099f6057b20b48060302b16f90e57d7b08,18,2,0,20
353e5442d06b3193bb32bd33091c7bc879e3272f,5,1,0,6
5bb7b23154b15ac0a3f926a26e4daa8c585e7422,207,5,4,212
5bf876f67362e6745756b051ac6e56d60015a093,7,1,0,8
3d023f4b0515dffcf93be2429d80e8ff22e768ac,7,1,0,8
179972871d5e6c214046ae878e8811cd899baa67,330,4,0,334
d64d6187241909967fb291e569c12cfdd5f059d5,9,2,0,11
55d4443243951d220ca0bb72c8ec45eddaf0b892,44,2,0,46
e6348d6cba34e53d55444aeaac55e4f83886d5c8,2,1,0,3
7d9022b26ab60bf267ed91007654ca837a177d6e,166,2,2,168
1288531edf471515f409f8d9446023b43c3b5992,8,2,0,10
c10be5780589cc84e7929e234e4411d515166e0b,3164,36,0,3200
bd9b08ce17db62aab46873a965e33741521ffcd0,8,2,0,10
6f06ce9e36bd5ec88e2bd1ab00b9605997276fbf,2,1,0,3
ff678ce3823e70804bfea649dd67640a295aa9ea,2,1,1,3
cd4e5d8721fc584a0e8b0aea66cae0d9e397ac74,5170,139,0,5309
210c697edf1d4d35200b103df457c3609c8c1e37,2,2,2,4
b7107f771df1726535883ff574f0d7ee536aa904,5,1,1,6
f21dcd15264e7782c225cfd46b3dafd3fde35d25,9,3,1,12
f6f6e475ce851154e5461c25c38c8df685c7cce1,23,2,1,25
9379cce338adf3bb8d815cc6f43d2b3108703f3b,5179,142,0,5321
07931e463dfc64e7c3c7c0c712a7c8a12839b3f2,4,1,1,5
40223ae120afe2efc225939dc6c0b27360272e35,20,2,0,22
269e57cc1f4e9fd95363785b10bdac1fff863386,4,1,0,5
77aa61b071cf725ef54b26bc1d6c1945a66e0354,3,1,1,4
14f958b43c789d2fa7c02914a1176e4df16b6a82,386,13,4,399
5c988cb7b9a8e9563f7b3007dae133130f3d6681,53,3,1,56
64ded765fcedada93cbe3836c109fba189efbb85,42,1,1,43
3f9221a30ae47f45ad319d1c90852c55ea3c047f,158,7,3,165
44f2d4cc52ceb378c4298952b26557a50c3930dd,2,1,1,3
9def3bf1678743c862c6eb14fc87b96c91e0fa45,2,1,1,3
ab7d7955b5f6ffe170ca5588c6c45d390c84df08,18,4,0,22
b71ec1c7338608ceffebd0ccf40a3cd0c5f7212d,2,1,0,3
72fb7ee049847cc9ca25be0d933b40ee6d597a07,2,1,1,3
d317dcd556ee5d8f8a2f75f2de68f9e5967c87fc,14,2,2,16
19b33899a4dff8139b10933f87ee7ba5b234eb82,18,4,0,22
b73605d442b9e7752a3ff578227f6bd0bba06370,2,1,1,3
c7f0151edd593439a4bb30cfdab63e6f4da17039,4,1,1,5
3a6dd65265b6ad50c2931c615b3fa081271e5e8f,13,1,1,14
08a09f3c0c0146416595dc5b248d910e14cd2a8a,3,1,1,4
d6c64a82ac738ca4acad6785c87b6de28e9760b1,97,6,5,103
6869f26026662b3c3ea15792361b1b8122462efd,5,1,1,6
6c25d2a6fb3e4f44e245f8ea3aa196801eaa57bf,37,4,2,41
32ff1666fe2b5f141d8c93f6aeffc195f6bd80a1,10,2,1,12
7e3e2fbec1a9c3045e890d9cc1cee761b3cc9de3,6,1,1,7
2f5890cd87b950ce64e47dc099a66f940e00b863,10,2,2,12
75bc858acd0a60e274af34bee7d63a4d448dc558,16,3,0,19
82538758af343a94df1435cef5aa0de317a219b0,4,1,1,5
5eaf41a9f1f424b60d1bd06280540def15357b7f,19,1,1,20
2d875e00185f168ce524d3ce654cf29127f106a8,24,4,0,28
d16e22c3af0411ff8bc88d0e1cd029d0da79e0b9,11,1,0,12
7cef5d89479f7e1418661e4d87bcceb723a8b06c,44,2,0,46
265a029673296796d9eed8cd225294fe6afd8433,14,4,0,18
4685e28e5c88eff9603ceffb211c76df8e2091db,3,1,1,4
eeb441abf28b320c3189aeb8387d4745c3cf18dd,136,2,2,138
6dfd15323ec63eedf416da5e54177e21ab435ddb,3,1,0,4
efd299f401ea34e040037c76be0c9f86e0e8e239,39,3,0,42
845f42fbe02bfff4ffc27f3481b204f86bffa5d8,39,3,0,42
48d862d499f2f2790d86adff95ae653825bfea3a,40,5,5,45
f8723d19726914106280c505095469048e9202b9,39,3,0,42
b61863d2cd48874b11c0e25c1540ef577795e7da,13,2,1,15
1aed03e4e8756c96507e7f867bec65083d03de3f,2,1,1,3
8b66f3b2a1859be9416daa803e654829224366a6,40,5,0,45
9b36073ae033a4532c6b015ad27c38704012cfdd,623,47,0,670
c10c275de9ed804278baa570bf8da0ed4e9a34e7,3,1,0,4
617ce67dc22efd88766a0cdd63650102dc8b17c6,4,1,1,5
bf55814d2cd689ab6165c65e5a41e123234d4d54,197,8,0,205
62e8df4a78c4e8c044de53d62f908c4c0d0e8c30,39,8,3,47
3a76550274672f5d296b72a5e541b9cff556b821,2,1,0,3
97372a2ede9f8f61b42d82f7d17afd044c8c1776,4,1,1,5
dc32104a8c191988ea4ede0563b84186dbad7db6,67,4,3,71
e50bbf34fad19185fec353bc3d4111fdbde59f87,11,1,0,12
029a0b371520d7b7ecccdb56f39fdb76a0ac3a9c,67,4,3,71
5ec5df32d3b83dd0d59b3adc3c6474e79ec67596,5,1,1,6
6483ef6e254d43aa1049aa4d0c9c5585ecb7cbae,17,1,0,18
96b1f61371fa1af0e469c2ecd23264d9ef6b4d6c,70,5,2,75
be0957a865f5c83b88358136a8a442674c96dee3,95,6,0,101
f6df8fb0eb18fabb8d74c1a5825192b36b390545,5,2,0,7
d52aa800c95f1b9fa6c2fcc2e349fc88a259102c,417,11,0,428
57bfba76e2e1f914f4a00c9deb9a57a14ad2a6e4,245,15,7,260
29c26936872027cbf1256648b81ebdb796448fce,309,7,0,316
2888097e118b98e935959338875d32341c1d1e57,7,1,0,8
be804b974c4d05e91253684319fbd900e95f5799,309,7,0,316
f391196b44bf2f7577e7c989785df38fa66e801b,4,1,0,5
c8d572fdd724177b4e88c416bc21243a5ee4f733,46,5,0,51
6bd4db53a64a82dedcfcc21d6abac5d1103cba56,2,1,1,3
c99639c551d135f181a84aab8c29988f227a562b,50,5,0,55
5376f22918627e53aeade5abd97726b710e53090,2,1,0,3
ce1de0ef78bdf59588660eef16e26f18970ee4b7,2,1,0,3
afa0810639e92db2ba229a6a829109e399e34637,2,1,0,3
7d3c5d05cd15b82f8c666d6ce43e58bb79d26cc0,2,1,0,3
848af3609f9aad462d5e939e708d8284eb5d00e0,52,4,0,56
d21e6a5418e63ab3c282a5a12d1dbd5e02ddf91d,52,4,0,56
01e5cfb31fb2c03b283123f0d110cf07ad5de9fe,62,1,0,63
8c04df63f128f2c09ae57b0897deb65f94537202,2,1,1,3
ba809d2276b1cf2ffab4260dfffaf709a7faa37a,193,12,0,205
ace3976973ebab084fb626f8bb47606c0e0ec4b3,4,1,0,5
636ddb088154b8019d1e748ca1e43a2e627b2b52,4,1,0,5
3a1658590d028c42435f47fcccceedaa11c9d436,2,1,0,3
44c723c35847cf6eb13dddd1111fa2ead3e8bae7,145,3,2,148
7603b0cd78b53b5c26c4e4f79eb8f0709681784d,46,4,1,50
bf3643dd64c7bf309774a87ccf38153a7a8ee118,2,1,1,3
dde55064d7c899eac50d035abeb1e60049d30f00,42,2,1,44
df121b553d3e9810d9931f76ddb42c32a75d6fc3,45,8,1,53
6b6de99153fa08d2d3be4a720d07d5dc4fced808,14,2,1,16
6a8b99193bb8fd989f96fe48da0ccef769643ba8,0,0,0,0
52626df05253afb520c5d96b25c9177ac38c61dc,2,1,0,3
e7d0e7908d3efbfd8e1d30dc404f3c1f8641fef5,3,1,0,4
b172b4b27b07d09e726faf0a3e41747d6158cdc8,14,1,0,15
1feca2176b33ef9c2260d06107c700d68a55189f,3,1,0,4
993c021f1a926ee54bb03ffba2a22cde67ea9a5f,5,1,1,6
1c653cb2d432bb6d629a654e02be0a17c0765b36,19,3,0,22
5a636646137bdb829e0aa393acaa9b7043d0c465,4,2,1,6
369133a0405b857728bb9d157311edac21cfeba5,18,5,1,23
42e8ca632c4e34c31c6c0d8f1aa899aef3e1ed43,15,2,0,17
599d1a8f240718913aa77fd2a1c5997e8249f46f,18,5,0,23
2cc0b7315d7d6b16e5795faf5b1874f05eff43b2,23,3,0,26
59ea90dd1f231cf3722fa2b9d4df6e0891b7a40c,94,1,0,95
6143bc96917409af9e267af789d802883945867a,2,1,0,3
25d5297142a4d89d9a3c45946336099f4b62327a,4,2,1,6
6b29143a3ca29382c0ef8883b37413ad0e6903ea,15533,282,0,15815
b9bbeb89645400c8cbb0ad98b79bbd73a966349f,29,4,0,33
d4bf7c989727c61b1c990f148d207b4065f1e22c,32,4,3,36
7a3322c9cb6947d9ba844464b1865f454d95d96f,6,3,0,9
c1e2bc409b7753e1ac0ea89308d296ba7d8d0a6e,2,2,0,4
ecb9e4dc31b48a3de2f676d455ed8286379f85b1,97,4,2,101
e1ea70932cdb742adc84183ed4b36a35c3eae6e8,4,1,1,5
807cab28575efd221a0cba9846549a6ad1273ed6,54,4,0,58
f6f5e49413072a74c3712f3fba03946807ff58c7,20,1,0,21
fefffc04b0665c6d8cf65a88ec24ef7945b7bce6,12,3,0,15
28d72d841d9df333b150937d61ee831207668e37,3550,49,0,3599
96c37c6e22d72417df63db0aeac2b6ccd8eb6eb7,1621,28,0,1649
2503f9ec2c5ade34faa77e72670061f430da3ddc,3,1,0,4
4c8cc0896e2a11d8fa810acecfc5a90e2c866df5,99,5,2,104
9bf4ca4987a0b4eeddb857db6941efbe1bec9690,8,2,0,10
b544678d31c93517525c61dda4bb82ea0ad4190c,99,5,0,104
5560b12c0cc87365b504374cee234e7011c4756b,2,1,1,3
b23164c504a003690d76db29b483e1a81205a114,58,2,2,60
1c1dbbd54e99007b3d74230ae18af6628c0e674a,60,7,0,67
19a78a9d90084e72c194a8cc4017bbdaca0dc761,74,2,1,76
9440fe6c5aa6cce6bf3e219504b6c822a040d15b,56,6,3,62
f58b222907199ae51cf02dd48eac99ea3a2f1ae3,2,1,0,3
9a05260d2c90053e3d7ddeb93ec27ab30a685678,78,4,0,82
3aca39ea31d7496bed3a4088ab9a8b8eb6905695,101,5,2,106
c507152089c598c56994b7ab35ed3079a69a8094,61,4,0,65
97021944f9e0167a7a037208f7a1a3e731597d0d,216,12,0,228
b16f725ecceddad3e97c98af7b0fe1e3ea256179,37,2,1,39
7c515eef4b5e07d8799a860b32ad472d77e319a2,2,1,0,3
4133d0d06b158e4d44616bbf9eab77479de5300a,20,2,0,22
9b77b700f0980db94f358fbfff3fc7ff7d18dd6b,4,1,0,5
7e9457e71200bfe6218f7805328d45a42918da92,342,3,1,345
6f45d47759992f5ceed2b4f61bbea92ee6195842,13,1,1,14
7ffe15ee892b8be7d83d424c08cebfd7b011d28d,19,5,0,24
c098d75d4d767c7382867ca0bcb9e32a279487df,223,9,2,232
b9999269468cd6e91a8c855adb2efc6e017df09d,61,2,1,63
0d68cef17882740b89c16b05ac73d89e5272b941,4,1,0,5
94fd73186b591328f2244818174cd8a2f5a45be9,61,2,0,63
92f66b23e4beb613b7dead87111ccc54aef8bf22,663,7,3,670
bebe80e3f5ce2a3a078800c05c3e2eb8d8cde51b,37,8,0,45
63debcdb1d6bfb5402ca65197d516f82df105574,531,4,3,535
9e06773bed20e15772aa51ec2c2bbb4c984e8912,1190,29,0,1219
039c02a67eb880af7550c79c6c5a92e1a589efa4,670,25,4,695
4debe5b8c1383d10770a024e179a9a64787105ba,2083,61,0,2144
b621431416a692af8ff3172331ee665efacf9ff5,47,4,2,51
62a427b2f2c1429dfae86cbec23abb6071cb5196,2,1,0,3
7538ed19b18b445b01f83daf7d5bfacd37e8f9a5,2,1,0,3
e35358cabb08b62166f6ff7dfa6b55296ac68704,2,2,0,4
f3b067271d5f1e393ffc01479ceaab541e143e8c,6,1,0,7
6391b3d0db2b0ea36fde50301951dfef6aacb5ff,21,1,0,22
ec9d47b197738459b7721d5b393f5be223cd76e0,5,1,0,6
7b17bb85f262efa991c83e92cbf3545caedfac33,7,2,1,9
42b8000c7fcc5e45315c191b95def11e806cb02c,5,1,0,6
285644ae597a49c25a84c21c2601729e40459c38,11,1,0,12
f0c62ac0fc77b4dbc438dbd23ce756dbebc0659c,258,3,2,261
8b0f3c104d27a298eb0518f67183c81ef07ed47f,47,4,2,51
d2b47591319967264d8e0b7364494cc8208c016a,20,2,1,22
caa4f25e989528249f4755cd59c9758dc1c31641,8,1,0,9
a9db2ad01c0ec04a5edc42890acd535653bd6f88,275,9,0,284
fd09d301b14a2e20774503359bcef4280a67da92,38,1,0,39
f2a5a93f0748f905ede77ff84787947a0893c3f8,21,1,0,22
acf0441b043a04cd01200d955e64d73e40436cd0,182,1,1,183
07bf0f6f3ab5333ba42808c6b39000cf13b77f5c,292,4,1,296
1d88bec2da02b6343ee867e4fbc25b00e67c1fd6,5,1,0,6
4adfca9dcbbb8709744dce5a986e193ba4015eb1,4,1,0,5
eec0fcf313c6631b44098e203365e7f5cfd34d54,263,2,2,265
ff151e5fd1b0d9782b53e88b46fb7aab9dd019a7,650,10,10,660
1cb9772833261a14afc8aae3e6005df7fb28b83f,44,2,0,46
3cd30f0640fb9b77d4db739a8291055c2207aa4f,558,14,0,572
cff23a99b655bc353e93fee5b2d87c5f76ff8d7b,12,1,0,13
8445b315663710507e6e3996223f01748f9674a6,173,3,0,176
f0f59631ec05a281af671f6cc246ca3ef443e083,1092,15,0,1107
764eeeaa387f1800d0501cc1e7060c1125b3ad72,604,16,0,620
3dbeac440591c8404bdbea78fc46cdff7c2f432e,7,1,0,8
d6972e95367d93c1015b6bab8dd4dc78ae2fc1e6,39,2,0,41
1ced55b6fabfd009e98a2d2010bf6e9a01a30fb9,7,1,0,8
f618640e6972ed28153e72ce0eb0747d87b83018,2,1,0,3
459dc9e455ca23968210a50ebe87d312846cc48b,24,1,0,25
fe5f551963bdda28e6b64b9827c226a6fcddb684,2,1,0,3
0bd6e8f44bcd8385b82480a4bf850b39d2adb3cf,2,1,1,3
f6cbba3f50668bc5dedd5b3e4b3a98ab94956492,38,3,2,41
4936c8887f3ea58875c257ac2b999f90b6d9818f,10,1,1,11
50376045c2585ecf7a944d54846256e7b9bb514f,284,26,0,310
94170406cd974408ffe6b8276c785b443832484e,10,1,1,11
3240900902fd302d1d40bf43af5b15be4a0cbef7,13,2,0,15
db8112fc67c7d539e7ce28f65669b33b38fabebc,13,2,0,15
5699be758110d007c2cae3da2edf83245c01907f,6,1,0,7
771288f4f76f81511498095e12130dc5d2899ce1,19,2,0,21
ce5f8e9016f088e55d13051075ca13b8d3317c06,75,2,1,77
531a0de302a00e2285bf4bc16bee1f1bdcc7d4f1,1,1,0,2
4a1fef5cb2442833e1110fc45b341cb146592bd3,874,24,0,898
6239e04a8273faa7763d2e11e933b1852637ff03,4,1,0,5
b762417ab43d78d451feaaa1d1b046ff020a8424,4,1,0,5
68c0281dc0f1784f5de2c8ca68c7c2a89f93c397,19,1,0,20
c697d4509b2d3ff7ef5bed93a9b697f45c830f8c,38,3,2,41
f4f8562e8b61e09e14aad61d0d5cf98a2c896101,97,2,0,99
18bbb14e35eecaddb86ec4361f18a652b9559836,207,5,0,212
ad739d59d5517994cdab18a8a5dad3cad7b9dfa0,7,2,0,9
ddeb935b12009fa969f5971a51a054d429045c8b,20,2,1,22
f202e0fe62cc40d555b3efb038de7c7fd7a96f47,7,2,0,9
7db925c1c445260ffe45a8ede54d24d99db0fddd,99,1,0,100
e1ce7c972cc128b7aa82eb9baab50623292dc202,266,8,3,274
c4ddda3c730ccc3d5de4245049819605769e918c,200,7,0,207
bdd31af760f745c9ab05f75d100649a30dfe4f1e,199,34,8,233
3cc13eae99b2f4f86a9c679efd31a4e87a37d4fd,26,2,0,28
7d42dea8e3e50707c34e8e8d211cd54da1505210,87,2,1,89
c08849cdb362f1c699afb5d04383fa3200193539,87,2,1,89
5093660d758ad4149d5cd135f3cad3dfee0ae6e4,12,1,0,13
fbf9597570211209f968d802e91efd997acf49e6,29,2,0,31
64596ea8348105bf7b0e931af89e31190a2b53e5,6,1,0,7
ae5ec942710c9c70829288169474787d1e682b35,87,2,0,89
211caf15fa4d2f01ac09c7de414272b8c0d8d908,16,2,0,18
d84619775e3960f30890a467b897315deed20ab7,9,1,0,10
15613e2af5e0a4a0014bb5c6d6f6915038b1be1a,246,37,0,283
a5abdd579cc7ace5d17ebcc6555e3ce66c777917,83,5,0,88
84c7427a53a8e1712b1d0b763d7539c9cb844cb6,4661,17,17,4678
c475f2765ca557191dcbff67a070d458143203b0,16,3,0,19
6c9d2228d2aba6ba5be64bd20ef244e634aeaa5a,373,7,0,380
f39129020999561e9def300b9cc136138ea3698e,3,1,0,4
b69f53e0ccf9d3da42a99d4423fb3d8bdd60a7bb,111,4,1,115
ace802990822fa9a68ddb9824a159dacedc05901,5,1,0,6
2e7adbfbbab62f3b98e0409d2f4ceabad89b4120,125,6,3,131
54084f566dc642afac88f48a5efc3319d70e46fb,10,1,0,11
9743fa3d711d0f1bbf0fa7ceec65237879f76d0d,15,3,3,18
114c42e14013fe5b7bd6f186f7db59a533d61f68,31,3,0,34
77c5dc7455b9bf020dee549cc91286a897dbfdbc,14,2,0,16
64c156e9252395504af00f09d934f36b6bc21913,66,3,0,69
ee7566b1063de69ca4f261ee2088d69d231b1c2a,7,1,0,8
b223076c4b5d09fadfd160f2d6db9210334fe90b,2642,115,0,2757
44f3fac27bec89b5e70e87564c527e48565ddd2a,2544,22,4,2566
90b67fa1b72b096943499e26e402988840bdbe97,24,1,1,25
50bb0901255707dc9601159803363a36aeafecab,15,3,3,18
5b7165ca717de038249570c4213f050ba9b5aee7,17,1,1,18
54572c3023dc03a55621fbb4754888b081791e31,3,1,1,4
44fad244aa40f552159af153fefdf25d47c7375e,7,1,0,8
1337901f04c866e20093b20449c0872f089fb64b,6133,104,18,6237
b67b8c4438f240038b61ca65b947394106b0e43b,7,1,0,8
f4ad01b7a768e0d4603d00509aabdab62525d8c8,8743,131,0,8874
f9f13cf083b481f004531710ec3835afdf5b7cef,22,2,1,24
aa21a9b59ec0266b4fee16e02d2796e6e0d1a9b5,9038,141,0,9179
301f310b6348b3f6fbe54b16d065569755e71bce,66,3,0,69
58a937e5310c62ccb557d8da959bc4ffa8bcca62,37,2,0,39
0f9a895a04cd4a4f6be8e006fc2afd6f720b2215,66,3,0,69
15da654a3e5c2bbf14947f0d3dd08270a9ba6766,81,1,1,82
0357c51c68540fc14de83ea36f0cfdc7ec987b80,15,2,0,17
7504b38a603e593fbb190e9e1e9da262cbb8f855,4,1,0,5
ad42f6205b3956dca0ee54e85ce385e6591ec7a9,280,2,0,282
80c95ff79f344daf1fca3f094733a24bac2a218d,541,7,0,548
29d532e8be971ccac40ece00fc84a6a6bffdad0f,541,7,0,548
905e34d4eee40f9c31288eb9563812f6e9ab888d,172,3,1,175
69357c5d8be431aa51fc3add9e345807fe984fee,187,6,1,193
d82b2b81a487e244584a7101c6d0e3bc0ad38151,22,2,0,24
09dff9bb15468a7481107f66ea046ffa5eb6e7df,199,9,0,208
dd30e584afd841f0fa0923cefbe49bee2fa1ede1,4,1,0,5
836906c89dfb880ac602046c37b3a2dba3ebdc46,2,1,1,3
651ffc544bbc32cded55626adcd3ed4cc74f11ce,5,1,0,6
907d4a8e04ee96b78d4e53db69acf13d00798c91,5,1,0,6
740b0b2bdb37154857363c1d94ec88d867bd8b65,272,8,6,280
c84328d46776de62a341c64a463d3d0e429768a4,1,1,0,2
6e371ec6a7621e8c764762251f343b1b113c0754,4,1,0,5
c3401cbd009d7b9cfc8aed0cc9c3f34fb5f433db,140,3,1,143
3f6c1743b3ead0d861075f60d7d00ab238178333,5,2,0,7
333e32b58fd6e7341fcc14b862140f244b575315,102,2,1,104
c396b0bcfa5f959013c94ece47dc1111fa650d97,68,5,3,73
1cf402f379516b01ef7317a50c820bf0dec25d81,18,1,0,19
d8a50e47a51718c9ef202375b324695b78225813,211,8,5,219
9675061e3f1d190d46f55d1de6ce962b9da7dc8c,74,1,1,75
4a169dc5625f6f9794c17bfcf5bc1a318c91a996,230,5,2,235
1130a87a3157ce3a786994835fb927668c10d558,74,2,1,76
2f1270ee9b3edf8c50562e33275dfbd3807d608a,137,9,1,146
7f16e6fce3e69c39cdede955efde50336ef2e7f4,607,17,0,624
9c6a65e2723ea8bdb33dde89190a1b12799faf3a,43,4,0,47
64d6c98d88656132e89977806ca0e9152eb62427,60,1,1,61
0b4b5dc0e6763f4cf27ed8c9d38c6f4b10037ef6,17,1,0,18
516e73a4baf21c86f46bee03a00e336db3ffe567,26,2,0,28
3259e2bb9d6532dd78e71314dc55a7a021090f36,18,2,0,20
31e9d3b1701f083d1276a9ef24eb10dba6d7eb12,26,2,0,28
d1d6802378d874b039f775fe787f78c507661bb2,11971,214,0,12185
ab5267134966b466a2d4bfba15d0c7e3ebe91139,29,5,0,34
85d8c6572d78c7d6796906d92b566e2fa5b116be,56,1,1,57
f589628f4846f14efc8e702b61856cc90a3d0dc7,50,5,0,55
30922ed8ac518749a2559aff51fe183a890041bb,17,1,0,18
99fd75dd7766318af88a38b5640a648bba3ccdf1,42,3,0,45
4fc8124d9538625cb0a95c918634b43ec1319bee,40,1,0,41
984ab5bd3c08b2af9222964451acc281b92814b8,165,10,0,175
7adb11109bab5d83ed4f376b0cad42b026dd0a71,52,1,0,53
2a5390b1c083819f059e449b34a5979ec35b7755,127,2,1,129
d232648711c882ed304eae89ae19f151067649fd,84,1,0,85
a9387adef490086406b05fe961ff0f3151045caa,36,1,1,37
13399d530f3458c3bf59634857cb05f801e8cc34,6,1,0,7
ea4420e6aad509c4ae58d6d0880918c98fd1959a,36,1,0,37
0d6fb1ad73e8ed448dabe7c0cc631222835b52c4,6,2,1,8
a1cac1b7cc1c3afdcc12afb08bf1ecdcb6f28828,48,3,0,51
55a5ca019db7d06aab2fb567dbc0da1f133d0fb7,6,2,0,8
99713feea764fc8c3e5b247a24698a2c04d3bcf4,328,6,1,334
45cd87fe73db117f5148ed2006f8de8d2517bbfe,24,1,0,25
fa974286e8f066a8d6aa57519edf5ec7761be095,1063,10,0,1073
3c887378eb64d2d236073410070082e5699e8334,1063,10,0,1073
3314a4513c816c027dad80258ded1fe5a4c2b700,43,2,0,45
517a23d252078e62a8addca55ca78497e5226b5b,24,1,0,25
993f7fbe1d49a524e2dee626aef72e16fd5d3cda,201,10,2,211
e5c2ec5a62c0d5fc268275ea9277f6933a582966,34,3,0,37
eb37f538f55a471258e49ee2fbf0e8f234829def,87,6,0,93
82e5f8a6553323e793c01c54e24dda6d47188ce6,328,8,3,336
cb5ae9617af900e953e0f6f065adcd707d2b3830,3,1,0,4
17904cb174a340ec928f4a7a4b12d294c2240d0f,4,1,1,5
36716fb1f4de5d1f5baab1e27afc95583dd4c7b4,953,17,1,970
a53544410dd15a3a5112d6de88648db21bd3fcf3,504,17,15,521
17694c16d449dea4d4e39a271dd39e838c581858,6,1,0,7
0b9527e851fd7c1d63bfc427721ca8af80d54b0c,6,1,0,7
9790a46c59e2fdc29703246db3dc7ba9abcd108a,959,18,0,977
b085fa0db67f8cda01e6927715241b10ac43c0f2,456,13,3,469
313f86e5536f82cf34a9a95ad16fa1afbe37a63e,2,1,0,3
f1c8e59cb9410915a6e61ba6f4f63c6f3c795c75,32,1,1,33
17d881ba0122a7f90cac9846c376300a1d001bdd,1089,21,5,1110
56868102ef46e37a914593fa0f81317ccb8e4cc4,10,1,1,11
f2568b76417aebc0e3c20003a8120b2d2adab3eb,940,59,5,999
c52d2bf312b3c950a187db74fff5a7348e3709c1,172,4,2,176
01f504ff83cc77f80d37981b5c5a15b653861bbd,161,5,2,166
92becc8918f0cfc0a0c0d94c19a93d50d5ffb10e,42,1,0,43
2ac39082c6aa660085ea94df121166920821b427,75,3,2,78
33ae472fc47c8983e48ac0febe22f11457c89ba1,9,1,0,10
d2fe437426399e2cf36b00ce6f527731da88613e,220,31,7,251
b3e6298a099f684a293a61b97e7623f5400cc5d0,195,3,2,198
2a2c803039965e52ac5fc33be6cbccc5a27abd84,112,6,0,118
4f3b69c7018913618e7bbc724ab83ac6c274bc1f,124,4,1,128
a668a224a8c69afd618667fa19309f1b7a0c8ca3,17,3,1,20
704032d942bb0412607b7cfcb2c4378429e85649,89,2,0,91
ecfbc2c97464ad7da3f24afaaf1868a2d2fdb87e,6329,219,0,6548
e786beb64a72906c4e004ce0bed1fa2a9c028a9d,27,6,3,33
1be9b40c37efcbf332ebeeefc865c2fe864339e7,527,10,0,537
8d4a0c2ca2abc17a1d54fa0d33b161531fa59b12,116,8,0,124
c5966dd33e12d9e1855c165854b965a8633b1869,10,1,0,11
bf25b5c52be044f07076c0800447230c75174db3,6,1,0,7
a9ae95342dd566b210fe835221214ecc67e6ed16,22,1,1,23
e93b28488693381fcd232de93087ab8ec1d0f5bb,211,1,0,212
1942db3af6538e6d1f0731b52eda94071f533ccb,2,1,0,3
1b2f5052ed34776d14d7614812b78e0aa66c69b1,97,7,1,104
e9f194a328b1704a7881f1bf1a148a3426cd1b53,230,15,0,245
914fdc7b83ea5e73d2ee665fbb32bfdedc5e2dc7,13,2,0,15
66ccf8594cc6de74c3d87620bc3c85cd86b571fa,52,2,0,54
2c737f0c6f42e983606e70faab5e9e6336b0a241,220,11,8,231
a0b56442365bad1100b078da33f00beb6a844cf0,2,1,1,3
5c363184c80f2fd8b79f1075d1eacbf9af5369a1,7,1,0,8
478d3b5d3361c3d74d0da4b6a78e9944d8b95630,1193,11,4,1204
b95f76f8a0a3a7e920f78f20b3d814112fc6d522,465,6,0,471
120384fca2b5f6f141207697f776d7859afa857f,1841,51,0,1892
707c454ad9c3b4132e2d0a20d15dc1eb2ed295b0,45,1,0,46
f3828261b30c12d5aa181914033afe46c787f87e,4,1,0,5
5859b192ba28d53e1bccb01ce3005821e26b5347,33,1,0,34
8afdc7baae73ecba67e0735baa97d03f2c4fc715,199,3,0,202
c6ee085b8a1321ce7fa15f8adf74fa7a01f7a445,30,1,0,31
0cb6ac06adddd43ac72c707b29d7216bd4cb711a,152,2,0,154
3787181310597b7a6e633e745ba08209abd038a9,8,1,0,9
21964fb5f6fb6fee891283332202cbc9ed5ac3f3,604,20,0,624
689b1b6e9c3e723cf394c7ff2427097b21d96ce3,226,17,3,243
3c1749da82e663500e45a34369eac48dbbc62bdc,6,1,0,7
5394bbdeff4e9fb97d3b413bf30001ede580bdd7,13,1,0,14
00c6b6c4ba00fa6577f74fc95b378737fb5a789c,223,3,0,226
18bdfe96a1e579371108c661e3374183c58a296d,8,2,2,10
7338445ac9c1a2343fd41cdd20785de07b727796,20,2,0,22
d9ed07c67e4a4ff3a9de543cbe039ac2a48f03a0,2,1,1,3
871d9260f3b32bed5273852dbdb74c758f73d383,2,1,1,3
2788a740c9aec88d14808d5927a346d121ad42b1,6301,49,0,6350
1e7e692bd4ce0fe2e092117190b59382840317a7,4,2,0,6
abe8e67e63018305cf0c2065282380b0cf9b762c,1305,46,0,1351
7283edb21dcf3ff4ac22c81f1c4286d719c0044f,395,12,2,407
9fa78849c1ecc45fa56f518ad229e76725c27790,395,12,2,407
d5cc82cb09cf37da783c9bcfbf6743b8910ceb30,2,1,1,3
8f1d732fc8065e59a29bb538456194d7f4edd3e9,395,12,0,407
1b2b26a82ea286472134a22619952c662b95033f,300,3,2,303
1d75560f9f418628da7d212207267482a1ea16aa,0,0,0,0
c0c6c2f9f41605820f2a9a226c6847daee1ba95d,123,3,2,126
038a90a98e3d6dce4514d55710955789ea30d2cb,127,10,2,137
07cc05f51666b19598abf0e8dcb2d2e534369df3,8,2,0,10
e7ed26b6d305485d3a48ffcca0b9f4069e1fad30,1,1,1,2
b95c261f0b1376e8523dd1d89f253a5874dbf63b,284,4,3,288
b32800a0ec573fb60b77bd00cb04578c5114233b,3,1,0,4
2b50486983fcda8d4b599d9af33e08673e87668e,2,1,1,3
621b0ede7c75260f820ba5fe43850da871541e98,145,4,1,149
310d903a3ae23a2761c5c8339e5cd53ea6a7eb03,2,1,0,3
0d6b73081725d006947a11bfe787bf01f0e869f4,4,2,0,6
1a2dde91083a2d733e2ccc1c03bc9959caa921af,103,5,0,108
624b451b2daad843c50fe359e61759c78ea951de,103,5,0,108
219f28948d22a36f9292ae34b02e18171486d3cc,1,1,0,2
9cd966a702faff32f6efc7fe9e05294b52ecfffc,1,1,0,2
644c9f39cd980e8087438519b34a79986c82d8b4,208,3,2,211
355ffda1e8aa88fd904d037995c061380aa1b74d,0,0,0,0
e88fcd8d228e2f15187ff05218f3afb242c65fed,1,1,0,2
32f5cbc30228129c238dcb3a15394d9a438985c3,5,1,1,6
a71691ae22e30eea775324363d13e8875be8c4d9,190,9,0,199
2a0d9d691d49c3ae82962684b3d114bb0079867c,4,1,0,5
e46cf9582bb05c22a45b868c2c78ea7ed4818d62,195,11,6,206
cf345b81820fbbcb82e5fcb2283b43ea286a40b4,182,9,0,191
54585ab3ea98b3236ac2635440ed496fb24742d8,13,2,1,15
bd5e8a02b25b8fa39d5a9c479498cf14bdb935cd,4,1,0,5
23f26af5887782b8ac3946231f72c9d9f63e4f05,59,7,7,66
b3bce81d13c4a7d064f0a5edc0c364d39bb5096e,3,1,1,4
e5f2d90c6db491ea03b2f76230a1467bc93e35df,26,11,0,37
cde3da448e297846e0ae5aca58a8f8f07fc407fc,610,33,0,643
02e2507598598c09ecf3eaa45e5c9b7c4db74152,2,1,0,3
70d0f9918c708cb117e69163cc7b7c119c9a693c,30,3,0,33
02a1bdca57ce6af7fe7636b0a9f99048c89b88b6,18,3,0,21
e285f9dbebc6fd86e81e52828813be9b9d2633f2,88,3,2,91
bd7a08e31d03b2c51b225cf388dc1197348a1593,77,1,0,78
db43b0c40161f8756ab5cad0c1b4b404f0743d8f,18,1,0,19
bdaeecca96798539c4baebe30aa10b33d832df10,18,1,0,19
0d2b989d2be62533a36061940497a734463b5f10,1608,21,3,1629
48f29943efa9cbfc1e2c4068f7e16373dec2b0b9,2,1,1,3
0adaf6e4a04fa6405a5596e583e760871e1092dd,1608,21,0,1629
199b954345f179851718acd131188506668cd4f3,7,1,0,8
6de0571c21ffdb77af7bb1d18e9659126d7f321b,93,1,0,94
c1a3b3744f89e27906621e62e9d73281791fcf30,362,9,5,371
ca496f6e9e48a107abb72a4fea87b5b11da66806,510,17,0,527
6f749bf4bebb135250a3f99923ed87b4b7d0c29f,182,3,2,185
95f4abc709bcf2a4534f9631b3ecea8266cfc485,18,2,0,20
abc6e46fb9ec1c5ee228c01943c516ba0f602456,62,4,0,66
03f02d30fda66ed12b3bd8b3af0671fa69b2b298,103,5,0,108
0d2992c502d54f14b71afbc98529770f49f32345,57,4,0,61
aeb9336b3b161ddfff73f17e41cd453409b84a16,989,12,6,1001
24e4d5d31cc494c8c55000aafefd119cc9d879a4,8,1,0,9
301943361bd29c9c33b7ba15e9567a0e05bf27e2,197,22,0,219
39fa8fae3ec80fd3a4c07f4610ab46817b75dd23,52,4,0,56
f277530ab6a9a6f03fd66f95a7a4d91a3506dcf5,625,37,0,662
2005eec081add6906fa204c4db0cfcc4a4907292,9,1,0,10
bd7d4077bdf0cd95618f5a8935f900f4854b5672,1005,54,0,1059
bdc9e4b91403595c496a5fa4aca70228665feaaa,2791,32,0,2823
131847203d55f4f3907a7ff62d53ff69345fa605,111,34,13,145
00babb4bcb0d432ae614a3cb98dfa7a61dfdbc1c,4,1,0,5
243913ee24fbc09d0ae5469bb1d99926b1a8e8d5,6,1,1,7
de259fffb7fa5c0f8f6f7eeb84b86f296fe3bde9,1523,33,5,1556
85f17027d0ca7cfa6dfaa3711ad8b4a7a6eb1e79,2,1,0,3
7915fd88b1f3e399777bbc46f4e5625b68fb90c9,168,3,0,171
a790dface730eae11f98c6b6f74232f0ec32cf6b,2,1,1,3
e001a063a9c2260c4732093e54c332cb8af33b0b,65,1,0,66
50c5b1dfc1cf182f42bd36dc5d5757f61180ff36,4,1,1,5
e96225f1ed4080243844108e798e3fa74d13d542,222,20,11,242
9e79c4b69da2e553d845edcfa5d61717a8ebb5f0,5,1,0,6
586a96eaf4570f4f2020041cfef07550025421d8,10,1,0,11
b49469f469e3ad9f64d009a474b6e09686ec9203,89,4,0,93
995258f9a326bb5a08b1e004d92e2760c25f20c0,270,4,3,274
bcbb10d4ed72c3ac2cd8149bb5cd148f63e95725,282,5,2,287
5172541f71e9878b4cc9df18580cdf1863a5820b,6640,21,12,6661
9825eaa35c5c95485f7d7c3b60de7d0ca47dad23,17,1,1,18
004e5aa7df72a16efb02e7500b56475916515ba7,1,1,1,2
5704e393102cc8c24df7bfb4ff9053003530b7fc,517,4,0,521
2574bebde0fc5591bc09e2241f1352e1f0e9cbca,206,6,2,212
be5a9eaf77877b02a46f30730cd6d8e1e3919f41,199,2,2,201
3a3650fb2eadcd6a1186cc186fa5d471cd1e74d5,134,9,1,143
eb9d06d9ff89388318cc3a857276c154675bc6f1,212,11,2,223
a07d7b91d148df8dfd7c4bbad2a63f8dea97b036,112,6,0,118
e9a0d694867467400e295fe71dba4244d8b54ecd,65,4,0,69
7a6af69563bfdb9dd7043c94c82a60b8e260d595,99,3,0,102
2941392213d2d3d9632a30d1726502d31a12e938,79,5,3,84
47fea40b07857a08727ac2e062cb9a3e0f464fdc,149,7,0,156
98a524067b2d2349c558256ee38efdf81e0ba7ff,102,6,0,108
6031ed85aa0242e8a56dee43c14c73bcafa7fab7,10,1,0,11
89bba2fa2c423d5713c8412ba0069b869005694c,3092,45,3,3137
b698bbfcaa2056b9792404aef38e427ff323bd57,25,3,0,28
ab899cf2e383190b71cc8d7940f2880f8b6ee670,1,1,0,2
a57a851dd34c296b3b8b919c6f846dfe68192ea1,2,1,1,3
1597a186e9d158d12e7e35e9db1158e5252c2e04,449,10,0,459
2cbc049172c47a77e2b9dcdbda09161ef54ad102,111,6,0,117
1ea2da9a98fe353a2e3b892fb34122f3db27ca91,2,1,1,3
99584fedfa79edaced02625a92e84362fc436f1c,53,2,1,55
96e7bb1daccd64ea72ed043f1ebbe2792e5a0e92,174,18,0,192
1d4cda94986053b531a60ce5bd3caf4eb428a18f,444,10,0,454
4de9eb1fdab90543a0a1a56ad481fafd1a24c294,3,1,1,4
430bf06adbc3e154a870571da3ed0ae7326d0950,784,37,0,821
ff7ba72251c18269a43a9dd0c57527124bbb307a,180,15,0,195
591566e9d8323ca2f3e28b43c421e35909ef9cb7,10,2,1,12
f975110f54cb08fcf85c09ec67eb0a5b45c429e5,22,1,1,23
39f7c03ea45280bc8d1fbaf461933141b2f03506,30,2,0,32
1b7606ce8beaa42bc5db740e5af9cb4d98681b4c,3,1,0,4
c685e39650ee8a075672f86721a7145af8f52fb8,30,2,0,32
770efe23ce58a62461c698b42b4d58c5791bceb2,32,1,0,33
3085b20ba75ebb983c35fd094c8864fb8920790a,30,1,0,31
52ad9180a7e96795a9dec921ab6ac36cb0072be7,240,89,0,329
96b43e5df358d6f488261d1603d66fc70ff6aea8,377,6,0,383
97813a8280d54c9b4ce08dca954e05fa62393cbe,377,6,0,383
6cff4811636209ce39b1e2097b5a14233ee08413,5,1,0,6
1be77384122e41ce69db828e4432e56824c76f79,300,8,3,308
355e8e83d0efcc2fcaacc8edc977b82b39c14d4e,39,3,0,42
09aba54ddc34bae45882942d2e3d8238442cccfc,23,5,1,28
e3701f05cb5b28e0be7d99f9c36d0d2e28116ac2,2,1,0,3
d4a70a8f27b73acbe2d1a9f622c71cf9e6aa283a,177,7,0,184
0376c48f056fd11ec6827211725a44533fb75ee1,23,2,0,25
d758a3f1b09def177b11d85c782ff11e274cfdec,29,1,1,30
5ba4a3879e109864d570042b273ea2fbc11753a0,2,1,0,3
ece7cf9242c36e2a9fdf043a6d847d70ba924fbc,497,26,4,523
4d323f374670af277a4c37ee91fe49273bd95d91,40,2,0,42
8b576c14b7f017ff7fcb098673ec20ccf4bf0491,8800,110,0,8910
f575a245cf9958857e0f51d7f56db43f0d3a2d5c,20,1,0,21
bdb838f0fe364f07049b9441f8689ef606aff002,3,1,0,4
5224c9de4bea8d905bd53cd1699e5da2267f70c4,7,1,0,8
160dab09587a4c6ebdcfd71368360cfcb153575b,30,2,1,32
40c91c5983c4237b329f0e0b532d8ba2d9ae9743,5,1,0,6
cb034965451d865408de7320b6ce31872f7dc279,22,1,0,23
c6fbe2d82a9f56f96c94551b09e85a12d192f32e,76,9,2,85
20d9ad5a4f66e6e38af087cc02dc9f52b94237ec,1417,20,9,1437
b27768288ff9e33294741782d456a43eda5249ce,4,1,0,5
88818ecc5ad882eb7a6b0b1bb4a7b1131b724a78,238,6,2,244
d2cb2f79b323d1b918e495c8490b1de597004774,62,3,3,65
20969c0755595ba686d00220287d986327ff2b9d,13,1,0,14
6bdad4dd6a5d6f3210051f47af5a51f0bd52f73c,23,3,0,26
80cc292c0d09acdb327047090c1d1448ffffef6b,36,4,0,40
e8b355f9d375e6d53a5fc55008a9c38864fba0a8,3,1,0,4
eb336074c91da2e35aab4ca9f69a5d7191b3701b,3,1,0,4
1a7354fa6b45c3c33d3cf3f8a9f4b56bfbf5f507,802,11,2,813
ec115dcfa702aa7cc7db5b87c330755b7f37ea0b,57,4,3,61
48c914dcc3a092655636b0df5634c6336dd58a9d,253,8,0,261
0eedf46bddb9647cc02efd982b212c8c0df19308,16,2,0,18
359777f2355483b3d206b874117d680076a03853,223,7,2,230
70ffa2cdf2a8210d42d32c2a35c9a21ee87aaa1f,54,2,0,56
9b730e732dcc7d307390f9a40cce8469e738e540,16,2,0,18
2e5c343d911e353c6d82630d09562664cc5e89e2,2,1,0,3
488a6d271bbeb60d424745fb20ef856c624e2fcb,189,6,2,195
9da69389ed307357391e4eb87ae077751f30a58e,1304,6,1,1310
c141ded2565b0b277add5007f73a6fa7e97b3372,7,1,1,8
e28d0d6cc617a4b0c7b0e4c4a5197b69f0c3e4bc,1198,7,0,1205
870ecf89d94c108c62442263e0ac298697d341d1,7,1,0,8
ebed404bd1932fc8a937ce34140e5a2fd69f5f59,1197,12,1,1209
aeafbf10c13af75556a019749e54c9e4251d91b7,2,1,0,3
5a559dfa167db3ff90f35ac06624afc2688dacb9,33,3,0,36
8d6e8420fdf1fcd853277704fd68c2d48ac1012d,12,1,0,13
0e0c2c7dc6cece3cc92a13c5430af605606bbcfe,672,5,2,677
aa81dd14a7d0e21d448acf2bbbb3a8a3d4eca0f8,612,18,2,630
988ffe3e131792072e743e103f524ec20394f8e0,229,6,1,235
b5ad7296997185ed2d078614b3ed6e9a6f405670,2,1,0,3
3919d8035fb172e1546f7a3ecea0f29f8e1e2214,282,7,1,289
0d8d166b77d37f8740f3e9dd0637c336b77b0c8f,195,12,0,207
a7ac59f7bb214fc9eb4fd4520aad7c40c4dd9ee9,11,1,1,12
7199037d23e6a9115c6b085fb03a3633c73f863d,2,1,0,3
1c62fdad521675d6965441b966726d1292cb70e1,49,3,0,52
ebb8765ab6735289cc2ceb4ccba2f6fd1e9816a8,49,2,0,51
3a390c8afa157a54bdcde62a30159baebea87fb4,31,1,0,32
b02c4812d9c145cf127eeaf54ab64709d230a3c7,214,2,0,216
ad9e21013fffd3553991521476970ee315f3af34,252,4,2,256
199339ebcf93452df4363f6fe4f70cb02cf10bfd,69,2,1,71
1e0d4a542740dab6ab98b4e3b4df3a30563c3ceb,242,8,1,250
44d60f58e77e9c2f134af09fbe500322d1f48628,10,1,0,11
18e79e5cbd0c861e9d8832a654b2dec9338a86d6,4,1,0,5
81195dbe74e59acb591b6365ca4f34918956e6a0,119,6,1,125
5cb5dcaf2b773fb6397881147e9e6a4e0b11f0a8,130,5,1,135
523c5e5d616967bc39f3ca4aa7fec582e230af60,112,2,1,114
62cbc29bf4baccd03729e7b0dbe4da1d248c73d9,243,7,2,250
09d255e55e47bee3b1c2c5565e3c0009a6989e25,4,1,1,5
24cfc2aa1a9749c12265427ee701f1e2ca2e4295,184,2,0,186
f3d3d1bd718068c941e14b4e5949573b0a5d0c6a,35,3,0,38
59facfca3b60f22169f773f0e8b6f2e0b9a5c8e9,226,2,0,228
2506ae591abf5926d42a396f4bf4d3a1d4dcc2ad,7,1,0,8
df2fb8c5988854504c681c4493c1a773d1e61458,11,1,1,12
bfb4c21de992af5f8975d0f3d8f97cf4d5c93bed,37,2,0,39
c5adf46cc1970c7d6e57e94b18f2c91443cc5401,98,3,1,101
5283e19fe21c5b898965ade70cc86e9c64254388,190,4,1,194
37e58badefcf36536644344023dc62828f41d0f9,274,1,0,275
0e8031444b2f0d68fd3fb5a9ba03ca4d6a0c4e2d,4593,46,2,4639
9cfb05011ab5085c8166fc0ba8b1047906845694,5,1,0,6
7781823d4552bb30efa48758b7473d07c9e8aee3,683,10,6,693
b417a36c88625bc5dd1df1ad719a52f79e5f1d74,115,1,1,116
69e6f8b201a13f1c780948237960267c42ac5d2d,216,5,2,221
071c24c415a222186cd7edf3ce3018de6bafdb24,24,1,1,25
06ad010e92541e4e0f0cdcfe6c99ea8d4af69b70,71,1,0,72
4402a1c886c9138ebe14e0a76c89fb6035caa15d,2,1,0,3
c47c365acb57dd586af0409bd925d3858fc61b54,311,7,0,318
15710a86977b803dbecc6c53b4036801c21fdcd9,13,1,0,14
136075ae0f7070999dec6913afc8cef1a26eb307,1126,13,2,1139
b3ae58eccb35369041342e4a5d9bb5f661417d41,36,3,0,39
5f19c1bf92c8a97587cabb18ea62a2f3ecccdf14,113,5,2,118
fb890a227254a547491ef711e755282706f047b5,110,8,0,118
ef055feeac69ba115b4ad8ebfd91db675574e75e,47,6,0,53
bb326d19c5f71b0ba3148bb8baa8a35b511c51ed,28,3,0,31
fc94085da46b01352cbfba0eb8615d29abe35261,5,1,0,6
7b9aa080a3e5d1b1cd8ea4b0598f83bf88cda13f,2,1,0,3
c15d260fee40e68c90cb99ae4aa643886b3740fe,70,2,1,72
9ca9bf618b7ac64d0a552efccc99fb8bcb2f945b,19,3,0,22
dd89aabe3fcfcaffc5b2d7dbed0aefb1c54c5549,7,1,0,8
4acbe0ef860f7fb2f836e96c24b9cf59f1d7b4ae,4,1,0,5
d779f06edbbf405c084b9c9a20e5907f37d1f309,2,1,0,3
f00449fe164b8ddd0430452cdff692498cce0df6,92,4,2,96
45708b9725b2d94d54380abf635508358a288a66,62,4,1,66
1539315342d09150a4af942fce2f8147e390f85e,287,6,2,293
4bfc6e240e9a2cc92b00762ae89a1b735ca9f7ec,52,2,0,54
b67fdce2e6eec5109ad7b15a1c2f9af69e808fa1,14,7,0,21
b8b806462eb2c39d5c24ff2910e726f3af92b1de,2,1,0,3
90cf702fb88be278f45ee461e7b0dc866aee00c7,64,5,0,69
bebf299799712b464ee0e3800752ecc07770d9f0,8812,96,23,8908
3084f00ee38ae2b60fc609715654beb0a385cf04,64,5,0,69
918c409f51b5be9058590e0e7f1fbfd4c7f48573,668,19,2,687
90f4d4dfdd6f8d99a8dd1ea9a80396e0c749d8cc,104,4,0,108
e678c810f825cc8a9aba2a285d446024ac03231e,2,1,0,3
97b3cef378820b7496568ae885c9ca0b6fcfe56f,3,1,0,4
a871006b2e904a173114d67564056317b434d94d,219,1,1,220
60c0560989a9039f3e20897e8d2bece681d32d79,3,1,0,4
dadc42f32127a6eab752e62f6e0aa0e1b1369603,20,1,0,21
f4e4f77d17002bd8c7eb3ab89587f5b0bd838d92,17,1,0,18
8436ae006dd0e45d040a71a7c5a9234e5b8174d5,15,3,0,18
18ca0b2318c8014b0a3e63729d0256de1b11485e,246,3,1,249
8775d2c0efa00d0e512f6288ee983d55920d25b0,2,1,0,3
08a87b6c9e1f5546d78b63957171776aa22562bb,87,13,2,100
b6174c99fa96e03aa65db933260a204b0297d17a,124,5,0,129
1a42e78d624f97bad2923732fce349469997ed29,24,1,0,25
1f5054a2cfc94ae044b77251818583811d5ea1a6,4,1,0,5
2c9057a3eb060cb5beb8ae9bc4173d15d99433e4,2,1,0,3
f39cae9f9340ba9d5a10f9f3cb9fb3f641f3ac7d,6,1,0,7
474ecb877dfa951a620dc1351b3882cd3e558672,23,1,0,24
fa42218e52d07f8869ed7da6874525b2722f3fcf,8,1,0,9
129be29e96cfaba3bb7645c66981de62646f820c,356,11,0,367
bebe4d872cd687f793596ee1b2067f777e9ce46e,241,2,0,243
d22631e647280eff9f661dd7cfd492a6ba7460af,37,1,0,38
ac94426ced2cee5df2c993029e2a17ea5a9aa398,19,2,1,21
0c5dca9a807c8f024e3477c1b18ddb3f237124b2,100,3,0,103
eee638d3da9a5dfbc7b43fd56eb4f72328c13a31,19,2,0,21
4fe8f762c2dc1b62bdcddd606b66dc67215b50a6,111,1,1,112
46ec148ca9ae7ecc668c2c0bb9547140d05d68e2,772,40,5,812
e1bf8d7badee88c405b398ff5abb7e75bfaf2cde,2,1,0,3
3ab523cd0f9c8bf962e6069596002204bcc49886,14,1,0,15
24306badde225ee4b3edec53b2ae8d3e1c0bff8d,39,1,1,40
e1eb1b97f541f944492f4860d33ad7899aafef87,1,1,0,2
79d47f87383411319254c9182e09c30158cbd72d,550,19,9,569
1c9d80a540cbce0a9d9a65e3fac2e06f53b73f43,1312,20,2,1332
6f279b004990d4a21436a80dd4bbf21c5210c282,7,1,0,8
02801f8f28e4936b2770a7a96d9d3809cce16d42,318,22,4,340
418c43889aac293cef8bcd6c5e4b90f85fc30e7c,197,4,2,201
a1fab62c2d44730204e657ea25d1002669df90b1,4,1,0,5
ebfa5557bf197e7cf0e6eebbee15d2f227dfc553,0,0,0,0
d20f302036206e6215d3ecea923747014f4e2bcf,81,7,1,88
196aded9b8f51bf5700bb3a8b1b3ed0a1a16c9c6,32,3,0,35
1494db9e020dd6a185b0005382455ff5ecb5246f,2,1,0,3
2cf12603c0e7fca84893d6c7341cabd23b737263,71,1,1,72
9c7853164d990d5e93acfb5d09158a6545ac6820,102,8,0,110
8fd4f747d736b34df8c62567786ac89331e229c7,74,3,0,77
7b28da72953bd561cc559dd4fff52269abc4e11e,241,7,1,248
8169c60b4db41cd085d3a17f2e76d0ce189a42bd,2,1,0,3
0647b034742e0ba8094a8436a37538fcf1b4fa70,17,1,1,18
82af72cb9d9f783d1cc500de644bc3dc3120db16,5,1,1,6
678fb300a893703c05e96c9969b39d3b95e43626,16,16,0,32
86cfe11382782ad268461318ea5765a5c2965721,2,1,1,3
2f56406b6ca3ab6a321b665a096e7437228c47e6,75,3,2,78
f8e754980524d15ab9f491381b8af259f1e09bb4,37,1,1,38
df4969b8641886fcc14c3259753ddbbd34cd666e,20,2,1,22
45643050b8f298b87afe7bf1f1ba5de1d3156254,14,1,0,15
7ce00b13bfce1ca76431ba487a2b023952b748dc,20,1,0,21
78b7e3f04028bf2470ac74ae8649f9e7f9aa692c,33,1,0,34
46cfe1b79062cec4ffd7f414e82dacf0ce01dd10,2,1,0,3
9614bc6fac8e26e27d2a71d8ac3b914388637c0c,3,1,0,4
c6b70114dedd840360b858d11ed9ec3dc9993d12,59,1,0,60
f589cc847e3f0af8c90b519b26c0818f9cee2822,77,3,1,80
9afd67bac4e5909402761593c9704b0c167f674c,5,1,0,6
08a831f5d6eaae3631ab3e740188a833f537bc4a,2,1,0,3
b7d198ea3dc70ec1ceb28cb9def26c315ea5d365,19,1,0,20
faa156f0da68d49acbb3f446b3905ad2c64ae505,586,2,1,588
d253c02496f54ce4669fe19fefcf5856fa48d08e,8,1,0,9
eae6e3b9fd43b42fc9d74e61118800dc0f3f6f0c,114,4,3,118
f9be391856ceff2268249fccbfd3c5ca0132378e,36,3,1,39
bc8e64567eebfb4bfa30e989ee63ddae65b20693,137,5,2,142
f104976fe197d592c8265b3fd30bb0324f624e38,114,17,2,131
8629b50d6ff490fa2a13f829f9dc35661a3fdbeb,174,21,0,195
fd9ab957911ee218544ded288dd42d77abdbb5ef,7,2,0,9
5738d7e7d3b1e59df155bcaa3803430a9d897cd1,492,3,2,495
55e0b5c9bf3b0b12ed930dbffea8e5bfced1ef18,1029,11,0,1040
bd7bd226d959fbc686f6104a048106b7b944347b,120,6,0,126
72608a50856cda9fcc8e44e2a9e5349eb6a9616e,83,2,0,85
ccc334d62de5b51f5d31d7064d1de4b0245e8232,97,2,1,99
db5880ab88fd513ddad7599b78b27bde37e733c5,75,2,1,77
726481c637b06e7801bfec05535adcef8d3f614b,4,1,0,5
86bd544a557663bce497134f7826be6b24d53330,2,1,0,3
fe656eb80cf9c4a121fca75a4dfe4a8fd891a54c,5,1,0,6
1d0d6f84a7e263bfc41716fc603d9bd263e79875,16,5,0,21
4b655a00ccdfa665a44859ab3504b3a93215d1fd,349,3,2,352
9d35ea0e000059b7d63e7558534efa87055afab1,52,2,1,54
dc6b73b94c091875d02965afd3bc4668a890fa52,65,4,0,69
29ce1fa8190c806c0d041be6ead8c76f785fcf08,74,5,0,79
075f48dc6cbc8213e92de388251e99b98ce44f2c,174,5,1,179
3a33095ade910794f8385e43a651b0d922293c3b,7,1,0,8
872a959987ad154a4627ea5b4d91c6e965e3d694,313,13,0,326
a2a90268410340506aa9468f13c045dae78dc40a,24,1,0,25
740a9b5bd7344ae099e6359f175759bb1a75835a,62,2,1,64
ce2a98cdb553e9b4d052d2ab891e4ba7c0fab289,6,1,1,7
35d3d614779fb6c790c8ca87e612d6b4676ced35,11,3,0,14
e79125436e04d1d1fd13ed935e3064d998685d83,2953,80,0,3033
0b6da9766ea5d3a096bbbf63de5ebbbe3a883677,2064,11,3,2075
4f80f866489eb139cdb61717d978eb9aa0185c4c,2823,24,0,2847
dab27856c9139629379906ce050f7e17c8561a9b,99,18,0,117
c42a9eacb1adfd8593702d4d0b76fa5ed14771e8,302,23,11,325
8f13169b2e0fb1372b9c20bd84cb8c70142d59ed,99,18,0,117
d7e215d67cc059363a0149629c53fb3d7343d28f,9,6,2,15
d6cbc50f8418eac2cf11ea52a8c42a24937d0bb3,502,16,0,518
3a917572c9732795d1c027721d79a1a271e3f4cc,113,3,1,116
1202f3f57ae3de670108e9f08ca5b1b0ca1c7499,2,1,1,3
788adc0d00e0455e06cc9acabfe9ad425fdcd65b,755,19,1,774
0e63f59686178d7ac025babd62580c8386dbd8f3,147,3,2,150
56860d22b4f74fce70aeead84e1ca59df38d3ef9,385,11,1,396
6c9bb8902dce828d45a6a547e8266fb1cbbcf267,140,6,0,146
d2dd894bd1008852439a60ad4234c3cc1d8f316f,153,1,0,154
b3818a9adfce6ac0ce68189f66bae53652b68d32,140,68,0,208
9d10d20c9185eb53bc4e36d20c7ac3f97bb30f8b,12,1,0,13
e66b98b419a90ecbb255d07e17f184c1834837bd,223,5,0,228
b08eef240364f4ecf639aba36a8f59d5607a205b,131,13,0,144
0ece83f02af219346e85269f0d80112b2faae25e,192,9,1,201
c6ac6a56171564be7d2277fd8af757b5724c27ae,134,4,2,138
dbedbba0617c592958ea1c6eb02274c66a60eb84,3630,10,6,3640
3b388280c67032ec25c4743129e55f0e62614198,457,26,0,483
ffaf10837877ef127fd01d1651cf3e699c53fdba,7,1,0,8
adec3e7ec20fe04aa37a34416253602bc0387f4f,2965,28,13,2993
74f8638a18c365e0adbfe62c94dd941fb7eb35ff,863,4,2,867
fea96f7f86bc63b903d365439b762c48bc4db788,93,6,0,99
c03549e8fd1853e90aa9ed20902f4bcb6cfc7271,27,4,0,31
ed0ecc1eb0f3ed31f1db19c567b0cbb084dc6e8b,38,2,0,40
88cfa73fd7cd2b6da2731ef7a51edbbd946f089e,17,2,2,19
c6c7d905d6a1f7ce0a31967e881c4d9cccc5a129,168,3,2,171
aa172573364b3fd91b089df252d884ee9aa8c24f,72,5,0,77
b10117db2d2b8b99a14211a0d6a76b943e2346f3,12,3,1,15
e8819939590891d334830c59eca0b9912c13ce10,143,8,0,151
bacff9e1ae748f016545cdd0fb1d54c1a6384d86,733,21,0,754
a634e55956ab7b6b98dbe3f2de52c7758692b6e0,296,7,2,303
b4c5d0ad393556db0550157d815640a6c690c8ad,115,19,0,134
6983e87743d136857d861f94a82f96dcaef48112,22,2,1,24
790e68a28b74814097bb4877e85c7ab297e27972,4,1,1,5
72d9f79698d4799d3a7d4c35acdde9034d548cea,10,1,0,11
d808e33efc950d70975a69d51fd6fc6de0613656,14,2,1,16
e383dc4057436c2fb384f4443d91b16701949fa3,34,2,1,36
d9481b59349e8d43d449bf8426ea3b17768a62e2,59,1,0,60
25f8c573b291f92c9779ca9146fb5af3ab116987,29,3,0,32
acd786160f612e300b82ac95d5470cd50a431622,163,9,2,172
c61f134e21d8b8e17057b40c53e757eff6e8490d,170,6,2,176
f5bbc709fb79eb00e4044adc7aaf03abf9508fa6,2,1,0,3
0bc1d8477c0f0783cc046cabed9a0bb7d3518b0f,493,9,0,502
8c2380568093ed6566c983d4cb11e10c1d7a68c1,10,2,0,12
43be051cd33f0e35a5bf05fa3dbe73660d2dcdd2,1524,31,6,1555
ed3d2a5edbe9b4b20dd02eeedc7636abdc0548c5,4,1,1,5
67d716f00806c8d69f8339b090e0ddd877b225e3,198,7,2,205
cc3ab6999a997bfe7247fc5ff8c4aaa5955c7a2e,2,2,0,4
581d91b3f029ee75f3b5803f5dae3496399bb164,2,1,0,3
0542c762d0fafc1503d1bd83d2ac42719f38c5d5,57,6,2,63
d753e9005c5a86cb4adde090149d600177d87a13,83,4,0,87
fdfd47367756816104620a1f324e0e38f6a68d8f,14,1,0,15
1aa59a69fa7e6a38938090ca9dfdaba3dfa307d5,96,4,2,100
22b157865c304be4d13fcca6f435d2fcad842d00,63,5,0,68
c105f03f8d89905e60f195533ae9370d6a217747,193,9,0,202
2b5224f5e1a22f57595c8c2144e0e759b2454082,192,4,0,196
40a9cc1972af7c85bf45609e874ea43524eec299,2,1,0,3
1f43e072f0211dbd21c98e36cafe00b3f2dab9fc,159,3,0,162
948f31c0a7673dc468c9e404ca34c52668a5dd64,2,1,0,3
4af18327ba41350a46e3a852a32f7a56091d3eec,237,4,0,241
60d758820486273ab701185af6f533d66d13e0b4,5,2,0,7
28b5c1162cac13dad8d190b66bdd87380e632c86,59,6,0,65
1d95e52979a430a0f54ef5ce41b20638506d8317,5,1,0,6
9514d4a6b80becde2cea69afdb570e789bf47949,87,1,0,88
b97aec704ba4dc64c1bbcd9abbd686128ed3e0f2,76,3,2,79
c0bd57cead1bb5d0e511519e162c985811c37039,2,1,1,3
2776cb6f33c409e582311a0c250f2afa652ae863,27,1,1,28
39b93fa6bc256a099daf2c34f339eb5b2a311ffb,23,1,1,24
e4e0a280853b896f32ae3d85545f83faeb7aa680,8,1,1,9
db88d6ba39920ace74720f7dc0e0741cfb38c450,950,16,0,966
b2c61b64dd764ea1684f7aba7c3a8458c498cc9e,81,3,0,84
50c70022eb30474aed770efbf0bd4a53375f5e81,4,1,1,5
91cf66e7083e4e73b2bcd08e81fdb29cf06ddc59,516,7,2,523
319aa840201f907c0a31fceb17837dfd2ba43fc1,676,63,1,739
8610471ed8d28c600268407be1a2d6ddfbf45f6c,20,2,1,22
1fcc96d624356b04de78f79b831d9e0049b8928b,676,63,0,739
8741acce15f50f978257da193cce2a5e2c5bd816,22,1,0,23
a00052e94531528c5df0dc4485d8882514b40af4,1915,31,8,1946
8936a0db52d1d290a482f9f0044908e3076dc899,9,7,4,16
39b903013f564f4229ff3284e22e46001a4f9b46,1738,26,1,1764
fe06b5983fb7edf7ea36d7881a22ba6d5a97ee00,2,1,0,3
4a88ec3ec2a6a5d5004187a3424f5832217fda9c,26,2,0,28
8bcd69dd4ef14f747b7d7c582b89b14fda961348,26,1,1,27
1b5ca4446f7961e6c1b3f9c6bab0d8dc540b932f,194,1,0,195
cb4195fabb637c405b40fd613f1abbeae93a70bd,173,2,0,175
2da8861a252a8d5b68f75aae07ed394b52cc1390,24,1,0,25
b86153208f28cfd76c9d21b6170d228e23deaead,18,1,0,19
9fd82212e528a6287cf89d279416aefa92c0cad5,1155,46,5,1201
7c4d0bc2a84cfcc9c240f41c48aa129b5f60eca0,1725,23,11,1748
40597a030b95d3d678d858237054e4af2637d267,2,1,0,3
64b4abe52fcc5b506529d063cd43db43943e0f14,108,4,3,112
22002141a1d594556f1b72fa0dd139ab0a1414aa,21,2,0,23
2d848c9d0440415a2e342da9ce157c59318062d5,247,4,1,251
8f3c5097b5732d10ec19a1de3d346754befa10a2,27,1,1,28
af4796423ca737f90768108c97d48246084f3fa7,147,3,1,150
f9955fd7371a999cdaef3ad40c784a8c9ad4a16c,1054,10,4,1064
5377af2c24642944960b9953e15ac5badccb1a16,828,12,2,840
0dd975512c365d165512e00a0e53c75c903180c0,25,2,0,27
858c1df1c5af2e9ba03de61e1e78c990e0283c7c,17,1,0,18
8a75a98b27fb9eac38eaff2c51d1fe69f01177f3,389,2,2,391
8d0aab7f4912c828e8d105e8cda1f5c6842244c7,43,2,1,45
4af036ef5869c5eeb6ea43924c8c0527b6c9b9fa,7,1,0,8
955090d945f9cee2822ca5a8e0abd0d19432bbb8,20,1,0,21
504620657f03644b8a48d38bd35da375d1c9f55b,99,2,2,101
879fffa65738af0a89adc1b24d08cae8408b0794,132,3,1,135
86372dee2e3266667aab258dcfe2b0e062dbebbe,1557,45,6,1602
41d6e3ab57af8fffa3daa6285bac12a4bef7ae14,2,1,0,3
778fd5d598434816daa52d50b864c278b9913cc3,342,3,3,345
f048ec28e22917b0953cfcd2e1ff4e073b4f384c,2,1,1,3
45ef6155aeac6bad8be93ce2dfe69d01a85141c2,2,1,1,3
29594dba95e26dbd2690e9aca7997c310863ec70,2255,5,0,2260
51f1c67bbdcdee142964bdb613dc906d960d07ec,408,12,5,420
2299589fb06388291ead1fecc91667e80814bb9e,23,1,0,24
ff177838f80f068345876149bf44b01990e32529,25,5,0,30
d1f178f3ca339d590be3031db167ecc716ffd33f,29,1,0,30
06d297823a3c229f570a3132f1bb222c0349db90,122,1,0,123
3c75184923741538f821c7993788bc8570dece94,201,11,0,212
9b2bca7361d9001fab440e481e99d99838842bfe,23,1,0,24
904f6a0317f47fa65b802f535fe7da63343285ff,632,22,4,654
9652760affd237f950445db705bab48dbcb27330,194,2,0,196
07fe36376560039e5ffe38a197e457268055f8cc,16,1,0,17
b34fd00b51610fb3b30f16e089c4fd0051848676,2,1,0,3
0f8a2bfa50116be2a3b7efe4e36c1eaa9d870d23,8,2,0,10
1b6873c797b3ecd91706158d732deccca1144262,23,4,0,27
2ce6de375a0efc59a1548b1526f780f65873bcb0,167,6,4,173
07f5b0cec3f46a713e61323300f25081eb6fa258,160,11,3,171
abe4ee8ff6f61ccb523dbb4b6821687302c14952,8,1,0,9
c7d591ff7dbd75fb774f931816ea947dbeffc1f6,187,4,1,191
f8ae8f9bcfe28a0bb558ea7c4bb97e484fb35ae3,38,2,1,40
e8379aeae41fda6fa9fdad187dbbb18f3e92a9cb,690,21,4,711
b98ffab7b35eafe97c544b141dd701f4971e16e1,2,1,0,3
37b4b1d1444e849ef1c74201f2d69e7a250d6c2d,284,6,1,290
ea0dcc460bfc4d26e52c8f5760b6c3a6e7e9c351,692,21,0,713
db96b79008cd63fa8fab17c120ee0d71162c2c78,4,1,0,5
4b4acd39899bc02c6c4836e6848daed83b02dca6,1064,30,0,1094
271b32f649a746095a9391e28e48d4f3c50ea14c,4,1,0,5
8cc6a5964d784289224edd77243fc1f232b200a3,591,3,0,594
f6f6c6285f1040265f97e056ae2cb2a62b801057,2,1,0,3
78dfb12bce96e8ac0ed4eba0e0cd0e23adb81de6,4,2,0,6
155c55a590c0d9e9ab17c6394a5940ce81a41240,17,2,0,19
27295f238ffe9e7d81db955242fbd6c826717386,7,1,0,8
5af30cf118aeb3910398e6b15dbe2a51b62746d7,1885,35,11,1920
1649c532f828cef65c494ad7b008d9f1a8f3d605,103,6,0,109
f120551159fd2eeed8cedc0ca3e3ddc394505737,890,13,8,903
9f662cc4b524305af3126af49ccace7dab40216e,10,2,0,12
e3d448e6c23df67b15f8cf7545b4754807acac32,11,1,1,12
05eba9a2e19614843157a04fe33c281be65c7d52,8,1,0,9
1f2f87243953ab582b1cb8a6b1098cf817215868,12,3,1,15
c6571448c5d75af3093436323f9f339602a5c083,1758,26,7,1784
c219d9b1de051811d79f07c4a954a1b80f8b92e1,643,5,3,648
54a00fcf1c3544615a66f94b0bb80666e37acbb3,15,3,1,18
7ecdd7dcf8e8c7334f3003bbf47d9318a0b2afab,7,2,0,9
6aa94a9ae1eb52546385e5ba0027c09172873175,138,2,1,140
6f1ca419fab840b920d408336ced69abaa4147cf,56,3,1,59
68c100df28ddd97828fd67c2d46f6124ce080d4c,106,6,2,112
21cc7a486d3adfb79f5540d217e1a759076fd7ba,4,1,1,5
737033ca69d94c0b7fbc5554e06a461489fa54ea,2,1,1,3
357f6035a917ad7be9b7002aea5638d9d61b5330,249,8,5,257
aefa9a8a7c8e90ed0a285a2d4e0d3c223860e40d,500,24,2,524
c6ddd6aa1b7f8662ea64d7d0f2631fae1e323566,297,1,1,298
b4b3fea0de3c8280dece2e59bb1a8c30832c31dd,16,2,0,18
641dd6707f1a20601ac9c00d824bfff2aa54b994,95,1,1,96
cccf1132731382244736673dc490039d84624eed,509,7,0,516
7f82340189bebac7bfd5f935eb3531035a6f9acb,138,4,1,142
4a095674e3ba327a1366ebcc311daf2297bb4d24,7427,50,6,7477
12cbf75bb70615cf31ac059e89dabac1dabce77e,99,8,2,107
2929acef591a6309438cd46e11751bf86a11bf8b,11,2,1,13
adbf0680f8378448ae2f520ed8237bd6baaf7334,4,1,0,5
de942860f19b8b68b4f3f47bcea35487c1320d87,257,5,1,262
690694cad1f00c796631f6288b58248a0cb409b1,138,4,1,142
fca47345fae7adf80a1d40cc6c4c711924df2de2,34,2,0,36
7e4746a1dde0fd113ae00e3a5cf00186dcb64d29,220,7,1,227
b364589dffcb57aa2297fd1f2862f16065d44701,850,25,6,875
f96a9a4ce848612d9c7d7af44c5fe0d93981fcf6,2,1,0,3
b7bb7923246198fb424570ed9735f238d4f520e5,294,8,4,302
007707674e32b4123708e267feec04075a1b4663,3926,12,0,3938
cc6c5e7e41fdb9c0af9d75add9177a658aecc6dd,9,1,1,10
f2dedcab2c2e5e278574ebd7237f4cf593d7d773,4,1,0,5
507ac67568743cd0838d0822979022a698a79957,21,2,2,23
405749a736c85c054e2c4ac1dc197ea903e8d75f,1224,22,4,1246
78688431e6fb183235e310f6830c9b499d0f7d5e,82,2,1,84
2108d0c5ebc6dbf8fabfa6a81c588356d99fcab7,50,4,1,54
5d6ff970d733adec934825556856d319cfba196d,36,5,2,41
c2cdbd986d06de07a40ef7f768dc884cb78f1484,457,16,6,473
afaa5e03d8298f138f4d9ff8a8e80dc5934374eb,221,43,41,264
b8c4863c9676b4ff83fdbffc6ff05dfdb7ddb875,2,1,0,3
8f599c57104513aa8ba940cca10f680467e12cb3,141,12,5,153
c4047b4ef02b4f884b303000c6903e37e5c51069,17,1,0,18
0749ec45f0af2dbd18a08e5e25b3773a01a16a0e,109,4,2,113
0ab17ab7bad025543591bef2efff176174696bfa,8,1,1,9
0919d9f468e73b141783279267db6612664e6eb8,101,3,0,104
4cb0fc73f4129895e975c6a2381c5059e3f6e1ce,24,2,0,26
2c393516f618820d27a2cb8ad58a22c046b4fe68,3,1,0,4
55886b14cc6e7171acf05991f7f265dbadcb8db2,13,4,0,17
59ee8af5ce8076a3c97ef69765075cbe9e5694d0,18,3,0,21
013d7dbf7811a1b8e207d6238aff67e43c28adad,398,3,2,401
9160d5eaf75d07ef16f6fe02b09aaa2ed76132b5,18,3,0,21
d7fbbd546126252af45cb48a5d173a7a66ad9838,183,3,1,186
252eedcccf33c81f1a4007627eb1a29b48b72f7f,71,4,1,75
f57b6776775308753a1fa579c0e7599df241be61,19,2,0,21
7aaacd8f92645558430b5343a1cb8bf7e908529a,2,1,0,3
5ca7909fdfb129eed1a58650f57d7dd968b1e287,17,6,0,23
5764960e802e91b87956f4515e289eaf0003a2de,199,8,1,207
16d23700d25961aae8d75e11c55349fab78f2a79,62,2,0,64
3256ee27e7cd929246f2e5813fcc35adda58cc3f,313,7,3,320
f42f34b8dc293e2077ea99a49136d3e2d439e832,0,1,0,1
b21f750f74d0b6598693184d5925addfe828b7ca,11152,7,0,11159
db69e90279d05ea980cf33ab4230c2c9d4dd2c01,4,2,0,6
855fe4b51982933742106678ccd01bdcba66d210,2,1,1,3
62f3c4c52f5aad82e51e93b7981e670090cddd4c,2209,24,7,2233
20033c7324c49212ad9543e13e9a5ac1e4bf5b68,161,2,1,163
78f77b1fd158955a3203811ba909e01fe7c474f5,1,1,0,2
e6e1ca9a5a9155a550258b112415b65845d6bcef,397,9,1,406
b2a0295894dbdeb638ac8f764549a724578322ac,74,5,0,79
e74163a99870bd50b24ea6799b7566dc37682f74,61,2,1,63
8bd51d8af815f91089405dfdde3b1b81af7b2e59,9,1,0,10
e98e392e28d5a3209e97bc4ff27e4883d8332899,7,1,0,8
c116bfc68a05376285946b8eae10ed6e51f848e0,694,16,2,710
df3c407f8c40d4dcd603ee35215199cd1d60c38a,1278,12,1,1290
3c355e9f6e8c4c38bb14ac3d3c6ccfee378af1ab,101,15,12,116
3b1cad2156e6230760fface6c7cd00d3f3526255,20,2,0,22
474479c3f624c3a3c67b6ae549a566caac1f6b1c,113,2,1,115
49b835812a607a116c4dbc99ce60ed1684229b34,60,4,1,64
2410f0792fec33725f1b7f74b5b576b353b8fe55,105,5,0,110
e5c25b444ae605f0b76289f5c8466c850a26e344,9,2,1,11
a38fdec7212e0e21dc3ff8e6673fb56e2e00e1d1,3,1,0,4
74f04001a985211c499ee4bbd73de686288684a8,201,6,0,207
79d94cf4bbc906449a4c6995801fa61daaf80faa,829,24,12,853
35589a776a33285c212ddb7e0d51982cb61ce338,14,3,0,17
85261a341936547693aaed2105dc504fda2a9bf7,2,1,0,3
e9764f159262e1aec12c8b418061294cc9914726,2,1,0,3
87e7b32d506a0b3caa93c9da2be1ea51f20ae96d,2,1,0,3
90624c64f76ae46cb98d30b0f7f0697ec6701fbb,3,1,1,4
31844374d516aea57364f716474c4a46b0098898,75,10,0,85
dc514c7083bc5529c886f6cce3d600663733e6d7,20,1,0,21
a45677cf0b6b6ffa524fc10932c002d3b879f943,48,5,0,53
218416c3a432040253cf0bfcb193fc33f02b804b,140,3,2,143
97b91e9c18ef89feef8ecc68f3d26f5e3727eff6,2463,38,3,2501
a8ac4438fd0a0a5d086c5df8872fa0aa97a1360c,342,4,1,346
2e556829386eda34fb1ac78a39d1a4b4c4af4ce2,78,7,1,85
5f67cf25d6ead0e62ba973be7a6f3cd8cab49678,40,2,1,42
bf99fd3ab8a187ba901c75b7647c833758d0e18f,20,4,1,24
74c48496d432367856da380f17ffb788810782c4,68,2,0,70
5f2a3e178d8ae992607b6418699a2e1e17d23592,4,1,1,5
17680ae3cd65805f7762623cf40eda736d5a4bfa,68,2,0,70
4385f12f8f35ed2afb6ad1f25ed99a642fb326e8,8,1,0,9
0f3546a9b45e55181f0c16b11f9378452357b2ec,25,1,0,26
8ffa1099e2afd14052f7c91be822b2aa3f5f2a8d,11,1,0,12
b0158fb2ab6de20922cc1b19597c5e17dae0b527,380,2,0,382
5490c7d927daca2d64f108b6c2eafe03bbd6f54e,86,2,1,88
b8b7c50865d37449616cc6dadeeaba84526945f4,2268,3,0,2271
0f3f7d20048a13b561ddcac4537f15c2ce9bc8ed,6,1,0,7
5ec744cf7fb0db0658f91176bf98dfe5ccb05be2,302,7,1,309
ae02a1d3c673f080d6744ff1d3384f9d48a34dea,4295,61,13,4356
a6e28082ba08f2ecefe6c7bef898b201126997b9,396,10,0,406
5e1a22db1c1da0e5d866fd5a465dd3cdc7b3ffa0,78,3,1,81
583e34615bb58acf7fffeaa3e815358d7c033784,1050,10,0,1060
0323468816f3bb5fa8cdcaa3cac1958f3dc89f6e,782,17,1,799
0b304042dedab3196f9db98e51f90e8f5b72bdaa,83,5,5,88
6679b6cbe6a26f8e9ba2a02bcf56801811e99abd,134,3,1,137
f8824c86112c99f5f9657d86a3f0aa53777b1f17,449,7,6,456
ca6662bcb4eecc62493e2e25a572ed0b982c046c,51,2,1,53
ec12824a55a41b524c5a86a0114099c11a75fbea,17,1,1,18
93bf555a98c472ff7028a641b32ef5d8ba8df7cd,290,8,3,298
cc048f082789fdfba8a8f516282194259067def7,4,1,0,5
879bf581b323d961a88a3a6a3f26a4ab26638739,576,21,3,597
12bc756624b196e68e049987265399d2fd9b782b,7,1,0,8
5128c257b979e391ed04baf3607103b6597067a9,322,5,0,327
bab8acb4cb559dee75e54d86b371b852dbdb22bb,8,2,0,10
c65399c70136ce08d26de3a63204d931d4f96e9e,64,4,0,68
92cbc6b33dd936de2163bf1ec340c2c9f567e039,199,6,1,205
b8128e1f52103a8cf79ca888841903b4f3940656,8,2,1,10
8f23bca2e0599eec15d059f2ed7b14dd4fe93aa9,47,4,3,51
5c8c492005868e6ee2bad1fb8daac5b202da52dd,219,4,2,223
3a9fcd40da0381ab7419f42eac3e68a71f6f40ae,2,2,0,4
173ecef0fadfeeaf2ffe03e5109962fce01c048e,4,1,0,5
ec41370c4da65c01e9b7c584e0706c40e4171b35,7664,223,101,7887
ec9a945a1b9bb14b12359ff183014287faee8f87,14,6,0,20
ab08be83ccc6fe1997ef80c25c3b48d45f410b56,2778,40,9,2818
370071738baad3f568c17fb6145ad788ed1d03c2,4,1,0,5
280a22ab759e2d4395e30dbdf04bedce2f6c8c11,4,2,0,6
3b18170ffc80061278e3ed6ffc3296aed4644161,97,1,0,98
026254c5173b681de9f1605d1697d80d614fe482,76,6,1,82
01daee6b35f4dca63021ba34db1f9934c87e3233,596,20,0,616
5d90b8feb5eb65ce190ca4106d31f386c7be42a3,636,3,3,639
bb31a8a4e67190435d4cbfc98a63f2de2e000291,74,7,0,81
7a61c15c746bd77f4bbce05c0db509c467fec68a,130,4,0,134
fcabfcade8840375aad6b37e7ee2cd52cf1f6066,140,5,0,145
1294bef48d79f41e4223f64220663e4bd0718f90,2,1,1,3
0e77ea1226c8550efdeaf031de8c47ef3153ab31,41,1,1,42
78109702ca47dbf960ccf23c551bca2941891242,36,3,0,39
3be007f3091adbf0d230ac999684b1cbb5e8ed1a,508,8,8,516
be8787a642dfffe802cb63b7069ca5a9757ac76f,55,3,0,58
896d4cd58fbed5b8bd20e7db0b5810bb98a8d196,14,3,0,17
05e0762414f5a5e9823b25da28f7c5a4259f161d,2,2,0,4
8afeb67ffa71a2b3e97cfdfd7fc09b618a562a2e,22,2,0,24
62cb4fb55481b53f780d588d865cbbd1f4d5f45f,2,1,0,3
22ee726e5f2b0023ed9f1d6289cae7253cc74769,37,1,0,38
5f69d262331f60ed62822c3cbad5c643b8f9a025,173,3,1,176
2bc75a3f775f10afab369d7e357af748cf11922e,37,1,0,38
f3155e1627fc2f89087e475ddc02dda914feb7f7,83,4,2,87
27cce61e810d6b2b356517c16f3828025d0c833d,90,2,0,92
eb81e6cde187d15ad87865d250c05bff8a117f8d,37,6,0,43
1aab9d8fa6cdf0f3e842195c07b81e818535cbdf,2,1,0,3
5b3ad97b939bee6f3e272f93c75e920208cb7491,659,22,7,681
b51df62bc0d32372fb465179a98c61ff26514fc9,4,1,0,5
4f263fa02c00da5539c036adc1273c027561d3c2,225,3,0,228
93be8ea901de4d4bf076127f1006e1caa0479652,17,2,0,19
1816fb9205d533b38487918bddb0863b813f812b,249,8,3,257
dde348607ed266f87bf594cb2a221ec39d84cfdb,349,7,5,356
ee6daae5363bef96f3794cc8f6325fcdab275ec1,170,4,2,174
f7aa443ba1ebe1fffdfede5a42028ac18485bb3a,349,7,0,356
70a57d57628778a018ae0c6eacf772a66b51e018,4,1,0,5
bbf48533ca8f29961510d370be617ebbbc5cd5c9,54,2,0,56
6ed872b4e49c2c767dad975aa9613fc881726027,14,1,0,15
918febaa17efa9e109fc68d268afbc7109a800e9,292,5,2,297
5fd13f5d60923eedbbb67743ed8a834d99529d6b,13,1,0,14
2d0e91ee311e8658978539ab2fc31c1b6319f891,292,5,0,297
8266a98127d000fc4ec3ee71c05ed9671e90f70e,282,23,5,305
4c31549c1916860203b9d83b2421fc163ad2dd78,165,4,2,169
4c8bc53e6c597657ad6541a518fb0e4c031c7799,105,3,1,108
14f04c4ce80178dc55ee62b3cf09dd4ec129f3e2,465,22,2,487
b0c2598aaf535f3d1f2eafb0d70b2bcbced8c936,72,4,1,76
a93d0bf58af93f3ac82523e05f8a36306ac913d0,72,4,0,76
f0500e274acb1ca397b511c25c0b58bc55d9a3c2,33,5,0,38
e228ce3600332f1873f7250b7ca2919e2f3607bc,40,2,0,42
717c549248eb377dd0dc7b28c8707d2e496c5a4e,108,7,4,115
56a63f80d1181e53a3e2a4c4f88e42226bbac86e,662,5,2,667
031f63c2e295bad90428e6d8e0edb7d7fafd466b,8,1,1,9
007c579c48e5361858ca5f5f77eae28034fe611b,54,3,0,57
24bd916742c8a84d2965324c4c9ea8b8571bfe62,2,1,0,3
67859f4b65ac4fb28b6b6199c0c7033b107c6de9,1,1,0,2
b4bd20e10cf564c9852be58e620f1d3b79af9067,35,2,0,37
1d39507ff0051588885908aefa209829412a4f52,2,1,0,3
555b71ed071abfeb84d1faa187776c61ca751858,44,2,1,46
58dbbc5394d603fabc348d92cda2a4e959fa0e79,347,11,0,358
0134f2b4447c97c0bf3ddb4fac3b423248030eec,11,1,0,12
4f157f6545122a4b238edd85bdaa1eeea9a6a88a,40,2,0,42
61621b88d4b3e9e4304974707f998bc126a97eef,4,1,0,5
87e37975d2cd24e2435de627d3ad6d8544af5972,1315,35,0,1350
035dcb7f7163384648b2d01134d9e40fbb806bcf,385,5,2,390
94dd19d36812d0bea3a1652ff745fbefc10eba70,306,6,1,312
67ca745b034d62b5e6666f9799d8235b9d5986bd,99,3,0,102
5542c70da913ff1006973e25f5112152674880db,303,2,1,305
2f468d87098a5545fc3960bae9d73d0b9a79077a,2,1,1,3
fc1dcc392313136dd8cc8f1b4142e879528b19c6,3,1,0,4
97fc7287de2f586fa69921b042608babe906fb61,14,1,1,15
a15b45bdfae738145ac25f9e3e9600a85aa607cb,32,5,0,37
106f57b894933f0426f85aa78bb9ec389f06d50d,379,9,1,388
68290b9eebba28f2d1433f26e15c9355ce7f3c99,4,1,0,5
72c79111e76adf83c018f6e099add2dff8d8afe2,8,1,0,9
267ace71a8c6c41933a21f6ea0befc254ea4827c,4,2,0,6
24fac2da9a64234e035750b630014494d9c9841e,17,1,0,18
2a82b5104326e55d1a757ad5018b95aee3226c1b,52,1,1,53
ef4d576b49815a2b1117eef1f786a5b31861e26d,241,9,0,250
221a55f4621a4f766ee7ed77f6a6bf4e3876671c,177,22,1,199
242b345eb298ea7586841b7014b91ce1d0fa3837,17,1,0,18
9bf3558c31348b4d6f1ac01a3d667cc289e64462,16,1,0,17
a3ef23a0d4a4b030294231bee6985f8757aae1a7,660,7,3,667
b7f2a8f4a4584c5e5cf85f62730205d002e7d077,8,3,0,11
6f94659b53f056c176b3a3c6dd8f11a5db2ad74f,544,2,0,546
cc6975dabf3769d8852005185e4eff3e2d5d0983,123,2,1,125
3132a18a93d3e30e49f6ee3765dd176e79a4cd4a,87,5,0,92
0df6eafc7dd64cf6ff582802e01407fce4cfeb58,1,1,0,2
a58393d011b2e39ead9e623e875dfd40a023ecfc,267,9,1,276
f52f8f9260e7cd06ac9a3d5974cb1fac0c29ab2f,253,6,2,259
c162790d6205f7b62cbcc47047aa7ad2993cca75,7,1,1,8
ca6a009895ed756d40d21b1b9aa7b0456614314e,68,4,1,72
145c59dd79fd796d6f5590d3e1f822d6a305db41,2042,16,2,2058
a1b6a33ff16b927e9c5b232a70af20f03f9b36c0,342,10,4,352
8195ba512a7bff7b0e882ce01017724be8bbd8d7,181,5,3,186
c939bdba3a159d1ccb080686796b50a03ac77c9f,27,3,2,30
b8672d7d691981be3c10f74e97ae2caa5ddd1593,881,7,2,888
8c343a19b07c8a17350ff1ef6edc5b2b8044d9a0,14,1,0,15
85cf95870945c317bc55862a9c66b566b3018f43,661,13,0,674
a82ff0610cd20a5f86ea3b9ef7545786df841691,20,2,1,22
20ec6c948964efda204417a47d8fce6f128c222b,381,4,3,385
291b166f29b177f67cf810ebf9567221566ab5db,29,5,0,34
c11fc41176d7fb5c731ddc55f5f544ded4b26d02,20,5,5,25
954e47b9cf37dc24a7c859f7eda9af41b6d7d1e7,31,6,0,37
6579e69f20197567af43b14f72bb3a8852849353,2523,24,8,2547
db7697b17cf6eb94754edb2b5e200655a3610dc1,6652,81,8,6733
131d80d1cb24e4078798791b91b13fd4229534a8,34,2,0,36
78a8403e77d9ca13180e908627af6943b491b855,2,1,0,3
250ceb726d38631282599fb39b3990e66a667922,2,2,0,4
132ec3fa4f3e55f001899f4eef3cdf3786cefa41,51,4,3,55
191295d45f53225d9e1e214c6fdd85b59e80d0ec,181,3,2,184
85027e7fa348e9b210d6fa24add6f0b86d6d262f,159,3,2,162
69acdaaaa3ef8bd5964f881707fc58d84bf8e5b4,1445,9,2,1454
02ccc9f38cc4c30a21ce69dabff9be03168ccaab,39,1,0,40
e489e372ee15812f861a43313e9fa18fbec05a39,55,3,0,58
ec85cc05e625d32032d291c49311523d8cc6600e,1,1,1,2
93038455391aa19d342cd1a7df5ad65b2848c491,46,7,1,53
46c480b46cb6c86ebcc3a94659c689057f9e1464,356,4,0,360
ec38564a83ecddd520f5227d904468c04720389a,4096,47,12,4143
d272a0b65806242aecfeed5589549ddf9ae74c8a,7,1,0,8
cdb43d843f3b8fa10a3198c8b82c4967171765be,9,2,0,11
cba8fa2f26e1934704046ba073b7f8516d192823,3,2,2,5
4589ff2d42f0553e311f4fb4dfd545fce38374dc,2,1,0,3
8c278ca9b67cd17dfd882e0eb65e19745798876d,229,15,0,244
f992386e25e643f329b219ec2d0f877e50920b40,122,3,0,125
fa52789d7679d4c4b65efcdfb86cf146abb920fe,341,8,1,349
63b628da4863ec79ddca211958fb32abc07f9c7d,5,1,0,6
50b384bfa2a68289326fbee093f52c9b5193b7ff,4,1,0,5
af6b9337206a2be18eed99b5b4fbb922308b349c,170,14,3,184
52b46c35fb4bf4f2b96bdc10673563843502fcbe,2045,35,6,2080
caad1e912192d3da0d74395db6cc3625fe2eb804,148,6,3,154
69eced65909f7ab72197e5a256c1ccde68167e7a,843,17,0,860
1ebeee00e96f18fab851930e672525a62c29fdd0,152,4,3,156
e3099cc47e4086605312d88aeda3ca85e1e6aeff,146,4,1,150
38f66c7f7735bab7c7ae581269f67a45246253ba,14,1,0,15
4e046794c5a0274241c1240d73b9f08cf0a83439,136,4,2,140
cbd7e39cf34d86bc4fe41ac44a286ba7690b08cb,100,3,2,103
b0a86018693581065f789635facb88b1e8dac834,4449,33,10,4482
64ffa3d4ebc4e56f91e05836642fed2824d192f7,14,2,0,16
19bddc6933d4ec94b1efe41733de91ec2396a5ca,4449,33,0,4482
8ee6cb5cf6832f53dcfb7e0f1ca915d39a532017,329,12,6,341
dee8b400a6ce4f9d7f9a08b7aa3243ce2afc82b3,10,1,0,11
4f77ef29ecb8a47e512f921115f37844cc27d4d4,74,6,3,80
25048f8bc792c75f44076d1eaca192e10dc5e43d,10,1,0,11
0bd712ddb3df9408b80bf0da6d19480ef737b7bc,1320,33,4,1353
81ee3622d1b33b005806661ab87ee2b7e07a5bcc,2,1,0,3
aca1ce37009f4f866d0aed3098fa3763714139ee,2,1,0,3
9a0e36b23402785699c25a1b8a79574f0d943b8b,274,4,0,278
43aa4a8938bae9c77921764826ceb9e10c59404b,240,3,3,243
5fb04be3942d8a90288fdc75f86693872c918e2d,89,4,2,93
db343b649e4289ac28b769a741eee7ea77db8018,720,11,0,731
65080675dec8433c0968762c903905d1f65e5f29,343,10,1,353
ed4616e2d39b21c3ba5899a8eb112496dcd28ef5,149,2,1,151
31055f21753ddc60aa656da131b83d8c29a5e71e,30,3,0,33
0295518bac9f9431351f8f7e7b9d2148ee70417d,511,11,2,522
58b50413622e0059f889f5df062a0d0169d0456f,563,5,2,568
fe6bbab9aae4efaae84ed9ea0dd908f36c74f9c5,46,5,0,51
7ae798afe6eda53e720b7164094ad7679b00e97a,5,1,0,6
152104e42b31671ab5ee64ba92f6a31a0dc39b42,480,7,0,487
df48356de7bb8bb9d4360b8b0b8ef4497b83383c,5,1,0,6
08371f5989730438b6dca2ddc6971c9b137fcdd2,21,2,0,23
d2050237ee2b760d1c9cbc906b281790fd0976b4,376,10,2,386
99bbb53aded605e7729df59dac1ee04916cee31b,364,6,5,370
39cc9b7d469d20151d1f3e97b9212993eba61894,264,3,2,267
8ba8ba8f287fdc095c148649785a36a92b7111f0,4,1,0,5
ed1ff82a9dfe3d4062d725cd5ee3c09ea51b99a0,3477,81,45,3558
5a4c6e097726be9feb994f95d42ecff45339d7f3,46,2,1,48
34955be37cc2d9f889d182890f2a85d147877ead,1907,48,13,1955
f3cc3df79c3c7df2974f2f5ece4029a827752332,17,3,2,20
f863ca016707e51ab3615c598b40e01355c1a12d,24,4,1,28
555fcebb2261e0ce3cfb1713a4322fad69505d2c,22,3,0,25
bf089e287bfa1049960221c14ee3ef0efb3b2421,231,9,2,240
cb344fd67a546634aff2ec9f23f4ff2d1980430d,224,84,0,308
07ec8b00da95b5578845344a98185530ef602d5a,12,5,0,17
010d02b89fd440cfa6fbe5f24dd5258e440c467a,764,6,1,770
f50b2354d6b87084f0c29376915821296f3fd480,2154,35,10,2189
1d906b330c28a1a4fbb7057a25d96bff3d7646a0,635,14,2,649
1a1c2d37b1ad5cbd91d9ec2a3c8eeef376ac70f2,82,3,1,85
a3b044f2e09af0c495461be25675e0917fc5df92,3,1,0,4
d5d2d32226b112a6fbf8f3579605563b8108ffd4,4,1,0,5
150449ca0068335461d977ba00ee425ace907f29,184,3,1,187
5e7a556572b8c3a65bca9c01630466af26644f5e,13,1,1,14
e4458d4954ae6d091831b31374c6a15784da298c,1,1,0,2
2261b32dc7ba0e0e95fe2ea8634839a04782d21f,10,1,0,11
3d0123a18ed025f56eec59e651f2bbf91db8ac74,653,12,5,665
d2c21bced602e69010074c926fd3419dc900df2d,4,2,0,6
0b849abce4514ffe949915c85b15ad6aae23ee33,1037,19,5,1056
5fa5ae71f1cc479a39fe515a2ea6ef0d353ab3c8,2,1,0,3
eef5afdacc9de77175c4452be864ee77930dc57a,132,1,0,133
89c82f5fa972828b528f70152c18a59b97e413a4,20,1,0,21
438760ed7f9d37bb72de5e5a38d46ce2450544f8,251,20,12,271
5fa9de3ef302937e2cea22a2f0f29c957e5c7313,152,2,0,154
c2b145a1b14160dcf645d7ceddb2b5d58b40b43a,22,1,0,23
35e621fec2c2bc43206ec1f35a7de4ef7faad97f,823,16,8,839
6933f7b57e15714c3fbf455ca205726eb706cd34,679,6,2,685
a245ec7eaf7abeb58833a4e4f3f05431b0ab5291,7,1,0,8
c1cdc4f38cb3e0425728c61ad96b53ad50e2ae1f,54,5,0,59
3998fbb778460501fabacb25a3b9b6505e62cd4d,36,1,0,37
83049d7ae3f583483c9cb320d4d51896552183a8,445,6,2,451
a10ceaf4d41b24775adf7e726053535ca0ea7233,27,4,1,31
23b106d78be21b36bdf79194f83e29047f171b21,4176,93,0,4269
3979e6a9b561f3ada2ca0e108c76885725ebacb6,90,10,5,100
a29fe352de4fa3f66f471a4315fff097fe06c786,92,6,1,98
104a7c8fa36bbfb867476f3e26cd37c89f242281,28,7,0,35
93988132c7850fc4f443d223490a41d7aa94ad9f,10,2,0,12
cd0d2ebf6a4294be851fb316f9b2f6b4ce6cb321,188,2,1,190
b13f088b210b66b4b38c260b48d6853e03f46a6c,1553,11,3,1564
6101fde4dc73431bf89cd01dfd828a10adad13ef,29,2,1,31
f08c9d3ada4139df6835188f327a4181a0470b61,967,12,1,979
1f4337527ee2f75b90b46a297b5056064e78eb40,471,20,9,491
8292335e419a19a90a0bfcd302a937cbf7440f21,447,7,7,454
08ab9af8a94c53c1cd58d5763f2b9d594f3ca58e,1378,18,16,1396
06c4068bb891567853904d81c67ae6d3d8e0427d,4,1,0,5
4963e2d54fc509f59cc80138fc66571507a029ec,665,13,13,678
f41856309f83fc3003a975a13bc893942a10b24d,7,2,0,9
ff3712ce830decb09fd68f71e56dd5eee4c51115,78,4,0,82
24f908748b6d284eac0a2795366e80d9e06e19ff,376,10,2,386
3b314f72512ca417cb08a079dcb6f1521b37a474,893,11,0,904
e15cbcc5987e0674266efbc73ca15b9315f0efd5,9,2,1,11
0a1651ce9637ca7f270163ca03db4e6c26d964cf,11,1,0,12
e5b10f91c94c873225dce490300ece5920a7a623,6,2,2,8
88859f71bf8955e428dbcf015fba42310e97b3be,2,1,0,3
cbd69d6b3b0ffff948c686786ec322ff90bacd48,1380,32,0,1412
1367bc98eb08233f9e47ba45335f9dda1fbb7bbd,1157,31,0,1188
f905442e72ef4ad202410b5492caba23874d9804,18,1,1,19
92042475186515fc5041aaa5bb10d669f31d0e62,242,18,10,260
ac6b872d4144a1133f9ca186f2df876a2e933cc4,16,1,0,17
d75101083a19b23aaac163cc15f29abf597dad29,152,4,0,156
81324739979d1a3e0dd167d66fe5bdc9ddc0548c,20,2,0,22
280acbf831a0611c15d2b8d7b103bcb8d08c40d7,9,1,0,10
4717570cfc6263ca3beb2ef6df53f5edef365fdc,251,7,7,258
936dc9570d6f7f752ff2f6265d8093f8ee75934f,118,3,0,121
9813c626b3ac49e99d8b404aec44992e48dd1fed,145,4,0,149
cab5cc56245ae5035de18d373227ce8aa22955f9,48,4,0,52
bbeb2050877d064cf937c12a4f1536079da40b17,59,3,2,62
c5c512e460140c91fb77b527ff909ddbe3d1fd72,1092,22,8,1114
e39283e88d5948ebfe1d8a166e3ed74a9304b7b2,34,1,0,35
1f63b8115127c0ea38430c85bf9fc7a1d85ca210,66,3,0,69
a7893b6307bc752d7b7f1432967a964f30716858,344,7,2,351
c7698383331b9680d28fbd8eca1d8584d41c062e,469,8,3,477
3c20b0e4e32443977cbc18b61ef03d94b1cd5407,197,5,3,202
93e133c5bc4e69f2b7571e33c3d4dc4ecc3f68db,268,13,10,281
1e8b5501ee9fde61f979c104b4d271a1a458eb1d,84,3,0,87
592fb3320bdf417b3d351f8a404073a78ea75c71,9,1,0,10
0dd16a7ebdec3d88841250bc19d24cc1430ad3f3,261,3,0,264
80801cb2fe471967435155e55c16822de2687760,273,4,1,277
8da4fc95a2dc6d3c89a799795d6cc15f3536cce7,68,4,1,72
b6c0d3d594e91f742971f08854e573d739be6402,34,4,2,38
2847eadc6daac8591380bd7a65f2b9f1967b7173,547,2,0,549
d56087287e367821961526bb2b7b774f41fefbe4,3,2,0,5
01aaeb5f334d6801822d0f97730c0d48cfdecacb,1,1,0,2
d4233dcf157ef18f7f90707a6d8e9529ce11d6e1,2,1,0,3
321ba6063306ec1271258b47dd0236a1f07a3e77,4,1,0,5
7ee6722d1b92b4ace24befb0be4828474a993cea,2,1,0,3
fe36e629e26a95163543d71aeb7d45dad96b961b,229,8,5,237
0cf65adc12f355c223f0577618e2223adade057d,475,1,0,476
77e9a8753e7d8b7788afb47fa2c05d9fa96e8e0d,5,1,0,6
e3d70a8240c97765d3f3f96e183a1a9d4ac5deea,13,4,0,17
8ba773bfe580ab3e0822283e7581115242303962,2912,61,16,2973
27095c87d6ea69682859df4a95bf81657fb64626,32,2,1,34
7b7fb8cb420ada5d9fe130e593e09a3adaeba6cd,4,2,0,6
67625336b72ce3bd175a3de6895e2ced93a0b442,140,9,0,149
645d04def44caafea03829b8cc758e19a550f9b5,2,1,0,3
8dbd074f5c6e94754e135b376119482f60ee2037,1,1,0,2
9656929a4c713afe4d03495677e1bfae94a8e343,4,2,0,6
2e65a7857fe13161dd3211634531c93284ce3faa,1133,24,0,1157
850863e1c4ad794bd1147149a522cc126897d96d,219,4,1,223
1e8eaff1dc5f393e3e76cfe075602c504e484afe,29,2,0,31
316feb86d4d8d2f841601b24d07eef7c049f4113,238,3,2,241
bb2d59b238bbf117e1e5bb6fa5e4d0d1af3a6d82,379,9,0,388
d5ad78c2e0f20da4a7b65736198c56c58911819e,6,1,0,7
4ce5fe28559d6a78eaff2d7edf29754fe9334eb0,3,1,0,4
156e1676ca7923458ca7aac8e7f5d5fec82f42a0,89,6,0,95
9a8b95ed3762aef1ee4b63aa203971ab6db156a0,4,2,0,6
c10aa0c4bfbd18ee03887c690c27defe8cdb4b3c,288,34,0,322
7cf049e86297427054d07298b33cc6874aa3c1c0,45,2,0,47
e3bbc984c1acd65ad9d822ad6fb634221d1a5a2d,262,6,2,268
e6489ea18fe4aee37ee8c4ade4c24167038ddd73,11,2,0,13
24412f52f532c6e22c11f41c18d747400ac6891f,8,1,0,9
e24d4d03dd00cc464e6e793e2a3f23988664a0cd,619,20,5,639
9f7bc54e53b42defada1602700da8a4c1abcd223,2,1,0,3
47e7daf7323ee49be53efb363f447d574bc7e222,124,8,0,132
a0516f9e8ccb39125de67e5196b943ea6d55f7df,615,7,0,622
c9d6dd5f4dc516e327eac963d458adc5bf4c26ec,49,1,0,50
33258762a92214bda691b7f3fa5d93ad3aee2e21,113,2,0,115
e08d19cb785f2cba94c99d2dd4df14310ef2e8d6,1102,56,0,1158
cd1956461a0f310c9c6eaf600553015d4d7571f7,35,2,0,37
9ca3c0964273920dcf3b122cff09a60614e9f6e7,5,2,0,7
802a1668b7586048f42a726ba7e69854fb607b2e,2,1,0,3
03bb551382be8303a4bcaf0afc3ffa0f9c2885dd,1990,13,0,2003
da782958adad85b750ffdc39266644c5750d0f2f,922,11,2,933
061ec6aef7ecc60ac57fa2295b5687560be1c29b,2,1,0,3
c576d5a0ab1bbaab4a1b23a2c03a21ef2a7b610c,884,6,0,890
e358ae241b334b6c03fc62ab0eee99f08eeb778a,106,7,0,113
86dc36d036f664ace223d3e97445b0016ccab3c0,2,1,0,3
91be7aff1050b2a62e42ae8ec16cdaf0f2de9629,6,1,0,7
edc66af8221508e8d892bd9bd1e550ada9ac4a47,59,1,0,60
5cd3e263b9ca1464044c1eec24fc642873a881ab,60,3,0,63
a2b195ced34af644117fde7cbe43f1fd2cbf9db3,5,1,0,6
8f327a18bea8cd4efda0d9ffea1acf7a11d56f90,306,28,9,334
ec290234bf7b54c5549bd7aa0d99b36d3d0638ac,419,10,2,429
7782d3814bf3e3b8f94ff0c274912ce5b44e7be6,2,1,0,3
6e8cfe324fc7ea69a2b5477ac3187d333aef3134,7,2,0,9
226711357db742a5073a98ef179997480e1b1a56,229,4,2,233
b0f6d19b37870ef84549b34aea385522713a509d,9,1,0,10
e9702a520cde61c6479ab843f356f1b2bd4b531c,1367,9,0,1376
e70b01d02845e9d469d5f635764acdb48624b860,1095,38,4,1133
db7873548e8b6bc33ce600dcc6e56bbc62729131,7,1,0,8
bed5c3e9af54730a62484e3c2b4d47af6a5b633f,202,1,0,203
35622cbba97e72750b9d9cffd960933d545539ba,861,21,0,882
02e84d088d034e7a262dbb676d26a867248c8176,11,2,2,13
400cbf3f41ca748944dd69445f6ef45f0bcfb356,841,19,5,860
fa55a6e9a32c4886148b9aa0ba9e4a2780fe1177,68,4,0,72
cc5fff5315027eadec5497065a272e14a619770c,190,8,3,198
f1a853ded8e835ce8c98c029cce7d5d17fbd3f52,28,1,0,29
198399bb984c3ff8f63a9eb2bed1a359329f9678,403,25,8,428
3dc5e531212f4e6a9fd859f55d1d372a81988aa8,0,1,0,1
6c02694d032819549f2e30aaea72b60558fa65eb,18,2,1,20
9f98ca19980365223e892b4748e8861d73a728b4,18,1,0,19
b662afff014c44bef7eeed97c0c49d27fb5ef473,48,3,0,51
a9c9968d5ac585f9a966505c7d05a21bcc6ff7a6,3,1,0,4
51e175b8afdf4ab9064d78b218e71e3b2aed3334,6,1,0,7
0e8224f9c5ef06c1b1700379be3beb8996443558,39,7,3,46
d7987e6d5f633d6d0e4dc8816387efcba7bafbdd,124,2,0,126
1c09a923d90987da111f8ac9722e5870bb9f7627,2512,23,8,2535
661ada6874a4aa36aa2be1b9db15a3f3a4d1a393,44,2,1,46
e4f19215de8d20311e16a6b12d0ef68d711b3462,3924,62,8,3986
abef68a804e238af7112bef6e94f1f54423fd5a5,4,1,0,5
a9b02654feb8f3d7bc905ba7c86b5c3628503fe3,4,1,0,5
1ce08ca6c97010846038c5cd9fa0704c8069530c,7,2,0,9
a2198fe82e0fa19c7d05918aaea4639b2159ebef,290,4,2,294
5439eb2847a15883495ae32cf057e5cbd4db09dc,7,2,0,9
100bf0b215da595de0a4624a08b11f5e11da88f6,3,1,1,4
a5ffd4eb18e6e9eab30c176a7bb4008a51b3d59d,3530,36,10,3566
a0c197bdf91c3ae7da8d2476ec7884d5ab1ada49,93,5,1,98
69493158d1bfa31b248c15abce0a677b401810cb,18,2,0,20
06458b954332d7d075029a5619e1649a6260b0c3,36,4,1,40
7e66a14ec32a1e241afdcf05d4a28945629ff04c,3941,49,0,3990
4440b6ca7cd2da8c7733e5b10dded86ed694321f,2,1,0,3
0e0881317b30d0bd66bbaa60a4b89dfdb96fd667,18,2,2,20
d77c3da64e761f3a768edbb36144e8131682a7af,5,2,2,7
325f5a9df67b32a123e9181fd8a1a610c6ef1f78,156,4,0,160
264ba0786c7675032bd4324286fe7896b91ef3e3,4,1,0,5
5fb4c136e619ee48c9c23cf89951095db04e7ed0,192,6,0,198
4f739a315c7c196ddfa59acfa7777dd052bd26ff,149,4,2,153
d36c1719d64b5639f54fa93fdd2faa21522363a9,155,7,1,162
7722b97cb3d529318e7536070a4c783c54f662ca,279,3,2,282
6c3430b430ebbe6cdea4ecc1cd2e539f93536fca,34,4,0,38
4b7a2c78764fb769cfbc03e549e210de7a0cb0f9,626,10,4,636
4dbd6c5829a34232934d8f5959cf38639f33bdcb,7,2,0,9
204cd59e9b8ffcaef80971432d795fe93d054887,24711,463,0,25174
30027df10965c82ffdb14fbb815ae7ab6b6e287b,13,1,0,14
2c7603c5671de40711c93dd2c36da55d14ddaa71,0,1,0,1
bb26300aacafa2a844489b9c64c9a502219bda21,0,1,0,1
48a76f6777dcae2b0e95934df2b973ff8fa18520,11,1,0,12
2b5fe71cf459fc4b7465877fb9631a9d9374ad62,15,1,0,16
9d2bd45689688b895c393d0d432729f6a3edc05b,13,1,0,14
1a939b0ae002ea7d7661e42f1468212a91b71e9c,108,10,3,118
3c5d376605c7c12fad0dc67b9b58fc61c42ddfbd,515,9,5,524
33ad0ad84a25a0d65ba408accfb1429cb96ff840,449,4,0,453
ee2a6f7c3f2e3c9bd8dc61c8dbdf171e933d9481,264,9,2,273
429f9544a6935d2c087e0ccbfb46f65e8723b57b,1189,17,5,1206
c7b4201e845a69a829f2e81ba2bcd4c33e9785eb,168,1,0,169
df3c4df3d895c138434a97dbc5a1a580ead5799d,616,4,3,620
a39468733d4d472ae5054bcd55634dde73c1c5a5,1302,17,6,1319
b20608557d96b120f2b944a4aad6e07ecafb407e,7429,49,18,7478
a1b1f6c94778dc5277276a46500baa93c3beaad7,36,2,0,38
46e4e557ded31d6f4ebd3e1740713cec42c10bfb,187,1,1,188
63a31251879d7b8058eb8fb422f9d655f74c61fb,30,1,0,31
6efc4d9aacb5ae71994b1bd4ac4bb4bc6765e5be,128,5,0,133
a3b83246714be990425337522c9fe03fcffbe1a2,1141,19,2,1160
44428f31817f1f67823373dacaf178228c02ed6c,2884,30,2,2914
286ea736791dc9487d5c6c4e47eeb969f6c37a98,50,2,0,52
aeb2569b3c328165ce52a8f3a898d84830d03232,5,1,0,6
3a6dcaaf3105b93d43eb4dc0ccc432007886a43a,16483,174,0,16657
396c723655dbacbff2055fb7c2309c9671c28578,18,3,0,21
442716ed68376b65e9daa49a927c6325be0f421b,6,3,0,9
b0c5ef1ea273530f48a8014c004ed073be9c6d6e,3225,40,10,3265
2f2fa8b345c9705d0bf3109f3a2478fa616559ca,2983,68,12,3051
78e79e011f1bb017653e628587faf606cfd37510,765,37,9,802
826108f15f92e57a299b497bae1d39aa490cdd8d,324,3,0,327
7d64100c193d264072d62273faa37bbe315b6241,339,6,2,345
daf70d24a109419aa578735429717b535359e090,2,1,1,3
dd2fe1bcefcabc05ab5a09139d6be5ff5f7348d3,104,3,2,107
0234ee3bf104090d7836859a7feb49b0392d433d,6125,87,14,6212
cb20a2bfdf7383305b86da896fa0179bb965aeed,211,6,1,217
4e24927ee7492ddb05ea1c55cdf9c8dc3506506f,6125,87,15,6212
f2edb7e90bfd4f1b0f433d64b3bc768536777869,4,1,0,5
5d66516d18b84878331918b79afe452d70bd7a42,1101,9,3,1110
ad868a500f43fe7f371a0f9564ac38a09bc4f154,3,1,0,4
67c2de0dcd57b8274997e325ce893df048394370,24,2,1,26
610720b434a0fb6c5e0ce767bb4c86ab43f00598,494,6,1,500
8e796dc5d69b7c1262f308292002867609196e4f,28,2,1,30
693a95933def14cd9ce6f48fae11dfe1cd68f026,1173,26,5,1199
954b9b67320a00076b889aeb3ac751be11d4ae0e,3,1,1,4
b2ec3398510e53216fb861193eb5dcfdf41491fe,476,2,1,478
a7cdea18d51760b29ca5016ba124818766904a01,60,5,0,65
fdc130cd8aa280c095bd71005dd937e353d3592d,7,2,0,9
2de75fd4543530a0ced7d494aa3560d839df01a1,197,5,2,202
ba9c11041c9a2659340d1dbb34b075f2e306c815,32,2,0,34
6f943820a4d9f65383854bd4b567352019d320df,114,5,1,119
8f9be71883f8de0f5b97e17e849f35af99e271f6,154,2,1,156
43c7ddad85edd687a62032b732b33593b8322572,98,2,0,100
11508d941ee6f7008538416fc1c7af71e602c9d1,560,10,3,570
65e1c577906d41e85aa80cba6271e693aba32d3c,328,3,2,331
6136ecd1a92cac26894c74a306b3df6d5646c524,8,1,0,9
a4b24465a8ed95c886f2b7e5bea195dc14a5335c,2,1,1,3
a7f0422d77c9a713ab3912cc137b045f2ec732e6,270,4,0,274
79c9c7552311e4fd780837a0cd8163ae554b368d,10,1,1,11
e361cb66ad7d0131ee7c0d744efe9e7ed5ba8240,28,3,0,31
2dce0b89d344c5100eabac53f4c1de289c9f24bd,53,9,9,62
f6e103d8fa7992dd61f59653f2a98d49ab5477d1,2,1,0,3
d8ce43ac062cc9ff5e600fe994dfcdfd4f50759a,50,4,0,54
6f39d4ae3dec77c3bf4823b9a4c7510bd7d47808,108,3,0,111
2e669acca7463c1c156014e0f3e628d9fb0ac0f3,2,1,0,3
0252e90daa265f40f8ba6e87769b4f2598a180fa,29,2,0,31
04806d93e1919289308a8c1ac5d077e0b2304b62,6,1,0,7
eeebfca0bddbf31b10a86a6725e2c27933fdb0ae,159,2,1,161
fe874760e433844d9788fd57e6dc9ecce20c62d6,28,3,0,31
7994de48b8157d095b72dc075e7976aa08b36071,325,5,2,330
a510b43a6d7b1936a561d7a49326b8136c0256ce,57,8,0,65
5252e96083520db65ad01b48c1ade1550adab923,1719,14,1,1733
38fbb4e5fbee4086244862774811a34f62b4a2dd,84,4,0,88
31c60bd6b71953226fb6e2f5b439656d9c1109bf,182,8,0,190
66cf82d2e4335d01d71184a60182e3e8ae1f0bb6,21,2,1,23
83f104aadcdbab91297b7a5b4d6809fbe1059f39,985,6,2,991
792ab3fe857cbf517f4e9dbaa038a6087b5f5bc1,8,1,0,9
b38fe30d6ac32bd243ef87950f000a81403e97cb,286,12,7,298
fca6c7a827369ce77720cfaaaa916d2bf1b2a18c,153,5,0,158
696277dfb3b981e886bf9b1785f467904bb7c12a,2,1,0,3
6eccf23009c1e0a03638255555e8c93a77667126,416,44,6,460
7274c1565368c0ca1a1fcd45b2123be583348f5e,37,1,1,38
8b5d12b9e2c7a7d56c15f9d38bab6320c05e07e4,21,1,0,22
db69d90d63f28bed1918518435a6d7cac86a5b97,31,1,0,32
536009b40a415cfc07de5a117383e71f7457e2a1,237,6,4,243
0a4f22edbfb7ad36b630e0a20a474d4c4c9b3826,1332,12,2,1344
e02a8d265f04f83a0255df3365fcbb8c37128013,349,15,12,364
43a62cdbabdaf4d39a3ebdb0c15d015bfa4cf309,4838,208,61,5046
6f7aba8526ff01a159b289aff932324a3604c1d8,20679,259,68,20938
5407cf585619babcc1d01f6a85162d779b883a88,2,1,0,3
ab27362703714be508e937e972dfdc8280f2251a,115,3,1,118
b2346402a4ae32193002f148160eb91e3fc72f24,64,32,0,96
107ea875c643cd23f270b53715578d8eff51173f,3,1,0,4
e21e2756b005fe3232b343ea5e81c1f1a6a1bd06,711,28,11,739
1904e0a92cd6964f516af28786c84f412e43c9d1,3,1,0,4
dcc1e15ff371a5f39ae85c3b9f6e40b0b464afda,227,3,1,230
2cbda7b053097e771512d3bcf3ce4617765ea6fa,37,4,2,41
192678337be0b38bb57d1d35baf78d2065bee791,303,9,2,312
1bb60ecd190303b48f82e692ba32150a07b2cc5c,20,1,0,21
e7e0f5abd2a69d304a5ce516b8b3288837e7445a,8,1,0,9
1df4f296781a6fc9f9253579a124d79caebb6f9e,234,5,2,239
35ce5b1e0971525c665aa19cec7fe63662ccba86,17,2,0,19
577e632e7c32ed973dde0aa04b137f3b041ff49f,75,4,0,79
9bba2d5203b0e67b206f153cac4a60a213ce9a15,2159,35,18,2194
3dc1fcdaf1257a2a63c27dcb0e18d32495734cd3,3,1,0,4
dbc3f873dd743541fbb5ff48cd248f087cfdb285,5,1,1,6
fffba70a79c2bf2e97df52f06e9a537556ce931d,4,1,0,5
5f23f85a60e3e902d9b4014839fdeb8791e9ce5a,18,2,0,20
edc5a5f3cb79104b65dd0d95db10d70ab7da24db,736,21,5,757
6ab2cc38de6c6cdb466608fc7a92ed50bc1ddfb7,6,1,0,7
e5005d917cb8d11130b67b82d65e0b740aa81fe3,64,3,0,67
9cc7cbfb54d3211cea85c74e2a283674f4c0ed4f,1,1,0,2
5efba7d6adde5b6ea5db0a56af74adcd011ddafc,327,10,4,337
90d8bbf5a636b81877051b69367c76cce1b43402,562,3,1,565
4606d830f28aade54024edab8f26b6205d6f8ccb,521,14,9,535
68b8eeaea19457e8bb22bede7a84c5040ba3dfe5,562,3,0,565
2ea76fc781443929acebab4e65f48f4486a3da22,157,3,2,160
cb1233a03f8b58a0834dd22a2319fab084a3f04b,59,10,2,69
46fdd6a224edd8b34e25b51bfae524fd1bf18a8b,24,1,0,25
1ae1350e74b7329d511fd79b4b552bd497ed6062,16,2,0,18
c305b91318789150ac898dd8bd74d944baf4e90d,29,1,0,30
c7e3970e7d44b744281d69411c4a31d6ec75e812,4,1,0,5
25a67ebdb00676800a38e4334df09d43ef540ff9,188,1,1,189
f566e390d9ad2f0e0111dfb90718803b5d6b6fd0,22,1,1,23
6330f0bb74d6b986d040a8017f3dfbde361d5457,191,5,1,196
924b1faa64026107bf933ba441e743cf52cb94d1,6,2,1,8
e052f941c96d8a397d2b419fe41edf585107302f,147,4,2,151
326c19b580fcea2112bebb04d12182942e2c5332,431,13,3,444
fae726a85942fd529affb8748e1c67573637a401,285,13,2,298
a6aa0d125c2da7fd73984be321b113bcf7d2d3a7,4284,70,14,4354
53c03c19ae0ee85b72aa9d2a20bb96c9c51f3853,1963,41,24,2004
85525eed46b4cc7bdba9beb1d9ead16be0c98edd,17,1,0,18
43d2f18ac24ddfc6f94e2ff0e674242033ebdade,17,1,1,18
6bb6b3e514899244d2ab813e4bf752a8c47c785d,498,25,3,523
82554dd766fc6de77331e533be6d0b7040d2c90a,127,4,1,131
5216ac5b5a9fa04f41d1cd5c099d0c93222e420b,169,17,0,186
fb5b61347e74b7ee4d50e71d92470897446cefe2,190,3,2,193
000b71efd795031f8f3aed114e2ce662c7195987,319,3,2,322
a6840b52ca422df1d4f6f824416ad4f3869496f0,3,1,1,4
8d42789fd58903587c2d3fa708b14248d5665993,49,6,1,55
fa1564522cc544ffcff7e22e6af2cf19dea53ae5,20,3,0,23
09a94e8afe7d8be1ecb4171f003228360dc0e6d9,148,72,0,220
d6585fa2725f59b85640c5cb22da7a80a9d04f00,241,5,0,246
992b0250a31b30e6a93aae714ef3bc1e43ca3156,37,3,0,40
4c4d70ef4de3cd34d19ae2fcdf890612efd5c23b,210,11,0,221
fc09631c7e0f2f87012bed34f89e6b343ee18c84,493,11,1,504
14055683accb367672fd32f4dbd3f136f4a49f28,1024,18,3,1042
a38cbb2d6aa324a400f09ddbaa75c1c8ee5462ce,109,4,0,113
c46dd5ce2088044d1482ef3cbc244a98a0a34611,49,1,0,50
34a9518e356a85ffe11f8fa6920f83fbfdbbb403,90,1,0,91
32ebec351936952b3c548886b005a85a2695700c,3761,171,0,3932
7b29f1dbcf377653aea367876c55d8f90d43533b,44,4,1,48
ce96e4f3ed7c151b7f3e845981d7470d707c4050,1174,23,0,1197
340569b8f4e14a4cb61a9407ed2d9aa4a20bdf49,1020,35,12,1055
63aad1aed7708fc1311e65c0eab7e50ce419b01a,970,21,11,991
ac3cfb8faf818460b6c9e12fc97acff7e5cbed1c,3,1,0,4
08658ea21c5c9a299dfa3ebe4df7d4b12c2d4b93,67,4,0,71
5e9477d0b917e1f28c259147379f422f98a38cea,493,11,1,504
4b6d9ad8d3d73574bd2f0b1b7078db637a6f14b5,2,1,0,3
c0b14e55ca20a418f872894baa5730dec326f22a,4,1,0,5
d71dcfcc48218b683fda998d02e45f4e4cdf9114,383,12,1,395
ec4d64db439c333cf2d16556412fbd52df2e6586,50,3,0,53
92ae3fe4df5b568ad023575a13e1c6dd0846d9b4,73,8,0,81
97fed2b7fd3af20bc919c0fd782fa8fa8adb7a41,58,4,2,62
89e7df044ab4de6276ff0e9a7046cd08d327fe87,28,4,0,32
02739a57cd01e0ea6b78e2f03c6a635083602458,1231,65,33,1296
c2f09c1c8430109f0994095d480f556fc685ee20,403,6,2,409
7422609f9f5f365f7968dfbf103fb37999bbae51,37,3,0,40
35177048e1d659a3d030bd6247373671c9d65211,121,2,0,123
6a65a9e33be9f51f4dbcf9504edae0b7784b8aee,11,2,0,13
66628dc56d48b00d64dceace27b734d6b74c27fb,4,1,0,5
a824ba8e19082ce4161d9c310c6d0711eb4aecd1,2,1,0,3
394019eef7b840eccb3a4d6cae18e359db6ff68d,3600,60,0,3660
b42a5c59733cdbab68cda952f30f897fee9021fc,39,6,0,45
b9f5791cd2548785f31e7c28f02d2cf70b2db52e,39,2,0,41
f0dec14fd01f24672aad7d924ebdd57f82dcbc5c,98,23,0,121
4f515fe229f9996dd962ea1feadd31739727974b,86,2,0,88
8f2d25f5b3284fc7321c689cb4232bfacedf13f8,113,3,1,116
5d95f0bfd5266b46323a516b77458debc5969fba,14,4,0,18
21644eff3bfaddff3e8eb8b40fc244ad88ba3708,2,1,1,3
aca97329f994db7dda40d4732f3c25c046b09eaf,11,1,1,12
53c0fd1e44cda1972e29c8d256edb808c0368dde,157,1,0,158
8a5446f96d007bbdcd57ea26533a8d41a1a1f88a,2,1,1,3
e74519fb4236c089d18d71f6491c97a00efa3a7b,32,1,1,33
2b7623acf09879ea62357fbf5019ee9aece70f30,15,2,2,17
af8cb624220398e99954f892ffd12e072524066b,225,4,0,229
0088405ce305a915174c53bcafcc9a1740da64c7,2,1,0,3
ebfab709eafb78dbd920183e647eba442cc45667,677,11,5,688
2e43749e7283965e94fdde9c30d687d8965c35eb,2,1,0,3
a9d40a708bffeb2c3762e5cfbc00f9c33b02cd4d,273,3,1,276
9253035cd664f58b601505dc5eae4da6fe27d814,2,1,0,3
6ae70146609aee8014747de156f05bca3549ce3f,32,1,0,33
f8d16749c14089b4fba840a2e424e411763a52da,398,9,2,407
f92d20ebc4683be945aa0a89c1908119f519bdc1,28,1,0,29
d88af9b951480f107ea9612ca0d4023489d08d14,202,1,0,203
283ab0c423c67cc85576cb05c37b2d7be39b088a,67,3,1,70
8f2045e364a4dab71cb99138d99e90b80bfc2de5,31,1,0,32
958975e868de174b6c5e09f284cee2c0c427e508,292,7,0,299
71db7079343955a36753a88a17a38dae34a22a3b,2275,3,0,2278
eee4f17b1ad8edbb8cfaf7ba7902c30a83a236d0,4,1,0,5
54bac750098bba32993754935e867bfbdd42ebef,4965,61,12,5026
08f96597660e57e8b558d57387b1bba3c3889902,39,7,1,46
cfad55d39339660efc0daf06b11277a904a568c2,1,1,0,2
8b52ae94e49e8d6616aa8f6aba694b62557598aa,3,2,0,5
a1922d7e2406da7bfe561b838f01d98aeae1e1f1,1443,2,0,1445
50213a0aede8eaa383a0af558d2cb14ce563aeb1,6,1,0,7
e8bd98dbaa1bb12e086f09b135b0d087df73769e,32,2,2,34
b50aa5eb0b3d8a641b574401b8d79e3ca612756a,2426,18,10,2444
7b37f6481112e09da231a13c926d67002437c36f,12,1,0,13
faf50f1dad74028f6cd665ec23ee3dabc40ea923,510,11,1,521
25d38cc98c4ca098679d69ad90fc8bed66e6916d,3398,49,13,3447
63f6b1f4a251919bec4a4528afef964720323089,1618,22,0,1640
d2b41a08e2f6ce2913607f0fa13aa4993b801798,33,2,0,35
ce7c1478ff19e2cd4becfda855246745b248b287,114,3,0,117
c917327b74b3dbcb65b961277f5d2c99a71b7a8a,263,2,1,265
a83f3038a9424a5eb826cf35da8d22496a551b50,2162,17,8,2179
42161cdd5eafb6403aa6ed4beb75d2645f16f944,1337,9,4,1346
b2531569d42aae871b09728a6dd7a850f3cbe2b3,527,23,12,550
b2f8cf8f436e544911b110ad6e2643329af99d4f,1064,19,9,1083
4abcb31071c6518d9692f1a3ecb443068ce548a4,517,6,2,523
7c01452990ad0de0fb84ab4c0424a6d71e5bccba,1580,17,1,1597
64c9f502a6c893aefffe82b27aa50ee275265953,2,1,1,3
2f330a1cd1430a198ac0ddd81075ef20ff1e7316,1440,20,4,1460
bf5131fa40706e1538a69de1db99025a2ed72a41,182,3,2,185
e36e383f1dea725c44270fad6b40648d832b187a,31,2,0,33
d34107b8ff6e4765e02c83be1cd8c016f052c8ad,2,1,0,3
a5a907b805a96d432da103b7984bc2c83cb7aa29,50,3,0,53
f53c48aa731f1c69513c5ea474bb1e18de1b81f5,576,9,3,585
53e24e177cf8388410be059fe38e3165a5a4ce25,12,4,0,16
df238634d6d0db42b4a78e94a53cd58f6dda2082,77,4,0,81
1a6e54489d58ceb50521523c00383b13d6e3bd8b,2,1,0,3
819d7469dc3e38628513a4740f9e293722f532e5,210,8,0,218
ea1c4b4c32241f7dfb6f71030d2c1d4a8ea811fa,14,1,1,15
64558d8d372c557bcd1aa52259d063e0ba415f1e,289,13,0,302
bdcbbeee1a6f6fefdc97c2891d55f7d1fb849470,6,1,1,7
c20a1f00535f17f6c399874592516c0992ed472d,24,2,2,26
a0997b99c8ee099dcbbeb77b82b315aab6b618e9,672,96,95,768
6f6f8dd3e34272e62aca43e5a756537562c1a505,15,2,2,17
c661963784fe3a15b9404e10da37df015acc95ab,556,15,9,571
e58aae48b67c74307703d2ae44fe8e3cd4b9649a,1035,20,3,1055
042b497b8cf0e6bbbeddde4a8dba97cad27e4594,96,4,2,100
7d33687f90fa455c4c243ed0982f29e11811185f,35,2,2,37
e3f2259c5c19cc2d5e7707dc10b376a3c402eeac,4,2,2,6
f95bdeed90f8bf9206a6d3ec605fbb31266006bd,4,1,0,5
1cc3332668965465e5ed7844bbe859d8f3a40b31,41,2,2,43
7fb6061421432aefd40aec3fde3a49c55fec968b,22,2,2,24
2ab10caaac71ea0de7caecbead686b37b980cc48,130,1,0,131
b4ece5fb3781f6cee74548d45c8987d452c0932e,4902,136,31,5038
16298aea53ef921b123a60c100867b777ca4af8d,148,6,1,154
34b86d3fe1477a6ff70572c9d9a5df5e95f59ee8,200,3,2,203
f00edeaefedfa48deb855ca61b75529b11c4c659,6,1,0,7
fe9fe5dce877f6a518a0611dae90d348ae7b8433,34,2,1,36
822c3b1eed9b9cde15e3e381f7a4dc0b04a90403,9,1,0,10
c48c4ab211fc1b7f4befd6b77f7b4d247e6ba19e,366,2,1,368
d596be79c70fa29f3309dc6e91765a749392a82c,14,1,1,15
210ad201a2f6df071e3a2e1c5812e9e28afa1be5,237,3,2,240
9fd0f4cd2080713850edd10cf31800e10969385d,261,3,2,264
bcd388157c76ec684f043fa140b24dfd3c11f5cb,30,8,6,38
b6d21fb7d258f4b2b7d705be92a4f9c83e045135,75,3,0,78
f897370f88b12f7dbaffe4978d1dbc26e0a2516e,110,7,1,117
600542d53e22a80f8f2f3d6b640fd6d19c015d32,559,20,4,579
82d690f97bd1c6933e9e5c96d070a33f0d6c9246,166,3,2,169
071e27e331fbbc446ea76aec54280ede237b2557,4,1,1,5
19256745bdf239db73a5cbd13f9eb92e064ff500,2432,67,0,2499
67922b3265c8be76827257f66a624ee4060f5a49,80,4,0,84
193603625d5b7434c5a5d0c2813aafec3387c871,40,2,1,42
11472d2856c62ae2b78d1cb21e5a78b52e186504,1,1,0,2
625ad412c4a4580c3f2fc7ad4d88f5368a680e1b,44,5,0,49
692e48880dfaae23c415047656de632fbb5e23d1,1787,28,7,1815
1c7b42285f27dbcb5bcc38fe3d7dee8aac5cb873,3431,13,2,3444
f579a750bafd8f8659a8cf64c84ad62c64485e74,53,5,0,58
ad0cd50433960b7f3dddc63c898b04259fe0c074,1010,8,1,1018
3ba73ca43f9d792d6304eb04d706dcd13a795a5f,447,2,1,449
a125b0d84bd5758e2d17e0345732949a8521e149,30,2,1,32
b0359c74a0dfd156e7608452ba5549c2777f3e79,19,1,0,20
973541ff27fd742853015d79807ce0c54d6f3c2b,22,1,0,23
3c359007c9f1070d86b9ab65231df6b17d91c615,87,1,0,88
04a025b8cb8faeebe8fbc0676c3dc522c48291af,6,1,0,7
0fd5631cad2e3c4269aefae341f77a835d215182,32,5,1,37
5c2b7c8852d35403263ccfc7157b4c806d0fc114,6,1,0,7
fc4026174cfe054284450ce22b8d9f23e3fad469,4,1,0,5
2bee8f8504d846a776e5621eab80349baa991b8d,8,1,0,9
501bbed0d223304b7591437659d5aa0eb2acd5b4,15,4,1,19
1761a3c66dfa42fffa35e5cc736e2420e22851b8,57,1,0,58
c67829ee13a3053746aa66c53f73dd82af5d87ff,18,1,1,19
d64eecb43544b498a4ac942934c2addf7d78abf3,2,1,1,3
44b0622dbb2085d0b6a373cb64d2f2227dd161d7,4,1,0,5
6b60badfb02b1046a4c1851bf560bac9bcb2c348,310,7,2,317
b9c1dbc9ba5ae6e051d931e282a90aa818fa7ba0,46,6,0,52
11d8b6687eb48abd783c5202d704564b9ac5b505,9,2,0,11
7127330300b0b62e2724da074b8f1c53b9ab3be9,281,3,2,284
f148946517fa476a2ba0b45a15075a864c3a15f6,75,4,4,79
c8a77b2733312c826a44641b1e46481748bfe8eb,2,1,1,3
7288828c595d5f6b9b59eae4d2c54d16d9770833,34,1,0,35
a83b26418ad7fec217703f5674eed96cf13886d8,291,9,0,300
798fc9f7f839d3352d600142b8a57d98faf0f026,16,1,1,17
e28f68ec4dc6629111e31fd0e85edf5ef02ff4cb,1364,27,0,1391
1974adc24f2b975118c8ed0057abd2fa7b748a7d,9,1,0,10
97b70b9012b174646a6684987f116e76b86c8c18,130,2,1,132
48de89e86a3c953ddca8cf31e33ff781f73403f4,4,1,0,5
853cd7a4c69195bc0b6806051c161f0a8443e5ac,630,19,8,649
cb4277e6cf0f42d0cbc5d11d67662c085ec32cb5,58,1,1,59
ed0ef9d202f137524174322fa1bdabf50a43a388,15,4,1,19
e9f1a7e0b3149bf3521c8f633ae26bc62e626e24,1787,28,7,1815
4e86660dc95e32797cf8a4eb2fa2d38e09934643,544,2,0,546
41a47c44231dd138e7034b3bd80ec6f9044f88d3,9,1,0,10
30a94c89dd9315affc90abe140f8083c856d624e,96,2,0,98
c5833e034a1971a52c1ebd5e56c54ae1718db3a2,45,9,0,54
6641267df826e74213c9921e1d0c3490f09aae45,2,1,1,3
e24c1c0815a5e7f8c663ffefbf844c42c7d19e15,2,1,0,3
fe89fc4139d210a594c8363c48237dbfd8085d60,4,1,0,5
0d714086d06f05531b91198bedb08bb244561034,67,4,1,71
623d3b6fa971d6117c4cef92118b72418ec56974,45,3,0,48
dbcf2244dd77e097eb5746120791ce94a5aec5c9,26,1,1,27
30fab7448b7e9b1654705d3cc505a799b8cbe35b,147,10,0,157
6733a4d1e6b89bb940bdaf19d42cecfcc502b3a9,173,7,0,180
eaf094bdd1181d17e0cc88329e14c52aaae3ba7a,3,1,0,4
a84c900fb2acbc65711b1f69a9c6d87ea2c868ad,14,2,0,16
a84018b2102575cabbffe2e5ec5e9ca19148460a,492,6,1,498
b3f9c156025ef07bc5b521387ea3bf36e470ff9c,3,1,0,4
28f32b885bdd68c2b0adfbe56a6ace1d4e1044c5,405,8,1,413
932692ecc7a3e0feda856ae37bd2b2c182274b35,141,5,0,146
0cdded31ecabfd34b47e55c51a8c1e1bf4f9d667,4405,43,4,4448
0691347ed789f6c876681ba50356bdc5b8aa5ff4,8,1,0,9
2fd56966f4dcf05156a83688465a885264de86f9,2,1,0,3
18c6b4a5d079874e9c156fa39564970ad3c31914,1,1,1,2
768063c2b75b99f3d805daca7f20862d09671f33,675,29,9,704
16ed6b53c98bb5c39c1426cd0e4ef9b3cadfcee3,2,1,0,3
7b9526b3c3ad56053cb6b6811e36bef94d3d21c6,2,1,0,3
6dc5804af6dda90ca210a39d622964d78e3890f1,4197,50,13,4247
a11bcf597cfe3a18214a3639daf244b3ba1836c8,40,1,1,41
64d920bf59e18b383f7e2f230f8f4087406e38fe,52,2,1,54
8c3731e83296e1750c7c098b283c3fd8584b1be4,7,1,0,8
0936f162b84d0ff701ac020405e7e44f55fae52e,10,2,0,12
31087002b94127c3f1365e90e2a011b3585d085a,2,1,0,3
ed76af245e7947b0e701907bde76849971a6a75c,730,12,2,742
caba7cca8603dc0f7ae7c0faba714f089448bf72,32,9,5,41
a8170f78a384af024bdd483294f2f241bef5a7f8,9,1,0,10
6dbcf7e34ec3b1d3cd80fc83ab53a9959c3b1fe1,184,1,0,185
90c0af887508ebace570cd13e7cf6b4369a995dc,216,7,2,223
7b2c34ab7ba3eb59fdaf0052fd51596458f63b51,3,1,0,4
4ee181ce42972cb5197d780a79e0a96c26fe77e4,165,3,0,168
29d56aedeae7c00ffe997530aeb7624d5863df5b,273,1,1,274
318ffe50fc0edb1d31f05044be8367bd578b6a88,2555,21,10,2576
ed2435c81e435750fb2640aac1ea2a9ae40bce2d,1,1,1,2
447a8a9d0da87128b28d37f4ebaa2e3040e5febb,17,3,0,20
3cb9e2582470dbb4ace357e45d48158a3ccba642,4,1,0,5
1142a368187a07fe91993edebb40bd027c7cb72a,17,2,1,19
ac3d545045037446014b66108364bbef39362847,1549,17,0,1566
1f8ec79d22305fb5a6e28c9c9fa8efa2a2e391bf,2044,14,4,2058
8da7c9e1b90d14fbce971a6566ce369b795ed30b,56,3,2,59
05d58bb6efe35bfdd8bdb3e74dfd2627f6df7f9c,500,13,7,513
536e825483deec864ee665d53cc8a695771c4aa0,146,6,0,152
ae2bf3d6fc527e0f85d246abc65547d79226bf19,5,2,0,7
7366809ed0ea7a943e1c80079fdbeb556ee86245,2398,33,9,2431
c533e2ccb8dcbb2a9596befd4c4eda65a2f2fa0d,775,6,2,781
48a66237c1fb2b5e095eed0c0961764b897230f8,1,1,1,2
798c01bd6d8427ec85ebbef4c0bec4fdcacfee29,44,2,0,46
e7ee88aa82b3c59eb1ae671e2d33f1307f17162e,29,1,1,30
70ca86a30a7589f9ff466b93a958362135347d02,314,5,4,319
90e0bf0c1de9b7e372eea52734318f571c5939fa,4,1,0,5
a69e1acba8a69f1818fa9182a1167302f81b93ec,38,7,0,45
22eda40c8d28ca056094d8d3338e5036e46c80d0,8,1,0,9
9fd6f4a4f64581f3ec4a5a3a7e489226afa1ed0b,2,2,0,4
96d12d84bf1769418af4ff6c0324d8302a067535,17,2,1,19
682197ba952e1a011126071062b870fbbdd2f707,2,1,0,3
6d8517796aa1a121d0a6ba5fac7154c05a310eee,4,1,0,5
5b4024342889d396ae19c2224c85c2da20d83e2f,4,1,0,5
094f6c328b8297cb55335dea6bec391308bbed27,4,1,0,5
f623ef10bb73a34ede5501eed78be362f3ba8c7d,168,4,2,172
78e8627adae904774aa8513adfbedd0b225cc86e,83,3,2,86
1981dc66d9f3c6622c79d05b05cf97e203ccb416,8,2,0,10
094f93b4160b9a0d41ad958bc4ec5a737188e44e,4,1,0,5
f4ac81a4881d6d4232d6749e0744d987dd2dd3d4,277,3,0,280
892d8c739205c2b87598568042f0cffa3004d57b,212,4,2,216
98ba7b32decfc402deb34c9ed98ec19285fe5648,271,2,0,273
e666fc5ddcb073e4be8f0680aff8b13653a23b47,1013,15,6,1028
6ddc6d701db10c51406a7ff02b5f8cc3c1e2397f,3428,37,0,3465
68502b0a60d92bc10cdfba11516db7e629eae2de,36,3,0,39
ce6a15782c93a95c58ccb46c44f391b39d4c4ac9,12,4,3,16
0a92af510cb7196dab39df59feece263332ec90e,9,1,0,10
5eb54e2eb96f5dc1c117d3b0a94f7c5cb04adbcf,22497,324,0,22821
c4ccf55dd6eb22102c56e211812eb4ccc206f4a7,225,3,1,228
baf08bc9501676e418dab2431211a659ae421d25,2,1,1,3
8c4ddffd4616c9dbe7bbcd544a2b07dfb0195f0a,39,3,0,42
efdc8a0cbcb111bc8610b9481a9ddc734708ffc5,194,11,0,205
6473713d50f17d97d234ea828a98dec9dfbdb59c,86,2,0,88
70a3ae9d99e204cc88bedb908d80f86ef37ec454,597,13,5,610
a50f5f71ef20cbb26437197c7a7ea61e499f4db9,582,5,2,587
18e6aba2439246e3149ba5fb7a138216804c6c97,6,3,0,9
ffbc56eef2fe67ee56e19b4f558ac3d05fe2f39b,85,2,0,87
994a4f5ecff5b69407eb1b8bd1cc68d15424543c,318,5,0,323
af235ac6e5a3700d0a7bb425ebd2ce3f5129df6d,219,6,0,225
4e4bedbfd51ba28805017b0f7aba273b8d068211,2,1,0,3
ff08cbfddbbdab879302b460d86e7b037ccf4725,1924,36,0,1960
f91f32d75f1399a0dfa2c386fa264e440fcc69f9,846,14,0,860
664f1aa1af1655d17981288c02ddc6f5bf0a5cb3,204,7,0,211
edef7add03696eab54f02ac3f8ebbb174a2f26ab,6532,72,15,6604
5765d60e92c667f8efa62a6ea7bb9fa11988824a,41,2,2,43
99b8c6faadf1a4023a90d2003b1ce9677c71f97c,704,13,7,717
5ccb5482e2acc9dff502a0df7390e320760fed8d,50,2,1,52
caf9bf67201f4b13ca7c371328095455789f8a18,22,2,2,24
d6c982df2843c983e79d9860b4864163817cc47e,50,2,0,52
14f7bcea57f3a05e61b66276c9e31500b80a162d,15,1,0,16
921f0cf9b3ab6454339fa57b929093f56372c61e,560,11,3,571
ee0f4c06834e27eadcb67cefa9f9684bce3faedb,123,3,0,126
19c2df9672269a64883cc406d7d77c382bc0d568,12,2,0,14
6f24eda55273031c65405aa18fc46f7e8c4af39f,26,3,0,29
89eda4500ccc6d7e7161488de78605d5efa4b2cd,135,5,0,140
d463207496685d782f6a27b48b911fd896accac4,26,1,0,27
503491b8bfaaee02647d72828f0a0cd7ba758c49,26,3,0,29
cd8c55efcea9cd7dae31d063c21b9ef90adda7a9,26,1,0,27
a3e32ca611d55132f9d1e7adc11961e25f0081a6,48,3,1,51
9f8f366ad96d1a0c29778eef5c74653190e4675d,61,2,2,63
ff0b232dc7c575f600525d13abed62a6408ce380,871,25,0,896
df8c823a6211ebb626257f00ee31bbdc69bee40d,64,1,0,65
5c948c0857798fde75f72a0ede2701235510f8b8,6,1,1,7
27dc3e56e2c63b0bb8fb3187109c250812e2924e,51,3,1,54
19a05815bc4858ad49508d0bcb09d22c15168845,36,6,2,42
1f8e4d711bade3405fdbacf53f89eec0f48e9f02,34,1,1,35
18558fc206aaf23cc2ea33e6f20f4a53cec24da5,219,2,1,221
9d9d8a87aeedc52346321a50f59beb7f7fcf5539,29,1,0,30
d0adb61ecd9af0d9907e480ec747ea1465f97cd7,109,16,3,125
8bc4886b4dc2ff19c3bcbf5d840b4d3b0b3da1bc,155,1,0,156
15022e0219010979a3ea09eabce0393b40a6584e,831,26,0,857
bdf86e9dbb10e8adffec9d89bf705c48586366b8,4,2,2,6
ed03b931819bbb8f0ff3c22e203201c7d75cd56c,7785,65,11,7850
b79fb165667de4a53cc85919cd7aa4d169c2b9ef,19,1,0,20
0901cf3bc73d30d3f0cc60aa87bddc6ab3b02249,4350,75,13,4425
dc4e36428b703a1c582888151f40150e6ab21bdd,37,1,0,38
d8c4eb00476e40db6c523fd7fe12b09f032f6473,14,1,1,15
8dab44c5d7f166140239f558a94c1c24e837af6d,1,1,0,2
56b27802e67d9abb50a7b9bcd79b6ddbcdb9b408,133,1,1,134
a5cf9cb4e9f56d83801b8ddd7d850fc429b1f1c7,3,1,1,4
a2c96ed88bf5df6f6bb453248bc11a256b8b41da,221,6,2,227
c27fec3c3ebd70ee9248a8d110b65adaa7ba042e,13,1,0,14
aed482df502d7d481074732bbc7c7ee4247ee72b,12,1,0,13
3fc5d578db37d0d1e61daff0cdfc3d71729ffa41,168,3,2,171
79be449dc7df800b1520ef086115b52d96c0c479,2,1,1,3
f80d3a95d7abcab16138808e3b6f0785308867f1,516,8,0,524
c1e7da15cc188ad0addce5002b2868c5a6e4dc8c,386,10,2,396
5dc4de83f76f3d978f72fa0f9e0815a8cc4077e3,159,1,0,160
61c9ffb7a698b9e13c1f0c7b55b385c0c0b8e736,159,1,0,160
d8fc15bc25dbdecd333816f27d6639ba13cebd19,16,2,1,18
43d055767099b89ca09b0bc63beb20728e93735a,1772,34,6,1806
1d0a5168a3d124096822ae369daaacf6afe0d7d4,8,2,0,10
cedfcfc8df055ff214c6c9cef83e012201367bd0,26,3,0,29
f2d800e5960dfd0fd7bb7d2950015eeb1b793f3a,9521,10,0,9531
7ee1683e1677c05291a8de77005ce3c1ff5b9890,39861,395,0,40256
2030bb5317a106b1de2d726f5b01fe8f4f988213,152,1,0,153
4692155608647bfd864b9a78a6a6011cc81be29a,112,3,0,115
9111bf07226bdac06c7ac5d1cfbf5ac5a816f105,9,2,0,11
122816e94ff7a4bab50aa5ae548655b0e6459100,16,2,1,18
6875ac3e069358af43586ad7068cfb7c50d8c08f,32,3,1,35
631ff3ad082330ec7b8165271be131399a2d8957,88,2,2,90
ef27473f0db87869d7843ff94cc6d16d5a810722,256,5,1,261
59b5ee1cb5c2979de0949ff21bddfe7c8ef7a54c,8,2,0,10
9df5a6dbf80e73d5929f7fd0e211814aaa9d9b30,3,2,0,5
3b0a8abf072301306c39f26dcfc86e40d22adea3,25,1,0,26
69da4bd3be3e59e6f90705b696870f814eb52a08,35,4,0,39
a8356c25d078c8d3ff4a1ff2fc8f48971bd070ab,316,4,4,320
54e936972574a9dca8adc3d4777e8274fdc2e106,15,1,1,16
2dd6ba330d73f1f4574c4c690536908fb1531c19,294,2,0,296
fe21aecf0b2ed1489b6efce7522e59e1ed206068,256,7,0,263
ffe7296330a6d14cf9948071fa2cf634159c540b,2,1,1,3
84489f10797b31ffbb7dd84d57c7235da494e409,50,2,2,52
a23c09c562c27fda1208887cf96fcd678d2391cb,14,1,0,15
277a240967aaf590948f7c532dc3e2400b04016c,24,1,1,25
4b7ce965ddc02df6dce272a7f02fa844cfd0af35,2,1,0,3
28304fdb5984eb426fbf6c20a71c2072a3339c6a,1,1,0,2
26a021a0fa235b85aa753b9b7a02370e1aa8ffaa,5311,14,0,5325
ca75df181cbb163f5b09a7f5fb3c9dfdc83b9132,6,1,0,7
d24dab813936adbe2d33a09c86ddf1f393f0c226,7661,84,0,7745
d27765afb9cb7bef811398d81b14792b36fefa98,2,1,0,3
5181f6b53a1753d4e4c9714d66fb23cdc21f0e35,171,4,1,175
064c816c177d31f18af2954175ca3ad0f3eee957,86,7,1,93
5dde444ce803fba525269bc44879977aaf12f125,81,3,3,84
5d6c8018dbd146d3f1611999803c66cc56e4476e,114,3,1,117
0f287618732206c2872ef748e78d65be0c0a9433,94,2,0,96
03437c78c18d83735d6eb0be3de3142a74966d46,15,4,1,19
54096d7c6dfe97db833960e783c18be9b15dcb55,10,1,1,11
1dded3ae8fe21bc25f09d597b808ce409271cd42,7,2,0,9
635e9a69720f882ff5b5786c4d9e608f78c2defd,132,5,2,137
a06470212ff1a736b59c4649e19c204fa1e74017,12,2,0,14
538e13a6c0c264b8bc203d4f4d32f153e5cf5c56,877,1,0,878
c2c03a92e80ee64f9be14d4978c61dd090643f3c,120,83,0,203
d5e0be034df0a5f8f8cd8402707f9dc773e1d209,0,1,0,1
2800ef084fe480224fcb14f12a73ccb24007edb0,490,1,0,491
14dd2df15361de1fbcf2dbe2451a90f95567ab41,0,1,0,1
d02e87b9dafd95bf13fa52b7d7e5bc75bec3303b,81,7,0,88
4a0695ceae2f99c4841e8382e723daff4580ea3d,455,12,4,467
84a40e53a971b7a96d9dd80b2a2c6873bd6e09e2,56,1,1,57
57aecd7ab2bf5f0836aabf40e4b4051fd07228d2,164,3,0,167
8053fc1c9c774037018601e1661992644c8319df,10,1,1,11
e491f109c1a316f5b6dad1468f5b84054c278b3f,75,3,1,78
0829397f825493f778d4b62bf09069fbeefa34cf,338,4,1,342
6c92d4dda095f21bc521962bfcb4180f377f314d,101,3,2,104
b97b1eec43be60c020adb142503e59735d8e07a2,235,32,2,267
834869c2ac7897c8891cd1dca537488230191ab6,67,2,1,69
3a4f23bfebbbc515ecafdf9b97cf1b5d99d5dbf6,499,17,9,516
d70477b20ce5e1830a3167a8913e0c0593a2d2d2,445,4,2,449
5b8d43dd794f56b6e639ad0fe448f31af4deaa3a,77,2,0,79
5d8f5709ef059a394302f33e0edf41ab9b46d9a3,2,1,0,3
abfa0f50b36e2b91f8c3c70ea0ac7e0417a12e5e,706,8,0,714
961fc35d2bd4ef651e70e347e5e4f34ec3f42e41,10,1,0,11
a0a187bf07fd0551a3b427f167cd173cff25ec80,931,2,0,933
a64b941df0a4d3bfc3a2dab32f85c371c1a509be,21935,191,78,22126
139c2af66a9f745f89429842810f5d5fe1addf28,9712,96,22,9808
647620b3ccf204c7bf11c4ff540584d0c99d9a15,24,2,0,26
05d7092e255295cf6b78b9d9082ad9eab5e8a246,2,1,1,3
c807ae952c233cf1a8c0a63d543fafe19c40c6aa,667,17,1,684
9bb4ce8ab9770967d39f0acac5cdc1dc4230abb4,263,6,4,269
3a7176582d622fc8a52a730f2a3f1e4b4319e4a3,31,1,1,32
a96ac04755d2c7448508990fe9e1dad62bcccc90,280,15,0,295
f4de6df71b256506ce36c1c4e16533bb063782a0,10,1,0,11
da77b9818a70495b7afdf6899ebd9180dadd7f68,2604,35,8,2639
780fc07be0b257b578647682585c89548e6d695d,3,1,1,4
6557fe62696ac24c740e445b53482da298b59b27,4,1,0,5
a4653b7c1287a039206bf22e9d85125bb15bc412,375,7,2,382
975246687c9d143830501340e597a35d1a4c492a,47,4,3,51
74d254564a44a95db9945652c9b579ed6b431ee9,85,7,0,92
0e73fa2c10dcd96ff98279018bdd3f8b36568008,3,1,0,4
a3eb1f5d753a38c4019440e1bf39d00bc6136455,334,4,2,338
98ef925933f392d419f70b2fcf51e3655b08b290,76,5,1,81
747e6c5f9c635a5b9c6856efd2b94b05297b7f25,20,2,0,22
5a29276355c4eb8966e5825883e1232ee2a80509,399,44,0,443
14402e4030cf0257b72c636894f140f346266299,394,2,1,396
32fc6c3c1b013c8477acb9cf51d8326a13307c64,7,1,0,8
d1be9b85507eb3358327e93b81031f92e660531b,460,15,2,475
e333f306d0f32d4c02057fff4238081f25775cf1,768,92,0,860
67023a88b8c9cf647196b6deb1759b4d01e33890,360,11,1,371
df6356d5d1470337a6ea705a332cf07f1dce2222,998,40,21,1038
706e7f81b44ca9b3a01ffd673e5db61578123b64,2,1,0,3
7a1d0ea70127f73409071d7f9581a8207be97491,2,1,0,3
a57c9e1f2a00fea310de5eabba92a642942b9796,97,6,0,103
b93595cbe67bb3313d472db58b6d113e10a2f97e,51,3,1,54
47ca3e0da7fd7468d7ea96ff512c3d1f3ed5bf81,14,1,0,15
adaedb44b767da49c4ec6c57c655b13caa3edd35,43,2,1,45
08a700db31604d33959e3b5aa3f709dbf66a878b,9,1,0,10
6df5f99bec46d9b0eabd2e623f0d26b32d031e4c,803,30,6,833
44c4656ce8cc304b0858a18438f57fd9daf9ecb0,127,17,8,144
9be3357c427f7839ce347831517327a572c0c18d,32,4,1,36
8550d61b6b39625579eb7f69f4d1218b78f7cc5b,696,18,3,714
5fd5968e5e7119571ae315af66f5f23032ff96da,2,1,1,3
56e3f43e8b31d13e3a7cc590208ffe92187ad00d,12,1,0,13
8a42f64a38422304f62f263623c4517f469f8ddb,11,1,0,12
568c3e79ed474a9870685ab4b01454af1645866c,3,1,1,4
ee9ca06a8cbec6eec2b963fb1db1b3f383fc1837,429,10,4,439
47cfdc27e5079ee0ec91de1539bff498ffc1edc2,5282,79,25,5361
c6ab036dcdb5a190b8577c938dbc420ec030c7ad,2,1,0,3
0991437a3f4d38e68483a8bcadd3daf614b7b2dc,757,6,2,763
8cb69174338b3f62c11092ca89baa736f0b24989,9,1,1,10
af2b74215e8b0fc119537c6ba0a35977e0579b24,20,1,1,21
7586cfd50e01fd7d781ad652df23734a7ebeb54d,61,3,2,64
9557f6dcbbe5d86d892ffaca5a9bb66cc5401e84,2,1,0,3
228254ae317a6a1eb8897ad78a5f55967407be58,2,1,1,3
9e21cec024168105fd30bfb3acecf9fd24a52e8c,3836,32,9,3868
baaef27661971ff093d861d699e43167602e11cf,31,3,0,34
737933e6db33f7f74005f3783d81d4bd7331c21d,10,1,0,11
1cfc9897f41e8d8b48510029e7b650b2ed699c9a,399,10,5,409
e5c3f893aee0200d8956ae9263ec6ce1326e3c29,49,2,0,51
bbc439b892a145a0b50b7b5dfd8c989d9868a1e1,1610,14,4,1624
5614621d1e1c0e84fe7915459961851f354fba88,778,4,0,782
e76fcb4a538aece58498f43d7e82b2054ca96c51,223,2,0,225
8c80dce3b8601ffc123cb6dec0255b66e4576272,1,1,0,2
3cebf9123ed1161822ece503169b361f49293358,147,3,0,150
77316692f14d083138d7515affd2d3f225b709e0,105,2,0,107
d79c6409bcb8ca3170ce9153db486cac2c537fc4,96,2,1,98
b810bd44805b04aa9c6fb3797ecd48b259fa3a8c,4,1,0,5
e254e6588b7983ed8c13832a5512e662fb8c4215,9,1,0,10
63dc75b85b12f1c7bea796714c1e88925c16b1ab,16,2,0,18
1b3a292a013527b53b13ad222da9ea0eabfff891,2,1,1,3
2edcb22fbb566981097733af6470ed6dde8e786b,400,6,2,406
7b39f1355cf7b0d4169622cec2936184168aba99,147,1,1,148
96cb795f3d97af0e3dcb95fa0c81e31257d83431,6,1,1,7
c000fbc5ba0014a24f3b3a81d1607d66159abdc7,83,8,1,91
c3ff274d4a9a8f228fabfc4bfbe85823e0cc0ec8,7,1,0,8
56be24b9dfc14023bacaab63f40e0504b317eda3,6,1,1,7
eda5fe736df920cad305540b500dcaf1a772f2d8,106,1,0,107
69606e4248a69d44f798c9f59865281c19744a69,12,2,0,14
ced5d2768d47504533064000c8ce525d80613ca3,8,1,1,9
17ed189d70663289859c1da0d25ad69481cf9a6c,6,1,0,7
a050436d5b5c814ef386766811e54d9f711afa8d,124,3,0,127
14c032ae293b1c85f9b66f9f7a77e0514d04e153,485,16,6,501
9d184c9c08496fa7bd5f37e12dc37d4618576713,81,4,1,85
ea8bfac60c0e6f4e4b456f7ea9b3ab5af97a3c7e,420,12,5,432
8826fa13edd0ab776b9fa2ab482b5a216b99b103,945,13,2,958
b058bf6577bd19bff15307c1e748fb15e9f60445,4,1,0,5
5c718543695fdc3006236652e878e25ab9946de5,577,13,6,590
6c6f0949b7e79bc3d9ddd5416a990109405b1fb8,29,2,0,31
d853ebb77d868f2626ff5cd613bbc38b1d13e594,52,4,4,56
e7716f454cea0af8acba82b274bd4715badc6fc6,16,1,1,17
0897309a41de385d08ae6548a7e1812f3f409308,8,2,0,10
c09c68adc36cc2353e11878d30c3ea29fbcbdde7,45,3,1,48
02a0865153f41f0fb0abec0ccdf9adc4b9cc5cbe,2,1,0,3
8fc182486902600fe28b5b90c80ccc09c3e18c91,327,4,4,331
09879b828b5606d1881b9ec596b6cb9e52282527,398,9,1,407
9796ec41c4925f56f7a8d7f8097d2257f592b559,127,4,2,131
631d3a621222443cebbc71def35b72e48f0d0115,35,1,1,36
80086011e9e9105a91ae837268866d4528954e7d,6,2,0,8
10a4c48bf722f49e7eca09c50cf4af6c2ec59b1b,5005,36,0,5041
8caeb3dc19e623fcb082b31625489b3ae0c0cc5e,12,1,0,13
ae18817fbce547fcc8da42dc7ab7589f51e652e8,868,21,3,889
358d0390d9b0eb9f7fa9f5cb66c55be682b1cbcc,829,9,3,838
fbe24f8e3b0d9016a69670ca2bc50766865adf38,254,3,2,257
c82277eb4e48f95dfec8cb0206c019820a765432,303,4,2,307
fa841242a3ce7d5179e33663a724f3c3c07ef673,19,2,0,21
3f3239b907ef0f038d1673f8fdf4f3377d297aaf,20,2,1,22
ff7c4888f7d24c0d90fb77f3da6ecbbbe06039e4,109,2,1,111
ecea655b5bfae19767ddb3de2eae2245c4125821,3,1,0,4
e0d1752a103e4ebfb6378c652f7966eab5a58d57,583,15,0,598
c57488acd3dc42f1ad93bf235026217358cc5442,8,1,1,9
086e630d600bfce04298a3f4d528009e1d5c2cac,63,3,3,66
f5a652542ee030193c523227a8588ae4980e0963,3,1,0,4
25503ba1e36a2207469f0bcc91d9000607491926,22,1,0,23
59a41cf036f8b9a9014aedc1c67295c5c7e07265,5,1,0,6
244bb7532ba4f8e894c2195e32b67bacfe56c827,42,2,1,44
493cc14844b5ea1d4429f4c0a06f39ff739de2ca,84,3,0,87
ed1a106a47190ee4aca1120139a7ae830fecd71e,6,1,0,7
46d6da578c6ecb976db12b639c78c0f1824da383,8,1,0,9
3785cc4c5ee449b96bdc0b25d0afbdc43bdc8093,30,5,0,35
8a7e8f07fccebb9d5786e5624e353af730d4d039,8,1,0,9
74f46515368df83177f1ae7e59794295f20c1774,128,6,2,134
2b5d2fc5fee9b8d722f919b2d92750f139d07876,6523,94,34,6617
c1453dda3f8343921b3d4b201e1434d7dc79cd0b,318,4,2,322
eadc5917d7b3409282b125b37be665b47f22714e,138,4,1,142
4c15aab89b340454abb962c4bef88b036820c005,2,1,0,3
f51921564cc14f157a88c48cad69408308a2de43,1,1,0,2
e31d2fc3b892b3d261f0d6f9baae434bc5cc98c4,2,1,0,3
65a4256a68917b625964796edf71ff89924db3a4,58,5,1,63
ec04cd174ed5476fba83e8682214390736321b37,241,6,3,247
f4646e44fe347711801ba48f318b00337a8a2780,88,2,0,90
183e196efed20bb24a570f3dddbdeb1abca34c59,2,1,0,3
30904a2277e95ab576e8eb022680b29f482e27cb,2,1,0,3
8a0ed0e3bf1c442438beceee0e33d2de46aebfb0,285,9,0,294
2f8df26367bf81058aefa0bdd6c5b234d849250c,1450,34,0,1484
41699c31cfe51f6a4d158b2510b7eb7ec7d9685b,6,4,0,10
39f6e899c32025daf6afcab9366711381c1e38a7,76,2,2,78
0dc906f01e347bced9f775aca31e2e7fa0be835d,149,13,2,162
8b44db69a7c49054952c28b5e134a1be42a44666,2,1,0,3
95fc14903f8b500fad2347e10faabaf4df7f8316,27,2,0,29
36e8cf54a4acb2e43731d17f22fd6f50dc5d0e5f,107,6,2,113
19311d422afc01c69aeb26ff77553d569c2aeaf0,2,1,0,3
d4606cb1e4e0766d7252ad6c85c0c1e58054e94e,482,10,0,492
f97f9630d8b5d92f061e0ec5f1dd5dbdf0d0f98e,1514,36,0,1550
1fb2369352ff88e9021ee995fa6e5a039c889955,60,2,1,62
6bf7532d8eea481c829200861fd116d64c6f1b13,61,2,0,63
f69f21d0e9d3c6b6c8bc276ca351a30ab7cae5dc,24,1,0,25
b3f912ffe1434ca2e76c03ee34f2724bd96b4147,5,1,0,6
9d61a42e4e468d6e622e39369fc852af4fa36ee7,33,3,0,36
d31aa12ed8353f1f5c487eb15954987ac61fc9bf,128,2,0,130
a0107c0b075004770101f6ed74e04da54d8e5231,40,2,1,42
34e22396c985fe6f62b7f6e61b694ce08b409412,22,2,1,24
3f1e5d1f5a25119b0b9340e2892beedd626110fc,34,3,1,37
675d697ecaa63e8fe53bc0ccf1c9a76c920a2ca1,70,3,1,73
9f855fb52cdf861632d0baea9ffa0c3094923a08,26,3,0,29
54cb262438bc83af3c4e864a7e5897b36fcd8c73,52,1,0,53
ebe55e3ff84232f67a2885354e3e26426a6b16cb,3,1,0,4
1840f756dcd4a8cf1974b0b15dc716d65d285d41,556,7,0,563
b7fd0218e617596b52bcfec2673dabd92dc07135,4107,33,2,4140
a7651b2f0f27f9af750bd482a42c1813f870e6f0,18,1,0,19
56ba0a52de2bf6e0227d96294a0c613911fc1228,68,4,0,72
bcf987a8a3d86c33b2cd5a79f4e585c5cf8a7a12,8,1,0,9
c4d859c924e86755bca4b4cbea26eef8d8ff0547,899,13,3,912
47dcc2c9b6986f8ff189765125edba610072043e,217,4,1,221
79eae51a1fcaec5cda32b100252bf87c61362b2b,10,4,0,14
fcc4d4a357413eb4856ca5c72d301738568060e2,538,5,2,543
affddcb05bd9512eded36a86f6a4b78af703c360,387,9,8,396
8beb18ab013fab2e8ec094dc7bc153d9e882b1b1,8,1,1,9
e375ef9370e0a4207017ad3b6af3150aa16f866d,483,22,8,505
eb6772faff73a2d5579e850e7a0fcd2e1adbc7bf,10,4,0,14
e4940a1eae46658aee7dfb3e7d5c6e2a8c93f758,2,1,0,3
411755620215dd03ba5422d27ab420f92531b12f,7,1,0,8
5135f82f3f53eddef9ab91da2e647e14488b2d5a,33,1,0,34
09002f2e05629a1c71443ed5e135ea125f0e7722,429,5,3,434
2b5f78f2099005d5e18c4b3ad6a35c8fec56b30a,238,3,2,241
45698810a996e839bc288bd64870f7f1659682b3,486,7,4,493
83b5c0e0ae493247dc9ba0db0e1014f6c38821aa,187,2,1,189
8dd9c5d61c86c831b490134c3cd21f2ed47758d2,31,3,0,34
314156fb31595cfd3712ea750312b07c6d900301,253,6,1,259
b1db693436e5a48b870e9ea8727023e7784ca23d,25,3,1,28
c2369ff70a5c19f4931039e3fd45d6db758fdb0e,27,1,1,28
7e6fc787d086d41406e4bede0854103985b0a152,3,1,0,4
02e9ca993178d4aa648d06cb93ce1a9277eb22b1,27,2,0,29
bc7814ef31df1ffd71b4aad1df675a62f0d88136,141,2,1,143
deed87f5aba3844236111b097c5e6347fd10b6f2,5,1,1,6
6830201e051d26a42a033dfcbbbbc5ce36f06694,2,1,1,3
6e4ee64ad7ab9e936378c8d52f0bc7a138964d66,2,1,1,3
3da3fefc945423d5f89ec07ef04ae8f02cc7473d,5,1,0,6
91c9271a06f7fb48f8fec5446390fb932e26523a,16,1,1,17
aca8da93c5091c8c0f1631497f17ff239910e43a,4,1,0,5
c9106fb0ac3f109aa07434911e265b1845984780,227,5,1,232
629327067197f4f1577b5f24e81c821474acb0ab,89,6,2,95
f3a61e4a4753b31ecdcef0864e8c095214b6a4ae,68,3,0,71
e8b846b3f2861e263dc3d57567a6241eebcbdf81,391,9,2,400
297df324d27e3904545bef880aaa4b35b7d0fe5c,584,4,0,588
666f22008b57d27fd33fcee720ff66ab2ae1a998,44,3,1,47
22040a3cb2691d6afe3893208243ca6e1b29f99d,2710,33,3,2743
7ca60b05ab5c8b899c203aba629b8df33f9a8e7b,8,2,0,10
0270e5d3df1eecba7e7db28790a5c1323c973ff7,5,1,1,6
ecc18537f50ef40847c6e42a1648a2c21204eccd,8,1,0,9
03a3e927cc39890a81c1e131fdec1bd8f6fe4b8f,211,3,1,214
be25a50dbbd2c4a28c19d5fe8e81acba8afe00b7,1105,5,2,1110
ab7a0557c502e8d01b4e0faf18e26982c73693a4,2,1,0,3
07cbe22da57552986123e2ceacf09da55a3d2ee0,1682,21,6,1703
534fcec827bf7a95f100a2f1fbacb908b9d88878,1765,7,2,1772
3cdee5331dfb36c6f03a7da689952e3a9b6790ed,71,3,1,74
98e22cbd78ee73e1db44715bec02fc17ad7035ea,2,1,0,3
bec3e9bf9e0c9c5b4bbcda7eb226ffc821665b6e,184,3,2,187
e8e4626633faf734b7acfb3237582503dc6a2ed1,160,3,2,163
89aedb19f4b679d1702173f6061f676d48c173a1,46,2,1,48
492d4118e715745eaabafdd9d50e4abd26ed34f2,650,19,2,669
619d6c575a267ac8585a76fc82889d5073bfb861,3,1,0,4
d154eec036a7c6a65bee14134c9244655b623862,179,3,2,182
1df5a268dee98c589dc0a964868e74aebf49a111,32,1,0,33
01f60542ee1b6e9f4c319eb77be2664daf3ecf43,1335,28,7,1363
89c775737936645eaf739b494cc1740cd9605095,2200,25,11,2225
19cbf8058b48a1f8fec60f7ceac70229e7c5391a,33,1,1,34
dfb0b9ee35afeb6adc546160c37b08a85d869f59,44,3,1,47
4ea7f926e6f3803c616ab51e1d2e79765862efa1,45,3,1,48
0cc2deeb682804f6281dd1b7fe0432571cdb7744,8,1,0,9
7c6d5a456a32daa2511ce0bedf0f00cfd7015114,118,9,0,127
7ab8a273f554834a4675a3c8067221c3f3f213cc,15,1,0,16
7637ed99e9321720dd7d0a0a4a833d042e89dee2,99,3,2,102
73902a237f7d3d0272ec535bc8d59f24684d0f1e,17,2,2,19
67be050a2c7b9efdef2388c579fc060c68ff8a38,15,3,3,18
0bb56a64e338d676e3182244e17f9e79a318f808,674,18,6,692
d9c4821373d4282483d32be0a3a17412445bf855,53,1,1,54
5f568790a5cee1d908b845ceef57c02305041c16,737,7,2,744
0772a96f363b7685da0f3735f1c559f1735e4a4c,13,2,0,15
9dccb3db5b5392c410e115fb860c16e2b2bcc61a,18566,135,35,18701
d8c4fc846048522d8896f0b1e10f3a325d6b1679,2,1,0,3
2fcf203ca56a555828189d93a2a31011d3bffc34,23,2,0,25
915040e7a358b908cfd07d3e764fc9fda9d38d22,26,3,0,29
771e8619e64504af7b1ad829feaf52d8922a85cc,7,6,0,13
88a6bfdd9c7faea3d230b9959c773900b94356b1,566,7,2,573
250bbff6d644cad1f72e3804c5c309900199b2fe,26,5,0,31
e1a62b2f0a6cca67b39af877838015fb38333d23,26,1,1,27
b2a7077484f59e2bde76299577d8c3aafe0e1152,273,16,0,289
5feb39c621cbe5942eb0514439b942e67c7a9cb0,33,2,0,35
8cb35e112f441b3754d651d83562278ba47f73ef,1511,14,7,1525
10419a128f4fbf7afa33e50a7d9a580e4eb1829e,56,2,1,58
d17ac69c4933507e641ede5cf606be810f79bdfa,10,1,0,11
ebd669e4c53cfd66708ff18dd59071e4aace38ae,153,4,2,157
07810b8444a27d15b4c1313c1e523a141e07949e,2,1,1,3
7cd2a557f17eb7775f5f01b9f6d3c62b2b451cd6,23,1,0,24
a9eac55d611559ee8c2d8ae0085dac5706436065,213,4,1,217
fdad64189eb62bdcaf213d45483dc34b11e422d6,343,6,1,349
8f2eeee57b13a4e5b2dcc7d1b407f66a97d71169,22,1,1,23
722bb1d24faa322bb7118feb82c7c6e0698de665,1,1,0,2
f8ae30d5dd426d995d7bae98674712055895bcb5,117,3,1,120
e078245d3813eb2ea26fc7b27d8e171942053c0d,20,1,0,21
c2285c73c8ad0aad154f06e4b0adaf05685d37b1,1,1,1,2
5c8d9ffa20fbe4497c5cd96a11f315df2baa9ba4,52,2,1,54
fe6e70e3c8d6a6349ea00b7ec99b215945ffce6d,2,1,0,3
381448ea74dc64bf5ebcf5201ed75def058ffae9,8317,9,0,8326
d0e26bebb42efb8bb49ef7c802fe086b06473c48,2,1,0,3
436d1230efff5000decad30cfbc0a79b151f3e16,3,1,0,4
cb8fb736597e9b3f25ef6d55a8dc4d8ad0d23b60,808,10,3,818
4343b2f9a6fe5c84d08cd7b31481836606d47a10,2,1,0,3
eb8038f65285559c5424eba2882b0de0583ea7af,2159,425,421,2584
9a4a145be514e650258715a7e682d427d5812d16,159,6,2,165
028df980a1ced2c582e351dc3d87260f7afa856a,4,1,0,5
fe38f3e389ed2cf9ccdf4146a7960a3375ee4d72,68,2,1,70
baf4ec25809059b66f8fa5fc0611c9bf63ba9950,55,2,0,57
1098ba5f8e83e2a5c5e7ba42faf0594bbb47b6dd,3,1,0,4
00a330a7d1c64dfd782ba5e330006352256f8745,4,1,0,5
a44c54caa2941661e4e42051b3b1a64345a23338,28,5,0,33
556f460a21442503d66a1275656714a2a49d482c,55,3,0,58
7c118e40965d9a88aceb542ff23036593683708c,8,2,0,10
e227f22adb99767f8f4e7b2be024cab5c9a82c30,16,1,1,17
2be529534e6cdbfe428ebe7f2c6952a4bd9c8066,5,1,0,6
306f778689e8a05a1487724a50d8ae61b8e4f5c4,7,1,0,8
409a55226a6f180293793d617f5eb65dd51aee69,94,2,1,96
ce8e31e28e16c7c22fe88ab6b1a1304b14f6881d,338,95,87,433
7c2fe6472ecaa940ded38649d0a40abea99f383f,84,2,1,86
d52bfdb172ae447fd1e391e7e6dd62018fb9579f,2,1,0,3
cc5484a998b696dceb6817263212f8a1da791ba3,22,1,1,23
b4a95e7b1574404333912e9cf5564d336fb39130,2,1,0,3
cee9171f1872ab5e8a589d5678b0d0b6c0a6e4dc,4,1,0,5
2cad0ab39665b1d2cc1d4d3edf45e74699070411,67,2,1,69
21678bcc4c10a62d796ce580ffd7684012335535,7,1,0,8
a3a619b6af66e21234e52a84ef0efecc4718cbe7,160,3,1,163
d821d0999749a1be318a2106d736542272a42ab0,51,2,1,53
b582171c8f99745f93c16b69d1aa0df4dee4b45b,8,3,0,11
fed2c0226a3031b2ad9ff0816a5933c2eb87ad0f,214,9,7,223
24cee46b18fe4dfc3302e93c28d0e0cac5910852,9,1,0,10
0bdfa20cd393ea896a59f0fbd9270f8b8128dae6,573,15,4,588
88d5ff8f91a5d4ef57bd9c5357e676c0ee0a4293,1,1,0,2
76297e2b2ff92e294e7674a6e3e41b0d6a3b8b97,161,5,2,166
b9100aa7c66fb09e873c14a7022ea7bebbf5c0c5,56,2,0,58
86c18998dbb430c69eb136ffce54858f52432808,348,14,3,362
76e1fe754d7a8bd059d7ab64d17cbefa4913a702,329,7,2,336
40845c67750c300b5568d157ab0ffeaf320802a8,2,1,1,3
3f14d2b35d7818196598e8541590186e06b8edbb,265,13,2,278
d534cea9295de78ad037963d777f3bd86efc8ec5,2,1,1,3
0c3a7a698e309ae8c524e3b2343a09ea0beed1c3,3,1,1,4
94c60f5c3e4c6314a26e5e61588a0456e308d713,4,1,1,5
7df2872ca3eb4bae776b012bbed43de027289909,43,3,0,46
5564a14f7cbf30acb64b457d5bc37780490195c2,232,6,2,238
c3ce57754815f737b682d3b01427a19ec22900cb,1247,16,5,1263
919aa77752d1f99530f398e91af6b7b450da4497,116,1,0,117
734d083f359f6aea86d5acdc4a039b552e15b9cd,246,95,0,341
54f12e5bc79e3b74be4577bd87a75ae1a1a4e981,5,2,0,7
b69ac86594e6b7bb554ed8f75b23862a85d6efaa,21,3,0,24
d191cef440b850bdfe975dffadceaa838f5427f1,150,2,2,152
85fbebd8b8b788a1682cdbf259198187c28030f4,9,1,0,10
79ca7a25a3d23a9b92ca3b76b2c3ed17b12120c0,11,2,0,13
79278e074e313e9ca23b5ccc97926e1f5d5cc031,36,2,0,38
8b2fe0f920dd88a1aad0a3a68343a706882f8192,2,1,0,3
ed05d31fe9c636aa5ec841e677410c7a2802ab46,6413,6,0,6419
4ef96dd758bd46ad19dc69d8b28bc4ddd2d081c7,62,5,0,67
da907693316674d22ab5a44162531f48f111f980,70,2,0,72
49c7fb3955caa34d9a343b9bad18f2ec58cb29da,3,2,0,5
12474bf8c741c168a2ee1ecbcdfe12218701323e,6,1,0,7
49fe8cd779272b831d57597c17f391d2eb0a9794,7,2,0,9
2bb773a8cbaebdc029a7a6e0328bd473085a1d08,59,2,1,61
5e6e4e5f7c6d24c81cf676623ef4d5550a554f04,1069,7,2,1076
7a72e016463394baceb5a339d3b8517b7bce9f8d,85,2,1,87
9815647e161dfc6bc0f5412d443bc2d726e9eba3,3,3,0,6
b7fcbb05e537cb08a59e6f821d5eab3587c97fe2,15,1,0,16
9249efda531390c73e28672304bd34588ffb5d42,3,1,0,4
7a5aa7c6b91bbf8c6bbdabc232f3d09ac1b015f9,514,9,3,523
4b351b6bfb80cff534e37367cdc229de63d16e26,484,16,5,500
1f6266c978b4e6c5ced3594f292cdbbf668244ad,249,5,2,254
3beb3c32f1fa59492a3a1a79e17583f90ac148a5,6,1,1,7
b3dc334722d83a55b7103628b26c5683c7abb077,12,1,0,13
d473b507f04e2ec843c1da1066d8908e882396d7,43,2,0,45
ee4df59e30e2189ba694f0a72914abb874f1f922,102,3,1,105
9c2b1e75592de73b27bdac57fa648f9f1c2bdb1f,15,1,1,16
bc35ce0cdf0698a730637e77f08aadf9a295f759,181,3,2,184
c50b3c24ae1cf23e97b6ed4911fab25eff338222,59,2,1,61
969be8101c5925a888dc8bbf982ef1438d9f1e0b,114,2,1,116
d0df3e7bf0a2581dfc544ddc005819860207f751,12,1,0,13
2fe0a10260b068abdfc7c2fea0a4d755b9232000,23,3,0,26
0eda7a2906875617695947b8a4cd35de09784de0,460,2,0,462
d4ae653d8018e88847425111321e653bd558a973,24,2,1,26
0f4d6fe8d46c6bdf948e261deb59298c96f3a5a5,12,1,0,13
3372590f9906519f601cec7546e637394ce21688,13,2,1,15
d61c0685c927412908c321187bee11d2026b08b2,21,2,1,23
2b4762a49c021aaa71c9e69b7d120153c0e5a61f,786,16,6,802
e8ecb1dd55a540416c197f305591b4e938f2038b,4,1,0,5
c47e304876d4827048f38068ced725429d8a23ad,402,37,0,439
ecd8261f1add62099fde39aa7dca49855a866eda,38,1,0,39
d638a095e22e987dd0f5fb55271999494809a956,94,3,1,97
a05f78f5e36ef6be8418e73eb59e557f8cba39e2,15,1,0,16
78e5d970be74c04b01857123b1a623038aa18440,32,2,0,34
ecca4ca252e0d8d9cd5123ca039bc2a8d9d3137f,108,1,1,109
1adbc44d1b5d22616a42190082a5f0a24624c074,128,10,9,138
7105e36d836e9c581d032a8bee5167370bb9dd6d,182,9,0,191
34907a7e06af04521c11e178aff768e203a4e564,16,2,0,18
ae7357ba24518795873174e8c914fc4bdab39986,780,28,7,808
7c565d2ebb899e41e91df6451f09c03496071397,50,2,0,52
2a048bd0b1de3bf4a4ac418dd792c1e4aaa2c0ce,739,10,2,749
095f564a9a71f7ce9f27044f7a8ad5aeef8fcc94,28,2,2,30
9d163ed7f5496b6a79fc0cfc50f02ca1a4408433,264,4,0,268
b757de7c78ae45f42a56891d14c79602b9912e9b,1813,4,4,1817
0c9a4bf3e065d6bacc710067237f52e820ff64bf,76,4,4,80
0dc8b4baf6aec3acd4f0e89198b180246abccb48,4,1,0,5
17351b4342bb5f75df1dae9b535ff1c9626b6bd9,1323,19,7,1342
3165922276e5d1a063a65dd74e0d4b64a63fa0fb,41,4,4,45
fa34308b6cde06709e7dcf53149200361ca1fc12,128,7,0,135
051648b52c2610a061601665d283f435890d4675,145,2,2,147
4f6e02cdd002c6bcca0f50bbceb8efe307b0f106,6,1,0,7
70216517af357a8d77f1811f986f133c4694bdb4,254,7,2,261
961644f3f5120feb88fa34f5ecfbc3602e386fd2,3,1,0,4
3710050a83d095bb5e73a43cb4b85fefecd60ffe,8,1,1,9
5520dae16a41f39bd17a24d8bcd20f86dbe32179,32,4,0,36
2405ed783d1006f84b01e783ec8130c2e8f763cc,4,1,1,5
516d6f36d00ab7ba6c04b6ac6fddac181be6825a,4,1,0,5
ec9e44e3f11a2150f0c8e481e368d3ca52ec49fa,40,2,0,42
dc87cda5b196d1888587848d320f17b1aadc65f8,49,2,1,51
c29be375c194c8c05638fe47b3c53f051e14cdb0,4,1,0,5
c20b4b69eee3d8b5e2d92161cfb98d351bc7e1de,17,1,0,18
baad8117df5f4acbbd4979537e7dad4e3a0c9e1c,527,5,0,532
4be6773eadbb3046b6aabfb78330f85e8223f9f1,85,4,0,89
e539a0cbde417e718cd4f6840dca8429907e09c5,18,2,1,20
5e37dde5e505ef3f4449e941ed4125a30e9d0057,20,7,2,27
30484c0ad25f3717a2f8f7884b8f2f26e2cc90af,2,1,0,3
dea8df2ce17747704482deae6b67f9ea46a6014e,28,1,1,29
7965d12c1950d35ca108af9792fe51507bb23f66,105,3,2,108
2d746b5d39844ec91d1f73c916e23d257a902ef9,11,1,0,12
34059d0ca4ae7a20df766b8b140dd84d50edbac9,1428,10,5,1438
173e54a85f1cd81bb1462d6ad24b3544e5376ff4,56,2,1,58
2b928c702b2d6a7c1de8d1b3b0a1e0e65e653f21,263,5,1,268
7a39efbc661da38d56507a86e9b1a27a24781832,31,1,0,32
8d43ee8352d551f9edd5193fb3b2221771aff5d2,263,5,0,268
10aa02aca4ff573413d6155e1a42a1be34087d82,2968,22,8,2990
312acd01955f937602f6f5ffb7a2750eddab5b48,5,1,0,6
b4b965bbd9caddee8f28c64689957f32d181eadf,63,10,3,73
bc374f85ca4a5e69572902d2167fe6bedebd40a2,609,10,3,619
41954cca0d5e783ae60a348a2ff381fcd37933ae,92,8,4,100
3c4a3304f497c01e746abff61dc2b77ff72e71a9,72,3,0,75
6af316706c3512dd715ae596eee5508fafae2ab3,2,1,0,3
e1963d1a2ae3bfc82efc04457960d1694e90ee16,495,3,2,498
fe336fc647ba61b1bcbada789c0414bdfdb1c113,4,1,0,5
a3e46bf14855902da12a9271f9a7feb9c6149ff5,943,16,4,959
63e71ea60dd14a9f1d3b19cb84d3ce30d2a297bd,662,5,3,667
9131e4ddb9ba3cf0faed4d64b4538b96547a9db5,1105,12,2,1117
b80482d125d08a4779c8f7b1ea75e4dd1a4c4bde,5,1,0,6
ceade87e7ec3567317cc9ff62043b4655a040175,103,2,1,105
82d533d2ddc0aee98649f6d45115a82975a33a3e,63,1,0,64
4776a1ab8406073cb62f732734ec09a1e933d9ad,114,6,1,120
21d780d6062dc267bc16cd8558b404e00a1c0e5e,278,4,3,282
61b38977f63258ca7d3699731b92e125dca8407a,116,2,1,118
a8112fbfd73573f32f252071ad19c733bf46123d,20,4,0,24
bde1941b002637eced2cfa9e197a6446987ece52,222,2,0,224
88b299fab9a4f23281a59532d366699a2988f1dd,3,1,0,4
29599901cd6bcd5a8aec003edc1538dbd66530af,662,5,3,667
098b03b92c5abe40571e690a240e8153dd8054e4,12,1,0,13
b37f8a207d881f4f1f88c0217fd5b96cb2e3b418,23,1,0,24
49a565cee5f8bcb890602c493e20cf145bfb5e9b,140,3,0,143
cf09e76916c38f867cd5cb618e345c74672026db,519,22,1,541
d305c6634032c152fd2432a31f465e0083c715a2,616,5,2,621
d58f3682ece227480312aa51c39189f01ad8e81d,31,1,1,32
b80ccda4f0012a0d9178a4d388faa6f381b2a309,7,1,0,8
3fff8a85e0b3297883b6bdae3b46e4d34352c630,705,5,3,710
909b644b732a3c5ecf43e8093d4bbdd396cae8dc,61,8,0,69
5ee876a6635b3c48c86c6a51bb0dc9f98ee55d63,3981,53,8,4034
db7302b047aa605dc68ab2ba5c40c5e4f4ef12c8,31,2,1,33
cc2457f0f3451abdaa9c54e4dcc0cfa34b24da74,39,3,0,42
523a871bfa0c946f6b55755763ca382621f236d3,10421,57,0,10478
c8be8c2b8e8a474a90735d6e9eaebc67c1c8e3de,430,9,5,439
e20cf5a731d7ed05ee050785c2e7d46bcf6a7f44,106,2,1,108
e5af59937726362bc5253d57fdf664c626634574,174,3,1,177
417d31d18c6142ac6d279820d77dc1a2df4c6f9c,85,1,0,86
2dca70dc135e1b3820c84e0e0ec788434d75c9c6,32,4,1,36
ea05dc509f8afafc07c565807fa6f2ffff56b91e,20,3,2,23
f427b9d86777800e9c701ebef28714e805e032a3,181,3,2,184
21cd24c6f08d957669953dd6aa01c670680bb7f9,12,2,0,14
c756ff89b02892b044160fb6dc0f2b6dfa2752a4,56,1,0,57
e5b1b14c880baa9e6d6b55bc7c806c4d684c6afd,3,1,0,4
a23eabb70d8b85ad5f54dd487f99d465db9e505e,47,2,1,49
46ad141d899fe19661730430e9ad4523668e09be,1,1,0,2
4b5f076c50959bea14d50a8c9ee9744977f1dfcf,47,2,0,49
3adc0f01f7e609ca157227903c418e71ad67f61b,1291,13,7,1304
a8b98a9f706dbf8cd1b596b36266514b9e77ac43,34,2,2,36
f092be52e060b0f649d05560de695d27d231596c,2,1,0,3
e883b01d5da86651e13de23c2d3165aa67f6752b,35,6,0,41
a785ce09b4315e4d0e8fdf28b6264512b248c806,14,4,0,18
288f440610cf3177cf11a97143b55fc090ffd8cf,4,1,0,5
46ff7964e5500d111fd1a143bba03761bb03e4bf,1,1,0,2
594df607cfee2d94be76bc841bdb21711ca5f778,18,2,1,20
0439dee3bc114a19d364920ea0e74de48d8cc707,12,2,2,14
16a7c980e9c13b09b51476e8b6632982e54829b4,2022,25,5,2047
56975c266e7019f307bb9da42333a6db4e47365e,370,4,0,374
f790165128a926da11dc7da276955106c8ba0fbb,689,17,0,706
a1dcb540b2356c713f0da954a08125ee4c478944,701,42,26,743
d66ccb4aac442bfcc580ad10b1d55fc9308b1530,3090,38,8,3128
67a2aac011d12a46cbd7d16a30f4f48b60f77075,2,1,0,3
929a12d4a9ad156cd6253204112e742cc0fb9c41,347,29,1,376
b0b2e88e958f9ba5596da85173668257368d0f99,48,2,0,50
6633c05e532d7598cc20f1ffb8d6de17a3065006,2,1,1,3
817370e48999016687a88e9048e257efb410eecd,195,2,0,197
4c295f8f468ddfce458948c17c13b1748b13e918,18405,85,0,18490
e1a3398b509a16f0db3b60751d0ef52e1b763a87,26,2,1,28
c56d16fb741703aac2bc72a6267c35f78084be30,70013,117,1,70130
d6ab2ae684d04431fbe0d8bc52bd6634d54e52b2,2451,16,3,2467
219bc81b730ea3ba078b61f96c9dab354496c22b,11,1,0,12
170971cfe3dbb61c02f14f5627940d4b80c46c63,46,1,0,47
81b6b2d49284da67ff279e5f8e0062934d73eaab,227,11,0,238
f25289c8776e7acc20568fb409395e543466a3e3,134,4,2,138
ededf0e70a8ee159816718e37f409abdd1bdf188,2,1,0,3
1caebb8b69e55afe4c7a10329b6314419b2906da,32,2,0,34
f3f2f82fc79c24fb796d8860358b38928a48b287,90,5,0,95
e8f79a82dfbc7f2393a8c6cf0d69b0537de84c2e,12,1,0,13
6ce01c1405dd47ecf2490c8156603445cff83fcf,21,2,0,23
a67b08cc0e76dfd1ee3810972bfe6781698550d4,61,3,1,64
469464fc80caf286b0498ed981a5bff449c2ef13,696,3,2,699
a303010e0c60b616a2c80fdedcfb586d5c4d68b3,12,1,1,13
523900a0c56ae1ce2f9ff56368c0159983645af2,268,2,1,270
c0cc7d78e2a7ef92b9341edc4f7be970b3003be7,1448,32,5,1480
a06c47f7e90005d342ab100270398e9c5ea5423d,420,15,8,435
f17000cbbd07507a941e66f98e92730e15a5688e,3,1,0,4
fe41474484245508ce49b78e10458496e3647006,1337,33,9,1370
e6f44ad52a89c1a9e9b4bb5a7041515ef31ceb09,16,1,0,17
53f903d481f8db0a3e694eef1bd4792268e43a17,530,12,2,542
5cc41df7ac33ce4664f7db1c1cf8b3cf33d71cc8,3,1,0,4
d5a39a6c40d7f6c30c497ac701e5c5733a95a643,670,17,4,687
b8653002f5f298173a81ce8c0a829b2affd679a6,56,2,2,58
a8378003bf83693c37e3f59a75dd5d0b71c9b26c,963,13,5,976
a727a4c7135e57415de0756e8fdc235ba191109a,171,5,1,176
8b4d097e0103e205abcca81c50b8f0c644309099,2862,6,0,2868
7988b6017c6fbe4ba94b4d9393e26e4fe69a3875,26047,3,0,26050
25e11e16b92ceea3866cc2a2b5da83bc1db1f159,12,2,0,14
4d9e52be0d03703321ed1672fe6f6c8d3ba15ea2,4,1,0,5
c540c5d135ecd9dc62c68000dbde3d376c711da0,12,1,0,13
b1832673eba37919ad33f9d1c42b9b6bfa7e5a34,105,2,1,107
532dc79a1459befa757849487f7aef2cb8608cee,8,1,0,9
8adff242dccddc4893514785fcc3cd543930d1ad,693,12,2,705
641f5b425deac59062ed66f6558dd2da4a408180,14,2,1,16
e0ffe265a54123c74eab693bad4dc32178dcfd06,87,5,2,92
7dc7371bd869dbdb0c88bccf951f0586d2a5706f,87,5,2,92
b4909822de5885f8556dc2b9759f0a80df6c4aeb,87,5,2,92
ef2fb24cc2844900038af23615a1fac50c5cdf9a,4,1,0,5
203fe4caabab0d23308f9a8b83e978ca231fce09,79,3,0,82
c71d1fcfe422fd296cd17f08007d34b32b8d7141,10,1,0,11
ba861837ff6cde13066d904742edb52bd9d641f0,246,95,0,341
219c983122c513ec64cd5b1fc416388bb14c544c,3,1,0,4
ed658597eb0d2e38c02f75ea48d4c6e38bb315bb,13336,128,0,13464
0011cc55dfbfde9c4075cf1dff127b5803cef091,2,1,0,3
413b4a8a1f905e31e3a8770d2c78ca953d39a60f,119,4,2,123
cb38b5d196c7adf27f5e727de039bfc8604abf82,4,1,0,5
45ea7eb68efeee803a1c550f4b556bea8e279f15,16,2,1,18
fa56a584ca4ceec0480f8fce3acd5b60e23a2438,1116,113,40,1229
89d34f6618907c121e94b7fdeccdf5fe5a51abd3,36,2,0,38
c956346762c9c01df94d3a4307ce22dcc58e2b5c,4,2,0,6
fc737b768f731b9b090cfa710bd6a01c5dc967e7,84,7,0,91
0c5da41c5ff30843bb090072bdc79a9ea194c4a7,10,1,0,11
d7723dcc4efd668efc47ecbcd50661b096e3501a,10,2,1,12
08f98e3841ce751d490e1481f3572fc87e43b239,164,4,2,168
efa3269280f6c54b93e13af2fa56c7d27b46208a,185,3,2,188
fff979a9ef0713500c2e913b6268e040155ddeeb,325,5,4,330
ee909a36dd88378f9391aff13468a2e1169db7dd,13,2,0,15
54055ec0c09caadf939e00a3a86098f610b52d8c,274,3,2,277
6ad291d2285726858e67b6ee9b28a14c134247cf,25,2,0,27
a0fa79a8d297654973ec8bb890485e8e8818594c,700,9,1,709
df4fd65a32dcbd3db8f86db4a320b649b7a9a7e7,7,2,1,9
ea7f8013e85d560b6c31a11738d6f44d10984716,3,1,0,4
f4875992974d88b822262d442c033f4c8faab9e3,4,1,0,5
6440e0c094da2bb85d99fbd6f329f52a67b2c759,44,6,0,50
6dc473d79e0045f5ebe450c6c1439c8d4c346571,2,1,0,3
31e88fc32725aebfc52e705c0b7c085fec510f66,266,4,2,270
584a88d4285a7db4d10dcdfa235633498f96e583,11,1,1,12
9c57baac1014b72c01832aaaa48321fe9ce5b914,2,1,1,3
62df2d9be4bb1826e61fa9edac8f324e86a4be7b,101,3,1,104
324e610564637d243155368908964976a771e383,17,2,0,19
b8a421ee38d08c47aea7bdbf37a753b87eef5a58,385,5,2,390
eca5c5a410e324e7f2bddf780fab540446fabdc8,45,2,1,47
6a8a2ff82e5e04877ecd74336e33690439dc65a5,184,3,2,187
ca321abf372636c908291815c66d24b03b618ebb,2,2,0,4
0d82f1004c72dd3881e453e555e9803ecd889c74,264,3,2,267
84a7b595f8173a34325963cf776955e8a757a583,24,2,1,26
a393e696212ef0dd4f23f923bf1001e0a48db915,2082,17,7,2099
107709098d7634bcdd263067dcfcf5b09b8d3adb,150,7,2,157
e7c3566d11d6276b18a8c54e7b7f9bf3f9b3126a,328,3,1,331
ddc41e2b092d1fa973349f8cb1c00a3bb79858c8,4,1,1,5
09ce06cc02ff93dd3c255a130253637b34aa48f1,203,4,2,207
d67c5bf4c22338695a116e0fbf0a58a4d581af5d,1039,4,1,1043
92fae6006c6f05c2696b8980243e4c41fb554cdd,36,2,0,38
ea5a2be1ed44290cc2e4ef33d034c94a6f444ebb,1589,10,5,1599
248c0b8e74107c6e0b30399bad0393be53493b86,374,7,4,381
8d1b1d62c6381ea4e1677e7f151e12b063de4392,8,1,0,9
9e4c2cdf8008cc7bb31d5fe36c4d28dd175afe89,24,2,1,26
e721619acca9261a76cbc8d8c1fdb9987ef38ceb,11,1,1,12
5e9d3c25f7c50a59e3a9a0f7e540e344ec00bb4a,77,9,0,86
dd47fab6d60034fe0afce06171140a2b5ad68cba,297,3,2,300
46db0523aba374f288617ddb99a29df905445077,47,3,1,50
174e9cb5506268e764b9b542c6cc22d3f92dd06e,353,3,3,356
66e547a9eebf3e8354135b3300619754294a805d,37,2,0,39
85b2002796fb601d7e7ce7d7320943f9323c2bdd,74,3,1,77
43407be1c23f85d06ac7c28651a301f06395309e,257,1,1,258
4ee696fc61f2f51085b67f53f32d9a6442f69425,5,1,1,6
2b22933b89060f5247c866386a5bc7d44135ed8d,263,5,3,268
4b4d263ea0762d3504f3401b439974e7b92577d2,26,3,1,29
e2cf5cf99907825e8e19cf162c24a816b8ffd2df,306,4,2,310
b0ea55d6ff8862d7e8c20d4ef2e38dece5dc2075,1,1,0,2
8fdf26599f7496fc83479b4a0a0156906a1aa9db,1,1,0,2
26e405281792d38b5505cde22b5c6a91749c4990,7252,308,86,7560
8633d34ec7542cda739ad38448955ac09238006c,30,2,1,32
0aaaab0d523a3d40defb9fbf5315e213a5ae5dae,115,4,2,119
33f485aecbca59e7ae776145df830565b0dd1ebd,319,4,3,323
a164296b1a9f4bf98de837953586a52295b82507,102,7,1,109
6582b084943ac63c36b062c8ae66b43883ef6c19,218,1,0,219
5794eb016a37605a71b27fdbf6046b60143162e9,49,2,1,51
d7ba53761137d8e044342394ac145d8deefcb9a5,35,2,1,37
1cd58450e5ab3b1b7a845f198a17aa3abf888461,76,1,1,77
78e0bb7efbc53e969c4c4918b6c6272c7b98dc36,82,9,7,91
713a4289f206b14e86bd76de1976d9f9e602eff2,2,1,0,3
47e6f9995d4f6d90b59770c35f77363f907efba1,30,2,0,32
8adf2558811d078e16ee2aaa2b5a4ed7ff13e402,2,1,0,3
814c29e9b62404a79f06b55d84ea8a8a7cd88951,12,4,0,16
5734b4d9af75e1e710a090c4270ce7e71bb47055,6,2,0,8
c2ebb8335071ea71f0466108d5342ee18f1f29db,13,3,0,16
7192c6584a4657d09e5543cf08a3faf2182bacec,159,2,0,161
81d04a5b61722bd62ee647ef46d3872bc71fbaaa,6,1,1,7
9f5dd09bc33d96f0a08d1890f9be33b51fef54ff,1783,173,28,1956
cb20ed96b6915548cdfa921003c88a79ec32a71f,10,3,0,13
42016476dc03a0270437aa53a1b28da6f95fbeef,3,1,0,4
2e1b4b9cd250f75b09e3641794efb2d6523812b4,232,3,1,235
281a40064bf5fd3ebb24e313b08f848a51a64b93,17,2,1,19
13e2a314b72d9155ce7f0126651805064e20358c,328,10,5,338
d0e6def704f2d1646f9bf5b4b9a19243f6d48f75,108,3,2,111
4abd1f3cf9c5258cd98c93b5c4245dbbdc824cfa,6,2,0,8
53a58bcead3c9f43a8b8bc55aea9a1901572e5cf,4,1,0,5
2b6e556aa7938529186e09745c81b8db4c3ea8ff,15,4,0,19
0bbb8a6c063c63482fea2ee0c706c76308f51a48,2,1,0,3
99e023bdb9f73d0876ef85e9a471eb00fd8eaeca,11,2,0,13
ac62e6147b897351dee4de1b47d85aaee3f9b024,499,31,0,530
b77e979ccc7683e26a6cbfca38662a14d088f8f1,8,2,0,10
ee1acb2366abf2d03fc3c95a79bcad7ae0efcf9d,168,10,0,178
df144af68c7aa07f06ce3b62c42c2902935ee6ae,15,2,0,17
0553210f751e44c242730112bdac1efacdb44825,476,16,4,492
0ee363f53e4d5635430ca330ccbf98a4df44f537,26,1,0,27
46d72fcde83abacb55828b001023e31392b28621,398,12,5,410
1be3f59a97660942a614a8f63a32c0bc364cc10b,1,1,0,2
225ebacec3972343ab46aa41e1f6ca2a53e65da3,2,1,0,3
8d75ebf9c7c4933185eb428a5a42dce5f241be5c,37,3,1,40
79f2e7c2c44a1b002472f0ac401ca3dc7eb4e776,2,1,1,3
49d7a242b02e5b88df106ff4c4575360589d6fd9,11,2,0,13
469aaba59c0539507972f4725642b2f2f81c08a0,178,5,1,183
92077362afdaf4b2b671a4fbdd3d9d435fe59a23,2,1,0,3
7dd23400188319ddc8cdd99aa32cb4ff71f4ee8e,2,1,0,3
f13d2ed4c609e9149ae0f5a7a2383612203e8d2c,8,1,0,9
7d4c46b9bfd502712143d6e05d40546a5c3420fb,271,2,1,273
ce8c67e66af5dce4ae020fe3439d321be29cd9b0,30,13,0,43
8cf4953446f60e2d472b52be7cdd085b2e56068b,4,2,0,6
f4d834b697745a7b04c42cbb08ac7451300b8ab3,113,8,2,121
e7d43de51e31d73c0d4123ffedde1deadfc84472,4,2,0,6
818fea7b71500e4e9bac42d6df1b8c7af8680416,2,1,1,3
481794496a2385bb0b5664face501e4c21c8ded6,155,20,0,175
e413283335b3c143bd3d69dfbe549ac49421e1ee,4,2,0,6
6263dbe6c45a0656ba55a0eb04d07941fac27c7c,1341,16,2,1357
5cddf9208faa873f972120bd15270a7f155986e4,792,10,2,802
9456c5259a19b7b519ced2ed9aaaf2b1fbadb99a,3,1,0,4
684e0fd09543740875e5d99a29ae4ee3df01f165,4,1,0,5
722c49391afd22170ba76455c5a591197390f455,1980,1,1,1981
44fd019d0a06d27ce9e9cb760447a11377a19837,11,1,0,12
9b87adb633fa3358cb8d356e19dfdfddac71b80a,4,2,0,6
f9ff6431f2658269490e27118bb5d6c2601a4875,2,1,1,3
bf5287bb8a674e46f8e6cc2a71d00fc63d657916,4,2,0,6
2f1770941b3ab3ed1b6185fb4404452756e31742,2,1,1,3
3dc65eb65edfcc94c600b578790397841b32a3c7,28,3,0,31
8b62cc8448090da06ed5496794d0f854c40098d4,6,3,0,9
3e44ba262c3d892d99ea69313a80c2ec87eb8b76,4,2,0,6
c8b3ba49676949db15f15f19a24ca0ec3e41da08,138,4,0,142
774ed773a6786cbcd4e6ca7f12290211f4f52201,3,2,2,5
a61e1a90ccf65082bf49d481e5d88de5806ebaee,171,12,11,183
ec5690487f1fe55742c7ee6f05a3bd4590babef8,25,3,0,28
b1539457ae6c3cfcfd803cf14e6c94ac9d7cd05c,10,2,0,12
7c4705c0b9a248608fadccd874fcccc1e7378ea7,32,4,0,36
1b5d27555383a7c70801af01d7d663c31adc715a,176,10,0,186
4d9f45041d8cb1ece1e2612d265fa3b792246857,621,11,0,632
66d69c2b328f200c4f8955f439b2c63dd8b6c415,72,3,0,75
c2383e923c79fdddd04dcd55f322d10bd7e1f975,6,1,0,7
d73211d2c1fc3897681a3abdc98c5eb383d24475,6,1,0,7
ce30b1e1d921d9c3e1e065f7c01f1f066d42cba4,276,6,2,282
f6c67e864212bf66abc38293f7c7c27e380116c2,24,3,0,27
bea6fe31125f907c57446582292b878ef7d6d994,13,1,0,14
bcda7a1f584af3f8c3d1db3020ddc952dd4bb918,21,2,0,23
5e8669af709e8a4bfd41997212ee471efe4e6f36,2089,28,6,2117
8309cef795e78f9a1a988eb02326278c6f16f1f5,957,10,1,967
c5e723c533a336802ba0fa6b9e9f361182db16ff,391,21,21,412
9e884e5aaa3fba3a68967c51280f3a8f41514f51,2815,44,1,2859
f0411759b884000dd30e137d0ba70c733651f914,10,1,0,11
1f064206343f19dc84a9ceb66cc5544ebbe7fcae,6252,102,0,6354
8bbcda3598487a6784da86655c5ec607c570f0e2,6,1,1,7
ccd65e613e6927fc6dc1f0e9c99cfc86f792b0c4,4,1,1,5
8ea35e74e1067babfbc68249f1565f18433b2fb9,51,3,0,54
19f9196c9b1727b3317052309c53fcbb43206996,2,1,0,3
6cc633b7dae8f7252ea30a75c4b2cacc8f3fe6fb,6,1,0,7
ff891938329e27d2431d74bab53deb5812513cb9,2,1,0,3
443911988d246a2cc62abc450758a3702552046a,242,4,2,246
3ea3a560847e36c6aa367e83f3ba3545b6a6d99a,11,1,0,12
458480c5b0520aa8e28935361a37ab49e1e65ff6,20,1,0,21
f1ecbbc87d6a42dad960cda09cbc43992ff286e1,193,7,2,200
251c91bf45bf53652e7f837751fd138134a18b51,38,2,1,40
f6f731f575290b10d6d6bcb6869bb0a1b470455e,112,1,1,113
137dd06aaee9cc84104e6b4bf48306b050341e3a,714,21,14,735
891da2a5b61e2aa70a0decf5afca91f5294d94b9,249,3,1,252
5fc18e6f1f81643747bcc8d5ef8ee4fe47116763,23,1,0,24
1cdf7ef992c36a1b8f52021dd91705c51257d1c1,683,39,0,722
d632eb6f8d5f0f23111042dfab3274ed20052a4a,26,3,0,29
8811a143b525804905fd661b2c66d508b70e4697,57,3,1,60
0b394056b35e1874ef99f712462b5f16537751a8,93,13,7,106
0e9bb1c0e50ed8a29ccd3d6a9e2bd5311b6b7912,145,3,2,148
10b591449eac443322cba60d7b84eb151cadb79b,2,1,0,3
24bd54a7c38a0f1e73dbfc32bf33914c76c19d9e,75,12,0,87
b718e4438e469ad0341f1bf9a605c2fe3ab5970c,14,2,1,16
83ee6d3cd196127eeae3ae69cc0c586a87f95ca5,6,1,0,7
00bbd8eae84a0b37d585b5b384729bf7b3440a66,7,1,0,8
f825dfc69b898d3810c7128fce095574cb668ba9,53,3,0,56
ff7372b7128df3b57ee02b735cc3010645697b7a,83,4,0,87
25f2d18650fc13a7381007287e06baa9dd66ac0a,12,3,0,15
44098bc6e38ce9bbd4c191c3314b2123a60739d4,853,23,6,876
8cf9aa273ec6e8c61a653fcd1d2b935ff8e430f2,902,23,5,925
32469dfc9cb3fb9a093d48f613c1af317e4b4eb9,0,3,0,3
8d863555d38dc3f327a195f51aec1bd2eacee411,18,4,2,22
180804a33576bbeda0f32bf23d7a97c872badaa9,93,2,2,95
bf0a4f859dbeef067e83d3fc5a4c56375b89986e,28,2,1,30
c00060ba83c3550c7862c75b691d70112552b5be,128,22,22,150
752ea17abcf27dbc371cfd5aa5288cd33d79ba87,31,1,1,32
3ab8bbadc80446e53261da784bfbed48b6ab5322,185,3,2,188
d3760ed7919447c066c5d138ed0abd7e35c32dcb,13,1,0,14
309162be35d1c0864982ad9cd5d17da107cb464d,979,8,3,987
db23db25efa973aa89805b9d11959ba53d330988,135,32,0,167
187fc7eb5951c1affc8a7b28188dd96ad3fb075b,227,4,0,231
609ca353104777550b6d0e68ea5ec8c2cffe9f26,91,4,1,95
de9227d7c5d69d9dcc5987e060937412bb8c22c9,2260,103,97,2363
e96616f580930f267eab44f75d410fa29a876bcb,4,2,0,6
ca973ad99c6112160a305df05be9458e29f88307,6,3,3,9
02bca3f63a951c2d4074a03718f5e1ff5521aad3,92,1,0,93
c9368da76f6a2c7555d355219a000ca371552b7d,97,7,0,104
414f45e0af39e1f7acf8304eedb113ca305e9a21,378,11,0,389
5e5768f1da0275d4e0be28ffaba87d23f220d70e,18,1,1,19
7ac2d4ddb885592a72e0875aac57dad365ffc3b6,612,14,0,626
25f83819a94a6dd75f4cc7cd6b08f74d7c551ace,2975,61,47,3036
4bfedaf8519e05585532356584e49db3e1c3ca49,191,3,3,194
2285420cf716bddfad2cf9b0b310fe4d56974540,69,2,0,71
d3566c1458443555c7813f55f9a82fa64f083226,336,12,5,348
cc370d6cfef4a9d82761cc70fcb3bbeb0f91ab94,135,15,3,150
40f6be89b00defe3b6786e78b7a9963afd18eef1,4,2,2,6
1c840f59016273e0e99c95345c3afde639ef9689,187,4,3,191
dbf557400c77880e182bcac8358f47d2148451b1,299,5,2,304
17e7bd731fcf5157a4ac8743d27bad6c308f1412,20,14,14,34
0b2f349ff47ab7353ca58f206c326a12567636f3,200,16,0,216
567a8750ee0d4003fa0a387021b34b95b93184c5,38,3,0,41
1d10e6ad47bd56a652274f7f2b3f733679c5ab79,48,2,1,50
3e4e1c4c4bdecd49cb607d3a4d4ea5eede87e1b5,169188,1758,0,170946
3329b3cd1893ce5fe6cca07e6cb42ce27c5a680c,76,1,0,77
b2aeaff5407bc7b5922a48ba8346945436445995,2,1,0,3
af03d8413defc992501ffc7246427df6a46c6840,18,3,0,21
2d63040fdf77bbc4515790d796fa86a8f4f6a66c,963,15,7,978
d04d76440ce86873de7aebc8c03d39484cd1e3e5,54,6,1,60
cd5b32bb064b1aafcb287783c00b607c407780ca,62,4,4,66
237a99ed7c42e1b98d14fe4945d9a0b7faa9be70,46,3,1,49
a1456032964e10fc7ac9967f8f0dca54e24beb5e,3,1,1,4
2fc90731acb183b1505cff7e878134e88b9161da,247,26,3,273
9bb9c043513c3cc6c6b70c6c3395e5bb76fad75e,23,2,1,25
0a9d7f07f0b3e0cf13c9f096cf986ef03c206172,4,3,0,7
a14ee5cd8a36a764fed8baa46de9c8abe3fcf14a,140,5,5,145
3e75f9101411f0a6bf72aee1e52b2fc3507792ab,65,2,0,67
fd921a233d35408883695419b6f9979ac674d1b9,13,2,0,15
3e0f04edf7cc0aa1631fbd1b9af1e9b87b697eb1,772,1,0,773
18356a876c9ed633c74b855b66b70d777e92cbd6,170,4,1,174
534278946dd6f55809e9dc6b19633b6a67051d21,12,1,0,13
2e9ca8f144c949faf799f2f338a0e63ed12f5483,65,5,1,70
1691af8dd165c049258673e14771de36c2feaaec,450,5,3,455
d57c3d6e04603693d93c7fce0b5d44f5de0950c9,1,1,0,2
82131d23a723ff74780ca2beab84a155a1f97789,1885,31,8,1916
dd8c933fd44e4ad9b315daccce8e2327606867b0,228,3,2,231
55703eca10c92b77215fc8c5adbf1ac53377da70,72,2,0,74
bfa192ca473c992353c8bae8ba9aa5fa359378b3,166,3,2,169
8d3e37bf2145bd9395a975f9bcaeb8bc7abf6d52,1284,15,0,1299
66fcde3d0acb88b028024e4a62dc4b2f9ddfe534,449,9,3,458
2d7ac7a1eb120eba160d825843580094958a0f75,1,1,0,2
2df990ccd70af5d793d4d31a5887eba55516f96f,3,1,1,4
eebbf8b9da5a811081f386a5de4fa1a9491669f3,85,4,2,89
f8e29b73253c5f78435f9e7c173f81694e7d3dbc,62,2,1,64
94ba157e0011c52e0f1459859862d4969db7647f,33,1,0,34
3980e1ef408d1aa57af1d3165e8b471eccca47af,809,33,4,842
654ccf016951b87a0d24e491cce5605522b47b67,5,1,0,6
5d63d7f44c343c72deb4ff1b3f5a41362646f1a4,201,8,1,209
e827b600b5262e24280dfe3498e8e329d62b1b03,35,1,0,36
8170f2cb195357142eb720af395ae29c04cc6f73,231,9,1,240
69e2d452857d776b4423814f73b8a8ebb835f7cd,160,6,0,166
0d61f4234e9329f4f39fa65775d3865e721a7722,70,2,2,72
18cb5c571c7e352f982af22cb11e2ef93a8711fd,43,3,3,46
fe18deb414565d3fe24900e8a1e1e8f166a5269b,16,1,0,17
2ee362d0881328d7f12ec82cb39d8ed526895e5a,172,9,0,181
aeb06f792b363090ae65d8af31bb084300d1dfef,0,9,0,9
cef0201f64796860288aeb8f9cbe5f60124dae9a,3,1,0,4
c200268b72a7528ccfa6999c6de6cbfeba331f43,771,18,17,789
6fbb1294eb214e0b0310d060a38a68b9f9b659f2,24,1,0,25
3b17bb18daa735fff11e66744d6af8eff9e47f4d,2,1,0,3
0a19d010fddae9a48b8a954b46c9864f1d5ceba8,328,4,1,332
fea694fefb96ef9bf66940b7e230d1d0abab1c08,2643,62,3,2705
8292d2774f5f296e9cf624916f720cc6ca51f960,2,1,1,3
6bbde22ac3885cd1a295b39b5f08bf4e4e797c5b,22,2,0,24
074b129a22337ccb2741eec5f6e11a8c35fcc9e6,351,34,8,385
359803773459d3b4fb2c6a1c773fc23a3a8c935e,4,2,1,6
57cf9e605e76c5b1ce2c22a2ad471302a3e7626a,349,12,10,361
7cafac501ceabf201bcff6c11f0078d4f580c145,597,61,0,658
0e1763131a90cac370b67ce02b1880135d311b05,137,10,0,147
1ad03f070b14f6f0c24ff0fde25b6c0cb8e5bcca,420,15,0,435
570ee960a337695272cf6a18453f1b68a8d9182e,377,5,3,382
c58ed659b5b964cfe5eda3d39414aadc5fe01c08,25,1,1,26
a09b2c0579c96c7ab5b8abfe8fde0149041ff70e,1015,10,5,1025
bba6adf82c66adf9979cf72df6aece004283ca47,1560,20,11,1580
11433f4a4dab0ec1d7bf834cbf4ab156fffcb31b,228,3,0,231
c721bc6e4a25c32a29c135bbdd3d435757a4c18d,305,9,0,314
9e5000539684151754fea099dbdf9307a9daad5b,3625,54,0,3679
89770383d9f5f146c3246fda00ec523524a51ee6,82,2,0,84
c43876e03d02367c89d5adc0e51fea87c1ce11b2,82,2,0,84
bab61f133270248ab2974c751b1e1b20ca6d64b3,82,2,0,84
277010cddf184fa749f5280487015efc0a928c4b,717,17,8,734
0681d8725d096272815dbd20c078871b27449895,2,1,0,3
0020e417cfaf36da513c2063dc081514498a1597,398,24,0,422
dde936ace5eb0618edc360ca05006d76e810add8,1728,34,10,1762
aa112a3255e5bcdc652ff2ca42e03deffb765dff,347,7,4,354
d91c6aa58a471451fa2de2557b377ebf674cefab,6,1,0,7
0883261363d1b402df172cb4ace6cf0240e07532,32,1,0,33
b6f67f5f33febb0821b9cb5bde963de212c0e504,29,2,0,31
18524159d11d9c74606983eb3cc0d258017eedfd,114,3,0,117
cd4d04fca7d2891fd35c6c02e9b1f62f5ef7bbe4,10,1,0,11
68374ad52eede916129b82ef769e680ad2bd1a70,35,2,0,37
394d5ea7d2713827a89da53b8a4acd03efae6344,4,1,0,5
e2fc48e200189e5f36dcf72de8791f23e9d51c2f,170,4,1,174
fb26835ff64873421120d96616798f8f41af3a50,5490,125,0,5615
b369ff06922ecee43f9baf675b843c399e48324f,256,9,0,265
0a9ede2d853fc9ae07fe53c96464d4a8091f25b9,206,8,3,214
e0c034ea1d7abc6202cdbfa4f7113c7f6a1164d2,4,2,2,6
8d48f218b01c775135fcfd1d00be6e50f2eb5e1d,2,1,0,3
2eb5d47a19ff7f9da6a68a00947a5d0faf5a5b45,2,1,1,3
9b000978c84357d0198d5fd09e310a9cb4ea2aa3,2,1,0,3
5994a58a85d72029b6167710fd46b5d20f5eecc6,126,14,7,140
4eb657b0153246666a3ed4de6f523eb9e4af2bc5,25,1,0,26
07847bea69d80256ec5a6af1e875eb6db9be1105,9695,254,0,9949
a4e144cc3616f2430843934cf844b4ac29841ba0,25,2,1,27
b0175cf644904be66efcc7653b7b193a3fdd3919,6,5,0,11
b6182ab6879d2a72fa1523a7323dc08624cbb213,179,10,4,189
3882ec0488b7be1fb6e74e14ecbeb9b396fd932f,726,12,5,738
9fdf95a8b285fa4aeafd761ecc96f3e4e8ece76b,531,8,1,539
ca80acbaed6cf03814a95df712c39cc976f14ed3,9,2,0,11
eea44e2f7b0a5be7fd184af8047f10610c00b60f,789,12,0,801
a98dcb93ba45f9d2b69585a84653f2e0174ba2a4,244,4,2,248
baab0a6ddd3973fb8fca6ecb0a7d841d7d3a72be,2077,74,12,2151
114f4c848d1c5c643a9069fa29ee492417692cfe,474,5,2,479
e2ff347eaaf6a17dc8754fde1a5251967dcff124,46,2,1,48
3f1849131a47a3450a5768c5d29dacfb7ee98923,350,14,5,364
186b2d6f9d8ae57f75a2dc006392343d7e8cc10f,141,5,0,146
13060f8e0b6ce32321961c50eab079bc5afeda17,140,2,1,142
4924ed430f0adfd9385414d7e341393a00577d1a,5,1,1,6
808d31fb42f12eb179de0208132d336e886cf7d8,6,1,0,7
f623478228f0000d7a88a56c3e280c7f97db858e,44,4,1,48
184d6a56335f58300907e30f93fa832371a80342,2,1,0,3
2b9fc2ebc8b163773ce032b8eca1de17c691ddcc,24,2,2,26
4ea23b0f35736b5698bc66ce92dce0b57f600792,10,1,0,11
00bb4d4def3391bfe22e0a6042ab18bd95ef9ecf,59001,475,84,59476
3307a8b26ccb5f0bb7e9c387c73fd221b98ab668,1279,26,9,1305
2bf48e5417816c2211402dfacf5678f6a67014bd,123,17,17,140
78328fe491e6b73b5a9d581af51846badbec287b,4863,52,14,4915
2108b3b836d113d8996c1e558a1681e5ebf251c6,207,9,7,216
145a28981017026c86ab509ac3d660449715bbb1,1637,24,2,1661
dcefc16b6990eccea407dc29c81429b615bbd7fe,24,1,0,25
271c7cd00ae3aab4e28f07da217585a3e33f0620,2,1,1,3
d1b388245aabd54bff227bf5a6e3d9ed8f993915,2,1,0,3
2cccfae49106f36a4f0b2b52a81889a295f52677,111,4,1,115
7e9fd4e122c00c0968b278f3b40475b6a737c6ad,249,5,2,254
4d736fc20a6e667e841201ad2205f1440546191b,2,1,0,3
254a6529228240dcc229a875b2f2847d456b5610,1651,27,21,1678
d73e035059bfeeda9dc680d0f729e16ccd2dc660,2,1,0,3
4c273204b712b62e9aa5be5d83e08045b3863dd6,11,1,0,12
4153b74e3c77ef8bbdd5ed99bab4db615390cab5,20,6,4,26
8cb4591d691e9438fd0bf0809bb105229b4f7ff8,37,2,1,39
c7aaee7ed577dbfc550948494ca74d8261bbdff4,129,3,2,132
e8aa038835c235b76bb22580ca479dc679ba5365,103,4,1,107
08c563a14f90702bf54b22d0b74a49e03f3df760,41,2,0,43
525a77547d7f98b1a88ba98f60f328da3aa4947a,1351,11,6,1362
6e7b86e8ed127904e3799144527c90ff5818a674,94,10,3,104
de30a86e740067ed239602fb5dc28396144fd446,87,8,0,95
625e261078f1df215f51d17a0e84daa847f86bef,71,1,0,72
dfaffe2af8f5e3b51eff3cfe426733311c2c100f,508,9,8,517
02afb437f4286c421e53de732c3041e182817c5d,50,2,1,52
f4c18f114a435ab818e5c9b179e4854df611dd74,1632,46,16,1678
9bfc823e012b052565a32ab1c82118fe0aff950f,193,6,3,199
35706b94e4d714f426eee12cd2c3d9a1e8452dad,4501,9,3,4510
5b4d56301887cbcde844da5b4b9fe1bb348e0f86,16,3,1,19
9862dbe03b733523cd3ead8a8c94bd800afe40c4,28,2,2,30
ef4a02dc5d3f66258afa9a3ded8d7671adf6ee73,412,5,2,417
1fd72477e336bc48b2568d58114a2d15f5036d12,24,2,1,26
1894541ce0301b7f4950fd30efcde15d0c4200b3,21,1,1,22
ed6bf5ac2af7886d06d1cbab5738e48c89269379,6,1,0,7
6225c56ea70e0af26eee51c7e5e7e53af93386ca,1892,33,6,1925
7f22f08f7db0f45a5cde97307c68fc81cb6eb26c,30,3,0,33
19c990ce58825f7c39deb4f524b7a60b328e286c,138,3,2,141
a549a742faf7c4708701dc2cbe54f3837c782db7,5,1,1,6
445d375ac31c64e9f7896f578b96fca43095c6be,178,6,4,184
d5432c005c378edaaa1f9a21a42241ecea15023e,282,7,2,289
a232b88fe823a9823b86a0efd93c259e0cf0f0bc,447,8,1,455
469fb49e43e88bf7e007da9ba8853ec953a82aa1,805,55,0,860
0a23658e2d5f12420ab021aa1d3ee1d08506d2f6,304,8,5,312
b10ba044d2d4357738c70f924b94e2e6a50c5f20,682,33,9,715
fd3c50e0df916cd636b98849d02d3a730fcac73d,465,4,1,469
40432b093f400ae505869cca8a1f5ab745bf5206,267,7,0,274
00e935d33cd852cdc2a460f24ca0f0136ac5c59e,1057,23,2,1080
da6e7319fd4a85b7a512e798f4a075fcbb3854a3,8,1,1,9
f5120b9b8f822cc90fbd4b396bfb7ad1e09a5746,455,8,2,463
02ba707bb0ea9f230d4b4739af8d842737ed0a8e,8,1,0,9
4fd6c2d8d085d35ba39f2b6cb042a1bc3155518b,8,1,0,9
72335ae9b832b2fd5634716e3c2d61ea9c09c912,2,1,0,3
6a09c4e204de2c88580249ca43be3c01fb379163,75,2,0,77
b7a0adc711bb28e7d23f5392bbd588c666cedc22,256,2,1,258
7bc48acb47c52b84a23ae28e115d4ce5623fe95f,8,1,0,9
6a1aa1f061a4399527215ffe71b02086847cd506,206,3,2,209
947962f785698f4c6bb749f4acce4a96651659fd,269,7,0,276
53f59f5d485ad99953d1d6378360b69d249c8a99,4,2,0,6
3b383d155e70af56556c05a9fa6641c7f18950d3,6,2,1,8
16e969e2f11c3c5c949e23ed7fec82b5d44c3c0f,23,2,1,25
428924376b8cd098596f238bb2aec10e251dabeb,2,1,0,3
65bd760baedbe3516fcd01de09c5b89a9ca88171,6,2,2,8
78dfd14051b26b8d2c1b582c3d58a37c2527b9e8,13,2,0,15
f8142fd9a0ce3a743d3cc41546472f39371f0545,12,3,0,15
fda63769aacc55a50b5efacc9aae2cbc1029043b,13,2,0,15
69ac976e67767d2f0a4aed76c0cb578fa19cf454,475,7,0,482
09a823cf6c435372f75d53f5ddb9d15ce0c3e55b,156,2,0,158
8f52344bfde4a39c1c43a365dcd7619e497c4360,754,167,61,921
da379555fd00829f1503f06623496787049898ff,2,1,0,3
ece827dcdb324b6b28516ce8b1d90853e2f6fe2f,2,1,0,3
cca10d0c5309541212096cc698eebba0606106cc,6676,96,0,6772
c73894873d352ff5a520f3ac3a4075cf5aabc34d,363,18,0,381
023e2deeefa196a9a08ead404711136460830620,74,4,0,78
30841167846e26a6bc253917d6c0d8812db6d87d,322,22,0,344
f7c4e085c240de9117b8b363823643897b3c16dd,25,1,1,26
f5b5ecd361e4fbc1c9b0b3b2b65cfaad744f2953,28,4,0,32
c1b2c6b55e82b2bbc0701552540f3ba24f42b397,392,1,1,393
0a4f818b59acd7e554b56029fc7ea3a7ae1106e9,4,2,0,6
ffe0f7108df4cdc50f308151420f20cf993965ec,99276,1243,0,100519
c8f60b27bc7143aa2c82e562b889ad20b55cc420,60,1,1,61
134174f1ee6d961a51b03b4e92f7a97504c88f58,147,32,0,179
3c52f36cf0982ebf1a3ab0a43977393bdc8ed630,2,1,1,3
39379a3ab5e42257bec3091eac6b2c8dd111bca4,83,5,4,88
f66467cda21cd81fce8733ed2175698c77e35299,8,1,0,9
caa7bd92b471f636ab1e1dc37334f7efdbb982fe,6,3,0,9
2105290b2b04363b766635e0455fae5d9d1ef2f2,26,2,0,28
52069811feeb9dd37fd07b429917b153178a2469,77,2,0,79
02792e5edc7b030ddadc7b2f4dcfc9d4f854cf2f,966,41,24,1007
fcbd297bf8f11a2eecdd225515da87023a27cf00,42,2,0,44
5e0455e12059572a4a9bde6d14eb62977175f3e4,4,1,1,5
93010800a99d12f5f3c11f4369fb457791a74766,230,9,0,239
fb97066d314943a045cc9bb3270d42aa0304ef16,6,1,0,7
b13f373c24bf2538603a7f3fee5af70405ad8356,401,12,5,413
ad2f58ec7b54b52f56a7a3785d33a75a98d04627,38,1,0,39
b263dc150ff49c58b525644361dbd21bdc2c9639,7,2,0,9
838c41a707a67f8e19e5b236f0a01bfb732349c1,21,3,0,24
7242e58e38e6bd543db3bc382f0d40973d0f200d,28,1,0,29
33b264d221b52100a60155e99bc1d61f152d59dd,4,2,0,6
935e71271c0b2a31e47f94e123d10fd4e3246a25,2,1,0,3
5818b198be425245f92e0de1c7c10b1e87453c93,13,1,0,14
966bf201d1619ff9181d076f304c75cf3bb37924,7,2,0,9
93498abc4c7c099efa5e3b5397135d181dfd8d53,312,2,0,314
f0182516500da3fa3db45286246cb0bdce88f416,7,1,0,8
2ab949349050a5affc66f01d4f2f00b81776143c,2062,62,28,2124
4b002427874d1881a7ef467aaf0cce6071fc8e98,1076,9,0,1085
390c6a8cc94b9cdbaeaf3623e81f2c85a5222d45,153,5,3,158
387674e2fc74cbacfc6ff912ad71f75b9985c961,68,1,0,69
1b3742f4d7bedf0bb5c262786d386647b5b86e35,203,8,2,211
5fcd17e73cf628d599c29797a4dc05629a1a92d6,54,14,0,68
e153114d4312b9e4def3e8e007720a99cabe6a76,550,10,5,560
7acf4e5bd6b9ba91367626684be27ca50d25aae6,10,2,0,12
cd0ead329e7621a50bc0dc2aaa9acaab83c5eb78,644,20,6,664
f566bedbcb400e5102af48470d1aa4395c97a13f,170,7,3,177
94e8dc4dbb8667cc0dbe34376d42ca1b89410c9e,8,1,0,9
9ece644ab09c535036061ca05b10ff5df853a800,4,1,1,5
85a951da996ebb4782d75f54bc975ba893d109e1,9,1,1,10
47715e0f518d3447610ee5271b761639ec2dbcc0,2,1,0,3
feb1abcc8b2583aa215ca93c4436d9aaef95b5f3,16,3,1,19
f1942bba8bb7c310e911731af55b6ea13bd1fa46,30,1,0,31
0efce4bc70058eb84a4052ded8fedb788fafd943,47,2,0,49
1efec196e7f96325c7e237b87556432984775553,287,1,1,288
58150f8fed16255a48b2d110ce81afd02189d73b,51,2,0,53
dd290c9724a83a55af5b92ce0850233586f51721,71,6,0,77
e5258b871653facf0d7afe36264c7fe3a2f9abe3,14,2,0,16
04f0740238d536bc625f6a97262e606cf59e2b93,261,15,0,276
a6e97d146db68dc510616ef4bd14281d3bba0a8e,1011,6,3,1017
bc41ab03f9ec832b9cc5d7f59e1be68cb7249758,225,3,2,228
dc38a2562aab54a32aa6290cf93a2a19c4cd3950,617,7,3,624
dc6023d9901d88f87b6f7488b6f0d7ecf2f5d0c6,212,4,2,216
a468beecdc241adbeff711193d84e9501664969a,21,1,0,22
1925524e28fe03eee2154a57f8876465c1dba222,829,10,0,839
9a0ff1f3b2c79ee741c933b10334ca31306e37ab,126,3,2,129
24cf2de792490620a7106b3c6e4f8c79f9b2800f,112,5,1,117
375ccb6291986abfce17f66cf05874ce27fd5f3e,184,48,22,232
03fa76bcd4b643da631cece3da7f1c56ba1efdfa,3,2,0,5
ae69b1a2a0e3507c951bb2c470da3104bb0d7be7,3,1,1,4
4254d55f0ddc93f324f74b8a92034c21402a5c77,18,1,0,19
fce2799312289c46f58c70774e101b9ac4962241,8,1,1,9
28079cdbd98adf19c9a57fe6e0e33cc926c06c88,38,2,0,40
6c3a486f0d7f0dd55c377af233d7c525d86f600a,157,3,2,160
525a0636a10460c6db373ffb4badeff31a42471b,44,2,2,46
9d9c237d0bc7ef16b3405a6cef77ab7c8dee12a3,220,6,4,226
1382df19fa49a89714c707b04ec4920802a6064d,164,3,2,167
d9f2b204099effe9fd5a4d8809e91fbda826b062,54,2,0,56
5e9710abc4caf031923e2371dbfb27a6e9b4b2ec,503,10,5,513
b18c28e4bb0e1f9c53b40eebdd9ba0e93f7725ed,1,1,0,2
f59d29b9562a8eaa4e96fabe8e37ca16065a0942,1230,46,13,1276
b769f25bd43af50393eab765b8bd80f9c0cec011,128,3,2,131
49315c851e6e2f08c6bd539a3a7a72fd5144bb69,50,1,0,51
1858acff7646c7aad61e8bbcd84039bb2d5a2db3,66,1,0,67
1573f452b92937d539ac9344766672029c50bacb,219,3,1,222
2f72fe758d4256c4eb4610e5922ad3d174b43dc5,3582,35,8,3617
eff5751e49be6b7fa5b07e2dee2faaa9e2574417,1009,65,35,1074
3a82d4aa2cae8aa88feeb8bf9505fec41b122417,2347,49,5,2396
134a687a86438bc7dd7ccd247fd832d84cbf0b0f,56,4,2,60
214ae3e36f5501314cc5f9978c7cd00cdfa61435,50,2,0,52
1ada27c3589204b20030f99120fee044c7f3e9d5,2,1,0,3
67134deb248196b370e349818f93f87caf94c6a3,2,1,0,3
50c5809a803f02e2de7b1984c556537568562189,466,25,2,491
7b0d30bb07698e050a2bc2105d6ccf51059a9da9,808,4,3,812
63d57479c45c926302439abd5d9837b5fd6943d0,31,1,0,32
0b2fc1510b413dea890cd0cc882ef621a98afad2,689,11,1,700
a3cca2f677a60835d84e20cb04520da5491bc3d7,225,3,2,228
ba9e8fdba0f664972d538fe351525558645db72d,141,4,0,145
fe35a64fb261068e9244bd24515cd4e91ee7ad34,3,1,0,4
d40dcb3a8f25a5bb098662fa7270b69eb3cc3ab5,336,7,2,343
9f546f8785c83c20d45f669046d064648a6c1789,1527,131,42,1658
99b1e2aeb188cdd457b31a24f791a31d4a0abd3b,43,2,1,45
c87dcaef08501fd7086e2a008d407eb40ed71657,1863,138,0,2001
feb97c3b6850ce302dd2a800bf067129d33ba122,14,1,1,15
813f0977b14089dc5b3572a589e3e9716337134c,505,8,5,513
6e6e8bfffa4893206fa26ee918a32166ce8e994b,2124,119,0,2243
0a3d4db7fea3624d4a133115e7392fdb9ba3b168,166,25,0,191
8ad6805f08386f621fe9860feb2aaedf4681bb2d,9,1,1,10
4a2d867d779c352f8968c5a48bf52834deb010f1,4917,81,0,4998
d5b1bbae684d401b40e1731296807b3429526bcf,165,7,1,172
8740fd67a35e5736117a9ba456474b4a76dd48db,2,1,0,3
5e220f90d05fcc92eb655329a96f909f444ac75f,581,15,4,596
3ab353367a1f89b29c32ad267b045084a26653dd,42,1,0,43
af2059ca39b89821438eb62db7f58c5b7fa88aff,43,1,0,44
ce34a89c4109fc80464a6d1dac9da839555c3fb6,3,1,0,4
23e5da4a4ef55568ad866bcb9127a7f22d5db02d,4,1,0,5
f00bdad33f34f7fac45b0e2063fafb9f8c5e8187,3,1,0,4
be36d3070166c375b0eb9bd0239c7084aa6981b9,23,2,2,25
43404587a9a36f7cb74006502ebd8a09543bdf64,9,2,1,11
9e0c1e7eacd4ffdb48f3086a22591e2e4a70757e,1441,14,1,1455
4527fe6de8bddea31a8142e78a84eacb534d0384,8,1,0,9
45abb9c7069291d1bafa4a26edf23a36cc527716,1185,32,11,1217
a8d50e4cd533225060b0805b5c977668ba11ee48,131,3,0,134
b12d73802616e831d828c4f380e177d465b97ccd,100,5,0,105
66acc566a939e1e7c051b73f1525c7f23dd7ea1d,12,1,0,13
5aef8813269f7e7b3e3d175a4343a9fd72b68325,66,2,0,68
c7227cf117b826fff013f757531c2737d6fc94de,94,6,1,100
609266fe2797c07599a893625f933740a25d049d,3270,32,1,3302
d5f6e50edaa1dfd27d9a6f2a3bbcdacaf26057cd,3,1,0,4
1ad9b9c4a42c04f233744094d500782915d1cba9,17,1,1,18
6f39115e3b4295c3cd8d1c517d3cd2204dd12e2e,22,3,0,25
f7f834bfaf8c4170ab852e829554c8ab5b373b77,5047,56,16,5103
a373486f817e9c40e2eb0748b28c1d7df14e4203,24,5,0,29
4da48e6f90ceb7ee585b66af4f384cc868f6ca8e,207,22,4,229
37eedfc1824c8d2c62dbb860f08f5397c1b4033a,16,3,2,19
a7480909b50f6421e84877654e9f0f56c587cd2a,20,1,0,21
036bd074d8bfd25a2c4c463a60dde00604d11b9d,470,11,3,481
69adfd5e94530457525bd0403182f577b418ca95,168,3,2,171
2f3b567f61c2a9a1080ee7fda57f3a18231b1dae,29,1,0,30
9ab8ebd7adaa70548ba013f4d8c7de05ba48312f,3,1,0,4
29f13da6ea882becabd86e264ab0150074f8c20a,180,11,5,191
7989173b4d64a681fd08b7d7bcda2d26559941ae,190,23,0,213
9aef609022fa0a85e7fa23ab2c0d8ec25b1906d8,2,1,0,3
2f9faf1e0d885185348653d6e3b817d32b992261,258,24,13,282
caa4b0aa9d117d08d78186c82627b23b1d21fb5e,93,2,1,95
0e29b873b8c13ba3bb3dbb1307567eaffd41e3b4,25,2,2,27
96c271ba1f870db9e9017332441ace2d172e137c,257,8,0,265
457213713a442b734cddb59c1c8310fc6d9cd340,206,13,4,219
bd07c83583807714757ed033901bf885c9a77b24,96,5,1,101
a03c6e9833e4767025c9aefeedbead07495da4a5,93,5,4,98
b44c1d208d4ac124c718ec635890fc862740289c,118,9,0,127
46fe9ed02f1b78b51bb970a04909bfd4d5892cbd,90,3,0,93
71836d95a13dfbee2e152c0a071488bf0d7d0802,340,1,1,341
dab050acc31bf74f7c159c1cb9c5a8faa966f4f7,1227,29,8,1256
72b5c05ae94b068cfbefaa47901bce95ad8020d9,424,9,7,433
bf002109253b3cc19f5ea205dc1ce38e1c870301,13,4,1,17
95b6597638a5a6b0348d6919507db3f534841eaa,4,2,2,6
76d6ef032f9a634f15398d10e0019419f9798296,2,1,0,3
e142b100f8cf651c2bfc45a1783282b8d85a220c,31,1,0,32
4bd2d8320911f1eaad800358056728bf5900dfc5,3,1,0,4
c59791196a6a54beada115b676feafb42bec53c1,2,1,0,3
a6d0bd4b5551231b0516eaf0ebd8112b45bba86d,98,6,2,104
78c2d3bbbd620bb7795d9f362785e073d2dec0a2,38,4,3,42
754c7337de123ac44e2816d2a55ab6f76cd03eac,89,4,0,93
aabacfa00f5fd7ef89c9a5bda7b236ff45ed2ac4,6639,145,33,6784
b1206121e7a87f2d84414ab03b86b8614c0bc3c0,52,2,1,54
1047b6495d921a41d4bc006826a7d25d6680f279,73,1,0,74
6e0ff06f8e309657a16c94da605348d9c3b804ad,5,2,0,7
4e6727fe4c2952bb3d5be1c7767b3dd0dfe392da,40,3,0,43
08fff5e71309d4c6bdf295f0d6bc041a30753de5,27,3,0,30
76daf05fef1392bb77c3be77c799df28dbaea7a1,238,5,0,243
1ec9ee43884ccafd0ebbb2cbcfbd596ce79dbfd6,349,19,0,368
202f9f8dd077cd1129cb0c5b11ffebe0a9f4d00e,1,1,0,2
81533dda0a09ece30041e3ebc5ae45089396b74f,2,1,0,3
917a433239832e1cd384caf09d8f1fa967e9c944,2,1,0,3
ac04ad4b1ebab7a546c6534c6f2842bc76c14e18,400,6,1,406
dcf30ab764b1649632d6bf9708cd8dd51b4d6f89,26,1,1,27
5f055c7f515de045ff6d6d61312e01fac24280ae,144,5,2,149
b50a9dc18a115d5fc599ac15a11546911ae0bc45,390,11,0,401
bc87ad9cb6f537bdcd0714d608ae0710691bd1d9,2,1,0,3
fe85345f33ff8d5443edbeb30a2e73bf132c1692,37,1,0,38
d6400c69f5c0f0635dd1e474d771430ed338513b,57,3,1,60
149b6c1272b4a9d5250cc105e55b3fba9e97c60c,62,7,0,69
1a89f9935c6a805ae99734e59ea56083f23b2ca0,127,5,5,132
179b09be845023457ccbc73c6a6beb09e4e1ddb6,417,8,5,425
1415c6100b7dce7d13f5323a1faf3fdd7c5ae2d3,215,5,2,220
7d3ea1155fa26b56a814b0b236b3a343a8520694,16087,74,10,16161
4cc644cf222995be2eeb264b7f5c9073f4d4c469,1,1,0,2
35b7a3c0516649870760a9bf266909e4336e2de2,18,2,0,20
c7d6f110fc39749307e3f8ce203beb5f72f40994,51,2,0,53
592fd6bb98947fca49df4af00d01235e21413e53,14,1,1,15
9afea90b9e36800bcf577b8aa8c58148532acd0e,16,2,0,18
8b381279017080b74e3c6fee4d8a177c50411189,441,6,1,447
3144a6ea190d67612af14e0ca37252c0cf5a79ad,380,23,3,403
16ffdeb991203200bce424a0ae5db2e3330e9a7a,16,2,0,18
8305d64adab39a28da5ccb6f2a31367c3c0ba3aa,4,1,1,5
bbd325566cc4066ebd70b58278ab33052fb5e436,44,5,3,49
4890ed9a14a1a709499b172c6e5f33042a4bdd6b,27,1,0,28
f313d650448207942357a88bcdeab5833c8bd963,232,3,0,235
bc62ed44d50f9ebf8e1a873f96a7aeeecb86a6ca,3,1,0,4
824939ba1f238621bd89a5ff445c6932c79e5db9,1,1,0,2
ccf9c1ce33b5513372beed0ee8463ed3684e35e9,129,4,2,133
447ce47cc2781fc4b95172ab386e87f2c08ce040,96,4,2,100
cbbd9ad4a329d69ca88517ce2c480bffcf413e78,762,22,4,784
2c97f731662ff6db3f4e71e82eb2f0794a7496f7,3,1,0,4
a3c2ea3bf5601fa600c92d2f1701372546bc2a7d,1136,10,0,1146
f97ebff9a59514a681258b46ae1b74c1ce4e0a3b,2383,48,15,2431
f57b807bb84606dceba26ec1e34e694712579524,17,1,0,18
88df5ee607b23a30e051e9724dcd97b7e43aa6d6,67,3,2,70
584652293c8646d8a893eed1a2b2ae1a179a5d20,31,2,2,33
5925444df9170652d4436288f470bf6d031c104e,448,5,0,453
789046ba49d61e6b58c89555b8d9b419f00052a1,461,11,0,472
0065e1dfe89f5a353bc8b9f66e9848ba454f8805,70,2,1,72
52991f0663463bfb7e4de5d02565648527956743,26,2,0,28
ae7b9900e5597b0fd77bfa2ccfba2c6bf9bd5632,161,4,3,165
f07bdaa07b15465e7bc532630c5c3fe0ee74d23c,585,11,4,596
6041cda5a0b7331c33ec643d0c8ccbd77a120a86,87,2,0,89
e2fb33320ea8901d39bffbcf17ee6fabc8375cac,318,5,0,323
11716dedca0c884bfe9b6afdc9492ed0a3c6a58a,13,4,0,17
3ebc740f11464df42f2b8e5e1d7adcda458f7b05,622,21,7,643
55e034ab6a3f2e34d8eb3902e41f47dcb8ec775b,24,1,0,25
712067373996d6dedfee1dd5699948ddfa14a5ad,330,7,0,337
4923768151147cacf3f0dcae4b69400a7c266189,296,6,0,302
eeb25e63b445a8e6b99a14a870b591a70a5a00ce,38,7,0,45
7e547b139143f08e707d0f084f4ce677c9ee6ec0,12388,108,0,12496
51a202a4c48220fa919f47147bd4889033cd35a8,3932,90,51,4022
91d77a79c4805e501d8637fc1263866d5e914fba,6,1,0,7
0f432e3fee5c50f8f699b6a0bae1afc4f435f763,3932,90,0,4022
a800c36f1603f1c206d3847a04e0f9eb22ae547f,216,12,0,228
a30388c1939ddf98aaced3e597692df8bac74c94,8,1,0,9
5375042e987adc8d5cf489b24d6a4e09cdcf1714,194,10,0,204
2f3bd725c0a8dd69d1f91071e9d315410c327f16,1,1,0,2
7bf9bc281864bb6f13e6dec467f30375416a9064,95,7,5,102
97b93b84c24c1131c31fec32f37f67490c870ad9,172,7,1,179
15a46c0dbdca8fb967dfc608763902882804a47c,7,2,0,9
2c78ad25c0cec6c4962f1fb425c43d5a41102f9d,9,1,1,10
153daeb73970720fbb4831840ded2b0327891516,67,2,0,69
a6741cf00f6cf2996fb368ab3bddcad17c4f995b,3,1,0,4
1db895545b303b8945b9b8ade237e17ccd434f5c,19,2,0,21
982263e17ed537ae66976cbf09bc069b80864355,4,1,1,5
adcf3a39ab00a341e7d6fb99a04ed5bc9afc9e98,9,3,0,12
8130e89f6f78711772b1c25ae5b0288a2c2a9d28,239,2,2,241
d829b67e9de85809d23c07791ca88011fe1a7318,483,110,38,593
a1cb021c06ffce5da460a8cd4ffe71de2c350b54,916,11,4,927
10c2b10e605d372e832b65da52d67dc9656b53c1,396,5,2,401
33b9611e72f03b2f6ec8c72600e7d42558a92339,314,5,0,319
8828c1d1910d209b9f520efcc8d256c6bc6b4251,782,21,3,803
cb0d1de30c44fb333f5ea7c4db087015a7cfe8b5,95,7,2,102
e0e02abaa58ed09ddd7e5eaf528b684dfcc21065,127,14,10,141
2bdc8982796626f41f39f7ae28af12966b04a24f,416,5,0,421
091ace90e56bac1f7bc76886a5dccff796cbe34e,305,14,2,319
03cac751c36880fe01f3c66f7112738a72e7300b,29,1,0,30
aec3f91c22c26d3ceb56769d6d7a13a92c9036d4,49,1,0,50
ce73c9d85ffd5b50e4c3370b13302605392fa572,189,2,0,191
b3688ddf482e751e9a5626f0f83bcddf843c6aab,9,3,1,12
1b6981000b6fd581608d3db7fd280d6ddd1361a2,22,5,0,27
a9f37a2e4800df5eefc81345292d9b4a4ab94c67,205,1,1,206
829dc1f240c07731a1ee98ae18c80ea6074dc6c4,16,1,0,17
5eb871e191a14fc21f6e2c62bdfa742e27c14695,2140,23,9,2163
a3b624d9f34012eab1711dac14dc71af3c5bd9c4,1066,5,3,1071
177d571b57f8dde2c82e2a7e4ba9b5d453f4d8df,15,1,0,16
5427c098be057027afccc031468f1fb2e32ac7e7,17,1,0,18
7deec60a8727d86fe153962979c3c9f4d67d8e09,128,5,4,133
82d2efe1a20d148fa2c591265988a1852f68f120,142,5,0,147
5939a94763c8a3e92b66b3f591a816dd6c49f35a,2219,40,12,2259
3bb03444246f863096063d084393676a84d2bc0e,550,15,5,565
f156631cdd4c1b69327f76df744b27d03f575b5c,13,1,0,14
6f2874285a9eb1132d589223a5aa2c8fa8891fb8,119,1,1,120
5fa5c5483d7dda59cc7806cd647f00bbdb66b216,6,1,1,7
3a4167a67e4fc318e2a7ef19500ca6da5910eaac,37,1,1,38
3fae41b1fce89f2f05ff9027cdc37ed84f3a70a0,2486,12,10,2498
ebaedf9a4f1a99c4d9b2c8b3c0affb4494d79c38,2,1,0,3
4353618a7501e2dada6b0027cadc2b9c6b069fde,42,3,0,45
e5a467272f88e5561a4cc30b510a5608a3b5e739,7,3,0,10
e1f8f46f90868d377bc764b74d07812150218c71,1452,15,4,1467
d82b21ec56a956fa7cc5374e3f15e279e7c492ac,185,3,2,188
4bc08daa0cea486d9d2caa616707000dad5a56dc,36,2,0,38
7504880a443737bf03bb03e455dbea7d8757ae27,101,3,2,104
75e414a4ac53a36c421b31633723844faeb499af,2476,52,18,2528
1f068e01cb0479975c8c6c1a56d46671bee0e515,222,2,2,224
d4af2138f333eaa5a9b183659d32c96d3e165bad,40,1,1,41
962d6a29716195c13519ca48b6d79f3b8541653c,74,2,1,76
b1584a8f2636d390b3f8cc754ce1195ccc797807,260,3,2,263
3f7109ff52bdfc3157987b2230216cc982392eff,92,4,1,96
685c008af3c5c07f02e7d311fdf0c39f6e3941e0,13,2,0,15
d76ff54264498f49f070d0ff5e6d7d67f29d93ba,142,11,2,153
d669da154f79e48a833a754a59606b65159406c3,350,4,3,354
324e6e38eb1ef042bbf3a506d523201266893050,7,2,2,9
86f543713b148541a6d497c4ab6404e7e7edf815,550,15,5,565
e29a8cb9380fb2c1f6815d40670315919af58d3b,978,11,3,989
a9b65d6e4a86e00876fdbfc17a13ceed718c21e7,7,2,1,9
5e989bddbef04f4d70d7ab361634f7000fe21ec0,54,3,2,57
0d7535340b61df0c327fd6afe9d3519a248ee350,59,4,3,63
ff29b679174b19c6372ec3f84bde937c45fa0a3a,617,40,6,657
92306fde44ee8eed7ad92dea0237db92cbbb4723,434,235,132,669
e8d7cf9726e11554ebfdf5f8144e5bcaab7e221f,13,1,1,14
e7a93fcc1383003596370aa65efdce053f0f2b48,9,5,0,14
a61e4a394af649a146a3f43489181db6fd991967,944,9,1,953
a18f71ce5c89465e7b32fca71755208ac8976128,2,1,0,3
67d4941f349e2a4af9ae5d04bc12d5f56b94a952,416,10,0,426
0a92c25e66b363db26c6b5681188cdf6384bb66a,40,1,0,41
18c02b5fee82a88608df8aeb4ad3ca9886a2657d,200,3,2,203
610b96ddd1352ad645306b2bfae50107e8ee8ab1,466,7,0,473
b94efd5114467075dcff057a2c896491976c617b,194,4,1,198
1f3648b75d36bd8a601b1860c98a1a917b442620,33,2,1,35
797e7af77247f2e350d539d082ed25cd0f939a98,1464,8,0,1472
51d8c9f72a0553397d4f471f81f926e498f21114,21,1,0,22
28e3dec5b4c9bffcca5391cac8bee824973fc7a4,943,16,3,959
c7449f6c6a318debce84883aba69e6c028af5e48,737,19,3,756
370cd3e1d60237e4a238c1c789cddbd1164e57e6,3836,32,1,3868
11e142da3730b7f61b1b66749c4a2d77631fdaf1,5,1,0,6
ad99fbae735307e56ea6c78dcbd88fa1454ecee2,49,1,1,50
e111d895e7f7f32d6f764683ba8412d61d370455,4,1,0,5
b873c4563029394ba341da2c0ea442cb8a473fd0,98,10,10,108
781d4e7812d0eaf789c287ba69374d625a13e32c,2,1,1,3
fe824a0e287f3b3432900357c3b09d939752ead7,1149,37,0,1186
594aac83c39eec1d12f2e9cef0ed9af35e9a9dba,94,6,1,100
1fe02df8daa94ca0761049cd41659f4ae18f580c,496,6,1,502
7000e6e350719fd003cce43c13ec035658143005,290,6,5,296
2906a16522279802a6002f9fba009978225afad3,94,3,1,97
862c9264fc05816f96ea594807854502ff3dd00a,66,1,0,67
2ad04930dd5854c4272fb347858292e464daa83d,237,8,2,245
ac093b9e343f1f599054406c5421c0cd921392dd,83,3,2,86
92af53895a0f617858b7149e6ccc4396e2e04675,43,2,1,45
8bd9575788545f724b9cc514e2e5fb8891313950,474,8,5,482
996a1d5ed8af0034dd1541b206bda0ac9467f981,382,7,3,389
e0cbaec4d260c6e43fec09ed09119b9db2070d65,3,1,0,4
d6154e143f7b7ee1416bb6f659176071a8d47a7b,10,2,0,12
bdb22399699a8c0288730ca9a38f177e73878322,287,3,1,290
d8e46de2899b35fa498310a31705e6a9760a84f3,245,7,5,252
f8c9e90c7e373b25b519050693384b3a32977ea6,2,1,0,3
d5035bb23c25b02f814a03303dfa7ce682f2cada,40,1,0,41
dac30ac22f705192714ba4c61d93df87ddcf60d0,238,12,11,250
223291be5e2fdc3294054914b51f10af2da085ff,4,2,2,6
b424ef815bd12d1478d706ad10f62f2ce8ab24b7,19,2,2,21
4e628a912442e05297b40f555b29f5ae7efad6df,188,19,2,207
cb76ced0dcfc78bee746210f96b3677d903a7b14,121,1,1,122
99bb28f2158ff74b264db7e7ae44ecedf05f8a76,14,1,0,15
5397d67af2c52d1acb37234c5f5247c5e5811001,147,2,1,149
a8713f6d57ad3bf5eb9e568ffdcc6f6b88f8ebc9,162,3,1,165
0193012b27e73f269b33e10258eac7df89d54b68,217,6,2,223
2ea420ea4cdafd9502322dc97002e4c37f59d54e,225,4,2,229
e4881e343afaf4df1b42c2b7b4a15885489e4a72,26,1,0,27
0e7dc7196f4fe7f150e9c633fbe73b3dd8765a16,5,1,0,6
a1b7239d60f1e5fbf19e4fc9bb6db425e27ca2d0,159,7,0,166
439dde4fc48abaf830ff188aaf4fcaabaea9ab7f,27,4,1,31
7ea120733d6986a09f66caa213d1ea7769b8666a,2,1,0,3
31bf38d37ff0b73b24a8fa0034630d833eee1f75,67,3,0,70
ac208da8891904e00e4bee6d3d13c46378f7e920,4,2,0,6
e8ec99622ed09a53fb021cb45d6ecf40edbf168e,12,2,0,14
035a027b23559156221db1481b920baf84da9167,128,9,0,137
6f9c702cd764963208c8962d7ef35b2c340dbc08,38,1,0,39
db05c8bb244e409603bcae6142e280e55f2c54f1,187,3,1,190
c076aee4eed3c121ec92314dd95ac9d5fcaaccb7,2887,62,26,2949
de5e577c4969e86474b1e04b14d19d56a3109d1e,62,2,0,64
5cf44e8e3af75dcbf45e2ad2b230550b27e87923,543,3,2,546
9e35993c0e7e5f2b032d5543c02cdd3401c64a6a,1448,749,352,2197
66755c1a2f39f9da948e4033a8b64afd9ba242f5,1082,11,8,1093
bbcf5b4000112148d727a42eead0195cd7606a88,279,8,2,287
8a48c5cb2f6f1b6c2e1ab4d33e85059504888b79,15,1,1,16
241136537e13a9a6cf9396977dfeb257368c26c9,52,2,0,54
709612489b05d5b7924046f4fe8b0c0b78898aaa,5,1,1,6
4348915d63a2a8d807017542c593b2a63ab139ea,6,1,0,7
9adc2959356c817e1f018e2d0fe5dda963196c15,187,5,5,192
e9779e3cc861faebaca3d86158c40642a2d35fbf,4,1,0,5
7319b1108a8f26e32016a7f69acb76b1646858fc,2,1,0,3
834bb1e7b9d7efb170fe0ed9545daab9c59c2095,103,1,1,104
86b2351048e182ed71de67336e5e51309f56ff25,202,5,0,207
362d51525b640ae25e5ec4eaa5949149c3e039fe,241,10,9,251
dcdb27a24a450f63487290360b265e1570534629,312,5,2,317
5459469c4f7bf1e89f4f7ee4145d1481c164725d,18,1,1,19
dbff7e263d7e91c64241123f26588080941c4ddd,53,1,1,54
b9cec42a08a2e4608c7a76ddbc401f88feed1b5b,286,6,3,292
abfc403df0d5c7c9d5c63b44f35eb25a188d1a79,0,1,0,1
ea33ec7f0af8fcad113cd92953fba0e8e5502dfa,30,4,0,34
86526415404525a5922251b269cea701e8eaaa70,2,1,1,3
a9c7264ad71100e3c18e80301e5106e2b9af6b21,152,1,0,153
e1601f2d3f47438d6c0d963c0b213fa4b8585926,59,4,0,63
c0ac918a8380173d99b349ee851cb9be5f222f5c,43,4,0,47
6a43fe137d3c46186653072e9f09322aa40f4a62,3,1,0,4
567d7994dcd660ecb6831e5c73d02797e80e25f6,41,1,0,42
b74441389734181525130f320c9f6d4555b5eca6,305,2,1,307
a1786bea93e25cea928b66ee6c96ca8f807104e2,531,1,1,532
cf81e5a7fe439ebe8ec19ac9dbacc48197079ae9,16,1,1,17
889ce79bba0187891d334fedbc63235ff85fabe6,7186,17,2,7203
70952fe92d5be7f7c9407783867d524544cd9fec,728,10,2,738
f6d6a47f546b02774ca31c587d9bbaeecb4abc42,165,3,3,168
1fee1fd18025bb8641199ce980563fa80f2f136f,73,1,0,74
3aa251d818ebfd7b1561296cec10597c2bb1cccd,55,2,0,57
242a2cdc2df6683ea607ee79f0a5e6c2e3901ebf,22,13,0,35
43b9cfa34a685eb0fe60b828cfadfd2f6168e163,1,1,0,2
f8e15bb9bfd70ad50668c72cd76a848fd1f49279,338,6,0,344
6e5dcab4bf446627f0c3a18c4db3a6931a81b014,2,1,0,3
f9945171dadb72ae276c1535c65bd16ac2a2b14d,244,3,3,247
7ac82733bab40fbd81be18a4b1da93c9a13601ce,10,2,0,12
2439ade4d69c1904947a14b1c965235cbce4d896,84,13,13,97
a719aa9cafdf372aeaf067c5cecfc43b7e09989f,1881,33,5,1914
ecf750fcd07e051c6a5859f933cd0e6ace518242,30,5,5,35
ded41e9d126fea58e40c03d7ba86b577dbeb47ca,112,2,1,114
0f387681b81d41ba2f56f186eca3308ccd11d4b9,330,6,3,336
c3462fffff3b09c52c4c0bcb55867015449a2fb6,980,15,5,995
84d329c29ebc6989793af0778c080429e69c875e,81,3,2,84
41bc714dfc6ccffe9cab44998629f87491735e6a,34,12,8,46
4ea3d4c3e3464de9cac7e05a639eee0aa57c22ed,750,5,0,755
23607216cae8e10e34952fd4b1f12ec2fc3a3e5a,191,5,3,196
8bf8b8efc2f26abe5bc6be95b928d738fe834c65,97,3,2,100
bb3bbb930cf22d662cc8d463f546d2c5ab593d81,10,5,1,15
00b9e89e7add9c58ed9a996aaba9200267c71961,157,3,2,160
b85b041bcbf199b94a16c9f09dd9d2685f65cbc3,268,9,4,277
21eb0dead7b709e437434355f58246e0e8c7a3af,223,4,2,227
59a7986be1964c960468440e1daf41eea06a0c2f,18,2,0,20
d1a039d36787d1920b631d71e8228fa5c47e5d20,404,5,3,409
d244225fb3497495f246c011cce87ccfc8693f5b,42,2,0,44
2d86d7083bf5adc1ac4f155f6378f4d77fd395de,22,4,0,26
efd2c9c72f3a98ac7f7401bde091c0b645c8d133,215,8,0,223
5a240e705cc16b508321ca2c5a06c143e8c0b5b2,28,2,0,30
d196ce35590e7452015b4beea4697e650264e844,97,9,0,106
bf2f05e323d7eb6fbc0a1c5b9111ed8c05be503d,410,6,0,416
0b067af679fe53993960df2fda0dc36c4ae3ed45,102,21,9,123
d37f1d70918ed34f8932cb85fdb59c667a8f86b2,3,1,0,4
3c54f389415ae317c6d5e8140fc4d23c39ac51db,1150,47,3,1197
a74d9c4f66f407bfde56173a727b2545cc3bfb99,97,4,1,101
43ebe7a5b3a4a19a1ef842b6d80417a4fc3580a0,27,3,0,30
59db29138406b6986200910ef8de44666f993fcd,4,2,0,6
665aa9508687e0c37fa81ad0832b60d0e2b7e7b3,77,3,0,80
e4760980ab6077ee398965f551fdf8302820ae0e,1027,11,3,1038
3ad2034c0473e02fb8c7142cb9b2f7b74ecccded,5,5,0,10
a8020741c276618331900078d86e90c63bf2dcf4,17,1,0,18
c4ec543a8b0da9c5d9a2e25739ac31fd68d13a5d,1578,11,6,1589
a9c5aedfa13e16a04a9567ce18ecb730cf6691f3,19,3,1,22
eed26bcfb26d58372459f84173c4d0969dc08c8a,3,1,0,4
64b19a99abdc4e253d0aeb53ba860c8a2f30c51d,30,2,0,32
34c059a15b3505c8937045b2b973874286bc148a,25,2,0,27
2311afd32e2afc0aa0ebc350e6a3d964206b477f,2,1,0,3
6923bd8c9cbd8562459f84a3b86bc7760dd22aa7,1,1,0,2
7076f42763dcfdb28f626d2f8072e7f34b1ff8d7,31,4,1,35
16dc88fc228eb15669922e3878badc8ffc16dda5,2,1,0,3
8526adda0bbb069f0179343234b6021e09cc390e,925,12,4,937
43ee832482b6cd9237970c097ffc15dadc2c3eb5,5,1,0,6
28cb3a09526db7042e4f5a3d8bf3d84406b56a60,9,1,0,10
355ce6fe8839ea707bded79a6c21a2f74451366b,1518,24,3,1542
96e2fddc9b7c18ec11ab181ad45633f4041a9aa3,132,2,1,134
166e87ed19929b9e064732752d5a5ce1069b5076,48,1,0,49
c9906aab8efa2c70a164fb593d9e22ef1edaa9ec,100,2,2,102
9e3bd7dd686d3392e6bbe2c7defebe260eb029f7,70,2,2,72
a63a81a51418a8ae1dadff019d9e5eace38e1631,3472,173,5,3645
acfdcdaa0f667b1ebebc26cea90df030804056a7,277,2,1,279
c711d4f6f7ecc6ad59643a2a82d7d487d8d45a90,4,1,1,5
a198b3ff5799899690419e3c0b6306a1eaebd6e7,213,6,4,219
351d0807529a96aa524ae7d02b08f33587c501b6,16,2,0,18
7c632e68d4b48480b22cdc950c67944415b8bd5e,36,5,0,41
7da186455f6fad9afd62be7f5802a4ee30667ef6,55,9,0,64
2a59d831158ea3dceb5d053d5d1f67486def99b5,13,1,1,14
2c23d68071e6cd2a604c92bf5bb94c75c7da522b,54,2,2,56
ae7a1d0b8cf51f6ccd13fc5d945c37a0d019e11b,27,2,1,29
4fb1fc37a5016fb0386cb654cc527b685cb78349,22,1,0,23
070819a528dfe944f39cee8f08331891820242f7,79,7,0,86
c8fd687fca7562d0560c8afc734b56f73edc76cf,19,2,1,21
a9b5c8c8aee9085f082fd524e288949853dd81f1,316,6,4,322
eb8888561561f92343e0620082b81c757153b4be,592,1,1,593
74f312e0c863824f1cefdd589a7a0d7da140a276,911,25,6,936
b48a291e1a2fc531085cba3b60ff8647ccc1639e,1212,16,4,1228
8c08de7beabf79dec28d2920707e7851b4c97823,131,4,1,135
d6d4965fd86d8177903abf0ccf9a7e8ac77917a0,4,1,0,5
8bd59ccfff778ba59d55707c5182c09e391c0103,30,2,0,32
296737a1b63c42a4fa1f398a881872c9f3b21b05,35,4,0,39
e2778462b4be754cd99596184c1da0db6a730aa6,97,12,12,109
e269e21ccb420a08412533342540d6e43c9eda4a,97,12,12,109
4074a9b9b8cce04528337e0694966c09a9cdc049,423,6,2,429
ec118646862cb15e5d8eaff5f855be93996ebe26,2637,45,7,2682
bbf8f30f224b70f1504a5cd76f230a6b73ed4fb3,4,2,1,6
529b6de6a46b276a1d007bcefd9e41734911d312,60,5,2,65
a8fc7af015febee09b70846277f1170b64bce74e,679,16,4,695
ceba2145d3eb39ca5430393c84390c76864ecefc,212,5,2,217
5fc9a3fc1ef5c486e2656661e2e811b235b6543f,111,5,1,116
d81acdc29a862de5434f03ac73b8f944ff9cdb93,69,2,1,71
5477048082711bba0501c73637b4ebaf5270cda4,1319,31,2,1350
44d6c5f87fd25b0eb038513521a48bebb43cf384,35,1,0,36
986f645ea40204efa0272137629617da0de31ee7,4,1,1,5
b3a96454221d2e98acf0ebb9660f921b135ac338,228,17,17,245
c96631968e65b058f9e3795f01d6b3f510c4a5a3,26,1,0,27
cabf787326ed2764ad2ec63434c11514cc2d07cc,6,1,1,7
8591be10308f7f8e43bfe04356f389899d1fe3fd,6,4,0,10
d45ea4b43be106601dd05d243e1c19a048803648,4,1,0,5
39b59d21e96bac51dca9a12702f1993ad96fead9,40,2,1,42
1dea0a4273bf54ca2361a3a940db22ba89274ab5,76,18,0,94
ae5bfadf09254fd62416c887c1404713582a4571,10,2,2,12
97d242263a2b2f8f2c6677df1007a6bd3188522b,240,5,2,245
5b656e2f3b2157200d650923e5aca800c4d61635,14,2,0,16
5c01c4199df3ba3a479d4566561335d57adffd0f,8,1,0,9
475a0a71500dc4f638100f3ec0c7f8029db42f4a,23,2,0,25
cdaeda108c7ce42e9b32264a37ce4ccbdbf55e42,2,1,0,3
9137af73ef20228ee98e4bc95a8ccb15dadd0010,83,3,1,86
e8eeea375584bb31a8a9f60e43c8206cd4753d64,7366,84,24,7450
7e1d17830429a78ca62e2f007fece7de6466eb0f,202,4,2,206
c870500a4144168e31a75046f848cba741dba96d,25,1,1,26
acc1024158ef600cdb078b0de8a9859beaa8b330,80,17,17,97
04fae6d2cbbd83b15a43cf17da9011c0eccec41b,178,13,0,191
6fd6c320ed0f79dc71a54981982361ab8dc30f44,4,1,0,5
507aeb21bf6792bb9efb6518f83049ebc7eab53f,236,8,6,244
25c41fa1de910a0eab29b2e9b3c53ca3307d3a97,1,1,0,2
c63a60a39d4131861c98a84440ecb8c67b10ba25,129,8,6,137
7577c8770eaf29e21f1d46f650af1d8fbd891c42,2273,83,80,2356
46a84fddb701f8e26741ddaa1ee3ab3ffa2234c2,29,1,1,30
41f4225c4b2f2735bce4ce861b9a51afc80d5815,498,7,2,505
19060028185a82878891768ec34adc553384ef5e,125,6,1,131
9031733028ed79a35924319301279d3a2de8afbb,127,5,0,132
882b5a4a80dd1c49d4ff17818a07e38f4279ff3c,96,2,2,98
23de74357483aa2979b54ea4e54254ef0d2f3637,62,2,1,64
0b4282be26b4d042637ce57821e9a3448043d56d,50,3,1,53
9d3c757355980fae9b558b0c2e736265adc028a0,37,2,2,39
07f1dbfcb899d604d6637a71c956b14e6d52ac9c,5,1,1,6
be97bcdcfa6f0ae0bc37d156806bbac4c09259dc,60,2,2,62
566adaac9b70cbba94b97afadecb9525b3900733,59,1,1,60
3885f3f16c159c841a9219942156d12968f5f9d6,19,2,1,21
c3fd4a930cc1a76b4d1fbccc6d764bdfe88da941,424,5,3,429
8e170d699ac081952c09bdba753e3a529916365c,49,2,0,51
3606b21bfe0d254864b284571a3f2692d4d4870a,24,1,0,25
d21f86f9e7817481acbb9438a9e07ca605246807,28,1,0,29
2418d876339f8b79666b361848e6378a3d83b7fd,3,2,2,5
fe8c8cc5816872ba58bbd2401698b9e847788ea0,200,3,2,203
0e3404281666668741fb8600d6e9021cccabe6d3,437,7,7,444
371586ae7ceb941ba602a6ac2e8c3a313ab882d5,2,1,0,3
2fca099fd30a5b425dd7d5798f57bd21bdbc9be1,184,3,1,187
560240f145fc40464a872d74f6c0bbdf950abd4a,2190,5,4,2195
7920646937c877e6c7d79b398481af3689f222a5,163,31,0,194
2a09d54625c62acbb05ee71fb98c513b5e2c3183,241,6,2,247
d4496c77090593125a36454ef74e77b1d0240cae,135,4,2,139
581af16291edd79598044ab0b0c73c729e1235f7,148,29,11,177
4a8c38c8bb81e46665faae5fe6dd4d5d615fae95,74,1,1,75
51d36e8f61ec8def62d22e8fa7928152f4f3e4d6,194,4,2,198
2a0e3542604ec5ebca24587835f4c2e8e4c0a3e3,6,1,1,7
f78bf2c66f6bbb9b23f573a9dc53bf08607fbfb6,50,1,0,51
ffe7cbc40cb44ab7e953190b290b419f5ad39193,26,5,5,31
19772109d83c0caa348b9522135ea1f2e8463354,16,4,0,20
957b59c35e8bc832f6638d565db5341d422d30eb,1734,28,3,1762
00e4dc0b13b86bfb72fa1b888554b19660685d44,1442,50,49,1492
bfe9283e9e809cad21b26466bcb8fcb7d7244b73,441,14,13,455
73f4f91f2e7961bd243e5ad837eefba29533e63c,14,1,0,15
74d342d666bbe593b98224f0dc73d94bad885a32,1253,23,22,1276
18aaee039908821d9d962a7bf3659578164e375d,2120,9,2,2129
ca47e3a3731d55b53f10ddab75ff2edd56417eff,9,2,2,11
a79d1ec69b2e9c0ad738f87c68f81773a9a2f5ef,4,2,1,6
3d32ac4033f00cb0619ee2f2c2f19115f29d54b2,368,5,3,373
404f79f992538b75a8e89dbc0c4afd33f52fde82,368,5,3,373
6d7847c7f1427a337975d240b10bec8b10a8d3f2,368,5,3,373
9ee7646ed3a3ff662749050e469ed00d0d4279dd,119,3,1,122
cd0fc8344d9a7a4db46bf234efac78566baf3823,162,3,2,165
27b88d2b4d6efa91906585cc70772bd9c640950b,12,1,0,13
abd94fd5db3b7f349fc81af8074b2e777f4c5053,2,1,1,3
d36055ec16ee52500e4c3b5d23254146cfbf6138,140,12,0,152
493e0aa9e8451d36ff504560cc5309e8cd04a616,338,10,2,348
395811ddc11ed9d8bfb8972b110a4b7f0555f294,102,8,0,110
1502494bca6e6d3059878949f23cae03b947eb24,12,1,0,13
d19123d46f367daa783674172485ffc438b6b96a,1967,38,8,2005
9b0ce92d9f60004ec07cff137d7b0582c644a500,802,20,4,822
66d8ac64dc0cd6f83bbfc45560cd08f38d8a92ff,2,1,1,3
504393f6669f288b673df096daac4ffac9086e55,1553,3,0,1556
0cd303f1f1b4be23be8f3be6301d4defd4be6ea1,78,6,1,84
c6a05f8f2d190b67c1e06ed1a2856ed414198132,173,3,0,176
ff6b8eed8401590792b1d11b91b0039ddd03f958,2190,91,21,2281
72517181fc29d2b8eb3af93994b968675f3d29a6,13,2,2,15
cdba7d9a1a1d0e2f69aafaeeef3a2746bc69b072,42,5,1,47
b94a3c2fe3a272a31fad62b80505d16f87eab2dd,890,119,119,1009
ea872cc51c6fef019ac368bfe17e9db035c6256e,32,1,0,33
7f758bfcb7038b9ef45786bd0148ed4bd9e8c9cf,118,4,1,122
bb56dc6d4843c426b0d5f0015abe8dc3af794276,17,2,1,19
d8886a0c69cc9277e6d3142e53a8435b2ffbc340,27,1,1,28
40f47b466552270ae74d5f8b860e04d0b46e367e,2,1,0,3
46ff2683a56f0f5c828cd57fc8f991b4becab3ef,2,1,1,3
098caf4469469763224e80fd9cd4ac5629b771bf,1663,34,15,1697
929fbb5e1abd2c5da172500c46d569369bf431cf,1,1,1,2
ee5a8f321ebef44e34fb8074944a84872d932fea,163,3,2,166
cf32fc7baccea641f11a691f4897d564387b7fc8,2146,87,86,2233
9edd7861f6e08a27966d68f9b1400a8cf873c137,388,23,23,411
bc895ac62f8049ac52f007cf80b23d1296198ad9,373,7,7,380
5fa79c6a134b9530e0055eddcb90b53ce3d768bc,4,1,0,5
5990bcdc53e9d4d59f724ff6dd6d54e9158339ee,35,1,1,36
4c56adcf0997f4a97542cbabd3e5185dc9ed9af1,3,1,1,4
ececcbcd1883a2cda5a2eb12e0f0deffddf6b829,596,8,0,604
63b1422e9095bb9c9afa7cfc27e7f24b30ce8f97,3,1,0,4
24a50e1045a759aff584b5d651cc46ce9047394b,9,1,0,10
d045b842931f0adc2bd409936c1ba0251bf1ea88,220,6,3,226
d267236e0697264edc186db5b53fe191538b519e,2,1,1,3
bf75ef22d194c84c5cef99f5f28be221a4a468a8,23,2,0,25
6613376d2cdd9bbe68dd7b3167cfd5c16a39f67e,1420,4,0,1424
9199aac144844aa8e4a44e36e366af25dd90eb18,398,6,1,404
025a0360c86a5ceb8c3eef2f514c29846081d4c2,548,12,2,560
4884dec6c8c2e3698d289e4be6c177477d091adc,34,2,0,36
f965bf5c79e7b17d70962dba5908c31c0b610260,161,10,0,171
e1b8686aa9d7887d462e0f6b04f33501a9f31141,305,7,0,312
26860c5a9a9375baba81bcf67d140a4f4055d838,1,1,0,2
3fb68f7254802e7f9bca78e42c20e59dd08c49c8,24,2,0,26
57ccf9b79e01404e18d25c202bfab4462b01cd9e,16,2,0,18
472889d2e4f32a0fe7119e5fa44dcbaba84269f7,1143,5,2,1148
137a0e7b302a2fa6f4c8bb4d81916e45ffa7ff09,101,7,2,108
86f92d9697e6bb1f138b5d2e477d7eb5cf8c8814,727,8,2,735
c7fe467fb235e3669f3ba4fb3007abb98dbb1e47,11,2,0,13
ea63af0a713110222ba553a323cd152b8f78373c,2,1,0,3
b131da0d60e9bf1e66269d0c8e38eecc47971559,18,3,0,21
7f3f6b5d68830b3b27aa47e4737bfb17c1684839,1,1,0,2
86a788f3197fc97d4702415f88afa5a5d7e66e9e,1388,25,1,1413
d9be16f23f4df6405ea7e523c255dbe44e21c853,120,4,1,124
2c13a01561d49702a70c364497b97f3ccf8944e6,75,2,1,77
4232692d790e40bcf100e866df4f6d66dccd518d,16,1,1,17
a4d9fec78df2324bef1bb51ec5ff4c560f57dda6,52,2,0,54
90207e987889d0b68c9f3d54f68bf6148fb37221,239,23,9,262
2b2f50ca00a48ec94b5f760e324e60a0c33e5713,2921,71,71,2992
9d7b6e7c2c6ff902241a89764881236e12636cfe,1000,52,52,1052
2bf36865feea907243709b4e668e21aa7f8dd2ff,6,1,0,7
a4a66d6e20e2c3fda009220b53c6ee520bf3289f,462,11,3,473
ce83d1c0f98902dcc26d94053be542dc1c24739d,2228,23,2,2251
36a1ae0ffcbbff91ef0fba2e0e9f0416bb6753ad,2172,16,1,2188
4c48ae0ad29c6ce33868e7394041480da255771b,2759,23,0,2782
87510597f5f21d8a2913a6c61334bf2fe546fc13,889,119,119,1008
f0544d46a00447bd15f1121a0f97747ba37bd718,18833,1542,1526,20375
5f9a1e68c2575ef8bf16ae188036bc6ef9620b9a,11,3,0,14
33e6135c846053031565e31de98bd891093caf1a,70,2,0,72
f80981ac4886f33a96055b5253210fd9357ce916,22,2,2,24
7633e18f1b8b6fce9aaf780c428193f91a019008,9,2,1,11
e82ab505bb9b416239a6b943ec07db26162a7400,206,3,0,209
e16a6e16a0de021aea4a2ee286c03c0ece3ff1af,44,2,0,46
1e77c3b0df68db0085b91aa5210e571a19d4bc00,57,2,1,59
ed9c1377c0d38bb1bb3352b2b943e69e776d917c,7,1,0,8
d7111f3eec448009a6d3c9ff3731ac2e121660f2,23,1,0,24
47b1be6d9b5e2913061117e190b2968648fcaeef,42,4,0,46
9098813d6cbaa354f9ff1fef3dc4f17a499aa4d5,854,9,4,863
d74f68ad69c89467616a8b136b8420a7b9d6774e,27,3,1,30
57c621cf1fdd0ba871b4cecfe439f59da13e1778,176,3,2,179
8ee02b3bff6163b0146c58c260321d3c487aeb00,4,1,0,5
cc480feaa95ecd5857aea6cc638f6f7fa148c41e,2,1,0,3
91a82686314f6b4aabbb25308b0002ae18ca6ee2,2,1,0,3
20ffb764180a160f8c43037466f59bedde2bfdf0,4,1,1,5
27786a05e2993334c5db403ed59fdaa0c36b0722,584,15,1,599
5a8960ca76147566f3cf62c1c441d927465f512e,14,1,0,15
d7fd859ca92f22a4947818a4020a0e4fea11a4cc,231,11,0,242
e8d0831ffbcb80ae2dda9b5c1e187938c7668717,6,1,0,7
c55a75aa91facaf604ad2b8d8d62f13f58d49c7d,27,1,0,28
859c385e943cc38ad1b975ace85c3480c0981aeb,48,1,0,49
67e9988f90207d4afb4d7875c9e8257b46ddb8e2,6,1,0,7
489e30428c025338ff9942b587059b6daa5ef56a,487,17,17,504
c12f1c5192d4bc77b7c14e2b5ae4d5011c12aea2,2,1,0,3
859b37cc8016e4d12178d80e717bd52f992d6e34,5,1,0,6
d7af985383d9e82608fd77904415960492ed6290,311,5,1,316
eb0584b0d394010fe6202579d33d36607d2a15bf,2,1,0,3
2bf085e877a8799f37f79548e95bbdf5f4aacf0c,26,2,0,28
a16eb0b0d418b8a5ec0df644cbe4cb744eafbbb9,2,1,0,3
777011896ce5866a67d9d56482e73df1dae5a79c,81,1,1,82
7f6cde1959ec16faa3244576c82a89ae58b738bc,35,11,0,46
1039c8a7921858c7d577816ef1994de969d18e74,103,5,0,108
ecca3e3ed375f1f2b96597a641bc8f85013615c3,7,1,0,8
cf7003cd3272c38685f482a9635a9abe2d9a13bf,306,6,3,312
41f769e80222e73482c9f78c6121b3b91e5ec396,2,1,1,3
165566501609dd38a040cc49a9465f147c44f505,6,1,1,7
90508b89593a11cecd6d4d948d6d4bdb4c5e0eff,7,3,2,10
2a0f3dfafcac08459007abca25feaa874f99a9fb,301,8,3,309
1eb5750268cff544d214b804aabae493acf91546,3329,48,9,3377
5a856acaadd82ee568ca011d160e10bf1967fa3d,636,31,30,667
7d259d6e76d54b47a05888ef3f2e83f24f0b1064,131,5,4,136
c7233155368000cd482cd6f206f4dbecf26fd7ec,342,10,10,352
e37e3a76aac2f403f1aec03b3a895c12d0dc7755,2,1,1,3
ffb187594bedd7e1bae618063f8bfba3b453b84c,2,1,1,3
51dd7028855029c2b0867357dfc0afeeb03fa2dd,2,1,1,3
59c49fba05135d145dd890125243e8547f0b6386,1,1,1,2
7f77abd2b3cfa8faecfed00218a29bbb6c76299a,257,3,3,260
64d519b07489303df59d986dafcc165f92dd79e4,51,1,1,52
00b58c04098f02e8f65caed6ad8859da1348a1c1,2,1,1,3
ab7f4a54d8f6400432f343bf1ae0a564d11b59e3,104,4,1,108
dddde3d63621b02e0015aa98fabdffaa27b9a12b,21,7,7,28
7e08ab7267a898a168493bfea315ca349ad6e0d3,11,2,2,13
9b674ed9a7339678e766965fa86b1c727e9eff01,2,1,1,3
142648df5608c6d5c910bc58d4bec20a40002832,1511,34,11,1545
93ed0d5ba6d5377a0c08eda7b5f432911a186c5b,12,4,0,16
c5197e0a607c6b04b5ed5edd3ff62909b0e861ea,8532,613,608,9145
743b25fae300e776167c735566c36d2ac86c1e39,2,2,0,4
8ef84661f450f775f1f6b2ad7d893fead75d97aa,512,10,5,522
9dc251cd036a840313e3fb34aa9e522620fc2365,2579,96,0,2675
cde6caee42afcc547a9cd93e1e3dcd756e41b431,3,1,1,4
83abf89237986185d0b20c40f5bd3aac3f0ec403,28,2,2,30
5fb803a2c92f0f0844e88acbcb81f508873bd7f7,119,3,2,122
91a82a5b6c48014a899157e135cdac9d3af42b3d,3,1,0,4
8cb502bc9da52aca39d4dc067a6b36a298c6b376,11,1,1,12
5310d373a7b36aad27e8b21eb0463cb9d96fad69,113,1,0,114
389e196604000b84a4ce1c011ba13eec20b41c70,9,1,1,10
871126c473857b914c36f683f82266f33495821d,1,1,0,2
0eb5bcc6989721d389a67be7880118313e02975b,9,1,0,10
84a8e8108f973719f1f05e41818ec3ac93312d1b,4,1,0,5
c1edb300979b6a4127a9a676e8d504f0dac459a6,1495,40,12,1535
7c2ce4c7488253590885f75335b6d9209771fa46,688,8,2,696
b4bfd4c7cd415fa8bb7132a4a8ee58e207500767,312,2,0,314
32f564cf4847b9b7493f74b946f9c65ba73bb0c2,3,1,0,4
00af5e62ac7d35ada714ef81d2b7a19d43bb36af,867,10,3,877
64e0e69a542dff79c7abf5f46193a6eaa3b5485b,11,6,6,17
afe23b60bbbf4938cb7c471f20a59b51a7ad26a8,49,2,1,51
ece5869bb9e7ff638352f07b63192ec2867afb8a,208,1,0,209
4ae29fca74e814321c8448e00e9d3fdcd54733aa,10175,38,2,10213
c48f3bc1046b1c496e0261edf7a693efc728b8f6,178,3,2,181
ad9d5610e9f2f72a42d50630949293f3120bebc6,644,292,77,936
f2d6e43605f8daaa12c3cb729a1ddd56bf36f564,964,27,1,991
388f7ffc448ed44f1a00b03a7bb7f57d57bc117a,12,3,1,15
7d4e1fd118845f6e14638520ac10881deadd570c,1624,33,0,1657
ca8a80bfad854e9caa7c103cd7db6066c997f4e9,4,1,1,5
9dc6d0864fb007fcab97eccee964d1df75fbd75c,24,3,0,27
664fb93da2cd753a92e4f70e7e06d40281d23e7e,56,1,1,57
7b6e17b216d82e69610da0432b1b37b70a5b8492,188,6,2,194
8385993697fefc38543d80e7412dfce22d920752,7,1,1,8
9a1a830a8af1b1b9ad882f58c69b28488a3a3a1f,7,1,1,8
272858dbc8b462f8bd345e3490d3767040379b5f,7971,58,20,8029
a8d39906971fb8e9512b77732739270e71796dac,114,3,1,117
2aa8ace3992c48e2e8c3bb6ae05ff875cb75f24d,254,99,0,353
29588c51556724940d92d6b077420f8f89baf34e,19,1,0,20
9cec138570b75c498cf68f0349aeed7acd81e177,94,6,1,100
edcc1089aaa8efa7ede38af2a5dfdb0ef00b7bc5,965,8,0,973
4800b8729565728877d31b6161a19fe1632225d8,290,5,1,295
47d7c6d4c011c0e8df03461d6fcf001c28927e15,564,15,4,579
59c5420345a0decadced3d3b9b1e86ce0f7dda47,81,3,1,84
fd56faaf3fe582a9a7984abc0176a7bed042fc52,74,4,3,78
bf005c83e7ab143683afcf06326d80cb6461f3a5,3284,392,384,3676
7d933e8e13c48a16b8184e0df4c37f71b7d57f33,420,9,3,429
e87aa510a74e4a6efb4dd72544a6419799307f9a,498,11,3,509
7868e6679be2fee4b35986124af8815777f47f35,7641,712,702,8353
7414c9956d9f00e6514a508035156f2605df286a,187,3,0,190
4187780760bd67723db72c70e69205fe933d37e6,643,8,4,651
5a2ef66cb2c33590c145639ff24732a81e29fa56,145,4,3,149
76ad0a4d10ac761f5cdec01e6ec4d7299e434a07,165,6,3,171
525680c748e9479b02cecbdca1e2ac5d582105ad,57,3,2,60
02f552fc9e637cf643c99bb7216b581492b26cfe,86,1,0,87
423ac68f27f4a5cf259a7740b73279b3baaa4e3e,27,1,0,28
4baf11597d70f8afb22f6d2033bb485a4f7f7a8d,95,2,1,97
a1897dfd1f82cb85260c1d05e778a609bf30511b,90,7,7,97
2b23d46feba75b1eb51c8373c730b20504d1b30a,139,5,1,144
9f40da5a1e8bf3cff0227306e7de1de44b3bffcc,572,16,13,588
175c1d815d848918eab79960910a8a3002143aa0,285,4,1,289
383d8b2ac3147c613f8771957e2ce2d660b29490,1427,18,0,1445
592cc3466b3b89d3b5c176400536cc91d21d7ab0,1428,14,4,1442
601d956e0884a682b2ee345bbdfc47a9ebcbcdee,210,30,30,240
a0164b47139adb0a28ec8f4f4e5fbc401bae16e0,33,1,1,34
2dabbd2f7c362ad140f5225fa777dc889a7d0d7c,20,1,1,21
86a815e113dbfdb892f8f6c6ac4a1316fa4e7195,146,5,2,151
417fae51f79c7fbc9f17943f0df1ee15bc36dc6c,194,8,1,202
581fdca5c8cf381f347fd22a132978164074c712,695,38,7,733
d0facb260773c3527237e038ce7c48121bb3f0f3,2822,29,9,2851
3b9c415ee2c4b6461c18f87f46f1950f324f5662,530,7,2,537
48cb0f176eaf25c4c0a7eeb41b6ea9f33e3a986c,6,1,1,7
0431c288d8c6e69c37bd185025cb2d6734052b38,4,1,0,5
535437336b1fd0e382c19f220d511fea52dbf889,2841,23,1,2864
7ff040438319b55fd81c467bacb644efa3afaf92,2,1,0,3
dd764c91764ad6f95c65fa72f06431f76a8fa611,27,1,1,28
61ad0968c5a4e5c26acf402b6f0757525bc53fc6,146,5,2,151
457090a9cd856d364c0539a08a193f21f3a8eefb,29,2,0,31
62c560a544a81a5e5b90099fa9da7ab51fc585fa,7369,83,39,7452
4a8921e9a146fdde418b20c40741bebb388cd750,1347,19,7,1366
28d8acc596f54f95ce8bbf591d046b2b5d24d915,264,5,2,269
ca932821a3236e3cbd4cbe17403dc040e19ee152,199,3,2,202
9f9bb75201a3c4a4ca5398c450d741a095321167,2075,35,2,2110
e539dfc19b3c3ece41bfec39dff6506b54d4a0d4,199,5,1,204
85bfcc7331d013d8738ab71b8564a67c84e45cf6,163,3,0,166
05fef60d00800608c11a9552ae42dac399719a83,617,10,6,627
b7e2b2801ff9c41aa79cb6d63cccb01871dd8ba8,7,1,0,8
ca71fe9ba1a8328847429d084f672e040911b30f,1,1,0,2
cc31cbde56a7ef1330eb27fceaa5c97af843b2cd,2808,69,68,2877
f764226007a522f8693f0f36943a314d89f556a8,237,5,5,242
005798f00fe8d07c46543c75bd579b1988fce727,18,1,1,19
dfef77e59a6f1fe3d8a908f9ff1390e776addcdb,2,1,1,3
cdf2d867fecef4459edb0f128c017cbb7b21ba07,603,29,0,632
59b3a4874b95637815bb0900568c9a29bfb71de5,209,4,4,213
2dc0d9f75c2e83a4d81c277fbd8b7f0cae4dc869,1201,135,41,1336
03dd9eb7813a1361715e08dc90d64c15eb3dca64,144,10,1,154
05f5c070e9ec1d00ace5f9ac7d5395d89fa36fba,64,3,1,67
a31c0a2e36e0b8cd5d664155148abb372dd6dba1,11,1,0,12
7ceecc43f9abc507e4e21830882cc7ca4e7b13c7,22479,39,4,22518
d3d129a7776d2d807819963a19f4adaf2e141449,17,2,0,19
0b3718f6050290b1c2ec0c070eb207d65eba671c,146,3,0,149
7256e5752084118fc1530eb1893ffab8ba733e0c,18,2,1,20
94fce9743b89b2fc5f603fb9eb46671393af55e2,249,23,22,272
6ffaba550bc85722823c7b67140e84c370716693,72,4,0,76
3197f9b48d658a0ca19388612d87f4e5bde5e15c,1589,30,6,1619
454e65ff71339e540d80d18004489f3654235c1d,12,3,0,15
bd6bc433bc33d500254c799f9c4f502c42b6accd,34,2,0,36
25d914ef88be744f22a41efd5edf86fb0f9d36f3,83,4,2,87
7e9fe14a31d743b3d314b7d00e23d971767659fe,1717,8,7,1725
47683e72cb1c33db011fbd754bc04ab85cba3107,4,1,0,5
ad6a7ee5840d84bc5603a753006efc521c381727,9,3,0,12
e61d3477b461f7216bfa7878e1e3c06f8b314879,70,6,1,76
40f1fc94c4c8755e36cc55dd9f8124cc76d7b5f1,215,3,1,218
e638cf2423154e7dc5b693faecbdcbce5e52faa4,6,1,0,7
e63a884254890ea2f13ab0005bac8eeaed72d462,4,1,1,5
e2cdfae5313e222144f8f16448ab06f746ad2fd0,6,1,0,7
d38f38f02958a927f541e88aac68d97a93af7340,247,6,1,253
9ba0052e4b8b793ff9d2093293e33eaf1f206fca,15,2,0,17
2026cf75dc58f674e7bca890334eb77041e0afb9,287,7,0,294
f6c84a21ef353c3400ac5225683b07f84ef06b7e,52,9,6,61
bdda70c854a19bb99ec8f8d8bd23ad68565fd668,42,3,0,45
7e6a7fd2f9bed566f71ad8328a43afb2103a4791,20,1,1,21
2ad7bbf3217939896652fbeff08390782aa3b3df,25,2,2,27
d36ffc6c7707c56c91379e60aacd4f3ae8dd0a1e,26,2,2,28
95c616ccb14e687d9e27b04a3b97e24e8db6b083,187,2,1,189
50dd28d28359930e020cf53d3000066965fc56b7,264,5,1,269
d4fce67be1daf4d19f1cf35cdc613cdbe50c7a1a,519,12,2,531
a314214f244be6e67e8bb7be01fda0f03195c696,207,37,6,244
4f9c3d65ef80a11f98b81e346860718c7cb4e6f2,3772,90,89,3862
f76acd7006765023586e782272d6907b57b87d86,243,5,3,248
31b132e936c5413c8677be2da8800e16ba8c7576,244,4,2,248
e3dbc8f32a39fee5190ba59d43398cd0724b6a8f,20,1,1,21
0fddf1a8b46482e3d0016b48e2cc9ba4bde026fb,8,1,0,9
e05387f99f878fac758fa4cbf2fb8f6fdba56176,23,3,0,26
181969ed44b95ac33069b80555d7bf21b861a01b,2,1,1,3
c4e14ef8a1682404aab6531f3dfec1ce3103082d,1160,83,74,1243
b05a87f09c3ede1a77a50cc174709ec3ca6483a0,4,1,0,5
5bb41d8745c2f71291227fd0ead1eef0b2de031c,6,3,0,9
74aa3376a40030888f7fd8c57e018c60857ef046,16,4,0,20
f94cbeea9cdef01eb5c62348722c6c92afe14a4b,22,3,3,25
ee551ce9679b2d2ddbbf04684644df0c3ce21481,21,2,2,23
55a7e3ad3e80a7361609fb936ecbb299cca21eeb,99,5,3,104
e453dd35460f1098302879a989d70427817413b4,6,1,1,7
c2350ed2c32fafc2428b1744963321a339333287,15,3,0,18
521daf59dce075612dc14d267a94e9c6da261b71,104,3,1,107
9a614e7b9884a7cd27233ea46d98cb0b8f04fdba,9,2,0,11
bd24340e872a803fda744e6ad26951efb261ed68,4,1,0,5
4e47c6a6531449b5e6bd3593edcd6ddacc535a13,2050,55,5,2105
41becafd7bb13c03a46bfbba75eb54b7eaeeb47a,1847,33,32,1880
0a16208a87d4044391de7f2ce8fd497c9cd817b5,34,3,1,37
fa4ebf5dcd623474f6b699008143d92f5932c159,11,2,2,13
621ef4de5d2cd03619008e4515fe196f4b591147,37,2,1,39
b48c5087085868b1b0432c1bc7fccd5bf9b93152,50,5,0,55
1ff6fba077103f09c94b6747f7e832119f609215,194,10,0,204
499d7056c48d872267b48d15debf9208fa37dd4b,87,3,0,90
239a7609084f31c9ef4816e235195d33d142ee84,953,6,3,959
8734adfc433ada73611aeb5d340c840726b5e2bc,513,5,3,518
3873693d7851c68f0763bddee64c6bbc819dde58,151,3,1,154
4284d3e3b0b3597aa5828c055ff39977d3c577dc,115,4,2,119
a2e1230aeec734aa0b09cc5688e266c645666ada,4452,45,6,4497
84298cf4e85edd137ddceb1f203c5f9e2837d4d4,4,1,0,5
d15c475fc960534588c4e66b2fccdbef4bc1ff63,12,1,0,13
b03a9705b144196bfde631328562008eb9fa48a6,2927,24,3,2951
c7961dbd27696d255e5777685efe38bd1151323d,1341,8,0,1349
72fdb1517fe11dfc1be82076f5544077bf9ec829,1481,29,4,1510
d53a91f0ff6efd678308726403a24b07133156a4,1501,23,3,1524
4cadb0dd5920b8cf7b55c5e3f83c398008a8eddc,405,5,0,410
317bc8e20b0f3603776adeca92fd39548780a74d,284,3,2,287
e04c03812c60146152bbe44905a3c64b972c32a4,13195,59,58,13254
de3499fe773b493ca1f385473fdfad0897cb4002,66,1,0,67
b324c049a96ced7692cff4b7ea0e4e549fcfed73,2,1,1,3
22c0c7ebad5265b66e0060d25cce9ce4568234a8,1406,16,4,1422
015166804eb2d7fd596e8458a0eaf0a3c3f49edd,181,7,0,188
afeee5120c8b53550bdf6455c6ebe576c52864c8,3210,65,11,3275
35479875c4ca9905492e3e910fc46f0179c5c907,592,12,0,604
4a3213b8781d84dcd292079a55f792d458cc6d2e,306,9,5,315
bc209d082bd905f0e8e6fd5cf38306336129d4d0,2411,48,5,2459
457ffc1584b7808b9ab2270f8541976ec3c2f022,1811,35,14,1846
bfbbe21ea58655085b4bd2936a135fa8a4314dc4,46,1,0,47
7eb3ef8b6a8e017a11427a52d261ad44e4c8ee12,8,1,0,9
23b4b29b2dcec97b3b080f40094a0b771bcbbe7b,63,8,2,71
5861a9248fc66013cba960e96de3bbaac4106776,1334,14,0,1348
5ef83a22c1a5bf9fce1230b1df739dc65a1dbc2d,18,2,2,20
1c34148452101d29609f9bbbb2f64c7fa49c16f6,196,21,0,217
76e2df8cc2c46bbe0d059e00deaad107221be913,1835,20,11,1855
dc5ca3299c66c243233f133072c72ff793290c00,29,3,3,32
5cc1d731ae11fbea4b68178f096b89aa24b4f8f5,5,1,1,6
4b0d5818697db7be99fddf3d186cc6fa42405a56,75,9,3,84
6b9c24786972174c5a3bf125d2cfb0644cf10957,288,4,2,292
e8cf38659062fc7ce500ec4dc73423a09ff487bc,2,1,1,3
15e112af75c5b5043ba6ab53d8cb71f89bf645d7,414,4,1,418
09dc88bb5add485e9385db92b18b7dcd804ba911,2387,86,0,2473
a38d0ace6b66951a59bc7cc48bea5b6a8ef3e577,2,1,1,3
faf4f88936537c960b0b806a207d2efbd318025a,1540,22,7,1562
afde85be4cd7d22a5195a42e5f9bd837c9a9b180,19,4,4,23
35882c5d02d32772e31f8af8939bedb055026ef0,372,5,3,377
d727fd4e687b13a62d2d9220561cee6b88f6147f,166,13,0,179
8c727ce62b06c361e1d936986417f8359ca4bc1b,468,4,3,472
15cefeabe19098f9b6ff40e99cdb8c784c336a82,645,10,2,655
bbe6191a73ce6c4bc6fcd14c467f0e414f9f3a2b,771,14,4,785
20cf75db8d674b0fcc82407e6264a924e4250444,297,6,3,303
a7386e56ca433be71be7a383a71c7adb936ff83d,225,4,0,229
1a68016c0d4dbae5c58471d6a81862e490cd38d5,42,2,0,44
951ebba69944e63e5daf6eded8cb024d1ed93038,468,4,3,472
ceb77f2a2b23b301fb81d80421fa4947d7e1c278,221,5,2,226
c9adda16c63e32799a0da2fd1a007e8582bc91ed,332,20,6,352
82781d1d3e6d0a90a5b377f895fed3634a670ebb,258,8,5,266
4e04c42503e72695b13c4ea44e4ae7211ffca84c,75,2,1,77
a89692f4f09cf432c0b6414acb091580cc7bef60,19,1,1,20
2b674b237a85583a6e831dff2fbf11661d657b93,10,1,1,11
4d7a0760278083236b31b732d5f054f2a8fcc88d,199,6,3,205
6a61ec9b22b8149fcbd5f7508eae32e4bbc70c84,10,1,0,11
4ea443ceffa4445003aa5c8448017eb430cedff3,339,6,2,345
c56801ed7a9e9d65dad51b2bb1b9b9074b07c901,227,11,2,238
7c369fef0211ecfadfbca5361d95b010b29da01a,244,11,0,255
c659f9cc07b1e051e4d7c4e133f1683581b7ba79,8,2,2,10
985d66ce3cb42a91af227d6ece118bcbfc1c9b4d,1977,56,51,2033
754c7b1551fc9957484f3458abcbe21414809239,2,1,0,3
557e4e86b2c7e42b09dfd240022c0cf19953ff5a,65,2,1,67
d60025d88c2840470f3a6af39884cc112a7205a0,161,15,0,176
26e2b6ebaef63678a90d6badeb210ee5bd3bd153,1051,141,136,1192
58241fb6b1552f4b2227bc409765003096dc7f47,584,6,5,590
4415b1ebfe3703a53031d7687b8ad65186372d81,96,1,1,97
0023f15d0887a273ef88a678647de384dc0b529e,156,3,2,159
fc83c1260d7561aa852ee393157ed93d15304b5a,26,3,3,29
f2c58ab0f68b5e5f0b368401601c971c34242fba,54,2,1,56
9511fbfff4d4ac67575ec5b9b8bc2d4065e87211,2233,14,0,2247
785c9dd8af8cb9f600708480edbae1b792accf3b,188,4,0,192
f73878de66ef383e517d5b9d0bfe7efbc26b0c56,207,15,0,222
01a5a915c3eaa87b5a2df153a44d19b78ea454c8,58,3,2,61
0d8a7c0b137688626e1ca4e6b73a4b8f0be1d63b,108,4,1,112
e99803f4d04c346c55824fb48d6a4d92115d4431,31,3,0,34
7fecdeae5fd276285496b8109f9431f002ef977f,95,5,0,100
13b81f01aa37b1b32ac776f1819e20a8d1c1015f,16,1,0,17
bdeed89377b758321c749043fa4c0c2bb0d5f4eb,84,4,0,88
66982167517e37dad5804d83c2665ac68047278c,274,1,0,275
625f9173dcb09e4fb29120aefa920882dce54cd6,15,2,2,17
c30a46785f0b4e918525b6e5e9b42095af62a779,9,1,1,10
1495c1e9517a0b6712037bfdf1d319743edb5039,658,5,4,663
9aa6aa826e82f95c41f0eb3e393e1d98e36c7275,586,6,0,592
80b1f064611b03cc5ce056b9a25e32ffe356e8e2,63,7,1,70
9543ece086e5e45ce82e209bf0e95f71a5e76faf,45,2,0,47
bcf8118574c9e9d86ad585c4785ad7a3726ee07a,75,2,1,77
d0d6c98ebdd278fc5f2b41dcab35ad2028e8666e,287,10,0,297
40977a8b487f71377555ab4fe0052dbc59011eb1,66,2,0,68
0b00370e6a34ce1d443490d3a73c9b860cacfebc,191,21,0,212
6a51f25da75154e0f89fc6c6a0ee84de538fcc6b,63,31,0,94
d633c26ebb2fca095ffe2b07dbddbab0349ccc9d,22,2,0,24
3f889a3086de14c79d0dd462aeb4707788548ab7,1280,7,2,1287
f350ada7f8cd921396032e4bdbf87343cac07b82,410,12,9,422
273d5f0eed47e58c0266a2c030bac102154a8a9c,4,1,0,5
40927800a62684d47c30d8bfb4082501b23486ce,5,2,2,7
1cee2f82f068587670657ee3e941d29557bda1ea,57,3,2,60
3b00b47dda99e8860e3c66c871a8ca6657a72b3d,264,4,3,268
048d74eb04c4ac77528b42a936f903a866738363,80,5,1,85
29b50868a456676fd7e97a2b2bc2dec816fa0b49,4,1,1,5
6821ef9bf8206fe4247127edc018ba9605a29289,89,2,0,91
4fde445d6f4a2e8f1b070a936970815b855d7165,5980,1986,1970,7966
fed159116d2ae93175aadc3e8d4739918f19fadc,138,11,0,149
15bf6cf864ba5159882ba01e41056bd143439802,68,6,3,74
2b8b721a0ccb271ffb82d8111e18639e7c8085bd,46,8,8,54
923e55064047604ca0549dd76022194bf391d0ae,1079,49,7,1128
5b2b359785d36191171870bdd1dc2dfab98c18b7,6,2,2,8
9af6e92b75e8e0c6c4ba2324cbb0b7519b989d79,361,22,3,383
67acdfd181860ee2c488413b1aebf36867148188,208,4,2,212
e59ecc229f41772f47abe710b0fde8e826b6699a,91,4,0,95
0836fc29cb8c5b7fc8ced420d66beaf6157deffd,2260,135,133,2395
f4acd8832f0dac3e03ef31cd2b3d3c83968a5fee,4,1,0,5
977108a7566ca56f4001289062a825a8f2a40667,11,1,0,12
24ff65b22cba2591ad68efebd560923aa63de057,17,1,0,18
28618511a64a3b593120bed1a1b0dfa36b5d5ce3,14,2,2,16
332103e1997adaba67610ec2e4110cf20d65e406,75,2,0,77
2a5c3d39dbf23cc81e7f09a9bcc043505b4b7934,282,41,41,323
f15db083005b8eb98b973899d9be44a910f88e68,34,2,0,36
ec488539933f1cafa0756c7d2bd22b48f0c1e16b,119,5,2,124
2047b2567c03fd0bc381e409e631de6a4c5fb5b3,105,11,0,116
07a0a6a76e768f36d4caaa5ba7ea5ff48fc1983c,389,13,5,402
36532308292dcd8aa8139c4c2642f7f7b4640961,10,2,0,12
552f6e400b9519efc28359ec5269bf9cc1c055d8,28,2,1,30
cde31aa46db3950561322a66c45ad91fb869ddb3,250,6,1,256
751ab2a488eeb5af32280125673907adb3ac9262,1287,4,4,1291
1e0a7c21ea77ae2684a2d0b5d809b4241567bd2b,775,8,0,783
ba6c194b6bc5357b434a8e3e14431fe1eb58e140,133,15,0,148
15a3bd92373b06ddc70f4e80547b1a07e3f7031f,6,2,0,8
bd49b143b81a154cf5aa8c1829e9d774f85132dd,1671,46,1,1717
8912ae9b6aec8df227123b242081632f0ecdefab,253,4,2,257
bf49d56cc0635a5962523415c6a9d97a31c4e62c,1127,11,3,1138
3ef733e07510bfdafd49186a9cd374a463fbb803,243,60,59,303
9a2fb4c18ea2a94baeb335ffebeaa109691dd199,628,9,2,637
ef04782f2543ad3a744fd33b3cfe963cc1fc88c4,340,20,16,360
a486278646cfb40f1b5a37da00c0282dad4872ba,13,1,1,14
9e47ee55f30b16083766d0766bacdf10acce8d3e,28,1,1,29
c71e7dfed112b57861620270eb31c11226ebf7b9,1117,13,0,1130
d7c717c7b7834dbbd82ebdf232e9da1bb59b6abe,22,1,0,23
1fc82730f6b9bb1a2bb1c26a185323d64263bb40,157,8,1,165
1602cc7e91362b76dfa56a0ac3093d66594b1abc,4602,311,0,4913
63b9e1653d67e72d06365a7054cc0398c2d28cda,43,3,2,46
2cae870d702260e86808d75fabf8d77e0fa02da3,464,16,5,480
5777035342a6913b50618b86e5f7a7977435a21d,583,39,17,622
156917778d1fc186f514cc8176cb923fd3c2df99,196,6,0,202
51accac9f748689be72bfbce390a19fb8a6896f8,428,5,1,433
42b4d28ccb76d8aa9b123a15c3c9a0fa2fdf5810,6,1,0,7
be9079d222da53da8ba6d0f8d1817eaf7ebddc77,124,4,1,128
7b61c32a1c5ab443b315d5a87fec43d19b39e6fc,1361,16,0,1377
5b9808064bce6884f44ba6fbd169b2fde4621c67,243,8,2,251
59bb3569977a74bd65dbab0ba901ff9f1f61d094,356,31,31,387
a7eb5cc243c89c9e4ccc807bd0a3db1c66f3f599,154,37,13,191
693a6e88e28ac4d8ee44824e77b522e31cb0edfd,935,17,0,952
447b222d56e3aa3e68358374aa8b2cd075626120,874,11,2,885
f62d66e80bbf552d04446f86fc7b1807a64b610b,85,5,0,90
8cba313c9961b16e358834216e9992310f285985,2,1,0,3
963e2c2abaabbd9a098cd74c967f9f59d58de2a8,140,15,0,155
299f557d9b0b7cbc4f7584d28be302056c6fb46c,821,8,1,829
98dc58918fffdb7e4f9c13df0a7a6c3150782c6b,725,25,0,750
731f74028d3cfc881f3da2fc46c0500a37d80074,886,21,2,907
4c0f0e7e53275ddd89a7b2d4539ef9988388efee,56,6,0,62
65b18b7ba920b069251da2ec2002a530ceee1404,216,5,3,221
760556e0b597c57f5558fd1992a6ad5799e15233,4,1,0,5
7ecd53fb6ea0c871d83f188a17d2fb410fc289b9,69,2,1,71
3a8cb3ab2c0e05996588cdc767b6725876e9249c,7628,87,0,7715
6b5a70bae5c722d0779c7087e422f61a276dca86,533,2,2,535
c3fa2996ab03a6cd368ac669095852cb6c7a80f6,10,2,0,12
10a9447a2a3b429c29fc2742e3cf5cbcca3cc330,94,5,0,99
20a510bff275c9fee92e501f687f74a7cee2092c,429,10,5,439
ba48c3f1523db543447203c3e0f884e707ba66f7,58,2,2,60
e70a3b4dd973a9a8dc7a77c61900304fd5512e48,172,4,0,176
26d141e4ca66f717db0771ab8fdc83e301875595,1321,28,23,1349
2a19e3f2789320b6b45dcd5fb91e82fd8bdcc1a1,184,5,2,189
937164ea1a922ae32e54aa32b7356ef758599e87,593,24,6,617
97500ee9eeeef37b8806bbfcba7510201a859ede,58,2,2,60
1396626ca0e8845108aa55caa3dc60fba3a2b998,60,2,2,62
5b8431eeaf75a24295c61c47f0762465e6883dd5,4,1,1,5
b5b9ffa6183f7f77b595e1232839fa4d3c5c5d59,236,13,3,249
3524eb9d42bd865d28326c4f82070928c5e5fd75,1173,16,2,1189
b0493d8de47de3f4679dbe1d11c79554b1ad41b8,193,12,0,205
bb6dedb31c34ce13deabd8be12a68ef182e7477e,693,10,4,703
c3cc426e081d59d723215932946594359dabdbe4,424,5,1,429
ea8197a023ef9a925d7700a5a086815db8f30a93,9,1,1,10
9ec36bf4d7875700bdf604e837254ddc353e9b87,271,7,2,278
5ca26ce1e3fd0c299dfc9e9ce195f54ac74382ae,3481,22,5,3503
85c706ae809f58e24b5b200f0291467518d8e262,560,17,4,577
7fd71c7a1872a05621ff1aba8e9d6568546221a0,119,5,0,124
396d9c9d4811799e49424a49cbb36e69724d9edb,1057,20,4,1077
208c53f467797606cfd0b116bda3101cf3451d5b,693,7,0,700
88fcc92243df12bff1d18742211062d5e1d7dee4,754,5,1,759
5725a77b264f4f9ea9b5b16e8275c92b842e8568,1473,15,4,1488
0acfa84fd426a9f0f9b15d11b13319ceb7b3139e,560,7,3,567
cca4491ff794eb5398ae56a7d05fc804bee8d827,27,2,0,29
816f435df98a7f407b07f37d2cb9d69ab8ed8941,450,96,2,546
12bd7cdfbb6eb296d7d76bbe738f1c10a309296f,56,4,0,60
d0c7925ac09b04bada1f8656b6397b4d97d41e4b,47,2,0,49
5551faa9ce967245ba6a3c4c4c963c4d64c5f764,11,2,0,13
033170d90f6c0618b9d6a3fd997e13a5ec1fff89,2,1,0,3
a1ec83a826f1a87b88dd16f93d0ee3b3168439b9,3,1,0,4
a6f444cf06619720479611e1759115d7d672fa42,54,8,0,62
63047e83ab41143c6b59a77d938ecf0b815948ea,2893,29,13,2922
08025a3358609f1d052b0bc14fdf3f125f0adf1f,346,6,3,352
ed6963269046fd0cd11dc9f8b45c3d3cd464bfef,176,5,2,181
1ebef1e5b3fc46d8199682c45d2cdcf726b64710,4,1,0,5
023e246daed37a5ff44061286a1dfe155b92c883,141,4,2,145
e2f8b7edbdb82ac5ebe107907a2611f0ee11f874,28,1,0,29
ae8c63da6d583fde5fe0524a2fd3ebffbc0093e8,337,59,59,396
6c9a17b4b231a993c3a8285bb686efbc5a4a5790,173,3,0,176
f52031d4049cd38673c0c7d974d1a57764aeba2b,3,1,0,4
d6202689f421bd4ccf293650acc3a83d438f537e,2,1,0,3
224e747f42a1804ab8c6ee1796faff2a601f607e,9,1,0,10
27232fb7e9ef14d7298722822071874482908a3b,34,3,0,37
edd3cebe81c3d9a1552184f3d7469be3074c16e4,33,4,4,37
367b75f2aad34c7021f55cfd3f336d68ad7da521,47,8,6,55
df9204841069e176a14e654a7636f88b5a2673cd,185,10,1,195
68c178ef111bb02fb62b7c969c704c58d272cf04,328,5,1,333
3af0c944dafa37eaa2171b0e98d9a1dd75c50768,43,1,0,44
74e5602671c80fb1b6c37aa5917a7bf0150ead7a,126,19,0,145
263167a6073ae9024b860c28201915ca0c7e181b,205,6,2,211
3a775313747211869cba9bb828cde87b8fb7c75f,167,6,0,173
62e9bc8761057fed8ba0bdbd479a1a29ddf73d4c,503,14,3,517
c843b8fe0ca624231d384d9f56a9635c336c91c4,331,6,2,337
5e04dfdd635e6e188b35ecac9817f86a674ad15e,1,1,0,2
6b635567489322ba8bbac293571fa963dc057e2d,7,1,0,8
98606705ef26b30bd006c31c74989a9ede74054b,345,7,0,352
26577eefc84dbb3a9f434fbc4143de24864a7956,263,3,1,266
3c4d48bc72ff753e593d6975881e9bf66fba1b45,96,1,0,97
1619dd5603f9b9eb71dbffc70add54df0a290e2c,2047,22,4,2069
832f3a2f39942a870111d3509f8cf0f32197a0f0,92,5,0,97
6ab54b5ba1647a7940dcebfcc94f22513232e381,2,1,0,3
6f909d3c83f65cb3b082eec87f9b40e8ab911135,466,13,3,479
e6a56902c38ca001cba954af37787fa31cc750d1,4094,58,28,4152
7e6675d15cbe56173ca0299057db18c7943bb7c4,938,14,3,952
1df9b297b4f9c79de04c3a6f3f66f9c3683acd11,166,5,1,171
00701db89e95b4052d8b28a77829417627e99e04,101,6,3,107
b62fc1e656ac788cfd86c4d39e762f1dc54af2dc,182,3,1,185
11e2d3cc659a7f98501d3ffb722454316ad4cc01,82,27,0,109
6db24b0148c4b394b074973ee9425a2af9aa6213,644,12,3,656
67432e181299cb11c9581fc95b1586f0ea26b012,406,8,3,414
8e6de9b3bab1159841439ad697365375e0dd54b2,16,2,2,18
37015fff5f0df20991e63e41dc299464674eb1a1,1148,21,5,1169
5b7a1221ed4f8b32012a0ff8c89ae40e9c037cec,197,5,1,202
9a3de134a5dfdb4385d0f5b8f7b1b16eda93b604,1707,64,36,1771
a69e6103789c38caf5328af9fde64ac2549735b1,70,1,0,71
a66e679e4f91b099724fca67ea88689c8e4e7907,14,1,0,15
1693f0ef0ada2afd504846abfc029cc607662e90,392,9,1,401
0058d3f896f159a2d809eed91fb338209b2c06a4,343,20,5,363
cc36b8818c10d60bba2b6db14f3e96c3db7e5610,18,2,0,20
1dbf57bc58c480a4c5500ed0ecb04a18d07fbcd3,45,2,1,47
bc6dfe680e3f9f3aebf57b70035e5eb03d31687e,4,1,1,5
22279ba08f391f0f1ecc0ac3c8c886aaefb3862d,20,1,0,21
481e5a5f61d30fd159093a6a74dd9dd718c9bab8,1116,58,12,1174
45226c379db146fd79e77982f90a4fa38b8dc288,12,1,0,13
c9993bb94edc7994c992a2e64cc86d36e9f0925c,54,1,0,55
275e74048824131bf2099d1da1c150db994b2b61,92,5,0,97
fd821a3180c575e07be06ec9485605ee89fad9f5,24,1,0,25
81e5bee1f7ece600ba6c8e5a4bb1dcf792adcb89,378,3,2,381
c9a27379e684acd39699a2c5fbf0a8b5c0b269d7,2,1,0,3
f3b56f38765151879811aa7866f42efd6a4cc20a,6,1,0,7
8bce371eeec4474956b02455116e199966d0a0f4,10,1,0,11
5c94b7743beee6d3784fd39c8b7f91b40b3dfebd,6,1,0,7
01e601ddd40e54e84b668081d725fa716118fd02,28,2,0,30
657b5d9a68f049dbb64301b1aea730de0ae9d324,379,6,4,385
025562fef8ffdd0f0d4ee34fd84ea114ffb765a5,85,8,3,93
48be97351c4904dffad23af5331aeda408969a15,202,5,0,207
5ca61aec9b0875eec9d52676f922824bebd7599d,14291,3,0,14294
66f56d38cf2512a254ac62f910d3f68e2998e731,4,1,0,5
4d0515f32be746667687cb316ece7bb63bee10af,163,5,1,168
e26fd51a8ecbd6df17705e36071e0722cebc9381,5,1,0,6
71ae9c07627b8a677c49d70650f28eb05cec2d4d,80,6,0,86
b0bc736924f49baf820df5682285e2041005b943,207,11,0,218
7723c4278710c4e761b70c25bfcdfb07295510af,144,14,0,158
52983ceeff7886a63aef54df64f63772d962928b,25,4,0,29
c873a38741614c6435338f9299c9166238137065,8,1,1,9
d42e875e8850d5ca32fce01465c369b1f31d35f1,8,1,0,9
545a627a7b8f562605408643eabdb39bdb3bc070,33,1,0,34
fb52e5e622e4e9f104e0357744c0654a213ece44,899,17,3,916
af041491423cc2c91668de3790a81e3631bcfa5c,276,4,2,280
5a7372e0ff949a029fdc18519415409277bd4a6b,49,2,0,51
111e47270ff728b0ea155776f29403d19531f69d,49,2,0,51
4936285e73bc82c243bfa757b97de287568b6e36,0,0,0,0
0421c464d0088e235da26d88d229248502776aad,16,3,1,19
9823b0e8a47fadfaad357c2debc440d679061ab1,141,4,1,145
0282210b01691dd268ce66e650dfd25f54c261c1,73,1,0,74
780946e8cf1b467123cff1374b6b129a12d82403,504,4,2,508
c5b5be2ddb6674097730d4ed1c82eadcf49676f4,97,3,0,100
fb898be1be7ebada0929838b81eb45f31bf59833,166,4,0,170
7c21098c67d3732ad4c5aba3701fa00ba339a699,113,7,5,120
01f0e9e501a0cd3a8513c801c816e33404031583,246,13,2,259
0274af8d81b7c696e67235620fa192201d7d0c77,326,10,6,336
dcd651e39dadd9c142bf93c9b4477fdb98f1f477,90,2,0,92
651fa786d930e655a51d5ee2f0d826d52579218b,212,4,1,216
e237383a83f50530accfdc8b2e5e628db35f62b3,153,8,0,161
51c34fc63e2a367566e680830bc4a9aa8aa34dc9,131,4,2,135
12d72e706e588ec4c85962f4d35dafe70231eb68,23,1,0,24
efc6b96578dc0b2b153a7ee60b0f4aadcab43fd9,190,2,1,192
a5fe467bad1dc64f1cdd46ceacdffe246583e33f,110,5,0,115
ab01d51f51d93841f27c162e6a54e85ae911dfe1,159,3,0,162
1948ba884ddf683c20114d14b88246bfd23bbe82,110,5,0,115
96f71a4c4ef870629af26074dcae50a688a8ad89,38,3,0,41
4ca2b1b4785dcf7d55825ea03d3379f431156282,2,1,1,3
5ed019c9a30d0bfeb141453fec81224858f22ee9,89,2,1,91
d281fa4036bb9872aec6ca608134e65fdedc2877,16,1,0,17
6517ff2af5972af4c6e7c6ed25f1b56317763d0d,5,2,0,7
fefaf9284cd8a4487a480356fe151ec832a23bc3,1,1,0,2
7100b05d96ddd80cccdf36111be762fba3520e1f,2,1,0,3
b26bbb29d5fdd9d4de5187042778ebe3b8c6c42e,3,2,1,5
6c562a997c0beb3a3cd9dd2976e016759a808f0c,24,2,0,26
45c4dc98e0eac33cccd2e24acb3e9882f098cad1,384,11,2,395
0f10617954da2972ef6e2c4e11751ab31c6d53a7,3,2,1,5
436d601f81132629f98bdb14860543ac6d427c38,24,2,0,26
094bddf451320332e484c46972c4fb702854414d,4,1,0,5
70a4d69f793c6263324426cdf05647f35bab379a,6,2,0,8
30a4ac63c2955250bff0c8d12437706e75c530ac,18,3,3,21
6008a0af5f8bb8051aca7cbc67878c138097d6df,670,25,21,695
646e5f8c6339b0d055ac7976e421d3c25a5f3b05,46,5,3,51
a8a3073c7d2f6a24ea82541f406eb59302f5d709,42,3,1,45
285be9a06a71825e67113b9e2fb79d8feb6f4a75,6,2,1,8
23afdde2ba7452346124229489d0f835a2c8c3a8,825,12,0,837
b77fd793f370bfa2bfe642382ab656f8c93e9564,9,1,0,10
526871860526bd674fced26813910904fda1be2b,6,1,0,7
51740f8af1a461c298f0795b2fee1a4c5f15d309,239,3,2,242
ff9431fe5becd828c2d45bf8027efe66501b04e1,296,2,1,298
b7748263debe3739d9fda0b315042505f3900cbd,55,2,1,57
cfa12b19fac4d77f053e6e4f2997fccb5a007095,207,13,13,220
3068fdc14ebad77c15b0a050f5660534b7296622,215,6,0,221
9ce4a82a3a1bdbd4d007d9a46c49fabd9a08e566,1135,26,5,1161
2d7590dd1be6499fa98445fb77bcb698c3c2631c,10,1,0,11
051cc0629c3a8a5ad9721ea2e7a8566d72a14c6f,2,1,0,3
06c70c56ad601f231ff246f01ce4d92d94c785a6,26,4,0,30
9dd4f75580e26908a9543d23888086f80c2d559f,5,1,0,6
455b56d4166c9455a4b02532049de63e2e6090e3,1867,14,4,1881
3e80ca44e4f6818eeb6f69980e5a5afb22b698e6,606,13,9,619
aaa37fc4d25e691200fdbc5bd5adb73941f099c1,6,1,0,7
c2da3d52fea8fd7661bd4d1b3823e2d77c2b0aa1,772,6,0,778
88d621a655464e2e1462d88d692892d7257e258a,206,6,0,212
bb74ce0197e7680ff6fa4c0c36dcbb24b2059b5c,187,22,15,209
890d05600894952b2fafb60b92e23c61b387d11e,14,2,0,16
df15ae18fd0270ccc85c353600b1c8fcc10fae69,238,10,3,248
84c458283e01b4f93ca4d29d3844f663a1c124b1,6,1,0,7
3b2dada0cd3522bdd1d2113fe727d40f0f19fac2,676,13,9,689
e623f4f50823cc90b1552dfbb1e06ba6409ec976,56,2,1,58
5ad4b94f0d7420eb4aa61fd179f786a6d444d8c1,69,1,1,70
ec728ac590b0286b0dc18b4cdbf23aba672d5afd,1089,17,2,1106
25818bee5d402cf1f23be2702868959bd38d0acf,36,1,1,37
2aa53414bb362debcc997c0a571d6e084949f8f4,7,1,1,8
9cef98adf41dd9063d7cfeaca0f00d21e1aeae8b,20,3,1,23
0ad916b9392fbec366cd95575bf21a48a39edd55,208,5,2,213
1f1807b776d5691b3d61f6bf5ee2d022c0430830,171,3,2,174
42633b536865e18ee8056d65106c8b8455d16a9c,248,15,2,263
54a7983d8656e35a3d39ed35affdd647380e114d,114,3,2,117
08f8b4e90f4858455afed824980ddb168ae048be,251,7,3,258
48712c31b87aab3efd74ac74c56d2e3a743d8711,1094,33,31,1127
ee172d2604dfc393b5516c78cdd328a1db08847e,273,4,1,277
c70a4cd0c7c984cdb2602575d36eb21583835bf3,232,5,1,237
070b90adbeccb0821c8790880b7b771a11710b9d,292,4,2,296
eb3a9aa03e4cf4630a788cefd375fee132e861cf,53,3,0,56
113f034dabe186e5e387649601da8bbe1164782a,552,17,17,569
a188139ff1cfe5b03fd7642ee18462ff3df3eca3,5,1,0,6
1d42b17f7c31c09f4e6b2b5c1a3f5225016034c5,15,2,2,17
4152eccc554e8d3ead811f63bd7632b36925c740,4,1,1,5
9c4cde5da04ef29a6f2c2d263c42f0712bf17699,231,5,5,236
7141904c1b941b5b10722ccca65e6c4e24856901,36,1,0,37
a751cfc3ec625133d12f6724bde1afa6689e0e2e,147,5,1,152
952cf2e48e0a33cd7660f4bfb6152a652a00da23,95,6,5,101
4e95bb400198b6d7c51be353e323c37e36578db4,123,1,1,124
b8806e1fc21e06bc3b844b10d9e76f912f159511,81,1,1,82
38777da40beab21d7429040c95e3fdefb37d86d8,241,3,1,244
2efa886b9a1f8d138a1aab48315bb111695a9667,83,3,1,86
9473492d9187ae8aa0e24dac0138feafeaa4d70f,24,1,0,25
a63f9bfb16c07e45dd655dc0fa6d6b68b714bd43,131,2,2,133
4104f78c3a60e2cb89b667886b327f1b358defb5,136,2,1,138
243b29f6f673e3f20b19deecf9c9218b4823ae62,48,2,2,50
d9693a7136f935dbc937edc264a273d776a9b5b6,313,4,3,317
9700f5ff15ac8b62a06b7d436e93b0331386f37d,115,1,1,116
145feac734d6edbb776a1d8dad82cc5361560da3,245,5,1,250
b221ab8dd1ff0f25b1a8ebb7fe1ad1b5ac910b52,146,5,0,151
c69ff4ae96c412c31e29024a0ade37652e028bef,6,1,0,7
221cd6c97a364171e24562cb45d067de9097bd4f,12,1,0,13
e7e1e776cf3f61d5f1b1c6fea3cddb571a27bca3,55,2,0,57
5307b0a3ff5a2c11552a362129fa28842efb9a9e,30,8,4,38
4c352bcf8c0fc5e5f17a00f3c82ecbe15a3cbd7d,2,1,0,3
edcf722bd2ea2d115899dc16647347f69c1567f4,2,1,0,3
3caa230063f847892a0ae5937326f4217b8c9593,659,3,0,662
68b220715cbed676ebf94aa6d55d627642d8b447,10,1,1,11
b0199783902c605f55b84a2cce10e2091ad164cc,4,1,1,5
47a49cd08d52cb96b7872b291057005abcc0789b,22,11,0,33
7a7c407ea41477aae8508bfe871b4e9a67e1b277,331,4,1,335
df17242ea4005ea5a315cd97e1f86b3c746e73aa,553,6,2,559
984998763a4d501431c5de00e83dcbae88f728b6,6,1,0,7
3b5364925e204fe17a6724870e877aa72131f1a1,3,1,0,4
87bd39fe0995719dbf4be51c09c6fad3f4abef6a,5,1,0,6
9419272a052db54081699d82aa9197496de8feb5,147,3,2,150
e3a6aac8174121ea5efa454fd3a3367eea040666,86,9,0,95
2580c6a158b5af936582d51f174a2bcbdbe0a477,538,6,3,544
63f25a73690b535f095934ccbcdacd82e2b5b2e2,6,1,1,7
d8d7110b89708e8187474cb476747c306157f593,6,1,1,7
1cef0ec629bb038c2039656e27b08d123cc725ed,949,24,10,973
6b5658b2e303782c61752c93ccf7f1b99ceaf280,63,9,4,72
47693b61ede12f4b94cb42c51e1cc67cd82bff8b,591,9,1,600
217accfbc396d1c94e509a6fa9e8d51db6e157d2,253,2,0,255
ed9a41522d76e72dc3d529abf8e2dd777c230996,487,16,4,503
6701a76822d985f5e7f300c4d213632a4c5fc4be,61,2,1,63
29b0526add4a283862a56f3ea88b4aac9ae145ef,29,3,0,32
6ca2476f6e481ac80f5942b751087509bd315aa8,2,1,0,3
95c6c28a39d021f1a9e4843afa08dcb236cde33d,2,1,0,3
9f51dc76a6b6a1366e987a2fd6e4121c2098b437,2,1,0,3
a0a15d62a250defb0db9ec72153ee287830f6a15,8421,208,51,8629
70f952c5461b768ab9cc7c793e897d2c55cafa76,2,1,0,3
8abb80cfa3f546a3e56d14627ce80b93ac4b414c,98,3,0,101
fecfa265183729a9dcb816d3aeb1c754442d3b52,19,1,0,20
4f5732b2fc7bf077ed5fd314031709edf4c1e1e9,109,4,2,113
2fe45c7bba6da736173ae8052f65bfe2398afe97,19,1,0,20
30a3d2361ad93e61b1036d2b3ff916ece13db904,193,3,1,196
521fbc9f043f12c673eae39eb7cd5607e95909bb,32,1,0,33
5f50adac3c1bd480f0462286d62b89cb67b1c5bb,21,3,1,24
2ec46c3c39c5b17b100b95cc1ea350eb2917bfd1,70,3,1,73
9a312465b52ffccd03b3c182c44cb4ef1bddfbb5,2,1,0,3
ae5d5bfa29f113ad625106ba84ffd5c0e05e7752,52,2,1,54
fd394d89dd8c66b7f5db609dbcc470d24006955d,132,3,2,135
18d20a632e5fbabc28f0bb355e5b458171842a0a,2,1,0,3
51ab35fa094cc409bb0c20d24affecfc100a9006,80,3,2,83
f2229b1b014643cf97fded543c5776f34f356b55,331,5,4,336
26f15b804701233577d7428106dff495937fec8c,10,1,1,11
4c3c2e5a7171cd4a26ab841d39ed27e8f5f410a1,107,3,1,110
9dab4e441d7e7240206477421305e005acfc9b4a,135,3,2,138
ab57fbc897b5c02d5ef4af4d171f413389f1b6b9,2,1,0,3
35a93c75a5b5a8ecaf1eb4ab7280d7166029c638,187,8,1,195
af0ad38f2937ad9444273c8895e5389e7e02eccc,5,1,0,6
2fd6580ea0c2f7dd4d9f9480a9352d4201424416,15,1,0,16
9cc61648b6c0918ba485bff5538894245b530613,6,2,0,8
8d8df7276cb0968c5a81d9291af1eaf46578a33c,375,6,2,381
01c45aad5b19c29e810eb6373d53019d1f7d220d,59,6,1,65
5aa1481aa645b0d42992b49b6e22cd440575e160,334,17,0,351
924139d0a8929e46634f91c5be87c9b9dc2cbb11,13,1,0,14
7ddf776bf4f6320284ed7f2c883c37751e5d302d,397,6,1,403
73361b6a09cc6f95bcbed694e8f5222b2cf1e7b8,188,6,3,194
e2c198d59842e048f04486affc29d64cc0e4299a,1105,9,4,1114
1bf68b06a7658aa6dc1a4f3327311cc08194047b,121,3,2,124
9a9c817f8fb663e9bbfaab76d3d08058d30597d1,484,17,6,501
963a40b7aad623f3b56b41e40d61894b9e15a6b6,1426,18,3,1444
70b9e0e83e36be04ff306cf809f024f736cbf7e8,749,11,4,760
a3093358c8c71d4f7fb5e3053abc62c3ae7357cb,114,4,1,118
a1151a7b1603ef17de01bfc7bc58e50361251b98,87,4,2,91
0ce456d5afede67a2f84d4745a8fde3fd590aa5c,316,18,18,334
94cd19b16a68534dd7addac0ab57a1c97c7f98ec,17,1,1,18
27ea976af2a485fee1c1f0713e224404d534614f,3703,33,7,3736
e2d3b0ee60496372239aee086d07ddedcc3aa695,355,6,2,361
2134802be4d1e5dc7dc2fd08ef23b5d9cb11051d,3,1,0,4
64de2f1a9cac52b39c376227dd7a7c261f09f8e5,28,2,2,30
4daa681f372f9eb935fb500e238c7d1274ff4143,12,1,0,13
e1a2cb912cd6f5f689f8ab0058488a9dd489c49f,17,3,1,20
db383529f40a53e4a5d81bde8be7e04f226ffee5,23,4,0,27
003c41e9804f81031893ce65cb258ab634ab4c2c,1022,36,13,1058
7c3f3fd1ccf9f7b066a12607a50566f3b8031a78,120,3,2,123
fec34ea7141d4741d8b19023288020b168bda155,2,1,1,3
3aa916781f2a992cbe767bccc049b43dd8cf02f9,1895,24,4,1919
6e36f5cdd1a2f8f83e5f097ef2f5444ba09bf4d3,726,32,9,758
8b15fc0c20f19d0ea7723fcf1f0663dc5b45515c,23,4,0,27
d9afbd1c3af27eaf791d7f5179bcf00f3f0b1f3e,4,2,0,6
770e2ba8ea5671946c77c43f65a47d971ce3d7cb,118,3,2,121
e1ab893540e069e25c59d2c909a33f4fd0cee1cb,207,10,0,217
18af47d8d0f880981c8f47fc174377d692fdcd8c,4,1,1,5
579036d2ebdae7c6372a925589f33884536eea0b,324,5,2,329
448f98915a310988758fd9c65691e450b6ef192d,2,1,1,3
e22824169c99c7615be32b8ae0e3aed25368ceb1,8,1,0,9
c32c7acba204fa6b32616d3b725198f85df97b15,575,6,4,581
943e7b8ad5e368cfad7a42c1a09bc01c9704b44a,259,5,1,264
e306a3470da2083a578f6bc776fe853ec7dc062d,8,3,1,11
166ffa9adffc0ee401d8873d74e79f57d9085734,36,2,2,38
0e6bcd3120b89f013462e6c4606086edec344f6d,27,1,0,28
44b0522f98c3daff27d2ea1cdd236ef3ce307a48,18,1,0,19
0d93a0b84a135e1853cb7972fafbcca65d12fe82,52,2,0,54
0af4fdf839fb1fb58e34a81bba473ec86792062b,940,22,1,962
394b104c9e20f25dc1a59fcb19843fae6d3f2603,6,2,0,8
9180be97d098d25898f8ef55cfd6be0f2cedf5cf,1,1,1,2
89ba43f527ab89e561fc95c003568fedbd117c9b,51,3,0,54
9c721f7f053f80558444fb38fe638c50018dabe3,155,9,1,164
b6a07f65bba402e5bfa165957f526cee95098f44,229,8,1,237
f3e481f9dcc6d533fa83d08aef84d6211051792f,261,8,1,269
253b00221d4d02157c9c478c027653525d71b363,20,4,0,24
83c3703e00847eb2f52c05fe575c591af9bdbf0e,304,9,1,313
cf6ce6cfd97619e74b3e89cab3fb157d43db8c07,160,8,1,168
5642ce6363b18f8468881c52b221d7f3db4a0536,179,7,0,186
8fc269377c552915926b23703855fb169dede8ed,4429,11,1,4440
b1729a271f94b51a57d1c464cb70268a8fc2f8b2,133,9,0,142
c2a5d4581abc60287456b2d43f8b0a995e15288c,9,1,1,10
b3c59b113cdd62f71755f0f67fd6145f774ce076,144,5,0,149
6363aef944cb77280c3513c77b940698ad30c5c1,229,3,2,232
82e6c2763e37f3aed751406dff2905b5ac6cdab3,14,1,1,15
8db0d40ff96836b9b1f522311a10eac69fdb6c66,64,5,0,69
d2f71c6211ab48228cebbf59976b056dfcbc8d9c,11,2,1,13
e2be216255149105db89a73de544382136218cf9,9821,185,0,10006
8d03181ad6bf6dea94abd2db6f47ea526fb188e5,6089,43,0,6132
23bd2663aef25b78de104dce171e5dab9d8b6422,7,2,0,9
9fb5e46b2353e15e290d834b70f458fcc4ce7778,240,16,5,256
7be749219dffed032d533c01c4ecea5635ddcbbd,822,21,4,843
07c4b9bf189e70c20b7aded1ab542677897c9f2e,105,4,1,109
46592f4816a1dcd3c70ac1e21c07ef678d68d970,6,1,0,7
b2f38276d04e5eb09b33fb8172c31c553038b5df,350,13,2,363
0010cc2af4c2823a4d3bc3e4f379a063d4a60c27,35,3,2,38
983843ae8847aa834deb458d993774f7f28511cc,226,6,5,232
185035e5d5267d64058671f0e68e6b9081dc1a89,4,1,0,5
f10177b83fa8e5f52ed68cfb63a1fce9a6aacfe0,269,9,7,278
987c9b71b08b93f1d692b93e9d35e333b8a05156,10,2,0,12
ce08060b199e471c5083824cd2b76a847ca55741,275,3,2,278
127233993f012fd37fde558ea75716bf34239471,26,2,0,28
c23f6b0c11df9c0a9cd55e87e0f9b4c6771ce43f,182,5,1,187
d01ea79e22726f1f07e1505c54a1586edfee70d8,24,1,0,25
0b5d651153e4fc1b1410da8f10d22e7d50e9f107,2155,62,0,2217
dce279b74ca81524e882445e47afdeb2c7c0aa96,139,3,2,142
c48719c82bcd1a8854595292706944f4547f6974,17,3,0,20
6037a5931d0a08fa9d375c01f8443aed913dbcfe,70,3,0,73
1ddd1e062aa86d3e11c641b0335b18b806b7eb16,2,1,0,3
3a6d1330304af658fb40918b7302941197c13f97,209,6,0,215
0512e8638c3671e8b0c8be3dae6b4d59f9c56919,24,4,0,28
d18f98ea39deb85c37d03fc0c521faff66886448,15,1,1,16
1a7e62a84619a25777e74fd9f5a3d68e9f5f6248,83,2,1,85
5d0a41460abc793877b2d60aea7769c2fec91530,122,7,0,129
2a9f4366c28dcff1e9c0843d0e0337b4c32952ca,1,1,0,2
6d88e3731d38d79f8c200662cadd6e9297dfb18d,3,1,0,4
6b2f77708c7306184bd0b49200cb25edf10a06ac,1,1,1,2
438c9e1865d8ecfe0744621390452369f4676302,4,1,1,5
656b2f112c9949b8d9bd101ec0012c9c5968818d,2,1,1,3
a167a064081329285eab6bb90db26ebd6f0ed344,30,2,0,32
6808559c741cf1a8b2770617d44af4d650c9f815,12,1,1,13
842029f821dad0805807f903bce681bf21624498,36,4,0,40
47da5df328a18d0d55ba534b1af541b72df76901,226,5,0,231
790fc419b164af3e8d500e17219dba9c44c8c8cf,89,3,0,92
afe7933b156d51691997fefd251b76de5ea15e1a,727,13,0,740
3f0e85f2e3d0a5abbc7fbf67c8d9938c90caae2c,554,6,1,560
0a62f771ed1276b71867901c252852dba77fd69f,49,1,1,50
b7223054569f72d6e6d5605da383a73e53821dbe,24,10,7,34
e6f7dad846881722654285735fffa27c5ab007d6,10,1,0,11
0d7070dbde1b354f5f14ae3f55f87c9c16be3ea7,90,4,0,94
313ae8863b722dd06ed96c45595aee6244497705,94,3,1,97
6a023a2410c9fcf8c7043daabde70249a986bd0e,443,14,4,457
3064f1ee56f420d64129ad59d9191296d8f249a7,178,1,0,179
0cd72d22a2793805ecb5a554922bc74062261027,574,10,2,584
6fd5a7622e3ad5e8c0b02a302b7a7a5d0d4dd007,24,5,0,29
7b0f6c1641131b71232f063e3c72d616cf1694f4,76,9,2,85
36272470122ba0b3df2f897e8edb4666520de5be,2,1,0,3
75976c374684656c1cdea87f5bc42191a359248f,14,3,0,17
23b6d58bdd92f1b499762ee296d7d9a96ea8418f,16,1,1,17
17753e25c95bbf3645b65b558e862eb057dcfa9a,18,1,0,19
fa54df94692d5c2ea504e3fef0ab86c541561234,10,1,0,11
44fd771d56f35ef4f3b27c4e526b8a73b3963764,30,1,0,31
e4a165513825d80eb9a9fa51b1978d2a6e33ed77,0,1,0,1
27f4fab7d4d56361bb77992563c8c710a99505fa,108,10,0,118
8a2a3d66569df67cc5c9bb111a4744ff11444a7b,20,1,1,21
1f1eba45bcfe3aa224f954188d972cf8062e97b0,3210,98,0,3308
426e25aa4c8f71f0e0339ed9866775922d57901c,555,8,2,563
26df90cbd05d4a6b3ae4ebc7d0b53ca3f4522d4d,7585,208,64,7793
42c01da5c94240e47558bcc7d9f0b6d7177604c8,56572,65,0,56637
6670daf79ae41be2adcf75765dd90fcbfa675e30,347,3,1,350
dc992f5611fa9d7c52dbc4e34cdce1de62dfaf9f,24,4,0,28
0ad095065f1b7045374e7b30b3220109ed29c620,0,1,0,1
d47221daa40a0ccc10ed2b9ae16f658065b27993,1811,33,11,1844
463ab8f63eacb27a08eb3fa638b54f7a226524af,156,3,2,159
fd3f76131b5823226918a4118b7b7cdea5dc109a,66,2,0,68
7b056f01711ce5f1465e27ca07f7c4c49674c166,24,2,0,26
d25ecb44c1ab9859204a29b443ffeb5ace7021de,26,2,1,28
48e6719f1f7156126dcf0dce54fad58c73da2392,11,2,0,13
4c6f4aefc1c36bb5174a4a9b009824af25734dd3,936,20,0,956
efda7253ada3360057766143c234c4ea96678b3a,936,20,0,956
22652aa9883cfa3fd020658bcb230cea9ea6e4d4,0,0,0,0
be48a28bdf05d8b37f5b2243d605e9646f644267,5,2,1,7
806939e4c926cc599bb3d3a2e53766d3870916dc,379,10,0,389
e971a9fad8e640e782116d0829b832a7a8140f37,258,8,3,266
010f53822f8210990a0fc9a8b59011af10bc4dae,33,4,0,37
ad08be5eb8fdb2969501ffb64edb45a6d4724ab6,76,16,0,92
6403717c505d50da1eafd57386ff440cd8a834df,14,3,3,17
9f5461763878307e3c4386fa20dba4e8546c9fdd,530,5,2,535
b4b4be3e21b8eddfdb85d13dd1b6542c056a1c2b,2636,26,7,2662
b209805b3f00cea4b514172536401d8424a74fc8,10,2,0,12
0fad36de2c245f383f3a2900daa2895217ba88a7,10,1,0,11
34ca49abfdd40cb8a00172ed9d433c454a8febf7,89,3,0,92
280894315fb804641852ab4774579bd1cc3db286,1566,17,2,1583
ec228b12a843d3d59a568262c3407764e21274e6,123,3,0,126
688d59687d1c67ef68f240719852deb21fc44cae,1803,21,6,1824
7d97c45a9c30c38e17593711e90a35a6c6086809,121,1,0,122
183c6a4b761af33013d3361621bc3fc21a2eb7e1,1035,35,13,1070
ee7f56f042a1cd62752075b7573ab9ae32c2644c,169,5,1,174
6885297a0ab96887753f939e47afb264b19f2613,1803,21,6,1824
772c5cc0cea4391e1e50cec6b1dde86eed24b6e1,181,3,1,184
8cbfdc72af540ad869f00c30128e4a10860f9a8e,4986,53,9,5039
d894c3bada0e608eb655940c4962ac4a597c4ae1,309,3,2,312
c83806bad48dd60a9ebd8dd1a88b28fdb31088bb,30,1,0,31
09078543f3b253a51cc1baaf171867dfc86b3260,67,3,0,70
27f1fbe730f88ca7571b85df4e6f548bd1a2af62,214,3,0,217
171bb49ad9b803311b13c7362d92c1c931a9f318,3589,74,0,3663
28b69fd57e49c96f4f0a5854a807298d5c14f4e6,427,4,1,431
3a392609e176e8e5321dc8d18d1d955375d1bc64,37,1,0,38
0b266d673fcc843ffc5139ddbe567030718cabfa,62,2,1,64
d6827886a497b87a2449ee3c1b0a378501e7a9b7,30,6,0,36
7f47d0f2aa4754120942e0125f00b081e8a0e2e2,11,2,0,13
2b94074a410330a3042ecf0992a632785ea7f105,2382,141,69,2523
a06f516818461846dd64b707525a2da2855fe64c,1,1,0,2
5dacccb6fd1cff821c69f1ba00cd9951c7f29f64,240,4,4,244
478277e5e3fe1a535ea905f8beab42926453825a,157,6,1,163
c2c0b148ae112aeddd0b4b531170e1ed7ceeb687,440,16,4,456
58dc751dcae1e445720b40c84bb8ec47e61de6d0,91,4,0,95
226e753504096e5a9d56e59b9344a316bbb7d541,122,4,1,126
5e1f2b9475272dd29eb07cbbbe83e301b3c10c30,95,1,0,96
3595151beaa2c6bffcc5a5a91e25a8a35504ad49,5,1,1,6
b7279d1ec212f9b9264d816ed52bd56b7fea63d2,145,8,1,153
dd4fa9c31d865591d7e683de1e39412535b540d3,2118,28,8,2146
64d3f0071be11be318e5ff278c10f2264a9a9a07,5306,80,47,5386
3c088cb8e02324cb22fedd132a7ea7b2309f754a,2,1,1,3
a998b258287889ab9e2a668d10a4cc061ff17f2a,4,2,2,6
1eef39f2bd833e6eee5fbaf1dc64f3bd9bc57608,3,1,1,4
2ad6c85a67f18782e168b0f6d8ec0e7cdd5639af,1309,38,12,1347
8a30747ff4c0f8295d13d78e3dacbf371b8f9b8d,8,1,0,9
479f69c9e5995ee6299cb400f0b53a429faf5d96,3,1,1,4
3963797cd477b67f5886e177f4af347fe77124fc,299,10,0,309
23ce7941cd4dcbf19865b30c08b581dd390c5e8e,581,5,2,586
7a4259284369332c3076fff9137114fb02560a2a,204,13,10,217
e5a16f85fab927860b803cdc2e04aab5246a0ac1,162,5,2,167
c7bf438e62284d741e3e533b7100e930065e1d23,9064,39,3,9103
9e5732a3ee986d833a3c1c41bd06d0f7316a2798,346,3,1,349
9de2af088ad9c514180800de9f11be2d689917d0,15,1,0,16
e1918d5819d33f6ce01c945d281e46d70ec6994b,275,11,2,286
2fae53ff94f5b457c5ddb7b8a3725b5ee9586a14,12,1,0,13
7d8959f77668ced2e1bcdc2249a335ffe5080793,267,17,1,284
a75fbd7129b82de700967e9de0d333b07e02af22,10,2,0,12
c271d9742abeb9547c8d71d468a590f3d06d5689,14,2,0,16
d486f24b1be3f08e8b1e5e9992c4c8718e169299,292,28,0,320
07cba6a557e6fbb7f3cb90cbd6ee6328b00befc7,71,2,1,73
fb3d6ea07778cd3ec65496e3f8d15ef0de2e3f11,29,1,0,30
7c1f0f97a6bb4664bb4a8155f44f01d9872c015c,399,19,7,418
6e9ec03659e5f35c0f18605079fbced1e42ad130,85,2,1,87
b87bea845565394dd051a42cc097acd881cff1cf,5,1,1,6
e7a90a445f09b0783918a0b5cfbeddee7102c45e,9921,124,37,10045
1e9b38af450e082a7f0fe8fc157a571dfe323aa2,20,3,1,23
3c56d0a00354bf31589c232b8e4888fef58b058e,115,4,2,119
07addc2660feceabf0fe7190ba9d8c83be80d4e9,435,11,2,446
d2a085acd5d26a2e8d1184a359b481d999bbf6c3,169,3,2,172
014dca2b03e0552dba54e68d4792b87ee24ddebc,44,1,0,45
425beb3d41a54a3298c6ecce4ecab9a2e4e9e5fb,95,5,0,100
8246f51c1cce7ca5e58953c349f8e17567c0d342,7,2,1,9
71d0eb830145100d799eba5e56ed94ead1c92f4e,266,7,1,273
81e46aa75dec2277c55c714dc2d3a2406e603735,1035,22,7,1057
1b6a92afe83b223e69297407c03ff466d24c10ab,25,1,0,26
93c868b4e323b33699aa51cb0330b56bd577359d,10,1,0,11
8e69ae7648f50aeab7884ae58624be0a632cdd31,82,7,2,89
0a39a39dfb767afa06d60b604baef3a93f9b51c7,3049,34,7,3083
716ebb2fafbbb7b5571219187ac6f75a10789b85,66,2,2,68
f71f7776c50cb974a795437d4fb2ffcd0b399d10,6,1,0,7
8cc8b6e2e92631388e3e4acc958923a958a821f4,15,1,1,16
d63f4d3569dcb387394d367a7f00aaf35f1b288e,1469,529,231,1998
3e7572549e1966f50f7697ed0965e90a1028ada3,146,10,2,156
8ccbd2fbbf4e2a421d3d5cf5ebbbe4272306fd34,400,12,3,412
9e6f835ba67744b8d21445040fa5b3b3083fb023,7900,85,26,7985
18126a896635646ae4f2ca8c282a55fc2e4d6e05,177,12,12,189
b9a7f91c37ee4b56e8325dc3d54d1193a2e0473f,8741,34,0,8775
678e4455246cd6d000e4bd874524355afdf12806,45,1,0,46
5f9d2eca0eae26f03b0ac576aa5eefdb9440539b,42,1,1,43
3374b7567ab0c125144e94dd8ac07ea6a71c771c,863,11,7,874
58322178ff8b3b47f438e07e4a5e3760d7b30748,2027,27,7,2054
14ac88dcc76aca735f50ebe7e7e6ae2f8584a2ba,114,17,2,131
0f12d3140a78fa9634c93fb2f73ada8d1b978f49,2,1,1,3
d15ca454c8c31a8a943282661bd84c4c4287045c,266,10,4,276
8a6c0d4a59f60e595801c2d20e764bb620335058,35,2,1,37
ebb3659f4346b4d86c1460b764a030dd54d2b394,277,4,0,281
de16d6b47c9d3ccd6b172a27540a6a7d2d0a9b5b,383,7,1,390
70975124397fb85ad5c572ee9d4c2aafd25e2b2a,392,8,3,400
3a8ea330dd5732579097788bba85eae0d1a98f33,70,1,0,71
cbc648bd42c257ccc89e7f8dce7d30dad1a6e92d,2,1,0,3
fdaa310430aefff07994eb35510d3416886b5bbe,8389,152,31,8541
8977f0f587075d8befccbac38e7b13d87f719cfa,33,1,1,34
4208e27481c63f8b425b8ca970e397a99c28f837,2,1,0,3
022550916224c03a9e2dc2e888994c574432b5b5,615,4,2,619
417fe7f183734f99c0786f89c31e12295d08a933,485,5,1,490
48a38dedb8b21ae34611a1a1f38474f305ba8a1e,1142,29,13,1171
d225980e99f6f5b0d7244ffcec861587ab2d314b,214,1,0,215
6d0d87fa1e2db8e08dd68b9916bbebb454cb7c60,309,3,2,312
0b6a918b2ab0881fe114cc1943e97948325d710c,869,6,3,875
f4d0330a72c484a9903b0a458a8a9ca3c167db1e,28,2,0,30
a0cd1e5cf571db4cdee15e5091bbf1d1c4f2ac92,477,16,2,493
0b9b04340cca59a71b43f79387ad3b0d5f179b5b,56,1,1,57
ecec0801c67c9f8bd3ce234adbca665f876e03ad,697,18,9,715
a4686625c91d464bb07a4314a6f167c85a439c6d,49,2,1,51
b812a0fb345013adbc70e8e7d69c190e3296bb66,2,1,0,3
37502a362d36ab9bfd2a0054e47e2416b4527573,2,1,0,3
82a6e27a018fbf0a4a4f316fcf07afe37e212d51,51,1,0,52
9a746d15eba6be4e4f53fe1bf1ea05972c396560,577,8,2,585
5502e31768c18eacd4a8b325b89b1fa296b1143c,51,1,0,52
53e47e9191d717b3eec495e6246cd957a8d33c7d,5836,2668,664,8504
5550e0ef029352efebf1e08237fcb5a8f3bcb7c9,133,2,1,135
72faf30211c552699a3a4c08783074dd0e8b72e9,23,10,8,33
b38ab5489daefd35c440ed31d8db4edcd44295d4,886,6,4,892
d0a7e453be3495d7285c555c5a93561424f9b469,969,8,3,977
14831328cdf7e5c731c0e689b828271c974520f2,76,2,1,78
bb6b7be68355e5864cd398256d6ab601d2cc816a,2,1,0,3
062cce1dae9687988630d2b1aedac508933643e8,96,3,2,99
2cea7e245927e8e54b93f7adea7524ce68c6d226,1241,19,7,1260
db74e92dcd56bc5a45ed9d3a382be8bcfa2a76dc,295,12,3,307
4285e784cff5ad8c5d8502a3435b79776ccef097,328,9,2,337
0005467e3f5211378c2932f0ebc9b5b2c73d565a,1026,25,3,1051
c4da2d83e29cc251d7d2ea612900f1d426072aac,112,2,2,114
04269580493ca5011900594dc016cd5c67ee323b,2183,61,13,2244
1cc9412066af06ac95f09e29e542c012c2133443,1,1,0,2
9f7e500b7d2e8d021085a17f3c778d6a5439f8a3,24,2,1,26
2999cb9cf6a95eae34b1af5bd7328c0c78b2d361,4,2,2,6
49308d4b2959b2b88ed18a656128f58ca6600b18,1,1,1,2
19fbf061e611649d45737bd395acd203fa641191,794,27,25,821
3479460b6fcf8a77c487d14e15f044aa2cbffef7,8,1,0,9
4c6d4cefc9ca3bc96036015418412a281bd58789,8,1,0,9
d7ac5ef7653b61497fcec887387855d352772bd3,8,1,0,9
3adfc10e22931bfa78f1bd6370c1aa9bea51e85a,10,1,0,11
1867f8fa501c97bc1bbd752b29badce4a5dd2666,1451,164,59,1615
3ff327fa2c21ddc7b3e21581d390599f3eaefc94,2,1,1,3
5e4928b17252c3bfa20336ad2f7ae1f06d314670,582,20,20,602
1557188039c8334f7b285236dadea45c1c8ea049,8,3,2,11
78d04620a385c8813b5695ce72c240f5accb43e3,2812,47,13,2859
4fe0371c00a3204030b4e1fbe6db3d2d54412b48,468,8,3,476
e5685248dc7f53388cfd6a30c8ecd4c98e833c18,4,1,1,5
65e73113e4f4643d35e6566f584089438152909b,57,2,1,59
3333b99f8e7bbde3da59f876bb85b2f868c314c7,2,1,0,3
8a637c6f9db35151c8a69b81c0068d339d90cd9b,73,2,0,75
591dbf6b163a7d0c19712587065d7ac206d14981,3,1,0,4
d595bcd69e7d9103ae6c6380148fa79ad6225048,48,2,0,50
f01a47adcadd5b1c56fa061cddea6040db9b4bbf,11,11,0,22
225d8729cef5516a99a92ffc40d41a30ee0fc194,2,1,1,3
b861813bad67ec2fd4a545975d47120da535ff23,979,15,2,994
43e3fee444c55fe12da3b9d57606f0b6b8df1886,1055,24,0,1079
6d8b9bb383db9ad4bdbb181ddea5d83f1152a201,295,8,1,303
9c323149db1cee0ff6586389def059a85428b116,1758,58,23,1816
c9521338d2a402fef5e58d19d0dfe96c87023b06,1,1,0,2
1a2c35caf805769ca4e3f169d7a5c72c31147e41,269,5,0,274
1d0ced30fcef017972d3d2f6770b7c9928334225,24,2,1,26
f7cfedd13d4f1f2cffa2c1da44150ca8d154004f,2,1,1,3
c8c6c0b1d701c27063fcf24156d4acc4523af45d,11,1,1,12
5b2948bfc2d78eff04eb4d30425c8d18d6e6e26b,20,6,3,26
54da8388e4126a076552b5945dc0f742296885c4,1954,66,29,2020
8e5210be6e6c3fa6d3174fbf2140734d3313b1be,128,5,0,133
99fbecd078b27aa19db45eaaa38135043f36bb4e,13,1,0,14
ac3714ef2bce71f0016e4535e9fef44c31b537a7,127,4,2,131
7847168836d1279941e1514331a1f29738cf6dae,17,3,0,20
a7365445e53d24aa80a54127b5407cdbd30c20f8,29,2,0,31
76b4a112ce4c035db83ab43b7e2f66973d15eb62,63,1,0,64
63fbcbf849640edf140047a5111a58f480c95294,4378,105,7,4483
555771c9b9953eacd905c9715382ad163b77476c,591,2,2,593
5b4d29c194bdec1cd7bcd6b0a69ed0287eb75e6d,29,2,0,31
ef55e4df147ca12efeaa48090fb592849deacca2,4378,105,7,4483
dd6abfade3c51d50acdbb7f5dcb94c217f87d1a4,56,1,1,57
aa93762a8efc4d76795676cf106ccf6b880ea739,81,3,2,84
2413c949fb5e67d0c118ceee2f1df4955fb6020f,2452,50,15,2502
31e6c482e6832a8f6c562b7e36f5fa662f1b0e9f,5,2,1,7
abc808afe166ffd0698992fdc9bbee4f888cba76,123,6,2,129
1ea1505872b0dce8386ca3975a346fbfd2482dad,470,5,2,475
88ab8f7378d95a91a61c9e92927d857553147e8d,275,6,2,281
c1af01a7df0c545a9719ed7c735077d8aa0b1160,4359,105,7,4464
c41466f480aca524f7a9da2891d1988c0e82bc43,567,4,2,571
0bb7c170cc0faf41e69d5bbef9e1fbac80a933e2,275,11,3,286
736c133a5516a31eeea0842dc9869ca319f640e1,46,2,1,48
b6dbc9e781de9001c68007d9853938e85b217b87,186,4,1,190
4efe78b3b709505d49e8b73ae59a42d2eed07b30,171,8,1,179
32bc31eb3a5910a1593f81f650dc970011ddffda,31,2,2,33
d458f917cae35067d06513080f781b87a35a97c7,2,1,0,3
c48d78fbe29fd18eafeb88de96ffe0b908f8b236,2455,50,0,2505
b3e04fdad6e8a1cad3666a8ca58e05f0112fe4fb,94,3,2,97
963eb37d0c112f2ae5be8b7f72760569a546c67f,16,4,2,20
5dcac0b0b7750413e657e6cd4ce77abd4a8e46e7,686064,9971,0,696035
85af9c789a109f7f067145972a82693c7d28b4a9,7,1,0,8
1f8cf042f67f523e23f795571f609a9c81726258,1187,42,31,1229
2d4fe21429ec402369ea59c6f7898961d16e33f9,64,5,5,69
27e9f705c1f65baae20b7dc3c03e988217dbe3f6,2322,11,4,2333
0765910530c0570146d1932567d00689a8a440e2,30,3,1,33
1392332d84a1fc21700292ef4d16d028b23f01de,32,2,0,34
e7864f198539f87a38e993cc68f0931dca195534,169,6,4,175
4eda06575f1831350ff0545c2b78bb3cb9a811b5,1670,19,7,1689
a97dbe6385e248412429f46b5a26c4c6fc41b7f8,2569,53,16,2622
e6615a7a3ea1d524f79a7f1f09ad754726e8b075,4,1,0,5
d54a0bae02b85591a8a4ced456234b28032b5c77,4,1,0,5
498712bf77442ca0356fdacc8b8e24a89d0bb696,2364,28,5,2392
e9b3c4cebaecbeec9fa51bd6ec32a879fb89948a,8,2,0,10
f3084d3ce17c56c46b083d5c6f65c3dd03229e72,200,1,0,201
d9fde7ee1562a84f26e92cd94dd0ac09738414ff,219,10,2,229
7d1b87a67d6e115bff41eb80e7755a070b3f32ac,3400,23,2,3423
5a250d2a218a2f272a113fcdbc53601f1ca4bf09,2,1,0,3
089d3c2f96fefb7e65f4e6fba63d8bfd4473cda4,79,7,2,86
d13e442b55a6f3fee25e38accd8440c673d8d691,19,3,1,22
41319353a1eb2747ff0aa32968fb7af9a07fa913,149,3,2,152
e95c7b1d394606255afeb7d1b9d280c0b5ffd470,25,2,0,27
fb2e1e28818d3d96a7a9fcc86043d28f28e76e47,303,7,3,310
2ec1bb80c405571de0089c5befd81a219a31a9a0,16,1,0,17
dd3e2194f6d0e882d936a30a54af10c44e415b5c,11,1,0,12
dde817424cbe49d80e236f3c5a3cc6c258250103,143,7,3,150
ad89c8e86ca0d8128260b946e6d55b43939e1f99,11,2,0,13
02a9e82361285d5784cf26b5d56ecf922be0c4fd,14,1,0,15
284e5e875d650aeba1cc3fb486513b9d156d2656,2,1,0,3
7484b3f6c53e43525d7099fa45d04ae4a8f010ba,4,2,0,6
27a837ba6bd82d53f8a014be426428af0c39821b,2,1,0,3
82afed50509f610fb73bc2471165f677242f1218,63,25,25,88
7e73098d4d6e3d5f78326cb11dac7e083a2312dd,346,5,2,351
9f5e95495a8f1f3084edcb108ace23eb6dc11621,229,5,2,234
ff8780405c27db6be409934246a68cffbae8cf61,1490,22,4,1512
d3371a98d78b6567770857cae3c0182ead87915c,2,1,0,3
79553ada7bb52bac674a289a5006fa2056c020f0,639,23,2,662
fe8fd2041a17d4d315408ebcf90def33db17c66c,183,9,1,192
8d44c327efd9b1a834a0aa01cd1e37c9b1e1cbd3,234,8,2,242
e22e5998c5f830be97addca1b879abcacfc99bc2,681,11,4,692
560f48332f511edd0bd1efdc1e4d372491ef8779,1027,16,2,1043
1072bacd249ccafedf15bddbcca0e4fdd3da805c,326,10,2,336
fcec4e125b514bc2f2e8f7c2165bc3c5b12a2352,39,1,0,40
626c4cda245940ad87958b3698ce2a46ec72ea66,5,2,1,7
96dd04a5834e8b0ef610fab8b18e287f09ceaa89,255,10,5,265
83f3baa60f7faf031279ec43772de7f3c1c8c769,512,10,1,522
df0eb1636989d94f3974b2a7a45ebfa0d26cc2e9,23,1,0,24
851e02288186425b878dbb31b66bb91c1652603a,2,1,0,3
b1862bc184fc2015c7ccc54264d4ed2c65803134,150,3,2,153
a7834c62d3ad086b4f64f25fb5c926f467225869,49,4,3,53
da4f5087c8505f46319261027a10eac1f72c1b0f,2939,50,20,2989
1eccb2d648e42fd25f3abdf85db95dcdf36aeaea,8,1,1,9
40dc8f3ddf826df5adb65506508fe88ce4fccf87,398,12,10,410
27f6d824f4b1a055d6e1960e7b65786156f00243,329,16,3,345
6e9f0b541f8e23b6b2f31da92f642e94dba95b62,76,3,0,79
a13337d94755d7e1cc097c6f00311552fea25ae6,16,2,0,18
fb3129f7501786ec07d82d9b6c85016a54029ad4,1212,19,6,1231
44d30bf0464a4e76fe66b45fc49f12c88c667573,3627,47,9,3674
0c125f635e62ce4b7801798e703895d610245bbf,100,1,1,101
c847caa4e74c19b7354c6903291d93302a65c9b8,100,1,1,101
cd5e252995a059fe2a61ef8a895b54775e433a59,3627,47,9,3674
45024f07c0ce8c05a0abbba512da57e2cc5be435,1001,21,7,1022
cc7e40d94a4770ba75ab22174831c20f8e655275,1695,111,15,1806
881065609f04be4c823810cbe3834b3c4f920364,50,3,0,53
6afec64c208a5a6e52e8a18576aa14a748ad745b,480,13,6,493
8c9e5e46e102bcdd6e99f9f46197d834ebc9a428,17,2,1,19
4d7d9d7f227ce139ec015ba1189be70807706cb8,3,1,0,4
5215e67403f1bd7c49e6a609adc200a89c39cbf9,477,20,7,497
4e4a462e1e175248593e101ff924f578483a4c79,7,1,0,8
008db68ab1c99089d543912586bc4f14b7c8680b,4,2,0,6
3181507be08aa4f261fb0d4d52152d27dcb45209,2,1,0,3
2e4a3a1a4d7792b1a0730415672cc606a9c27620,22,2,1,24
f8c53f78b826d432033762fb76abc31e009976eb,186,3,2,189
f455bb1e81411bd544d95499f43690709a7e11db,4804,13,11,4817
cd5e39b783bc499837b569c2cf974a8fe308bcf2,102809,27,4,102836
1e6a0650827c7c9155c42e3d695ef2c60264fc4b,2,1,0,3
3110d7230182ef61222b74b1a7123c45ef646775,59,4,1,63
175d0af5e5345609e16fcb57461d8377b9f0f5fa,9,1,0,10
c04513894a45fd1f0bee56a15d21f1c430a05935,37,2,1,39
ee995b4c6068defacfdd286921da61207ab369d4,18,2,2,20
4b8b7ff254db202f2f9af1130f0183057bb3f6aa,71,2,0,73
16caa76f6e703ed5bc04eaa7e9fd702686e1e238,5,2,0,7
ed5c6a16a94d207caee79a7d5354ce85d50557b8,167,5,1,172
47cb9b09e6df7db1458a0a3610129ac2167cad23,74,3,1,77
2d871005fdc5228479c0aa700e94b7c757e6deae,4,1,0,5
cce9cc4fc03142a35059f7526a3e53814662c8e9,613,22,7,635
1848bfaa907b65d7349e5a645096c35fd9311072,261,8,2,269
5cf2a2e362c8ef803282b31f9a67c6d0510b1730,7815,204,23,8019
3f19e67b5cef803d7fb1055503fafb71b2ab7181,426,4,1,430
27434c5c6d909f3779875b0085ff6d99a7cd8847,497,8,4,505
92173e1ffe301353fdcc71314a3077cd55083af7,40,2,1,42
1a8d5ab93ab94143ff16312945a6b10987b9907c,283,8,4,291
3b0ac22c43b969e7e7510c27a686b94fa1e31d3d,142,5,4,147
d496245d1c518c41d4bcaafb576b86c66383efe7,402,21,2,423
4ec489a95a5defe9e6644405ab23403594a4478f,2718,26,7,2744
67727831beb423a6218b13d2d29e56f0b32e2e7f,108,4,2,112
b9421af84385bf9c85c2d878369cc874fc485c80,55,1,0,56
fc69c33badb9ffcbc42a20f5ba92fc1d247ccc28,449,14,1,463
effbefbb70010565231d5ef4190d6f40e4d2b3b4,274,62,62,336
bb1b11fd234235fb6cd1d5764a0e3ba2780d2141,4395,63,11,4458
c75d6eb053164ee0cb8d74f98533db3a11a5d82a,2090,42,2,2132
4d89b9aea48008aa9ae6da03465ce0cb3fa6dc03,2,1,0,3
7b4cc47693ff5e706892a44dbd8c3afdbff8c482,968,19,15,987
93992c94982984e1e540d53d7ded6082f9919a5d,2,1,1,3
11e854046353232be1b2e29cdae5801d8472f06f,4,1,0,5
2ca8ccf9c8ba0c539706cf521955218808b36fbe,217,5,2,222
b31c9dc58b68d6695ed53e719c63be15222ab7b4,142,3,2,145
b67f2df77b96e05f99a30d1abb8bb4d4d4707fe9,392,19,5,411
bcc416a5b0954b87037e363eadf190e2eceb373b,165,16,11,181
a185cffe7a5630f453ac6c6b9edcb7cc673b596c,13,1,0,14
c5562e893693c985e5e488eed67a60c9191545c6,166,16,0,182
738cb67fa332239fa1fc6f31daafbc4410abb58e,490,11,4,501
54b0803b0410531dd000d4990bbbb51ba63a6c3b,7,1,0,8
e77ca584550d794f6ed9293b3a9c7ddaa48c5f16,112,2,1,114
5e336d0d9f0ad6d5fd033fa6a8325eee363916dd,100,5,3,105
21d2f6839a0e35f234b2de5b5157d49bdfe97aa7,53,2,0,55
9cb9017dae13c32c8c9ff58ba2fe198839204395,8,1,0,9
bc807e87d2cd04641582d190d9195c4e49f38567,2866,44,2,2910
5fee450b51561b86f14110a114eb3b479d728f6e,2866,44,2,2910
110f8d2eca1d1c0e16fb00a1499e1c104457b2bb,752,10,5,762
538a46be18107bdea4d9a34a94c6907917bd9f2c,394,7,5,401
61e7ffcef78aad2724a9fbd581a9d6059d5209e5,14,2,0,16
a504cca59ea796d5df01fe6d6f040e3e7041cdbb,8,1,0,9
5ccc21af90463cbb1dcfe275c45c08361e4a016c,265,6,2,271
2e7553aa469a679c8a297e49f50b5464d9d76488,292,8,3,300
08a1d1d93bf224d4ea4c0ecdbb85df893743c52d,4,1,0,5
0db596a7bb5aae33671a7ce405e884c725b34525,97,3,1,100
a0e0befbc97b24c4dd092d148f4540da5f2548ef,21,3,0,24
98f35bb338a9aff97f19ab2478158018bd835e1b,3,1,0,4
5d94dfae9c867f458423912aec8e554fa6d660ad,1937,32,7,1969
9a3f7c0715f25e0d2f219b4cd2518cae284462ea,436,7,2,443
18da562f4ff62293174a2fb94059fc77c939c370,706,13,5,719
52a77beee926882a32aeaaeffcfa525402207e1b,9596,34,5,9630
b3d551684156e899287d662d8530743b9748df33,658,15,5,673
052eb629a64498389d0feaca315c7be9a91edb20,16,8,0,24
bf7c6d2d3659890504262b7ac6b7e603425af44e,10,2,2,12
5b9df9e8adc12de5e0c4a6ece49b63f4fcc9e45f,28,3,0,31
077dcf6751978ab8b6ae6259448cb0464e9d4dde,506,12,0,518
5933b4ec62de26ce25a8cc1a5be9ba4fcab7befc,107,2,0,109
20b3fb8450196215b0ccda38ac8dee7963c14fa3,599,41,25,640
77215ebade5d7aefab4c1908f0fd399204966251,79,3,0,82
8ed87acb26a9a51023b3fa02de2bdbace31d3626,55,2,0,57
89224818c5b90501f0519a3418eca2da7a48172b,1,1,0,2
72eecac6989c005dc986dacd45e72943df3962a4,231,4,0,235
2b5bb149a367826a607d13ca4873ea3db6351f21,10,4,0,14
904628e3e302fef457a62acc6e840c0b5efffd44,228,10,4,238
9ba9cc582b1e9a4aeae434dc639e364009161e52,464,16,7,480
1d9a953a8786997dbcb6b86566f09b3622503be8,169,2,1,171
a3660601d5af319dfbcaf280e536624de4ee2d0b,7,1,1,8
f6a4aaa721d1d01071e7edc158f0a1fcc8b73875,152,43,10,195
03a8a004a53b7b775454f74169bf793a449178f8,56,3,1,59
f05862b5ef4f6a54d503a549a73651f7df7f5dde,982,18,7,1000
037b38e43b2698407554e2c94a7676250fa6af59,272,5,1,277
b04b14bbe6bb173391507eaed2de28997b180485,13,1,0,14
ce6d66cfe4ff8b6e882784160b99701f3c1b42e3,4,1,0,5
ce9f593495a6c9c89311aa1608ffda7fe92d0aa0,3577,44,12,3621
93f19a464f70e630e71ac53a48c63d66058674ce,121,7,6,128
acb4dac08be1a133a09f365cfd15c647d19fda47,2,1,0,3
15507816160fddc5b3e5add31b1185f5bf619e6b,235,2,1,237
a6e577e6d02e25c37cf98504e3456f2c3ab26618,53,2,1,55
2035f9de6f63c93f60467eff87cdacb60bf815cf,164,2,2,166
7711fc9e37c622e358de97d8e0d8b98c23959965,112,2,1,114
c55d91de4de321673c6da0819547da5d4ab2fa5a,61,2,1,63
d7be87ea687f707c9489fe59db2e60ec8dda057d,3,1,0,4
de43f96734a0ac1d0bf61dbe714154fc3c74877f,260,1,0,261
1578935b2badde7111514c69b33274fb78c1bc55,729,15,3,744
440958283eff63cd0d6a055333e7bfb5c2881f8e,362,4,2,366
6c41ed2ac91070d334a2c4eddf8a4dfebc44037b,938,13,7,951
d11b4bb29f07ff9ea47f988afd8d2f22ddcdc96a,701,111,25,812
8dbea36704f2b3ce4844f700350b45dbf06f6184,190,24,7,214
06c8a51f2acdf12088738d0468af94cde6bf611f,14,2,0,16
7d4bb49264b2e907c2be0714d72c63ad269fcee4,934,33,14,967
768c2266aebfafdfbfd0ebcfdbafda88588aaabc,13,1,1,14
32fe1f0f215a8e9a0b7caec567a681d157630f1e,494,12,2,506
299cf813e34bd0a4c2454e570bf320a2c44c72af,93,4,1,97
4ce68267922920a87d2d8998b88d79083e473b80,60,2,1,62
720706d794e4935779cc2531462595032a547852,251,2,2,253
7d5749e31f0314c913ac38d179768462f15f0117,16,2,0,18
1bb32a7d5a86f31f77bd2d729b083e1f75be78d9,238,4,3,242
bdb225c90248da6a8cd500e1e84d1e0412d53511,385,17,5,402
cee961560f410653009915b61d821dab84ea490a,461,16,2,477
dd5d9f3ab0d853ab80487c01c702824851a4ab4f,97,5,1,102
bfcb0c38fa71c713651180459e674624993a6fe5,226,7,3,233
d72a123e122ffe1b4f715f98c2db5d79293f0c90,2044,17,5,2061
b821f8ddd1c10c1c6dada52e4fc1d9868cbc3fac,117,9,0,126
26698ed250471ff273cf1f10aac9cb35dacbce4a,7,1,0,8
6ed0330129439a953bc81fb3ae4324d84152b847,41,1,1,42
014023453ac8c3bbdb5f9636a2b3d843de91d2f6,502,9,3,511
c6696e5c9a495897e56ce3131c7d9005229b7a67,3456,57,12,3513
dcff79c6c76b21643cefadde177be0f497a7e6a5,117,4,2,121
567f65abc1c14ec4dc3ecfdc909d139a91b808eb,21,5,0,26
7464044c5e877181d79b1f0de3506616290fc4cc,1340,18,10,1358
ba42b597d8bd554a95e520547714b7caa3fe0965,19,1,1,20
870197465da29ce66f333845845a536f9300c72e,745,22,7,767
839b4144b515ab5fb26d62aafc9ee23896ed76bd,115,3,1,118
250f4a0eda21149efdc32cee5a125ac27c4383ab,2,1,1,3
08cca283078128cdc9fefdb986bb5a497881c23d,191,2,0,193
80716921a0b95588b9a33644a0146739b8e13f8b,2,1,1,3
27b93ae84cb8dfadd3d6dcb3426f9399f5b7da08,393,9,6,402
e66bbef97b2cef73a533ce8a506ec479852cb364,155,2,1,157
bb87041f9e5aa4b7d43b21fa8b6f63fdf52e9cfc,361,4,2,365
31506f0600c433e8873d3f44590e0c34f91a9122,423,3,2,426
c28cefbdbf6e382ebf41bbdcd88eac6697db48a2,724,1,1,725
669570906b1654b1a38a46f987fcede948f48f82,1,1,0,2
85cf73fb964152b1edd5baa730bcf9e34e761819,117,4,1,121
4fb139d10913ba757900fa1231ba6dfa1afc16b5,270,8,1,278
b6082bed9e1244cbde55574538c34e18c43a381d,81,7,3,88
1599912004061b1c83ce055739feca156d8e1a48,301,3,0,304
a5bc7283b6829dfa7f23b6a94c28bd95f7f6af70,88,5,1,93
c6cf3d9e8982dc4feb7312062a49d4aa0e6d5686,1283,195,42,1478
64c56bc08c0882ee4ca3ee730651409a3737bd0b,21,7,1,28
6d72874067bf3731817bba2213d9d20f3c06577c,568,14,5,582
9265c04a368c4cf0fc331aac5a71f7d0db365ea8,3586,44,12,3630
e6a7f93ae2322edb52e63e6b30d8317243e0c4d5,2,1,0,3
98883f151a36134ce6efc0bdf65c899505bf730a,239,4,2,243
299e3c9e4441763faba8f55b928101f9991c4773,296,8,4,304
9f3b9154ee0cca6d0fcdb372552d637477219b51,1,1,1,2
c0e8d2d33dd22cc08e8c32309c25237317eeaffa,276,109,0,385
3ac9a210d0e720e6e1daeda6f4d13296f7b149b8,2002,37,16,2039
c6696de86fb6ec3de7894cbb72da1d416f004c6a,5,1,0,6
15993fa358c2dc90f6b9ad8711ad78e04b539cd3,282,4,0,286
cec6dc4a37a72058dd40c4d74b9ef1e8c7b0d7c3,13,3,1,16
b694fd103354d827800b3e830ad5619bd27574b0,219,4,1,223
966b642b89c1683af9ebe85a9dcd0b6ccf708fca,7,3,0,10
0c162e50ff77dfc6791032780a41c3a0143cea5f,11793,72,5,11865
b422ed47f01b9c04ce734213e54f7b7d11dffe84,2,1,0,3
8dcd0f1d96dae965a0f5c479e6d0f4b4d50c6e2c,202,18,0,220
6c7fe053661e6f822d8d18ee9a323897e630ab6b,2,1,1,3
a835bdf7fce305df302241eea2d6b15ff7751db1,99,2,1,101
4ede2ee2f7f65dba33f263d0fee7cb26709858d7,1397,8,3,1405
20571410eaf1776b532ea686be464f0b2a831813,16,1,0,17
8eafafe7c370abff907684e7956588af9d66d752,113,3,2,116
a09d1284a8f5cbaae7a8548af6c32ca422810035,343,3,1,346
3f16c67dc7aa7a24b61416f73e8d7567a3dda906,82,3,2,85
44075e0285f65e7276a03f98970cb0ac7c87f6d8,2150,45,18,2195
7a55bb1c0dddec5da3f28bb8ad78b4e987973fb3,1494,20,5,1514
564d5dbc139c8a78d28b76cd7e2d211ab6f0f929,960,7,4,967
a4b722569a98e5ac24dddc1caea9a53b18e230b2,1587,5,3,1592
6464cc4567f83a5c97c379192997c25b464bd07b,2,1,1,3
a2041cee31c7859ab8baaffeaad52f0acee1f9c8,5,1,0,6
7b638a512792d9c6ed579cea060a45e745d8c296,562,8,3,570
9f19e0160b1ca43a27908849ad46c65ebd8689f1,231,5,2,236
dec87bff617fea241bc7426d19335c465858b946,5,1,0,6
6facbc7ffe25ee62727aed84cf3fd9e97cb35984,2,1,0,3
607cdb0dafe8cb8c6595ab776b66a1a25cba018d,118,29,13,147
0d5a325e4d2f8f7cb72025914055baedec2f0ce1,192,10,3,202
4012749893c3a0d2b7748fc1c1fbdbbda8c93e4c,2,1,0,3
7272bb18656b53d03b1ca7433eb9d1dbb08d18ca,133,2,1,135
77d21eaa367ea293233078e85ed0c967dc2b6ee7,1237,29,5,1266
89cf2656adc628e89f907c2c02769f927acafc2d,15,2,0,17
8fafd92abb54420b078410f45c733720f422dca2,59,7,7,66
349846c8cfab40fe0c746a789ccc018f3b83c906,67,8,8,75
db0e507e824895daab2568071cb4c8142b2275e6,104,3,2,107
04999c518d4f22895247a7686879f2cdfdbcba4f,280,9,2,289
4aa88516018bebf23bfde82ffafe804e53e35b3c,504,24,5,528
de4e7aa834b2fd7f3d18d4425aa29ca1971b02ed,312,5,3,317
971b75471e00e479bcf6f629f1a23caec8951aa2,504,24,5,528
44240bc39f5cfa5ca74ca5c65ac64208d35468e5,157,3,1,160
23b3804a1af0ff9f8ae8a6d9afbea024c46a6743,450,4,1,454
3425c8cc6a4e1d8d9183a31f1cd88b8a17babcf5,17,1,1,18
7af988791dfd77de5679b87aac31ce99d45fcd05,577,26,6,603
8427f381fc8be2325c3a3dfd267b046c2b97b133,3,1,1,4
2a3355fbf3d16e98f46014de335c42b2685dcc77,2925,29,3,2954
b0e34f08d9db713b253657aeda10f087e1f15e84,36,2,1,38
58a4322c4f15637cff3acb10fbeecdaefc5db902,34,1,1,35
c10d8c320c12c2609b5d1fcf54990c786e7d4922,3044,39,6,3083
2b8e14fab2fc09d84c7e944126ccfbdd5e1e06bd,295,2,1,297
622c34d7ab1c5cb3e7a45b96ac945ae13a65995d,29,2,0,31
ea92286323e5c680258e24eeb840af3c94b7b43e,206,3,2,209
02f53582a84d8e80aa37ef536f172aa96e97001c,1887,24,4,1911
31d6ad7e1704e6ebd038fa87dca9c7354f490fd0,41,2,1,43
06fe064c141f72d930b0eedd85e33d5ff68be312,78,5,4,83
8d9ffc5e4a2ceb4e9f6ead3f26ac1c49d3bb96c5,18,2,0,20
4d6fc4c9dcb6b281c24ae18c1ea9590a5f6c5919,12,1,0,13
c97b08e672e4bfc3ae01e7bed190cd08c2f78ca1,88,3,0,91
8d7363da3c03993c8a50884788595674a65d6e7f,13,5,1,18
5238ca291400e1da408f5a1cd0d25868c12e3477,3,1,0,4
8ffb1541b687d60c7b10b8140f46c3569e214559,54,3,1,57
5ce68bc4bbb042e61c7d520a8b2d01a723f69632,1030,64,21,1094
f550b95547f672409663d7b0052939e62026dbbf,1331,15,4,1346
66593af03aeac37d0e76b6c010e8386f6f0c36c7,695,17,3,712
c402a49d73c736350cbbe712eab59b46817afb6d,1059,26,5,1085
4a31ffb1c86d4c680ddd70d0b531d03c43a7954f,4,2,0,6
c8c21c384d793a3cb90f31d18b0f2c0e80a61e9c,96,29,0,125
99e037c6cb548ff8c8f00418d1f692449832e82f,16,1,0,17
60c4051050a3b4c97a1700c33623d833c6648ef9,16,1,0,17
5f0d4a715bc27c3cc8e90474d9eb35373a56dec5,34,1,0,35
2a8ab4a5058e0ae0abd2317d0a798805ab1abb46,7555,111,57,7666
3a081281ceeb04fefb945363f7e7d226aec9f4ab,153,9,0,162
25a645ee2c9b7c84d8ccdb1ef49b81091e26da34,158,12,0,170
085c24730573c963423a6b5ca909c54a999d22d2,4,1,0,5
594061d906749c38b718763c5753d99281b36728,276,4,2,280
b8b8d687ee45c461a72858354f05b43886363cbb,4,1,0,5
03636e610350f6e24b948751b95251ea1a556b97,1107,37,6,1144
7633a3b40606d3a29bbcd1f1b63b4dc3a46bca0a,5,1,0,6
50f8f8c5bef75a516402417ead65a8e3e8f9bdf3,15,1,0,16
1d97529ceff46c6e3add151b900666be6e1544a4,833,15,3,848
4f986d52788530e61ae644bb6f666a7ae67d866a,422,10,3,432
5b8f4684db380fa4201ffebfcf3388b5e4df15a1,2,1,1,3
3085cbcecc286410563fe70dcb0a56ab6f50ff38,425,7,2,432
c1f83562903963fc76cbcbb158c518d4bad7ae8d,8,1,0,9
b9bab88cbbbdb3ec250040fe1ded8948f3c75ae7,359,5,4,364
0a8b2502ceabd590f3b271a2c292e95e934c2f3a,1034,21,11,1055
dbf7f5dbecb281b6c328347c270cd6a7fc0a0d18,81,4,2,85
f1adff9040bbbbfd32b5b1f4d5da806924f9e6e7,114,4,0,118
f0b88f676d0d15e99ebc0eb715d229a60c197c96,623,9,2,632
1fbc284fd0c89e6aaedf76bd2df3581cf85a1811,150,3,2,153
e31b5300363e2c6a5f51374b8ba4bf6552fd2406,405,5,4,410
5e95f65bbc1d3c24a0d094745ab5790be712feac,325,15,6,340
07812d440fabc0ac40305467d6c075345cf8b338,482,6,2,488
72e49efaaa348d81cb55abb0cd7c984a15fd17c5,1427,64,50,1491
f9a15d987e584076dae7dacba25c5f4102c97e37,345,9,2,354
223281be93f61705530d8e88ac7eee3fe39453a9,240,5,2,245
b677b36cc484c683803e18b98ccb138dec2eedaf,489,11,2,500
5bd385935bcba9a1cc271497d1818e9bb4f0318a,37,3,3,40
f4a42b7d4d70d55ae8b391cc91cf52e874f32c0a,3,1,1,4
2a9239d20025d0f69003a33878f788952191f513,230,16,4,246
cebc76f1f5d7d077093ddaecbabcd8db2106c60a,389,6,3,395
214044ae2e6dedb1ee5fc219f54a4de51f889a08,79,2,1,81
6668d86ad48b4fee3bda8c9e813df33bcaec2947,50,2,1,52
f8239aa66ff55707be2ec0aeb39a75fc3d4d5751,16,1,0,17
891d0af4c8de9ae3640c9d4f873fd14597e52f94,2,1,1,3
826a76ae32c7c9377601318ba07305c67057da0f,1,1,1,2
a41c03c095ac05e1eb3c7e747637867598b554f4,559,10,6,569
274c4432e365bed105d53f8a284532432da24d96,1549,36,10,1585
f7c954c2739351dd31a96721545237068eb9e696,447,5,3,452
0d8d958c957adedc1804a0eff4774bbc5f891aa4,490,32,11,522
1f5f07e91ae131da7aba301ff301746db8fa3fc8,59,3,0,62
de123e2fca5fe4320d418f686e9f35cde6a0d3fa,387,6,0,393
ee09a991c1a2f8b4b5034965b35fcdaebab49b0d,92,3,0,95
3639f92c7d3a50197ce90805215d63a52a9cda4f,543,11,3,554
e89c71d3cb769ebe25c09e241cfc6cd511b150b3,190,5,2,195
41ed3294ec7e1c8384bbbf7044c9ec5c7bf2622e,51,2,1,53
6a8730754b5f1bf064ec044e7342b85c5b50627f,852,10,9,862
ffe752561bec277c6e3f3a57e5fc29dd6bcb3178,24,2,0,26
8a1b0988c34291da77345654c5266f419414093e,82,5,0,87
f7255cb5db9a9e997201d5140d618ea7fe88916d,12,1,1,13
0e6b97edc1d6a1faba5efa10d69e6eb69c78ae24,235,5,1,240
f09712e2c1420b83820846aa629ec298dc10d756,4,1,1,5
e7dec6085378f02de8addba7da506811c040b218,187,4,2,191
18dd974bab7779f0946e492727bc28a35c5f7c39,2,1,0,3
e160c8f23185b92692c9cb72d8a1aaabf113b3eb,218,7,2,225
a1b939a40bfa9be36aa94bb37696dcb0488c9ec4,1690,22,3,1712
54a051b9621b433112ebfe27411fad36aadc416f,9,1,0,10
3a62a3d7f4b859a4c8ac5e74595a258c67358a86,19,1,1,20
21fab1199887393d5c77e41f70acdd6c83ca61c8,332,8,8,340
71b1f54557293faaea703cb38f2e6c8eeb57402d,193,3,1,196
ef6764e99c318a857ec92d6a270d8ef621cfde66,431,7,1,438
ab3e758eea75c328b6af1931e25f304254798cb1,10,1,0,11
a9278eedf75d4cefc9642826bfe8dadbc59e04d0,652,18,8,670
eec735a4ea39439d57a1da89b5cc17bfbff2a74c,206,5,2,211
e975a0f6a5589df093027e5f3af3f468c3d300a7,525,14,14,539
281b41ed6d25d0ea95585ca44ff62095a5135534,63,6,0,69
4593d6c11005ee5fcad70669e1ea9d8e0bafc7e5,313,5,2,318
906fa9eed60c45954559c02fee5214dd43a53d7c,284,7,4,291
e2c597fff12192f736738569e244d0aee96b6e97,335,7,3,342
188e4d52c2d8085874fed9349b03fedeca6edb59,21,2,0,23
5cafd4408dadf172b23b52cb2e278bd3d66b6f52,114,2,1,116
999f1565f0a42b065ef491f22ca6da182dce5624,2,1,1,3
842923d45fac17be971018ee686c2fd43af6917e,65,1,0,66
cbf674fdd128ea17ae2ea8fa9def611c6edde87a,5,1,0,6
d687afb2675e362606c8a166367b347b28477d02,62,3,1,65
7beefeebc775ec63e56f2dd7ec8f6640cdc099d3,10,1,1,11
ca30235b01b41ba76c3f47236dd16ca6be8bedf0,5063,402,401,5465
0606f03d501777bb9c600ec8a20e472b1e336ee9,1,1,0,2
65c30ec6947d35f18b620a7fc9fd0f6d5774317c,2283,27,18,2310
0dfd98388e250d099912cee8793f4cd45597eb9a,365,5,4,370
4433485d74adc109ac5f435569e18578bc9f351f,261,4,1,265
5506a9b10f431909561add107799b1bc85c54072,110,4,1,114
225f6d22e4bd2ed3fff19d0f7ba264360cf05075,82,3,0,85
ff0117dc00edd37cdd8c6be2321c188ca84f01ba,5,1,0,6
eabca4d2ff4c013269d2c13e455507058309d236,4,1,1,5
67ac1d5d68a2e2d13d5b3c361a8ab10b1d7873dc,271,4,2,275
14dd160f906d46ddd51563b817cc573dfc16b945,100,6,2,106
56a515db6d73ceec749d3e4c4d1737a972bcb886,872,7,3,879
4c8f093a89aaff3b9770ecc585a5490b48e0f940,38,1,0,39
0e5ba250e1ff19ca8c5556f4ae81838ad391db91,53,1,0,54
b76686a17b49e2631e21ec1ba7c4583bad707ec7,1356,38,12,1394
c45d108b735690b532057247b106240499a510dc,1,1,1,2
ca55edb966809ede38b185ef7afcfeff9b20796e,2,1,0,3
5bb8464150c523f04bbc09d54474d836ad79f101,84,1,1,85
6e3e23a78ff62a3acf6a72e1ea0b4afe46a0b94a,689,25,16,714
17f66a2271965edc13aca5e282fa4f7dd3efe814,587,18,17,605
a020b5e2ebb334b7e721808cd75d3b180ebcbff9,2229,25,4,2254
bdbe6a79d097bc6a81f2815989756f9ac925e217,254,4,3,258
e17887bfbff7ddf8d58b9c376acca0382a184c15,181,4,2,185
0ba6b3642fd63977485e87def89e035ca0a0525c,52,1,0,53
183034e2839d7de44ddafb38d36a2cd61b9cd68c,172,3,2,175
100101ccce75999b24b75e32808e7b0374874c9d,120,9,1,129
465cc444d0bf69f230a7c6c9e429ff69851cba62,511,14,4,525
3d444241e8157b60aa23e7010d4d0a891326f686,294,5,2,299
8ed8576544f5c4dbe74fda02de420dfa49aba355,185,3,0,188
02ac29266235084e668e6503e0d82cd828b46787,468,4,2,472
17c4be5c17ae88cb5630791466dc9fe1802c6ea1,1306,9,3,1315
ce6f480b7e694248e1ed142865b9e3ef7f68c869,1070,17,7,1087
ffde253144dfb28411a2ded012291756cd447a2d,226,6,1,232
c83e1e9f5d2dc193f93a5ddbbf697c796b5ae08c,26,1,1,27
cc6f4d7814493aaeb485b39056d6afd44b98919d,242,3,2,245
59917f0731ea79168a3a9f03226348a6a36346b6,309,4,1,313
97a51259607b5dbd6ed7e65f1b2dbfcff1d61477,254,5,5,259
bf34e1e29e6f4f0cac3e4c46d99aaabe3c2df8bf,311,1,1,312
995d259767eb5a60807cfafdf6044445fb794a31,198,2,2,200
de42e5903b4a7cb44e0c9e502b3477c85e917a7b,20,6,0,26
5fafd28b0c9a21a507fcab135e18b72064b3d05d,24,2,0,26
0f6be5819cf4ba22e34da319836e5a1a8d0806fd,52,1,1,53
53e886b8ed38a6842cef8b44ace6851855dfad29,14557,210,15,14767
99ac71dfecfcae4a09716628ae13fe1ff4efcb76,54,9,1,63
f32b44deb1924cb622d16f4a4daff8bfe582c31c,620,13,7,633
f98b2686f389341ed0363309ca501852b93f7a8b,64,6,2,70
f88c237af47c6c534e529af97dac09f23d7186d8,398,2,0,400
bb16c6b7ae2cef19e9f1b5be2801dfbaa292f2ce,149,4,2,153
1ea798433f90659452e32727d8b9de186638ba89,12,2,2,14
27ed4240dca9d5d89a1bca850a0306ef3a12fa61,1257,24,2,1281
d45458b51a7ef7fa6fc211d4127877ab17e9a8a1,345,8,8,353
049266a615c8f8d84425e394493a839926453ab9,246,3,2,249
38563e24080edab9f8c5b1358766b4aadd8350af,21,19,4,40
cd79e84478c35515d0e879a5947b4272d6991f41,6,3,0,9
5f36006927327de8d31620c2f1474ca1ed6c475b,26,2,0,28
6eaa1dd14003ef312a25163d1dcc38c446adb3ad,25,1,0,26
f52350c552f957e4c867bab9431b45ea1f16dc62,1033,19,5,1052
bf394a77e1de6432e493eb2818243a82b577f11e,7,1,1,8
8534e5a9751ec44b538a84009a55d78481063573,154,5,4,159
7c7bd17daec5d1efe0439cae0c7ac39b4e5d58ec,185,11,3,196
2c428d53d181796a6879354c0e9d0683ac5e165f,540,15,14,555
5da4dee6f34a716593e96d0f92482b99658204ea,13,1,0,14
90951c6b2e35c3788f81d15cb0e102625c756655,26,2,2,28
06a2b3be2381eecafb74083c95777bf7359dd9db,343,5,2,348
ac893ab452f0ea85e5468c71909be9e7c21cec92,26,4,3,30
0afd1f6f664a23a5dd688a282efcc61d75748476,1264,24,3,1288
8a3c4569ae4df6b34b90fcbad75d8297b2c7286c,509,25,25,534
a585d368d83056894b615533cff7266dbcc75654,6,1,0,7
e4f9be52f8441465d2a841c15ce3ca65e3acde03,349,8,1,357
eef1bd5bbd462e5941739d3722959e690ce01847,66,2,1,68
bd5529ea8c264d516613c8472a6ef53de0ea3aed,32,1,0,33
e94df82642f7cc49f3918a9e55b31ac957b17a66,36,2,0,38
51ef799c2ea3fdb76fccc433099dcc75359276d8,309,4,2,313
fd3b9220c0fc08904ece7aec98883299123c0952,80,3,1,83
b0e923e474ddd32cdd97b9c02d4c8cd8beebb8e6,358,9,5,367
6d97f625f856d0d5d05864497d2f88bc53d91738,262,4,2,266
ba95fd13829a821ed8c7cb7c13820e293bb3aa5d,173,5,2,178
57cd12c4161d29af727bc6b428efeab2bfd5da6a,159,4,2,163
683f22e64fe57b2de47cfe36cf40b237ce7aaf8e,556,13,3,569
3094ade035fdb65f5ebee764314594caf535635f,1043,60,4,1103
009b0eebe790916465bd00d643d6e3fb8f611c5c,512,10,1,522
9b63bc734aa4ec43051af6d52d1e718b122810c2,18,2,0,20
4921fcf1fecbd8a1ab02099e09cc2adb0b3ff88a,609,32,5,641
e389bb8f55921855639541696930141fab5451de,38,2,1,40
13637a2dfeb92f46fbdb73f7532427714eb37ad3,994,13,5,1007
ef4f67e351402bf3d01b42c040bffc081b1c4995,128,4,3,132
dc547e21e1bd6a0b4e234b05751532feb8216a87,126,4,1,130
19ffc883d7cb25c0b998f9437cd6a927ff477b1f,1034,35,15,1069
577be1de4efe86cbc1871ca400b3b9de2b805d2d,12,6,0,18
336a7eda0d7123d2de93371b1beb304db3a3c9be,4,1,1,5
bcaae8deef07344c7615f4ba76c63a3e5e866d6b,215,6,1,221
a855014425c624d5fc1a5b2661915fcd29f48297,105,3,1,108
3daa18341d94643e5c3ed2ae3814e86e6ad936cb,14,1,0,15
2261487c8504fd5d00d1f624c43b95c45f7c05b4,892,10,4,902
3928bb3a13ed8cedd09344cc5554179c04dec6cd,46,4,2,50
795617fc941a35b0f6cf2faed8029c5f15588957,249,4,2,253
4a94ac2125cc0e233b59c4dd70db97fd88b84c3c,198,14,8,212
6a4a9c89e8fccd8491310b69d36b47010c9e5214,173,13,3,186
89e7112995b7a7d1d06f0bf42f06e01adc0abfbb,246,12,3,258
0b185b192f1ba59b505059201a16891dc88d5624,714,14,3,728
1c5066772293732c3aeecfced64a571c92a37147,44,2,1,46
7aa5cfd76b604dbb15f9ad3dea69329c7ded63c4,189,6,5,195
5bc090068e4d780eda08f45e6fe8eecd16b730a3,924,22,8,946
fd3065b80025699c345e367037d7f1efe46c0231,131,7,0,138
6f3515686f8bef300759748cc0a448625407baa7,58,4,1,62
d0bae90bce33dbed8b9f3cd52663ce5efa545d97,13,1,0,14
9f8718689e38c80c67b00901bcd2914a93b4fbd9,375,17,7,392
458b452394dfc45e56c03a05d127777e56ef52cc,56,3,2,59
3f0f818bd6510ffcde9de7545d4f88805d23ba36,284,14,6,298
50547b9b59f1e1a0da1f117877cdb17e8aa155d7,94,10,1,104
87d552662408ed701171d7c21cced9141a323c63,219,5,2,224
aefad946ebd7720f81b460aa39e205c10dc24b26,508,15,7,523
c9309dc73da80af31cf74775de4ce4ea96d60612,558,41,5,599
068b1dc78b1655b6d855873329532c0a590080b6,6,1,0,7
169099febf082b25fb8cce5e1ddf62b10481783b,112,2,1,114
61a1aaaeab30d7d6b78e504a632492d02f52e32d,202,5,4,207
bf125403c4781ae34e7de9803ad7b189aeab68d6,644,21,7,665
7f018a8034ffc5b41e029f3784d06e6e4a2b4411,591,15,3,606
7d55653abc029c18d45a1fba9ab5a9f778f7c80d,220,5,2,225
a8b4efca3375c78a95d00254d504b7613de5b761,5859,84,11,5943
41da31e99c72d7c424ba94a31c0c675dc4b4c79d,342,4,1,346
51757809bbc8719f3ab9ee4a635f7e1054c11aa4,2875,36,7,2911
da4843692a62f3eb06b5f82709a78bf6735553ba,236,8,2,244
02ecb25d29a9a8b541038d83a9375566a3b81ffc,315,7,4,322
ae95eefd0bb2f8992dcc28a48bbecc4a8fc11a69,233,9,6,242
ccea4f7eb2fb0dd8e94450a65fe68849feeb071a,690,24,7,714
2b1d2b4dec2112eca8e63f96d0308a5b0c797896,110,4,1,114
ee07f34e524a277a0f7684e675a1d43ba1ab395e,3,1,0,4
bc810ebb602c313652d0066b6a2d6db2d163fcc7,213,5,2,218
d580b840d7e627e4a0b97a55e04e8592e554a1a6,1219,23,9,1242
c0f3708f8a2cc7d31d46dcea92512df12a3c2a84,309,9,1,318
7f4914f59a5130b6459bcdeb8c3ecc61d34e22f1,722,66,33,788
826aad8890363066fa9b5efbdcb489d99abc8e07,887,14,2,901
f57509e8e6d51c79752ab66af768a936e7cb725e,137,4,3,141
b8167296b13c8ecb0b035f5495d65039a3a86105,80,2,1,82
b2added7ab098c4f069744795c5180ca90223479,163,5,2,168
d3a13506bb88b3331947e746c1f123215b300264,10,3,0,13
71137580a2ac659d7e31122ce436f21399f654fb,17,1,1,18
022b79dee847c5b292cd1cf72fcac6e99a53addb,575,10,3,585
6e0b1f6577a011e194295b110869acc4534ac5af,237,11,1,248
e0a846cb7cde548e3d8d625c8c1159adf3968f30,678,14,2,692
dc2b2cad63967a82f4749158996696917945c3e9,6,2,0,8
f441fac26e7ff8eee669b0b26522400aa1f2faca,112,1,1,113
2f51d245b0098ff000626181411aae93ae8a4c3b,397,6,2,403
60ebc23f998d282a9ca1a139f7589f0e3336393b,193,6,4,199
88b23568c46fa704ddf08591a0d6d714b3b8dd66,66,3,3,69
00cb1ad7a3420024b2a4ecdab58d1c1056ea35b6,102,2,1,104
0f55d76762dfa743d42a99ebd45de27c0d2e6c01,1869,59,9,1928
1d4db11e4c2a0ca5dcc32573eb926b57004c112f,902,11,2,913
3ac680f5bae0c48a4740f935d07ace9e2a4d5049,956,14,3,970
f64fe2c5ba1d52038920ee56f42738d0e8a5eb0b,248,9,3,257
6b6d82a3725a7202ff1effdf905e2463b084cbc7,29,3,1,32
38f658f8d63761b26e9bccee21c873860b61f4bb,75,1,0,76
8a9f8bd19ec1959b87505b756cd8885f953165d4,4,1,0,5
54e3aa421927c3fb07339b1ca769f2f1e21cd4a0,2087,26,11,2113
6c01d3e6895fdb4408938d17f19440a4fb94cc08,76,21,11,97
c165e6472ba5ab00594f0f7b6bbcb5051a5b6ede,22,1,0,23
23a392a6dcee36c25d1b2c6b4e6a556a70d20fb4,159,3,1,162
143f7e341f87fa3a5744ce9c62cb60ebbd13f9e6,351,6,2,357
d0c155fe43d772f16c25af632e9855bbdbf70b93,2,1,0,3
9a897835d59475911ed368daa133b8d8fd39e5e8,237,7,7,244
ca40049107ac252447216badb1a78f75e4f6d8ab,233,3,2,236
a65e51c9148cd765f3a58b956e4e0e08ddc7a201,715,11,4,726
4e6cd2ce04e3c2c28e1578ed53076d176403e4ff,139,7,4,146
8212bf47faecf74f0c3439b5e75d549b1238d3f1,53,2,1,55
05344885ea11dff7be3b1b426d52f42e0c7d7768,139,2,1,141
822c743c0f46fd1d293da91aa9b2eda77e98b1f9,33,3,0,36
aa63af0c7450926524350f09d843c8e7630d30ec,13,2,0,15
50cd0a853a7720cb5970fa354cf9f4916a094a8b,76,1,0,77
7b5ad3332d71da2c70c50423e27623a2447b8b42,64,1,0,65
4c7caef2cc21c1cee77b8ad5fb6a319b98abc1fe,5,1,0,6
f88c87265f5be809e00ac82ae0a2938c4bec082e,2,1,0,3
794ce4c7f2c423ed391b08c25342c1487f41c165,5,2,0,7
25080adf68b5b8aa13c099b9d0969cf32f11c803,1,1,0,2
55a4cf58dc1deb49f5abfe67e48517f305c29554,334,44,5,378
2f64b7a96b5ff3cc2e18fdb850f9a6f65a962d1f,1388,36,10,1424
9231c3ea808dfaa416861846fe955add623c35f9,34,2,1,36
0cc02971f67c385dc6d69365a8101a66ad75a3c8,6,1,0,7
e7e34f0c3bcf080bc3d0da9b3e72ee72af9d0a32,792,14,3,806
9e506965ff9bda1cd1145e92eb7edffa310e50c1,49,1,0,50
ecd5498e0e826238db6ea4076695ecb1dfef43f3,1412,9,2,1421
c6bfa69b009e4991b59260e30250fd4350b99d67,2,1,1,3
375132d270bc077cfaff34025508a85de488e592,1674,47,3,1721
6fb84ef6feced98250db596f686668445caf67bc,7101,46,11,7147
811439cf43b39e0b69889c4c79a808dc15c3cd9f,30,4,1,34
84f00937e598bd74ccddd4da3f1b85c3f67b90e7,22,8,2,30
2a85925f1705fbad36b5421c0ca5cf9de9a29658,2960,772,369,3732
757fba823b338b5b35d297637476384e9ef97130,215,27,9,242
54b7b403e44bd61065c8c1906f7b9861bd5e78d2,112,32,19,144
2f53ed4e6aa5321dc38eb2b40fb94b2bcc38da5c,465,139,86,604
9dcdd54c7c9804bd570f02fc8025e194ca2b9fd9,2639,42,5,2681
3f888afc03126ccae4e0ea36b630d84600dff5ba,83,3,2,86
6f33e5ff2338e6c2661aad407caeb32b537cd89e,1044,17,6,1061
3d9af5affc5f0a62ab9a8a01b2124f630b715a5d,18,7,5,25
0a1a1f38dd4e4ff4c8a79daf2d06db863f7338da,1245,401,202,1646
037354ac49fbe3d0dd53f85ed67fa242e4d35d6d,146,3,0,149
b5857399a9dac671ddaadd0cabfa246393af6a43,2,1,0,3
6b05d7f2cc9cc669a0b7f9ded06d1138c111317b,137,4,1,141
ed1e06fbc54a9f2d8055e59d805fdd618630e876,379,8,1,387
3569a02903750d019c0f685a3e4a0d154b63b00f,283,5,2,288
bf88f0c168d93cf823e5e8a677749517cea88b47,36,15,7,51
859c0629b848f1cf1e05a0665469539a877a5b43,4,1,0,5
50776f58a14486f5e2e8d2052515b4557a99453a,7,3,3,10
4b8c00f3598de5a7d6d026fc438963985717dc70,141,4,2,145
8e99cc5b5baf21fe8b2a1fdfca25e2c523889ed4,51,2,1,53
5ad8944992e49788828e915a8d068f3706616f9a,5851,64,23,5915
821834948eb87bba64a623add103c33dca7e24b8,1152,11,2,1163
4bb210d1bcd97e037b63dabd7e60b2d9c8567acb,2,1,0,3
8c5a39e27a7ea14d2ab20ed331f7a60e0e01c830,28,1,0,29
6ddb17fb9e346f085d7ef981442e8b62d09ee3fa,229,3,1,232
9d0e2ddff2708a0f3eabcbf586832821f90600e9,420,15,2,435
43784d3e9fbc231ea7a408177daaa02da231c6aa,59,2,1,61
8065fd9bc71c1a351d68ad45a18ae7768bb4bd7a,1073,25,10,1098
3bba34ad61086f71d3846d80d14e5b8d9a3570e1,79,4,2,83
6e9a6d37d86b4024c113a6e584d188c2bef8ce9c,531,44,18,575
d24d8441d0ac0fe4e6eaca4f78a415f9e60a7859,26,2,0,28
a77ebdd101a4d191ea60becc2af12e88e214af71,135,3,1,138
895eab28a721e57d8ef65423af0e71d73c058c3f,197,4,3,201
d1c3517cae08c89f771520302ba878aa29fc1cb9,1,1,0,2
ab3170c84edfb35d959d34964c92ebe880984664,2,1,1,3
3a2c5596e39e856f1e52c82556875ab130428b82,4,1,0,5
82137c25861bd7c83873306a0613e38e66707dd2,47,1,0,48
e5a98aaef063cd3e5553bc78879433511a67f467,7,1,1,8
3cadf45eef31d31a23928aee6af508406c305e75,2298,46,21,2344
29ef5c819e605b1ddfe7716b0645a25df0c08d9e,112,3,1,115
0f00dcdcc6e19b74efe20807adfa1413e26c9551,4,1,0,5
4fd6fdff4972534e11e244fc0049e275130966ae,36,2,0,38
e5dd754b054cab2c3e58b6087d460b61d8c94575,2,1,1,3
9215b13a03113db84ab65efdea5cd53bd7c98551,374,2,2,376
e345ce22783d07dcd671e8fc6471711d5ad28187,675,13,6,688
fb2f608005a29e9a558942dd648bac771bc44830,1513,10,2,1523
50947ba7a42ce6912ea944d1dc12752bcd9f333a,345,20,12,365
ac1734457f4ff9384340751164ec51d473a20151,67,3,0,70
bfd97f4d9d24da0ba56dc2384734f5c36be6d754,1378,11,6,1389
a6d3f52e41dfe602a3654cc67c59f460fd0dfd4e,3155,37,21,3192
feace547f83181853ca6db8626ab9ac6d372eb83,1201,56,1,1257
f5e5bfc3663c12c322f3b514ab62e2e3c32c73a4,333,5,3,338
902a94991c083cac2d829ea5464c1b7028d44c4d,89,3,2,92
832f7414e336b85b497e9bbce235dc2d3e21d78c,1030,19,4,1049
a75c2f4ff21e1aa06558282c9965ab076b512cc8,2386,58,18,2444
1b940dfb890b7398940653009af16cd7ee8fa19c,82,1,0,83
73549df49e5459da1434f9a69cbc2c2b6faffd74,2,1,0,3
0ed8b2ae143765a7db0312833e95e061eec89aa7,20,2,0,22
2a282429154676c3d9b9625186a77574ce368796,128,1,1,129
f94a8b2dfb0aba17c294d72e94f12b9da4ee76c7,4,2,0,6
32986571b98ba2ae2661ff68dd42ee3cc27d0ad4,754,9,6,763
cc67aa1b0b7500e4bddbea459669c57af8b03193,6,3,0,9
bf965ae6e0ff54f4835ca15aa00717ebce97f4c3,116,1,0,117
60485b144e8e6cb215049c720edab1ea86669951,315,12,5,327
6225222effcd901400bb0a9df26a565dcd33f563,271,4,0,275
9e214ee8ce7b87780d904111d359c74e90613e3f,5551,95,55,5646
40ff26a905f69f6a438f7507cfed7cf624fd26ee,582,5,3,587
5e3cadc9d4cf4a6afcedef02112a9f7228ce78d2,989,13,3,1002
a025c1a62750459209e9817997e8717035ff0fc5,2183,39,5,2222
58dc6f322bfefc199c62c3dd14b429f6de22016c,22,2,1,24
d4fccf30fe03172874960c20e29df4eec6125666,24,2,1,26
22668c77b38b8f28384972ba610604de942e748e,29,2,1,31
8c80f549a00bfd2993fbd6d28ca4504dbfa68ce9,430,6,1,436
ddfac5eb492925dea964a4cab4cf03ef58c540c5,35,2,0,37
cbe58f46ac05218f9ab7b7455a1dd32bba14b385,111,6,4,117
9d2824dd81e14c01a4e325e2ffe28f2608e2826e,661,27,14,688
84edb3dd3b7140ab1d8bcb6a47456f632aafdd6d,357,10,4,367
ee5acaf0a3a4fd363e7da2d04a0ff1860a2254c6,88,7,2,95
6955ac291352dd67c1f84a006cda512ee54f38bb,54,3,0,57
5130ddecb055a1ba1bbb63951c1ecb51c311349b,6,1,0,7
41e8a93f4991278c94503c186b60cdc9b2776fd4,43,7,7,50
09a50e0ef3a0ef03ab5f87b5b65e26d7c07c60cf,30,2,1,32
8c7a76ef337afc59b7982041586e288d5f010a41,4,1,0,5
e0c10a7082e62f176f5d928a32ceab37ff2220ee,2,1,1,3
4b3d155f4f38f5cf0d520752a440cc43ebfe42cd,145,3,1,148
947937733cc7da8d9dde81c38570aded6b57008a,1292,22,4,1314
b0c5a15e91a64bf02c9ded5ae4eb051ff6a3215a,273,4,1,277
01394900b36d5ae0ec1d23486cf3b7940b6da9be,915,12,3,927
09717684fb20e53afd984182da0acbf62eaf7dc3,167,3,2,170
b2089a6be789fbc8e4fc86e4125872e6456bb3d0,338,2,1,340
b31e11b1ff33ede81cf5bc810f7e5485b21f004c,148,2,1,150
e7d9d9999b7f9bea9a288ae9c2a8556a9f4f2771,12,1,0,13
d3fc970cc96b6665303433c2ff3eacb58fb0ed51,78,2,1,80
8e5f7797320a309ef84e7e9c2e9f43a94226ba30,16,1,0,17
f809525f31ed595b9304b9832bdd92fe1b9de984,33,2,1,35
f5fc261e693751edab2fd25a301090ed47212ea6,2,1,0,3
d3c868670252cd44d003ae1ffb31cad857674c4b,12,3,3,15
e9aa94b0370466fe3488ce29420234a1fd3cf103,703,13,3,716
a1c95611fd565b57fdffc4a4c9d17e833c6d965c,22,6,4,28
da2ed147bde7ec4472c4d7701b4a63c9cde3cec7,50,4,2,54
6b716bb0a97c5407ead6a534351d8a4fa37b6ddb,330,4,4,334
e3c09bb36b8193ea0904be6e3b858f1fb0839410,1208,29,7,1237
a72373505422546256b11cf0d14dda546baac9e0,2,1,0,3
f15156375da16bd960bcf0c36c96bf8f26398ba7,278,7,3,285
7dd45dd494d5ff2bfc63c0a53bb6429ba9b4345e,3933,36,29,3969
c8a3b905ad6585c36d2bbb3e030162d09c72922c,136,4,1,140
4544651850b283eed58919f8c682bfab465e09b1,29,2,1,31
657c50abd806d7b811fee16a342cc650197b1e75,8,1,0,9
b7682cc9d49fbaa8a7392f4e41ce2916a23481b3,75,2,1,77
2026b25d87c1d01dce8e33b2dc3d6ae5b3af9df5,959,16,6,975
1bd45aa52c20d3fe89e719349051f52f9e4c1ec0,13,2,0,15
5f3a4ac8faec5453dcf262ff30a1a43983fe910b,159,3,2,162
d30485e989621e55a4edc8d3e43fb8c0a448d811,7,1,0,8
847537d135d91d73bc182588b750e8f1fcd5e478,436,12,4,448
9cf09f681e1e9ca4f978312ed1eeb94064b47d3a,4,1,0,5
b4bdddf1504413b5cfee08fd007be0a020932168,826,10,4,836
c3a2deb8f464e4547f65164d2ad62b10854cb199,4,1,0,5
1873228a8b63b2347e2dedbd2c042ca25d7bb7ad,44,2,1,46
c90a828490828eb2dac548d0ad29781df519ce0f,42,2,1,44
10f4d95076e2229fae9c6e7b2d1b42700623c88e,766,23,9,789
974fb5a28541f732b751b043998b0c17f5288bbb,181,3,2,184
35feee3a34bb9da807456eefba9b3ca7ab965766,10,3,1,13
22af51e366acb4721122fec4249fac215234dd42,614,29,19,643
541391474ab675120be9757943577a8fac517861,489,12,6,501
7e0d6568c5ce20e98c1be2949c36baa34170f229,1763,33,9,1796
1e84d4483190319db7e26091ab97cad7343359cb,316,4,0,320
3485b929a03a975f67a3e7ee44a78adb013db65a,2353,28,7,2381
32d3baa50d3337087e806d3387521359f5618d18,476,8,3,484
be38229c99dc338abdc93eba76e3d18471341fee,264,5,2,269
a15a25aef132c6d712d7f5d3f7dec8caa35cfe1a,490,20,6,510
16a70351348aefb726461f165b3649fe9df1258b,166,2,1,168
385ff655ece40d0637c016daad28fee8ab0ddee3,1565,13,4,1578
bec7f310ebfbe47592e01ccfaea14ef099b74d24,1323,30,0,1353
1336f1bc454493e102f6c2acecaa03e511d8eb45,15,3,0,18
c915ceaa2d12f73ae653f894d7159176aed7f9a3,635,6,3,641
cf15f48b883f943a9296ace3766088a752469b01,9,1,1,10
87aad40d231f22da700a5034cb82967202eb5a6a,120,3,1,123
a95bd9b5ccce8d70388166442b63df0af54cbaaf,790,12,0,802
832cf801301f79b7e904b004e33855b105387982,117,3,1,120
11d9c89c4a7045b23fe4c33d633ff0266285ba8f,34,3,2,37
6ed72a509a3d9a2a6e8d7784ddc4dfaad0411731,57,2,1,59
c95befa3fa098df9fdc6d2f210b6983ef2e133c6,7,2,0,9
1413af0be38372a496dec03339e1c0f8fcb04982,379,6,4,385
b6bd5a3855bb2ad4eb3d8791bd707134cc7d2b28,3503,45,10,3548
78f5788af5e00a1e1312aa462a2effe041e75de4,57,3,0,60
40377b109053d2e576ace7c612bf006aff9ef76d,149,3,0,152
d03749bb5239eeda05e7a2d228619a9a2b81c536,6,1,0,7
0e385f8883a98c0a9a9e03b715c10363198c8999,9,1,1,10
b0d1a4f9c421cebefa1b76b5bf963e15cd33c513,2950,51,0,3001
9e99074f2508a39a6008e2b8275dd247ed4d5743,9205,67,6,9272
dc3ddf086dde8e1d1f613270b778419735bb9648,10,1,0,11
2fbbb676386515ea881e4e61f08864d6bc93225a,5306,841,296,6147
f90bcaac59782639c8dcc54ec3ad863c839b080f,23,2,0,25
236f30bbf2c82225f5d26ad6bf69347dec122479,172,3,2,175
fde65a6bdaa782108ea50b2bb746a9980aa5b680,1370,12,2,1382
f55901d3de2148227b102e5f5260bc637617f261,616,9,4,625
48700d96b3810603af0b1101e642ee1af927972b,84,3,1,87
5f0e24237d5da5c95f89270679ad01b9d419b7ab,502,6,5,508
69c5b516686924834876d3f52d349ac1880b20f3,91,6,3,97
071bb4e40d00f9bdaa5833bf41a8b6ed3a32da7f,973,109,32,1082
c7aca283e1a6419134728f26ca242176594cafc5,1153,23,5,1176
b7d637b3aa816a30f2f5cec84dbbcbd7bd48ccb4,2,1,0,3
1d7ad0db88704941eb8ade3ef1e5f61cc6baaa2c,36,2,0,38
3006dd80d80e6996fa8cfeff708d4f8a71cefac6,149,4,0,153
c0ed2f616c7d5d8caa370b77d52926f2cf1bf080,120,6,2,126
6c69aa31edc8519fc3dfcda735afaf85e40dce49,140,3,1,143
3dd359b38d1176c9101d3887c90c51cc8a95d85f,297,7,2,304
ed0767d275ef6968ae083b9e60e5e4577112a6b5,1453,21,5,1474
0aceb369c0097dadf94fae75456521baf678005a,231,8,5,239
60f38e6ec084b0dd6e666b3554a140804d6cfc71,134,3,2,137
bca631662506ac5534bc1e0cd3020ea24e74485b,11,1,1,12
e730185565a75fa338496814f0eaec1d1315d7c9,529,5,3,534
3bd9870f1f860fd7969982a72f4110804e1fe89f,1789,10,2,1799
b8da6564ce6026bcbfd13770f55f94c5030aec8b,2772,46,15,2818
d49580e22fb8e7fe949bddb5c08669662eaa16eb,169,4,2,173
91388a3fe167ea5a95e77d53e010160e18a463c0,2610,11,8,2621
b11a868a5803bf383c06a71c0d3ac368ab33618e,356,10,3,366
afe179323fe42596ac3c0a85222b5cda8ec90cb4,268,96,0,364
866d7575ffae80f809ab976edbfb764fd32c7edb,697,13,4,710
1ab806707b503c12515cbbe1f6c3a43d11f04eae,697,13,4,710
5cf15fc1b0e918d64423c0ada80f0c8927fc2df0,51,2,1,53
1d550a5f97db3ec775146f1e6a8c2a8e822225d8,10,1,0,11
29bddfa25edbe727dbe0edb123090a8ca815fa0a,90,8,3,98
e1160978fb8c34813aa1111a2ce295ff90daad41,15,1,0,16
fe77a25f3c7aa4d10a6c6a56550d501995624bc0,693,13,4,706
dfd773ccb1a2704bdd7a47a13acd84301de1b217,31,1,0,32
3cd8d903b6fcab2e90394ffcb5dad21477a88b6d,2,1,0,3
02586bee3aa655c17a12cc4f96ae927711a3b108,74,7,1,81
9b8e9cc384ab92d9811e158344516c927ddcaebc,102,3,1,105
aa4e8f7e097a93dd96c1d941eb47a7972c18537b,10,1,0,11
0ef1debd2fc9452376a9e1ce36f0a9a945469783,13265,140,24,13405
1ca486eb4b5a425e4721f3608047511412aa22ee,179,6,1,185
4c993fd539ccf52c71d40e8ec60c44c7ebb10548,3,1,1,4
1e38bb71ef00d1e49a71822ba5a7c9b40bc0ed9b,66,2,1,68
81dea4a9815b326b8c6e435e1e07db43871c3c40,4,1,0,5
6d46262798da23965a619455295d3baa43753d00,4,1,0,5
cc8bbdcfaf35a41f84ad176dc8914003bccc9220,249,4,2,253
c897985841e6bd5fc605dd0f4862559d23bf7c3b,97,6,0,103
2e8d5a7c32b04e43ae5411d9c39dcd5f7585c343,595,5,3,600
9ee56507589ce0a016c3faca140ab05eab5f056e,3219,118,53,3337
03ee85695014ff6aaa87e256d330d32342d34224,99,2,1,101
cd87fbd0ddac730ff2b2ad00ed4c488c875b06cd,37,2,1,39
76613b48e968c5cc60db6757649b42ee054aaf28,212,11,2,223
5fe4b38e335f3f07f7cae4b5877b8726eb5f81df,1845,32,10,1877
f9105d08ba57d5822524a39cf70d4e7aca05d7bf,3,1,0,4
2dccd76cbe6ba09ba1228429bd12a2e40777bdb1,3537,33,9,3570
4a57f7d5caef29a9ac84ecfee542439404339c7c,15,3,0,18
77202bc1c6467ed6b9b929c136961ed661c968ec,3058,137,109,3195
b799a0875e6a04259c9483a44c7087c1c21c63fc,118962,1084,4,120046
83de845a21200b4fc786eb7ecf943a5114393bdf,171,5,0,176
9a17f4a2e29e7f848e9c1f6fd480ad6ee345c6fe,78,6,3,84
45e525865c6c93b999ab5030d7568add0bde96a2,184,3,2,187
3f54fe046385ac771dd949d819daae0f792b1370,16,3,0,19
07e4bdd164c79fc4de14cf10104ef72385d387cf,12,2,0,14
f0ad15c36044b40e53cb45ddc27c27dbc16821e2,159,5,5,164
bd3543eadc509e5f9f16a3ccc311ea860a65db44,230,7,3,237
33bda0e51ea35d3eb47d48d722d5436bbc91196f,653,4,3,657
1b9fe33740c31b6947016230ef50ae5bce88bad2,164281,696,185,164977
00b1159120009fe27dd66f52b02e3b6176372418,29,4,4,33
da22909747a9205b7097b2ab0b2b802a7b986a4f,195,4,2,199
c5aefa346667132e71883943dafc6bbc755b32bb,66,1,1,67
3c81eac40ce7c2192c2314c1dfe9d949228ba1f5,228,7,3,235
65e0ca879975d7aa88d9d94dbb19db1d8ac9a39f,46,15,1,61
061018fe9efc6552901d32aa88f480a4fa607fec,7,1,0,8
b79f9f585ccf1fdd0a9870af2bdd88d4b5f11abc,373,7,5,380
f3eff27856cc1ded92d92f1cedf15a870d93a93c,1080,11,3,1091
1cbcd0d64347a976e22c6ead2f2898077cb1f1bc,41,1,1,42
00217f7f9f51a3d0f18aad355e1aa866f0781c2b,1110,67,9,1177
30e45b9d432afad128f28dc84958c85f8b05edf8,1,1,0,2
e18016b79f928e1e7adb7ed185982a099f2093a2,337,9,1,346
4e37baa086b3c58fec4216f2c4868108773d0059,6,1,0,7
398681a2599deec588104c39ddd268027c078ba1,159,4,3,163
ef26474574bf91fc0688b8d179191d77dd66431c,130,12,0,142
07cc371e46d06fa3c8ccf7d81deff330f1e42a44,270,13,1,283
ed6e8cbaea7754db022667dc9be37fc52edb2698,57,16,8,73
f28fac66efccbd0367c311558ebe93b45ba56f37,170,5,0,175
ec94d35c0fbdc8c261c647a97d6debd3eeb5e00d,23,1,0,24
e7b874d4bc7cd41f113ace9826dfaf78f759ec5e,202,6,3,208
5dad37d3e0041a3fe191db086a85aed483db6f4a,17,2,0,19
ee7d1369e4008c346c06bad46cb4c2261dc976df,130,3,0,133
b9e1f989591b74eb615fddcb64a0633fa2037426,13405,47,20,13452
4b8ddd9bf4b7acf12dc05c1c657662b821f6e42f,29,3,2,32
43992aaf8b9988a5ad25a8fc2f5b6ef6bfac491b,31,4,3,35
1f6641d582d7919c12d61f61ede18c8e45c9e012,24,1,1,25
674841e14bb6d872910d2e754764119d10400846,1114,11,2,1125
08b4d5bc2b3eb8c52b7a1fc9d1242910fe5b5d0f,187,2,0,189
b991e3b60f83fe399e4dacb4b8cf5dce99e24e64,1178,23,4,1201
79031e59002b40d2a8dc0cad43475ce4b982adcb,398,18,5,416
8d6a636b795a860974a7e86d3e2f54e9295616b6,4404,11,2,4415
5e9df2ad4ea9c6e8276a672756edcff872fcf226,193,6,3,199
054b7916261d146f8c3a08fb5bcad012a9cede6e,127,5,1,132
9f4ac43415d4f219d0e48edb0030b93d6c7d6d53,653,6,2,659
b82b65050c50e8820bd1480a38aefb2d20e4b0f1,375,18,15,393
c4e444b69fce7216ea85326d99abd436076363a3,340,11,1,351
6ff4ac0636da0af89d0f56a417030948b7b5dbee,1495,38,15,1533
6ca1944d2cb6c2b670a10a06b12a83c470061a91,6,1,0,7
3ee23000b581e00bab5da3582780c9204a6b238d,6,1,0,7
691e84f4a7a4b99923bf65259388b287f32de51b,2,1,0,3
3cb71994e4fc22c34337658c3b5c24cb9ac0d7a3,54,3,1,57
cdb5500e8aa5e1484599319d2d86d1ad33015808,181,6,1,187
06a234821b0322acbe4c8c359c87540e0f99c8ab,342,5,2,347
ccce7be1594944740ef9b4076ace5d26d06ab8cd,416,4,2,420
525d4cf6efdf57653c2587007b83647b88e8071d,31,1,1,32
e44b7b3d2b09d3cd52878150455f31c5de637dd5,501,21,9,522
87f43b03d73713a34691bfb4c6cb082a5dd7b71d,775,10,5,785
89c01b78f79b15a6ac1dbb1b90424f4dab3d82c3,44,2,1,46
f4b30f7f1e736845ffa8eaf2d8aa171700a928eb,648,20,7,668
d8f01c58fc83ea83856034afc400c4118ff550c8,216,3,1,219
6180cbe96c84f16e745d290f06357ad33a16629b,176,3,2,179
31a45bf23fcf5384364f3c931a24d282954af19a,400,6,2,406
40179116ab85446740a5b7025cd6cfef05bdefe6,1997,28,4,2025
301b5cf948c3f2c583404181bf469856ef31b679,163,8,2,171
3693e41326547e847b20bb992e6dd384711c9478,59,1,0,60
81dd397c2e3856546db30a09d8ad01d653dbb691,2,1,0,3
f1c00372875a3eb13d592fdcf778115a8f2801af,2671,38,16,2709
426866c618f0286fae2d41f9fb0d2e0b7495ae94,2,1,0,3
baf8c673c41a1790ef0a244862e6abfbd4eadbf5,243,11,0,254
7b443b4698628c808e9e0f2810b19b021da5b04c,1870,24,0,1894
974f290d426af1bdc7bc5e78c9b4d93508735378,1856,12,3,1868
38025ee4167f05eaa2d6a2c5c2ab70c83a462cfc,41,3,0,44
04ae61f668b65a6f7881f090c9481cdf3ccad25c,176,4,1,180
cc04d0705d58c9f7b4fb293b2db303d9551ca44e,16,2,1,18
74749b513639a85c37e2f65a37dc71a2575ee510,707,16,6,723
e76ed0340db5723f6089986892b823a0b06fa3f8,103,1,0,104
d2ece7929a22ad4f1da3abf89036d0d9ff849dda,491,12,4,503
943dfa961b9e143f1848700b041ddd5dd396688b,4,1,1,5
258a75538fcf15a94b42eb1b32a713f97dbd1917,118,3,0,121
466ee59369aa7758f9531bf52b69297953f2e6cd,297,5,3,302
db3aad1cc2e0be8352c2e5ba3351d4c839e5f38f,14,1,0,15
3049b3ca98d46414e99576726c3c54fc4ecc628c,3660,55,24,3715
589efec218110bd35071b721aafc0b5869534c54,301,9,5,310
ca016055ebb7f3fe2fbae76075688cb9eec3f791,379,10,5,389
98ca3ebd07ba98945f69c14524745ececf39a07a,229,8,0,237
fd504159bf5bc1603dfd5eb149ab5d998d3bffb4,1667,86,2,1753
0260ba0c8fa3be6ddce9efc473f45b13d11f7784,1205,37,7,1242
23cecab5a8846939dbf12ddc62c763c0b1ffa320,347,7,3,354
eff5393b8b09985b4147ce8022411ea8b11515cb,138,8,2,146
f60771d7477cd4fcc8530ff24cf8f8d2561b981a,50,5,3,55
f0d9b03276bf3fe080c234247f2e0ee3b26e79d3,3,1,0,4
42260b8efe67887d1f42393380f5ed79240c2423,378,12,1,390
513afe4dabbaa1c2853a76ff02e58f4a7db01076,68,6,3,74
ed867633bf73525f25867c29603080f46cd0a4f9,130,7,3,137
c00757c793aeeb9649ae0117f00cc346cc5cbf0a,222,9,4,231
68cc2827904e5a93acbd44b4093c72f613ed90d1,55,2,1,57
7ce718f6e01893afc59957b1014c472a5b15f5ce,102,1,0,103
9590036394f25fdba76d9bd7e14e3ad5037ae6ac,294,25,11,319
e322d375156adf9e84081bcfc510877603e3e883,2482,37,11,2519
c68a398cd3de16488634f1d3426bfeca054e6699,38,2,1,40
a07ae80a429ed1b802befaf2cf49337f239d1248,204,13,5,217
6633df5d2fa98714dcc377f38f7b8e331928a3ec,2438,27,9,2465
0f208caf21247866117c33d1f085b7eb542c497a,1344,31,6,1375
69b23b84d23a2fbbf7a4ec9b0c4cf4669cf0e5d1,1889,16,6,1905
4a6e761f8b594bb29286d67dcd18d18eaedf7122,9,2,0,11
16e1bc25216e00834ffc38dc0a0444097ae651a1,182,6,1,188
eabe50d90d5db2d363da36393cd957ff54a18d90,23,2,1,25
f37ec9eece4db627f2d5190e589f0522e445a251,263,39,0,302
8a4e035bd98c5f0fd821fd410cbf62d1aa698fab,5064,45,11,5109
3abf76225475a0d77e55086ec9c82c120b1e9d42,117,2,0,119
d2a1f36f8f2fa7654a7a537c7cfd5ac18596a848,2781,27,11,2808
d18a8f3612c645ea236de4908b7f9971c0680636,1846,10,6,1856
cfeea6a2a616bc16a6b077808f22a753197a12c4,6,2,2,8
d8ae5be060a28a8d72b974272968b68168b2cff6,1,1,1,2
3854fd1ecd44091be3bb509611a8d0d81b531034,185,1,0,186
89edd5603cdf2af7136093b0e0f1873cb9ab2c06,11,2,0,13
b0e34ad0086831b96ff1bc95d110c5e4446db451,233,3,3,236
a9561ce78b0b88f5b2595cff14bb0123cba2dbf3,142,7,4,149
c1c7f1aaffa173965132a02b7275c3a0d9aad909,68,3,2,71
2d2044a63440e9b9d8495f35819ccee26d8324e4,29,2,1,31
f45c470e12c6187afca16996d9c01ddb9fa79869,614,29,8,643
68994064a0149d64f875d2734c88f58152b1e720,4,1,0,5
ee645bda324771d4e24fb9670fad4d7f51fc6c34,100,3,0,103
997cc09a4a0968f0ead6a15eb282bc2e861f81fa,29,1,0,30
d2cd98bd49232bedf129c17e27ed0b3da5f0c3c5,711,24,23,735
a24f070320a22848389258faec431914875fbe45,51,3,2,54
51c22d9a363360f39ee1b956feba677eb4419238,290,4,4,294
f9898b2d7c17d3ab40940dbfd46cdbcae68d5698,26,2,1,28
eea0ad0d02e34ba4146e0c22dda2b2431fa3168e,882,92,26,974
283efdb1b60764e7e8cc4a141416833e4c1ca187,875,14,5,889
ed38aa1716954e7b3b7cd4a2c861404cda6b2798,66627,669,0,67296
ae1b672b3b9d93d1b37074c08ca1b35d016fc88d,2,1,1,3
406144b33df3526a6055356333c158c8f89a38ce,1082,22,1,1104
7e717521bca1748b3253821e5c2b29d80edec2b8,196,5,2,201
222d649bfddab431ab3c414ef720ff54c2810f82,433,16,4,449
56fce1e16f50dabe626d0e0e97841483bef469bc,428,6,2,434
bb5dbe3c4a951bddd17f2ab9094ddd69b1779cee,15,1,0,16
9e18e0733ab9ca5480ff71d3ca22c7754d877f17,2141,50,0,2191
573f278563c71baa1269c35952d9e45fe5f15099,2,1,0,3
de01de1e7ea791e004043bc54e0dd89c54d9e28d,83,3,2,86
b073456ab9125cdf9e6e559a3bfc19ea4bb27e1b,101,6,1,107
1374df7ec4e2fb1b1524061904b48552feecc70d,66642,669,0,67311
364b0379b57f47606c9542440fe4a24033c3a1a5,150,3,2,153
073488ac97517bbaad9f6b94b781fc404646f191,74697,670,0,75367
5009e8c74a91ee4f7f25ee5ab20eac6dd0501b1d,108,3,2,111
e302fdb7f7386e15e711c0f3de7bd1ad3ec84667,760,9,5,769
51fe6dec2972c1ea346954313f4257d005a79e98,369,6,4,375
2cdd2d29bb4fd518662cc5021a49e34811fc36ce,10,2,0,12
c64d5912cb30add9318c339a955ec8371b4254f0,3325,33,6,3358
29879964cd74ce022bad5c59b5c6db170f19e822,408,6,4,414
1cc6561c791f7bfee8c4a5fc55258d17e6741884,23,1,0,24
a2fa7ec3ef19ce1c32c7a111d349da00e5c45561,32,2,1,34
88b5f4798a4a2ff3f5c1e7c981b7927a8a06854b,129,3,1,132
636227e5705f1051647a081e1705589ec9a5e707,225,5,3,230
624218802692630cea1b06ad273486321e931902,1559,143,0,1702
9ca80493ea15cd2d6a677782d86fbb582690ef5f,9,1,1,10
4e6ce5e16ffcaecd370d9afad77bf9dd76cff749,55,3,1,58
d928fb8576b22dffbfce90a5541e67dc6cbfe410,790,13,0,803
9e8da702068b1232789f8f9f93680f2c6d69ed16,28,1,0,29
52bfe7bda3507b1172134278c2f823bf3b58088b,2469,27,6,2496
7182f27bdeea94844343d92ced52f804617d0890,8456,91,0,8547
16ffea746c1ad90ee6965d2bfbeee8144566c0ce,526,6,3,532
7399ae64972cc097c48769cb5e2d9622ce7f7234,33,10,0,43
0eb9b03caaa918745ba1bda741bfb26a00fe4276,1284,21,6,1305
9bdd3a8db43c78e58d687c35cd79cd4c33d6bc58,207,4,0,211
49f4086a2b97857bd45bea107510210fcab72cdb,175,4,3,179
fa9c483861d4d221b9d907f4e993e45aa9ed9d1b,2768,21,9,2789
08475e237cc12590840a42504082976f9c0a1fe3,47,1,0,48
25ae91de9bf423dc4309fc31083ea9afa74f7433,7,1,0,8
9992d4b3638f9d47aa8162f5afd8e898894c3231,4,1,0,5
fe4829ac1f565f78097e49b50027ea945d11b2c1,207,4,0,211
5e37db2f27a02b5c31c8b7a76b18f42e9d243111,8,1,0,9
1094fff4df636fec1c807a8572597c5178a34b32,364,12,1,376
c1f92d975b9f45c81853431bca08b24cfce75265,914,19,6,933
a4addc8a6b212b2178e4bfa418d034d865454fa9,336,10,4,346
32cc93f365d7e7317772d7f1a842453c93dc09e2,18601,144,16,18745
8f824ca5822d4d7d0b9eb12aa726c32a56776bbc,3,1,0,4
3db17612d7c433ddfbb404f92eebca6dd2f4fefe,293,5,2,298
6534ddb4a26937b4cee7e5c213fa18be7f37cad6,181,6,2,187
652b3fc54800532a8ff44674fde907f4f113935b,35,2,1,37
287eb66ce4c838c054768cd90047d66309603ffe,358,5,4,363
6f3d6336e1a1e068632cce05aa1973905d5873ce,6203,55,16,6258
ff0e4cb616f331d042aa463621554e73b3880fae,21,3,3,24
12ab7e0de6cb5a579f7350079aeb53ea8706b0f2,364,6,3,370
faf4f467e964d478b3d99b94d43d32430a7e88f0,6,3,0,9
0c72bd21e751497d137c74c7e132b6aff314ed9e,956,7,6,963
0abf6fafe77ec447f2bfea1d7583a2b85b2ab192,623,8,2,631
d66e4405a57726be10ba80a3b24221f285ba1618,27,1,1,28
6d9785706e4a7ca0edeccc32dc6fdf34f9143956,769,20,9,789
557830a63b4ce7a7a9a50101c0424ca2a1a58ee7,324,8,4,332
6eb8f7407499fc76a4284d981d8aea5c5de45833,4,1,0,5
49199695ee4533e312ef8f24e2563ff513da6121,11,2,0,13
baf8b7d3add68347158a989be1b566744293ee5e,2,1,1,3
0baa6b700ef926b14ea71353db47a826a002e207,475,47,4,522
78f1043330e8c92fc330c1e851e6ce8c4f17e739,1801,19,3,1820
3bc59a892b3abdca2343968d81661eb58a565546,125,2,1,127
fcc76f65835b41cd952b5bfe23a897977e94b6f7,613,12,4,625
1da8c31375ca2f1334b03eb2840285b5071340f9,40,1,0,41
23b63b41fa3978e84e64541e0a215f695c30323c,2,1,0,3
b986cf6f2250858b92e4eda52f9269077659229c,107,13,0,120
f806b014c02f55490e09e01673aa729e8b67e6b2,321,12,8,333
8ac005f94b6f15a82cd7b9dc3b5ced2352e389eb,15,2,1,17
3e24202e51700a48e21774b35586a7fb3a50c8fe,7,2,0,9
7c4121f6a427f15af3083186bcb4e55ce554e5a2,1200,52,5,1252
ececdfd7b3dddfbf7611a71e2b951a82610296c4,22,1,1,23
6b14606f227bd11f4a876f28cc023d7358eb7788,7,2,0,9
d7364c2862713f9ea5f3e9e11b83e8125bfd96be,52,9,2,61
223074926dab0ce0508eb0c32b941ed4419898c6,77,3,2,80
cb7448eecf1ae05c2062e24d9c342d8ae9d92149,2,1,0,3
f6ba904a3fcb6cbaacc19001eaa2a7b71836fbce,231,4,3,235
ff55943167bfde8096b608b223e42d81108d7dfb,273,3,3,276
2a25ad92b1d9dc11f77834766f654002803938ba,308,4,2,312
071726f82e683d8f2cc402dda6cb3d9797697673,7,1,0,8
1734bc10ab9cd968d96ca2590af3d959ae7a835e,867,40,0,907
b293cd11259488fdd14d7abbc25f57567398b8f2,278,16,3,294
1a3fd112b02133892c7c95d4be607079ffa83211,114,4,1,118
d8ffc2b2991e262b65dfb9ee32fd818852cd5aaf,977,15,4,992
2b901e45266f934220f5500a5df659a7f682b60c,533,13,0,546
c30d1ed7b6f6abdade9eb12ca765b701a2280c44,312,18,4,330
431f7e76acf4b4a13f18b6f59167c68fc01e31a6,1376,62,12,1438
2d582586e1402fb9174f2fdad8ed4d677b3856d2,862,12,0,874
50a62d8c26d8ec5a2d930688a77927ba539886e0,257,8,0,265
d75bfd0f35d43ab29f9b280d31e9a0c3132da59d,330,8,2,338
37e2e450afbe94fe04fc2e6c520d1b79f2d14e5e,2,1,0,3
6900fc4ff89be2bc2dc02e5035870dfd888e6674,14,2,0,16
b8aca2a812cddf094677b9a68ae202da2926dbcf,34,2,0,36
965be312a340fb6fb9f958bc4fcabda0a5e4bc16,691,42,9,733
1b5d837c9fb5ec4320aca3a7e15ea7b56e34fdfa,127,8,2,135
a0acbb4c327a983ed092551f0dd3ef20405a79f2,43,5,3,48
635dafb7742673494efa6e8e91e236820156d38f,525,15,6,540
6a706b33bd161422e90d957a4b34ad7ffbd9dc2a,12,1,0,13
d3e5b7c11ed037670700eea75851e619d5d1b6b1,23,1,0,24
1654e9fac61842424c08d26a08ef67569f74746a,22,1,0,23
905dae7475fc70e0199adc93d8b1671f0a7c31b8,58,6,0,64
39793a70becd153d7773ae2796c9646a636d1ece,468,7,2,475
533a6365cece7896e6ade969f085ee41b690759d,259,4,3,263
52cb38c641620446edd5a1033a62205deca41f2b,3,1,0,4
2b2b07842ffc5512b0b1207ac4b03db887899862,34,2,1,36
417a1e0d701f1d535a08580c4e518094575a225c,8,1,0,9
0a8f535f3f457854e5c9624ba4b6d6df2b29799f,12,1,0,13
c508f3b101d23760ff10cc664fb6de4cb4b5de8b,111,2,0,113
21e5ba57db948c0d522f2066e66650c46185e7f3,306,7,4,313
2ed8e7c641f8b57986cd50dca55ff4e5026c9fc3,25,2,1,27
92ea7634a20bb5c7248e2cbe45930bf6b17a87de,40,3,1,43
ebaa57461e60f12426c5ae7a7d222deb1d77d3b1,206,7,3,213
8806703b407c69f4e1fe4eb23d2ea85226f42d9c,301,6,3,307
be3072ff278a2542e41d008b5379473867df3814,124,10,3,134
4d28cb5790547ca82a0bcd3d8ededc8856ccb263,395,12,1,407
ea97f8ab24a74eac75b41e41bfa33ada1ee269f4,446,4,2,450
15a5da500c08948ee081533af97a9f1c2c8330f8,48,10,0,58
743195f62716204da61b0356a3b7086eaeb4a595,116,2,0,118
006c566d6743d00c63eb816930b9c41f22e1e7a6,52,3,1,55
2eaabd94ef5e06a6e3f788aa6aa5114b4eca439b,36,1,1,37
f5dfac22bd79fd0f13cce9840fe20114ab718976,107,3,1,110
236bbb22bc3339d3d4b59b3bc3a56c2a0dcfdd98,232,4,3,236
edb736dcd8d1d57c875ce7de2b2b2b786d1f8d51,115,2,1,117
6f9052d6a117a2c851081946d5a9a9095c71d7cb,4291,123,16,4414
dad79aa6ea741d1da6630035ff24dc714b4e7932,2,1,0,3
77b90b1431a8e3a611e44497729b271f8059d2dc,11,2,1,13
897dca9aae523d992b1b550ced8eb7d571badd03,23,1,0,24
bd4fb3c162e17601fa65d108d553937366bb1ea7,142,5,1,147
338165afadd3b6979b4655ee2f03f3b9c2228236,2059,24,5,2083
77ffffc2e9f92eab3b77fdce85a9ea50579b7122,51,3,0,54
b4e46f3cbd482afc830c8ab06e6b15d6e23481a7,28,2,0,30
09d5c73c467acf13408d22ab4198bff6c2c7d229,3895,38,11,3933
50f43b48572ebd2cfd49578e425524bbd71f8a71,23,2,0,25
4ba240b6f41d4a2fbc4182e09b0cb497d39d5eb9,2,1,1,3
5230f394a7d381b7aa24bf4747a9d3f056e84753,8,2,1,10
c80f3906885f67a1a700e878a1629336558f4924,60,3,1,63
b5562df259e1547e4724c92054ceeb7f8b7d72d7,18,1,0,19
4aeeef2d15feaf7450264a480b3817a995e29b0f,65,7,2,72
dac370614be8c660601c881c2fc7bc79f9089df9,178,4,2,182
6c78963dea8ed6977681e99a9f7c7b2f63b29410,22,3,1,25
0de72a908eac64d274aafdb59dd2f5598d0c470e,1960,31,8,1991
c4ab185f6a361796c45f1f0fda01a16e28f26a48,6,1,0,7
69fd978eb82061196a231d2c436f8a4d22206871,20,2,1,22
e8b9170a07f0cdbbd8afb2a06553eb9288465fd3,74,3,0,77
2c3d19c059933adc76f3689dbe7db816822dad6b,43,2,1,45
8678857ebf033b696ab7196c87cd481b184bea9a,2421,32,6,2453
03c466bc8fe6c90fc0a3c2cfac3fdf649a41b49e,147,5,3,152
35f551c023a12b3570d65c803d10c89480f7d5e4,1044,18,3,1062
6c780f26ede8b7c7844ead156eec582b98167619,96,4,2,100
493759a5aa43d2a026b56552cf26cd72e0ed96a9,731,3,1,734
be96086ce0074a4a37b431621e54aace28bf3faf,455,6,3,461
f852ba7c9c0cc1eb3c02d59d2ce0ba5e69dc8566,16,1,0,17
27062ee6b1c5d934d25b27089177b920d4c70417,519,16,0,535
b6ecc8249a3a4c7fba4dd075ecbdf9969c126821,852,11,1,863
04f6a33851d9f7bd269a09fdc2c74485b1e01a8a,2492,32,3,2524
afc73ece389851aa0f5ce1bd422035dc31d0a2a4,303,4,3,307
fb5032ea5b3929f8de66e4d1cd5953e928c1702c,23,7,1,30
3c2535edac18b3de5180797c895cbb5cb5031448,9,2,0,11
dc4b71b230e289e5b0d99b00e0632c9d1d0e6e82,79,5,1,84
cccf20da5de449708c09632d9e3e51c277fb1156,658,16,6,674
0fa783a23236fd446c8ca934cc6674bdfaf2bc4a,58,1,1,59
f48f31e4c73841549cef499dbd35cceee91c8032,21,1,0,22
a082ea051ce8c9a923f1c1368e119e3fce25c3ca,126,3,1,129
28b15f134c260436bd705acd646e611000dae180,1090,15,3,1105
1f108fb163ba58fdf3cda8697d5e3202adabfe28,194,8,2,202
08d9242faba469e370ccb3c00521c02eafbf1b84,3,1,1,4
3686792e7e051e9652faddf86ea51fc93917721d,2,1,0,3
da4075f79bc704764935da4df45ec8bbb628ec91,36,1,0,37
5b7ed2e2108795ec2f60d0fad81c104e7a42ab7b,6,2,0,8
c5c007f73359c1b3264e0e627afa9af9144017f4,4159,44,12,4203
610d034dfde232fad3025a584358e3e16c3d9253,2,1,0,3
702dd49fc54373042f929aa94d6426c247d7a76d,1524,13,1,1537
54ef8b804a6e9ec4edd95a367e19ebb768c36b07,178,5,2,183
6f385d5fe9cdb05a12ca39c23e12d94aeffe3f0a,44,5,3,49
e74cf6ba8711338ed48dd01d1efe12505977f63f,29,2,0,31
685c1b70ca6d48e18991514531f22d789464f62b,239,13,1,252
c615651df55defe4b02e3737e8ab3f427a46f8d7,8,1,0,9
68effd6f4eaed9945a3781b1bb6f297e04b9bd84,615,8,1,623
19eaf1b3a9fc5f1832d1290547e8e112e9b713a8,131,2,1,133
e5f0fffc9ff1d7ce97a74eda971f570335a2db3f,18,1,0,19
a4217d3963f03977697183261afd055eb58057f3,230,2,1,232
7efae7a6a572d81ac778e263d84dc49b3f89259e,665,14,5,679
5c2bcd30ae907771b991bfd4a156e0a7fda6713c,503,9,1,512
1888416f563f67f3b786609a27951736d2948a5c,1339,21,3,1360
873bb4f67716cf41fd1bc339a026dbeaf7fa664f,791,13,7,804
fe263aedafaec1097e02a6334e31c52a0c6b3c18,1320,3,3,1323
1619e8e70b53e020cdd2892b9d807ad1d0dbfa1b,8,1,0,9
76eda8dba406754635599b0cea55bbffb4137efe,445,15,2,460
a0350f7b15360ed6bbe54895d8ca4e3987864cf0,789,10,0,799
9123e97d32c02a967088a087ace2248ca7f2fe7b,1263,16,5,1279
5223e4437f60dafc09b5a90fb2e6733640783c04,213,5,3,218
eb77c8af710995237e69c8946e2fc5fa20d7c7a1,238,15,0,253
732268ee040921333701bdc87fa5b77e1067d9fc,127,3,2,130
6d02e32e7f049e4f78f7abd37f4ff91d77f738c2,506,21,2,527
ff203b2ee8e8a05f0783b440f2da8f6fbc4beb8d,62,2,1,64
64dbfcf574cdf0beb635eaa900daaca22d5a5185,366,6,3,372
1e7f95732ffc6da07f5e9db295d7ec8bac280410,38,1,0,39
2acae6e99c78d62b2cf006bde6b6d633278e5422,116,3,2,119
415a53232e248e4d2515eeb34e5434da282dbf99,21,2,0,23
10ad34bee552bb554ff91828611b5b22f9755e7f,231,2,1,233
8484ff0d71440a56eda56ecc0c10c0c26b4fc65b,70,3,0,73
b5c807dddf11a2d3a905199c29b2907dca962c0e,447,7,3,454
f17a4cbb16d134ed207a750949b3cd981b55becd,130,7,3,137
c2204cda29e70294cc93756eabc844b64e07a42e,186,10,2,196
bdb4fc968c1ca6d49c71f5c86dfc0cd0d0006431,226,85,0,311
c11ce8c23837274ff243b1f451b4e019d5a2e5fb,243,8,2,251
7fb6e0723df7c0a05d42c44764319f48ee1efc7c,47,1,0,48
5514ea08596106137011323abbb79d50f44073bc,17,1,0,18
3f8f77343c3656300a48c59b364481929f6ce590,29,6,0,35
971f31852a9fbdf14f0fd987d87d344b97298000,637,9,0,646
25da46c53e3b859db7863d3fef21388d08ad8c8c,264,3,1,267
1c3d0feceb8a11cb9cfbd7f36d36c257d2395604,83,3,2,86
ecb345f9655919c1589c41bc32372658532f6457,3833,66,0,3899
b8adbb07af94cc61ac9dc225cb83b644b8f22e86,290,8,4,298
fb618ad894b8eb37b491342b6f77139517d52ebb,14,7,0,21
e2b0b115d7228ad92a0c45ad772489aaca625507,93,2,1,95
fdb5c13bae72fe0d75af387b3126fb27df9aff51,62,31,4,93
e16d0802d7084e478430e1f379bd0f7af2690b7a,334,13,4,347
6f729bd47c4c29cbca7894b7f189489f6a123b52,2,1,1,3
936f96c3545d0807e99635e236c179a21d2f2f9c,70,5,0,75
358e1456640c2fe0c0005f18e6068df964ebc2b5,246,4,0,250
5aeef1c1a2ab8e0b0fc6af401a924b06a0d49d85,177,5,4,182
634ac6dfe36c4946abd6049423bc65bff8907c17,580,7,4,587
7ce07a6ae92cd1901f91859d46eab2e0bbd19ffe,256,4,2,260
7faf7be1c6a6255d2dfa4c126cf14a9b3b844661,16,1,0,17
f134fb44fdbe6a2cf0e2bf8362f3afd3b78d2156,14,6,0,20
6690decceaa982e511de3c8d01bc367deb4f4593,29,1,0,30
0629e6f5df196f5098ba0d5145c7a627be0708b6,791,26,10,817
7a6538c966dacca2fbf055251ad58a7d84144687,72,4,0,76
5f7ecd5f32432cc2562dd4a8640e70e633e5868c,123,4,0,127
24ec90853e4fd6541730f526e3fc178ca73088b2,182,9,0,191
f4bf8253f89ddccd36ee8e03d3e51ddc4bc039b4,159,3,2,162
20641ca11a00fd030a20ebb65131612dfcdbecea,14,1,0,15
80eada9df37c6738a6513bd2aa7411d04d93c040,26,3,1,29
66f7d6afa738c4e71be3f327a2f8c6fc8523e668,154,3,2,157
65a02ca6750e891178495e1cc4d36877dd49ccdc,96,4,1,100
b8914bc97afc0dff00d7f4720f9e73317ae3756f,577,23,6,600
28c738a1889ef67e69d63425f995b3c549583425,289,5,4,294
7c3cac2cabfc3a5df3c781fc14492c8e98edfd93,376,5,4,381
82538427cf25a924ff090ff9be75c0dd5cb21eeb,65,1,0,66
8f06256453fb4099f759f3ce4f0f8b7fafeb93e7,240,18,0,258
079f49d1a5acbed0bdb0a25d3674fecd71769bfe,8487,177,15,8664
1bc9ab8e367df56c4febde9ac55a54c6c89b1ff1,128,1,1,129
b6c2af192147d7db9a41251efd230c95c5dafe5a,69,1,0,70
a02beb5c2d713c9e88312ac96f53f5a853d9e261,45,4,2,49
20a74adf72ceb914b351432ea22611c33cee817e,117,6,1,123
7eb4af3bec3f8b318494546e9261d2a49f360925,382,6,2,388
d24384981e82ef1c9e9d990143f1c97c063e2462,318,8,5,326
727897f6e091466f552d299a9dafbc5fd962bb78,17,1,0,18
2d6dcc9e0ee559b9daccfc8f5c592ecc13a0ddbd,29,2,1,31
b2b237354abeea04087a0908b5f96281b517eb78,17,1,0,18
782449d118aeb8e1d51b6cb70237b70cbd421f88,2039,15,5,2054
bfe732ef09644d1e9a2844557fd59c2e0eb671d7,435,50,0,485
ca04d827160cb340c6247f4de569a42d0ff09b06,45,1,0,46
1386b2d227adc0e31974a4dbb9d775b00fda0828,121,2,1,123
4a711a747ef5fe0d386825b97680f1d9cc9f5cb5,91,4,2,95
760f0509337b99d661c044ebad90605837da7962,78,1,0,79
a7f35ac0670aed074ef88054ee17c0da6b47068c,392,4,2,396
165d5ccad1a780b008dfe8cb953bc6a0f6347067,288,8,0,296
90529561461c71d35de7cffb384e290eaa52b3f1,19,1,0,20
9af1eb4bf9b3425232a6b9a5109af35077e8548d,241,2,1,243
8ab32115ab98e1f814933fc6de2df729c1a356a6,215,5,3,220
02043ccf0fa42ce0892649d4303d0020e7938faf,124,1,0,125
a7c83a5f190a6622151950a17d7e127f9b47bb6d,4,1,0,5
d467e31919a976daa6563441f718e9dfc94c48cf,6,1,0,7
f7c14f2b447bc7e1744bc494fdf64d8a3c3f3111,38,3,2,41
5f4301eb95915be9c5f9b1bf262987384219acea,55,4,0,59
52a1749e936efa612a2d0740de5b7f36ffb8a13c,182,4,3,186
82d2a2c66a03db6678d2fa332475200316fda5a6,194,7,1,201
62cc45861c0273286e00eb6fbc510c0bb5589e52,1092,105,92,1197
f1cb467587bbf5993047453a9e7e462f79d900e9,29,2,0,31
8df8e0b10238b5c1d0d22120bb3141998799bfbc,83,3,0,86
554f74951a1f9fbadabdc96008cf734ecbfc9f77,65,1,0,66
8489c4fc9483b0b7ef19edb43a7270ac77e4e868,234,1,0,235
86073947248f0ca878e754e8b1b6181fdac72bd0,831,7,2,838
21f992a6958529cafd389505a05ad3506a565858,237,42,1,279
a03313e1dd546b5d5a638e2a7e4b859f3f82f220,40,1,0,41
971b3e11e2e546e5bc0d29c4eb88c355eebc6da6,962,22,5,984
330403135227e0e09366ec7af88678e52ff7cdd5,1990,20,6,2010
dffc22b40a7fd91580a2566054c1603acccf8f4c,38,4,0,42
49736f2b312c2bbaeba71cff7ac96d8b8845beac,2,1,0,3
a65645ae7281b372b78f96721ecd12a3fda37f89,52,24,23,76
1af728f33d1e2c9b904cd7390336897d1949cad6,83,5,1,88
defc39832e53b4032ba2883fbdaed77228c99ac2,541,4,3,545
4c412a8a921dd278f7e09162fbe025bda0299d59,29,1,1,30
0b6fd9f660d873949ed3eb073eb8f802e65aa3bf,29,2,1,31
a125b5359c66433220ecc07a1569bc47980b0feb,93,3,2,96
652f69d9b4c61658eaaa43dc6f3df5ec85104b88,41,2,0,43
84c684137fe577a151a28ff8d0849e8b98424bce,325,9,2,334
abd7778d20893b9b8cac3e5b6d819fe47bb33644,32,5,3,37
57c39a16074fbfa9c97f776fffb7cb9d52a4cbcd,224,8,1,232
5d7b59cb3e3c4d741117053527b7d0f7b1c5fa41,363,5,2,368
1fa1ee0dceff5b1c09c63e112a4e3414e4d3403e,28,3,1,31
d5048ba1e37d8f2bf4d90780cdaa8604ac3bbe32,23,1,0,24
3d2bf5f9135a27e7f79aacf16cb4d0b57b952551,17,3,2,20
6e1648638dd99c85a1bec4fa34fc69fcbbaaebfa,2,1,1,3
f1f476d1bbf2b86a2db4f15020d68a42e5a988f1,210,18,6,228
c44e381a2d627e1da2055913cb12f6d1e92c30ab,6,1,1,7
a4631d6b2263b2acb6b4972f0aa2fd9deba2331d,519,12,6,531
bbae6735f73675ca86c9d2061e03d53a8884bd3d,78,2,1,80
693cc44cddf186c0eaf76fb24ce7d2d2010276ce,2942,30,7,2972
489287df10d40b257942c92bd277461c18d09d45,2280,21,12,2301
cd5e6e0f3c5d42884f172155e7d00ea8d33dac58,30,2,0,32
1a64ddc25e9c60b835312467b760bfaf1dd541cd,508,10,7,518
b3d760f8658d8ce4f905b54477690a60a588383c,474,6,2,480
ae08e1c257d4def25ebea02aa2d282190f37f9b1,5,2,1,7
b36386e31fbbb079ab0758dd5a2632e60a5227a5,26,2,1,28
4391d578838f6b5ed1015125a5731db06a1315be,106,5,0,111
eda18a4a5b92b6738f15073f61e9d810fd0a0266,429,11,7,440
92e213bb429a14a827dc5e2af970aadc4079012c,415,27,0,442
8a6e137918b2d9eda96575ae23056c210831eb68,5,1,1,6
f685ca4d307221ba960f98ba3b8ac78c5ec6362c,12,1,0,13
dad9c8c42326cd703359ce0b74129ebebbdbfb11,436,14,3,450
851f650ba03e0b6c081cfe23f411fd2bf6be0228,616,5,2,621
e18a9704d071c25ba1c4fd44f9ab83f9709ca6ad,162,6,2,168
93b74922bd04b164301d7bc5a2788b9693d4a8a4,21,2,1,23
7700febe0d76b8406ae706196c773ea71e620c17,1810,31,13,1841
fc4588f9ff3f30a8df1f717e1bdef1b54252f0fb,18,3,0,21
2358de82cae678fcd68ca80cea2f4fe12876f761,5,2,0,7
0675e2a7e800730c9c8230332b82809754ddae5a,705,12,0,717
04f832de8b936e09f780fb71a2a653086a90809d,76,2,1,78
28eec4f8c3e4549a54f51967ae3dad10bed6e790,1005,52,6,1057
3ca06cd905474c6c61713ea3dab877a5c7d17f3e,251,3,0,254
235a779dd11894b0870cff8687ad286748f7969a,514,4,2,518
76b22a36270d399c1160afb27b8fa77ba64f369a,4,1,0,5
61f078fede57a1f04fd677350bed53a0daa7c9b3,16,1,0,17
5269c159aab312b9772b1e42798a6ff98d52c0a4,79,5,3,84
e99bdbab4f906b5b4b40ee0aa60e2da18e6443af,166,4,1,170
205c0522f51699294a7b42d074394d67e6423f66,12,2,0,14
15a7769a0c0b82a6ee7107733ecbe82e60687fd1,14,2,1,16
6560a8c5d836556536ec79ef94f6147a2e9a23b5,2,1,0,3
d147b4bbb2a0b128ecf75a362bbcb289670d5486,57,1,0,58
4617f5685985a28ecbb8526b0612091852214aad,6,2,0,8
8cc19b1041b64d7dd3bb368ce4b9cadee07a3718,265,26,2,291
1dd263c40aedb60e5bad4b4eb924b938665905c5,1112,16,5,1128
24ddf8c5778b59cfa7531386da2c9f234c8403c4,368,3,2,371
4d43434095bd985cb449ddc34cca6d23124516f4,214,2,2,216
61bb218e012391c6d077ae5f39da111cd3f61aa8,42104,247,11,42351
19cd3f8995c8099fd625a89efa45c7f3d48dc697,295,3,2,298
234776293ce240059b449aa9c7860cf5b3ab0361,779,4,4,783
1370230b2bf9bda8da7511caa0c18e2d6e88e639,162,2,1,164
0056126cf4ae467f1939bfe88fff21309350c20f,162,2,1,164
8e154f0d7eee5825c82e6158f3dac725d7bfe847,142,5,3,147
ea417467df05d98ca69a08de02c358b0f81bb6f5,34,7,3,41
c607850c16a5c6180323c0fee3e662b0e0567da8,113,4,3,117
2b4e6ee63d475840e160298b04e967e0d71bd577,168,7,3,175
eeeb81dc35d1353eb437510a11ddbea2dbcda45d,101,5,0,106
a5a506367b9f2ff4bd7317aa3a9d8ce7ac6ce75e,58,3,2,61
c51080583a505842262ab5a4541aeb7e4878966e,25,1,0,26
ba2e717ba192f3512393c392d3470011ad6b8e66,178,2,1,180
65b7039947e335d742a0743a39388c5f80794d09,153,4,2,157
dd67d3bd5815476e15d016484069965fd3e1c931,204,4,3,208
90042350a75935efb0937cb6650997fce778c213,41,2,1,43
90aeb56b3f8aae2e452243e8c0ce2c08e8ebb6fe,252,6,1,258
1a7b7a291eb1a2df019141fb58675209044b06b9,164,3,2,167
802835e9c5cb0130b5f80329cdd5d304373ee5f3,126,7,0,133
4723bd6b1a0bbcd481d623c8907ae09ea2495aa1,34,4,2,38
034d1968e78b5a4f37d3695a03bee07ef0e872aa,1088,244,160,1332
8ab281b8f3f19e4af1d69e0ae5af12664ab51a3b,269,2,1,271
d0ebc489bdfe9cf72b3471f9fa49e10f1e46ef8b,12,1,0,13
da8a6bb4756c998aa99494d395752be96d841ec8,2,1,0,3
8d7a8eb55701b78d79fdd945cfbf1bfc1f2665ac,29,1,0,30
7b033cfe1f311d5a479605f565290bdc388a1823,2296,28,3,2324
50f765746b1ac964f53c93f5638e7f83369b43fc,280,15,6,295
47a90145ae2e2788f53775df8da5edf607b14fb3,340,10,2,350
b3b741628079e07929142f067bf73ae54b917226,876,15,7,891
96ba8f0fe165c00b970866a216162fcaa645ed46,26,5,1,31
5fdb246ba010bd4977da5849bc9e79c71092e109,128,7,0,135
176129447d892d7da3e0b5a57fa38b018f9cd9be,90,3,0,93
288c290f8636d76e92d4c453ba89ffff4ccbfe60,317,6,2,323
1ef67908c396b3b5cea2906e296e463bcc8e4894,459,2,0,461
ec89c8586df89899ae56ebbc598639e0afea5901,64,1,0,65
120ba5fd4346d326b443226c1083c74e6eeff15a,272,9,2,281
22439bff67779efebe02fcb2a5d199eec2c75893,27,2,0,29
225f679bd0474e941fa8d90f050aad713e77f0b1,243,4,1,247
da3810235a8904fcdc7b4c4864c5c49d5d3af89f,2,1,0,3
35b3528fa020fd5bf1dce03cd2fc63508c9912a3,17042,193,26,17235
b014376d80b8bb7a8e01782130c92757308aeb41,100,5,5,105
8113ec0c6edfea35e57cfe17333041ba34ccc108,119,11,2,130
cfebe2450f1f82ced2b63aeeb48b2326aa388e1f,2277,23,12,2300
92b3f1a999d29c5e95847097e150db977e475acc,56,4,1,60
a4bec2d68cfc22962fee483efcf11919625f574d,106,2,1,108
c608a6c7da63e309390cc84e121f74d4ead32f7e,6,2,0,8
55e57173adc5fa2a891fb6a9d8d8fefdaab87ba9,103,5,1,108
1d28b39267ef3342f135ea0bea3d57cd0168070e,300,7,2,307
a451c9d145318bdaa45b214fdfd1c0c355975eb9,24,2,0,26
43123aa8e66b1384382131ee7476e5b93f29b1d0,494,9,2,503
6b74e4fce5b92520970a7ba3cd26b7d007d61a11,811,32,4,843
b94aa78a4f7367f516a8ebf4fe1c302f3404fd62,2,1,0,3
b65411e68105c36dc1220d850d3f595df2f8af4b,1803,20,8,1823
31ac65eb853d45b305981252e742448bcf352629,736,3,2,739
48e447471b5db7e590284a8a48b5e5236a59b7d5,28,2,0,30
d7782bd709be35cc37e2983fa9c9e5927dea4b73,146,3,1,149
866dec4f68bf7896d34d924aa208907f05430cbd,3,1,0,4
72f06712cb41a3ad5a7c9282aa383c8189027ed7,20,8,0,28
71dbf16cd23af91f25e65824a73d2cc438747b30,297,4,3,301
43a7a1a14cec08ec1bbe706a57753b7498cc04d2,1211,14,6,1225
1ce1a19ff5869194608b7cfb17460163d266a67f,52,4,1,56
9084b83833e6b9adf5844d3a32698cf181304b5c,104,33,17,137
3a07d4aa63c28112b6b006d652ab835b0c588c62,969,7,3,976
118c64e2c9fb8069bbcfbd2bf2b46ac026bb3c7e,877,24,14,901
3baeac815d77346a89df23d1f16b84eb4512e57b,290,2,1,292
ed876a600cecfc428f0de5399b5932ce16f6808d,11,2,1,13
91954983040d69287ac50421a9c78ad70f172862,182,3,2,185
3561e87a3490165c81353195bc2b2f84825226cd,325,9,2,334
074046b30422dda66e41c2e51d4455f61a986046,156,3,2,159
38d279afd18f21e6d26a6f3730999600372e039f,1006,35,15,1041
e5d266ede810c39b4ad8a3376b50ae689d5c8b86,1029,15,2,1044
01e541e3bce850a984c1165692de0a96da7ff000,724,8,7,732
b1480f0109df6a4a47fecffda0dd5f4b0f3acaa5,2,1,0,3
2b6cad5f04898eb6ca93a266642f28da18496852,22,2,1,24
6c402edcf174f595b90923aa80d2baf1feb90c5a,31,2,1,33
749816481149b9a54e9b780ea2289aafd1eeecef,131,3,1,134
46e0449b2fdf3c103da8b38056fb6b7cd3b065f6,78,3,2,81
79add251b333ea56a59bd49c688151a36ac3e0e3,238,6,3,244
255a30c0a9e95a0d444ce6a72d634e0963bc5097,4,1,1,5
bec58b00e0c611448ac15841b4b6831a3dcfd296,148,2,1,150
e3674cc316d3f8921fe03f52607a63a72fd1d8a4,4,2,0,6
f97b932849eff35b7849b30c84468aeede14d378,40,1,0,41
6bce7c7294d8638d421a510d7ffc917e07a8ab9e,4,1,0,5
d0da231c7e8891d9fd45be3a245612e41b464e60,520,11,3,531
08f75ddf6f18d56b89583d496c07ba510f98a09c,54,1,1,55
4ffbf5dc4958942269b624d8f7dcbf4ab3920e24,51,2,1,53
dc168e914362d448e02c3f7d2083d2dbcc20ba65,186,2,1,188
85b52a0f298d737c0c3472405a25347fc2cbe6cc,969,12,5,981
01e3899653d10c478beefcedff388dd657be5ba5,160,4,0,164
f77af9eaa9d5f4777efcaf465009d92e2d7229d5,21,1,0,22
598e97bb876a5aa0394e83cd67622760f7d2507b,1484,15,5,1499
da776554ae23232bbd3a78c8e9505e8068c1ffe8,1,1,0,2
517d586b52945cf46ed7dff07d56092b0d56c6b6,6,1,1,7
661ba3f58c3151f7ecf14c0509ff2ffc412a5b93,1759,44,11,1803
5f5caf452582f1fb1219704d93d4e8bc9dc9c7f2,132,4,3,136
e32691b9d9ef103aa884cf0d4f48abe9d98c8e50,122,6,2,128
f26d67643de0e7c9d7791df051606a3c78dc6d25,101,4,2,105
295b8441794bd3a54a6ae6f6b698365bd9e447d9,4,1,0,5
8bb0a94037dd3bcdf699fa3d92dcc3251a86e521,686,15,3,701
467b0291f7793e4f45be67703d3432d641ede6c9,10,1,1,11
c0868ce3a727bc9e6d7ed5d710aace62ed39741e,10,1,0,11
6041dce13e5462abcb8fb99c14636d5239dd5308,224,4,2,228
049ca7037ed6d148c848a9223b8a0cc9439a8ec6,26,5,2,31
4928ca57955a4ab9dd3bbcbad8adf29ddaa36cf2,893,15,9,908
e2fa7098350a0e1b078dbf9e4e7f46ec96510411,266,9,1,275
29cd6233e6d4f058e4714d36d5d04d9ed4f5a8c6,319,4,1,323
6b4ed99d99cfda870cddb9c22ccbd4aa73fbad65,165,3,2,168
17ca570fbd821011014a6ea838ccfc2b57f06dee,167,9,3,176
3109b31e389082dcca59a4c635b1ff4e38977d5e,2635,21,7,2656
6c8cfbcd250f9ca888f406a6273280ea7930fe75,972,21,10,993
626168e11e0ec70abb4539bb897aabeb07b39698,4,1,0,5
cad0e8fd29ce2b0966260a7331b16ac0c0f34a98,6,1,0,7
b1529fbd7d42e3f3a5500a217a2b8b21acbb4189,3547,429,183,3976
905e573bc33841318a6cc94fc30f3f37ae4a6d7f,12,2,0,14
d13307dd8906ebae287a4293deebb91f892dff64,719,12,5,731
1b6af49dcda227e4605de5ae85619524616afdb7,2653,93,34,2746
3e9043c29c173a78fa89ce41ab1489f0de0c6a82,14,1,1,15
ab1d3a1f2d9f2b3395744219ab05dd4e0197a2df,50,2,0,52
62f790dc7a920707f5409b714e43ccdbf05aa911,2,1,0,3
6425e912840371ea00ab73dddf0c3e93b986a3ba,20,2,0,22
6fa83f078430daa9daea93ab38bd43154bf6dc69,77,10,5,87
35e00f408fce431ff21273f572a6256502195b56,304,2,1,306
7654044b3d78037cb29ba7d561d5d6f5d5d22020,82,3,2,85
b823d1de0e490b68f2b58feddca47f262c04c84f,12,2,0,14
850f9bf788de593762184f33420656a890660e2a,4383,54,16,4437
6a3eb6238b38436a69e808174a9adf4a3ae8fdda,67,4,1,71
8db5b13481549124756c49040acbdd44e61d9086,164,3,2,167
959a6be5c5a81765497bd8b90095c451b5634668,1786,19,8,1805
48f71eb1e41e911128301aaed847385fb6278b1f,49,2,1,51
789feff34f78f8544bf7498f22352bc4e22e352a,186,5,3,191
26d97408a2dbaba965461400c194fae19d006155,729,54,7,783
c037f0f671bdeb02ed663e7835c8494122d6ae65,110,11,6,121
3226df93885bf4360291b04d9ff2cd28b04e59bf,68,3,1,71
e961054ad8f420f0d4419954cea2d6ba5a9daa2c,4677,30,2,4707
009844f2f977b0cf3a0f6a8c15823c72f29edbca,134,5,2,139
9a96166fbe01b5eaedce30f94dbb5a965170d555,274,7,4,281
ac512d51e28c3944801b957672737ea804269431,2,1,0,3
3f6526426b8e9357fd589f24cae995b22f99246d,581,14,3,595
503a98495433e1d0cf84f8be8c1e2adc57034fbb,18201,112,41,18313
3cd8f5d327590d41bfcda15aefa0e2efded13875,190,7,7,197
7ae55e302284dff6731c6e6d394ce0124c9a8e3e,189,5,2,194
84b43805d3b59bcd8d18f70ad4b7d96b109a9688,35,2,1,37
8ff515843d155288a8ce29cb240ef2c20e987c2d,2,1,0,3
b97be505213a701ab976de8a4fa43ac54944ba8e,411,10,6,421
9e2829749ffcc2a7f933db2f2ecb22f70b9cfaaf,935,17,5,952
a95242de4fc7a5256341f40a3e8d014d311ef379,1764,18,10,1782
102c64f399af87567a6b50f1aad08dece70691d6,23,1,0,24
d953cd42ea6fde24dc0a600bad282aadb646e7d9,64,16,1,80
218d09a5b3f2b92d260d84b05fd394fef786f823,108,11,5,119
ff7e0b84c6d143606fa553494207bec1f6717ca9,23,2,0,25
73eee77744e4ee9bf34717947f290bd95caa2ab5,209,6,2,215
8f925882127bad14425d3f69c233bb0c7dbff04a,18,3,2,21
0dddeca1bdde5c7e65bd5bbdf866adf50637b83a,223,12,1,235
f49f4741c22ba63b0b7be1d6c6e289718b1b2f2c,12401,126,3,12527
dafc66fda349778af93de2eaa20a3eca352894d5,85,2,0,87
30c36e4e529e41d85e5dec8d2920a7c5cd9e2b54,329,11,6,340
3b7809bc0d6d689cd19ecc0b1b33c78b18a1c56f,376,11,4,387
bf9a460eccd07701cacac2a414c65707243350f1,5781,114,30,5895
a8972de81b117f95111ae23f75f73090006c18c4,15,1,0,16
a1e6ff5fb0400763a561b9bb4d10d3ed2b8c2616,1961,18,1,1979
29ad9145bf71ee41db5771c435235ecad23a6578,6,1,0,7
5de1baec25cbc830679042f91ce873f033e01acf,145,3,2,148
85be7e04deba2b27a99d9425aa3b5855e3dc3fa0,72,4,0,76
c5ebdc9e30000f742fcaab896df66af26dc8c40b,70,2,0,72
c0c2789aaf53d840dedf52f262389ff9b1e87d2b,60,1,0,61
270512e0505cfe451ca61e935a96cda90389e53e,26,1,1,27
468c41f8410289ec14a6326ae7af05c1d5aa7055,165,4,0,169
63dc55d66997023f572c76fd94882019a200959e,107,4,2,111
4dd534c0f17ff44dd66d77b3e704b2094eaf5854,28,1,0,29
5bb7b61e7483eb9d2125cc43d42128619ea36b5a,2,1,0,3
cb02f4dbb8d6efcde2917021c0016e6c29515a60,695,13,5,708
8d3a841aae8e9708f2472e5a8e93d23faff337f6,2,1,1,3
c652b9867c82e569c185fb968fa341a5340441dc,219,8,2,227
f9fb310ca2be8ec7c8ed41cefa683f82e76aa252,105,1,0,106
4ec15c5d57eb40df8794a9f0e83e5c424f09de4f,692,15,4,707
1ad1cc6fdf8c5766cec01fff87a8e4565bb9c39d,1661,37,12,1698
b2c4affb8275b62f71ff65f83807b2da1bf9998b,633,6,1,639
97edc893d5c6bcd458364746c5624a0bf9d1ae81,9,1,0,10
15bc764dc94b62f484dd7db6ae82839f6c16a6dc,20,2,0,22
c078fb52d2afb0a50567742d9c0826be0e54be5f,7,1,0,8
11a55ef1ab5ac626db51a56379692df854f96b47,1642,57,14,1699
a47ff44f40a1dbdeaa03289966ce8055e5b0127f,70,2,1,72
b51ffff1c082cc3529771b0c7ebc311bc8b0f24c,2,1,0,3
c7675588f2fb6f91fa27e0b4d91f711fb5f49c93,104,3,1,107
ab5598a1d784d1f3c436f636afa5b8dd44a0f28a,29,2,1,31
3fe5ae204b5be6d2c2bd2ee87592a7de30126d18,68,2,1,70
59c0bd633408d714b33c38b77d3ba52cde151071,244,10,5,254
a424443aebfffefb873671145b2af6be3bde66a4,2188,27,7,2215
d8a0d7d1f7986b15a3abd505b200061ac35c4939,57,2,0,59
cc9162b08c75dca012693904776f2c9f611bf9be,130,3,1,133
99f36f6b1114a63a5acdb24e74babcf69666dbec,70,7,0,77
e16cba8ae9993a80f3d394ed7b6c473f97ea0e0c,2040,49,13,2089
7f5b6e73717faa9a9ddc91336caad11d0b6c9542,518,15,3,533
85be1cc9bf14192a46cac1dbd981e4f4682648b0,2157,46,10,2203
73967750f5d29a820fb2d5c1e33b7d8f90ddd066,8,1,1,9
5e5e3b37281e8d5fb39f7f9403abd7d7c68923f4,244,92,0,336
5d8d63768e5d856b503fff5f80f9d65df678557f,176,7,4,183
e4f6b53305857e8104bd44e41c6d6d5ce51eb358,168,6,3,174
fd1e0b31d13732a967363310ed22d86061a8dc1c,2,1,0,3
8f2d1faefe8092243afb79f6ba39bcded5e59c9e,501,12,5,513
d015707975f8c2b80448bdbbe7fb1079e4cb98bd,420,11,5,431
c6c1e8a655b264a80792034e08bd7a74ac992ed0,26,2,1,28
564a082b33f6fbcf50ab6f012b44b0004f25f2cd,2,1,0,3
ad0e04e79d961fa68cd25cfa1029885dc2eb4db4,25,1,1,26
c32562791f777aa991634caa708845e8cc6d3e80,317,6,2,323
02ae7c5a35d579ced64bc5fd4bee35f2e576dd5f,7,1,0,8
7897ac2cad7a534a9df0da3b4d99a22380b8205b,2,1,0,3
4703ec5d1980251545e0796aece2eeeef534a558,11,2,0,13
6c04182ea64f2f68221a41a550dd394a93a7aa89,597,8,5,605
a8f0ebe31bef2a8efcbac0164b90558714bceef5,59,1,0,60
c7a835fdbcd0d3b2f2c85932580341da3a637fca,16,1,0,17
c51e278c77abc34a467b19637a81e73429fef33f,3063,29,0,3092
f8a1cc8a642ca8a6a8e3b4f601bd4b335f1528a4,150,8,2,158
a72ea4fa501f9aa1546802b70eb3bd2355443214,29,3,0,32
cad05d5ed969b37e8cdd0ddf043f02b3f494c64d,60,3,1,63
1338b26081c2561babd13507ebee02c2b2688043,2,1,0,3
986dee9a319cacc6c34c5731b1291a24ee538ec3,4,1,0,5
4ad83bd03a1246b3b5b612dfec405c5ecefe5ce2,884,5,1,889
3ca1515f8ec6687e98d45edd4aadedd667704bad,45,2,1,47
2637eb153148bd592f355a6ffcaf6d2de745d39f,39,1,1,40
3b094b1cefdb0a15cc8e2c6eae3d2591a804de6a,229,6,2,235
5501dd264e7294adb1e1a5111b2878ce8569f30d,93,7,5,100
e4b799252682681e1e8aef6807b4852d9576a4d9,601,36,10,637
91c4b0dbf927ca8cebc5e4ccb2aff95d2cf47ef1,33,5,0,38
aba0f10f83f57f5f68ca1011f3d0975f7bc803c1,3,1,0,4
dfb8f0fe552b5b2c57047e2113b0fae86fab6693,7,1,0,8
00988d20af19485585e98e885c610a704640c083,486,25,7,511
67e99d1ef36e0221746dd5fe3cb09de0d5cb7b0a,233,10,4,243
cc09f1329b0e781a460e51f6de0c9fda45098e01,19,2,0,21
4714f6a85c8b6cda9956d247dc820da44134e402,39,1,0,40
825d19a718de44b0242f5661cb1697fd76dea731,322,6,5,328
98565628bfe573998b72b6382d6af5bf063257c2,1781,17,6,1798
94154acfc5f5c400ea5abcaf9ca54b7b250e20ee,342,16,4,358
52b07f8ecd61b3b2869bc6515183a2c6b47513fb,1276,26,0,1302
e2e499aceec2cbab3c9137849fd81ae841cb5ea2,54,2,1,56
70d4cc16f73749d661580550c950289a2cc48549,103,3,2,106
a741705913d7d7d2cae6defdeb987f0d1cf6bacf,354,7,0,361
0d0286a931b71c42e3aec35f651ed110dfdddf22,197,5,1,202
93460a374748e122073e0a82515c8bfa7dbd38c9,342,16,4,358
b392ec1392c9db3f93779a5f5a58013aeb57d712,258,7,2,265
78cd7b359bdd4ac83f10e22c0604d297be5b98a1,177,2,0,179
94ecb9194962cf5f6f411dd79580a203cafd150a,170,17,7,187
884836d741fcc0b99f93c663a9973e68a1c7d2c1,2,1,0,3
24ce004dd57059a7ac18e83f5db7478e6b54b60a,63,2,0,65
88332ca6b71b4113c4cc1124aacd1370bf85b1ec,12,1,1,13
5b051a2443fb6f11b1cc8eb8303e20cd0ca34edb,4039,128,13,4167
eebda74d003ad3471a576bc04f151edd70ed1801,731,16,2,747
383c7b68a8066785242529e0d370d1deaa451859,94,4,1,98
2fc861b1ab660e5060afd04dee8806d91cd3eb6d,8,2,0,10
1791915a57b4010f785963cf8355c27fc75e697f,3,1,0,4
054df39f5696b9d2a6a7b6b9ac50a6dd2ce89e91,78,3,2,81
594d1dfe49be92f02a7e0455e69364c3906cd3e9,727,9,4,736
e41f29a08c5a9254ceb6bc29089c54ff8803807b,1475,28,0,1503
5f485a169b201ec3cdd9fc3f30d35b43478bed07,164,8,2,172
447ff126ed87eb54c2c73eb27f33e9cf63d9fa76,1070,57,9,1127
7528ca8e555b73939d55d2d7381149cbe58710d2,2491,583,240,3074
e7ac8a680f04dc08e07d9508b0a61839922ddf4f,61,7,3,68
74127733a097134aa4a21e359d7689b349aa0961,6,1,0,7
c107d3d94158c525aa6cfca5e6d6ab7577b75ab4,33,2,0,35
d7148828f947728a5b46f4f39f36eca8b0e6e521,194,4,1,198
b10c2d5a1af2a26947c28b57ff7b02994ee3633e,2,1,0,3
e598f8073602ce61a77600bda0277b2d91788c14,138,5,4,143
097773ce8d1eaed9a73af09fedf112739c45f191,809,16,10,825
f7d3410f794b39db696c4dcadc57ea8735fc62b2,1045,9,7,1054
9cbc58536d05aaf292afe2cc16979126fd81f2a9,4594,36,10,4630
045d244cf24d66db91364ec7677fcc8aae37ed44,3,2,0,5
baf2c9143d3b0e40e2440baf6b4f99f4bd3041d0,469,12,3,481
b69f0155eb539bac825718e85d1113cab29607f3,2,1,0,3
c78c6a5aab0dc181e1dfa2423a2bd78e6734ecfd,2,1,0,3
f9bd7b73682ff9dd2865fdb559816367fc2d65b8,138,2,1,140
63aac3883928a5ad89fe0453066f2422f0f0d66e,447,11,4,458
0d711422edaf2971f3990316e22121be043b8c30,147,3,1,150
242f3a675a2c990f15d7db90128b2f5e93c25046,639,13,9,652
fd67579b9c183c7eb8cb1ab51cb3533003279fe4,2,1,0,3
2f395910925715e0a84e919591f1be6c49e8f631,705,12,5,717
99241300787902c30153f5d6e305412aa168b766,932,74,0,1006
69ef835d702d44bcb960715fdc56e6658b73ee5b,24,2,0,26
6cae6afe51b63ae77aa5ec67912ea1c6476fbf0b,144,69,0,213
7a1182e42bcda6fe395faefa75b12b23f6913047,4,1,0,5
65a0a783c5cb57b0b74ef28579c576ff077a91d6,396,8,3,404
d0dc753186e7647e8ccd4b646d600ebfa7acad30,204,22,1,226
b184b4e0f1bb4d41a8c02de5d17c41ed29c93b2b,90,41,0,131
ec608b0b223671ed2517b5c05836ae52e6830b2a,291,4,1,295
5395ada52e4e9a2d63953349ebe0aed67502c7d8,6,1,0,7
04011e049a3bc66ed25442752a9a8ef188e87026,56,2,1,58
b55aba97d3e3c9266e10b58dc05b243b2c14c8e0,120,7,0,127
4f928bd9b10ad19a1f31b3ff913513e2762d9a47,192,3,0,195
12d8dfbc87eced9cdf81cf1a2aabc1f423a9a271,24,10,9,34
312c5c69f3045855b708fb99f901458f00788484,190,4,2,194
c7450412ab12b7b972529a70e7910b538ec3f14c,264,3,2,267
0cda8260ed638b6b7b0b55d7e14c4107ad659caa,19,2,2,21
c047f012fa856b40b8ac151e4e2484b3d549fcc7,6,1,1,7
0aa86435472c5f9648231dd3a61f06d60c41abdb,992,20,10,1012
30e68175a0092eb43908c5f8b4002ae7dafecb89,5697,138,40,5835
b939bcf2e5ac07c93d8c22f81410e455c4756e13,301,5,4,306
512c8dff715690d20a1976670bd784a72968b249,5,1,0,6
648741859389fd083128d7d1db10167f5e5b6a52,3784,33,11,3817
32c8a57d29849773fda40445dcb90413e8b73cb5,388,10,0,398
7a5f7951763314d8e990e6c3da7c351de713d7fc,206,4,1,210
8a4e14ea2b2981496c20d07f9b03d51c0d8f3639,111,5,0,116
22de5bc4e34adcacb2a63d1e08fa1a30d7f393e7,19,1,1,20
3a9b5651d7e41136031acba3274bf8f48c763cf4,14,5,0,19
b98777f3a0f428664c81fde919d13835234fb089,387,8,0,395
87bd626b08094f197539e4b2ccdbf6c4e49c68f7,153,2,1,155
7366008a05ec66c49476b2f54dddc0cd73640f68,36,3,2,39
61f39927fdb102db1296b2514bffb8788d95b784,826,8,2,834
c83b7943046616eae71f45e1c2827a86b355ce5c,186,8,0,194
f598e54e5869b7e3992ae7a7e47730cbb430e382,247,9,6,256
368962a467e51bef8d6fe76dc616e6e4865050fb,161,3,2,164
b8753c3a1b1511fc3217f4f7d384d6a9cd8939ea,354,15,1,369
73a687d815a379bf53a3c528a01381089eba003c,39,2,1,41
ca461f8c3ddfbec812655cccfeb83de383a996ab,128,2,0,130
75036d28ebce294ba2aad68d3495e179ccb7409a,14,2,1,16
3d9d0bbbe709ae73a61a49d70a1bfa0405249be9,1066,27,5,1093
dce3ed61d81abe005a590c79f94112d0e2d648dd,263,2,1,265
ea52fa4719ffff0f330c98c83347aa6e5547ac9b,2095,26,7,2121
c68d2f70842097b6b85f0ea3a95b067846bd0a8f,219,5,3,224
aebe8ab29e58b4b36dda1e069958fae3eeb17577,255,6,4,261
3605a624310e404145fb33312004950947836c00,10,3,0,13
c50db3d5221447aeccfcc482235e967f5c217bb5,15,4,0,19
2b74474b7220df046c5c6d7a12a23ba90a697025,30,13,0,43
ad733dd256e3bcb5ace73a6f47185b0a5ec0e127,4,1,0,5
1fca4efc256719fabbbf29c54c470c031a4fa542,8306,75,28,8381
a567679bcd2e188c30ca1d9f378e55955a115e10,472,2,0,474
53905b4ad8f24f60283de75b8be480d3712f4be1,1210,14,3,1224
b94a6751330c631335dd4e9569c557833382f295,30,9,0,39
38a4804c4c97e2d366b684e5327ff75a914573cd,6568,70,0,6638
2752bb55a41071571b3e574eea0d7221a1ff254e,4,1,0,5
2d67297c9284252dc6ea3f46f5cdc7f06177fb3e,62,2,1,64
57315bf67dafd85771baed13ce34ced6348f6a64,2,1,0,3
f0e3a64afb5e93a36eb8fc5283e66daa250b6209,206,5,2,211
ef726514a5ad483dbd8ed13a7ecaca6c59158104,482,13,3,495
a3ac6174de37ec38732849dfac98bf3192284694,94,3,2,97
d011f8e5be917d4285c2678e0a6f45fdb42e6039,172,2,0,174
bb33ebb99b82db0849d7e57fecd8c0b3f9e15b44,60,3,2,63
5c189a932d53a5c971d859b6ecd1098ad1da831c,334,9,1,343
5fe73f0826dcd71270bab7ce5ae7c6a86d550eb4,209,5,1,214
4a4195e4e4a9c59933713fa29fad3d282028230c,328,8,5,336
1be3b2e78fea43a93a317435a369e28d7a883200,429,29,0,458
400827eb1a0e4048ab4a40cf21122dd1db2844d1,10,1,0,11
4b1e8a98c0076390a5556e098a831b01dbd367da,2,1,0,3
d9ced434ad000d21a97a62c920c18b70fdba082c,8,2,0,10
1730bffedd074bca77e80e193437fc96d3e5b0af,172,9,0,181
0f3102bb905f94aa978413ec3f3e7fd70768c02f,142,4,2,146
876a2ca190dbd88f42bc7acecff8b7783ce7ce54,103,2,1,105
c59ec1e6e6e5121e29f3b164617d8d30edbb08c7,88,2,1,90
19ac10dc49ca56b549b0cc728959ba49334d1ae9,1747,40,10,1787
025cc9fbf5553e7fbc81f8e94326a34743ad73fc,225,10,0,235
0c5cb48b4eac1c056caca93f85c85eeeb6ce2281,337,13,3,350
77850899d7326dd630e2d0ef6624da1e38b5d996,446,11,2,457
855fa1716db4ef4478690f1fe37123a5d4ef5f3d,12,2,1,14
1649eb2a1433f7bdfd01a992b67320e3e76be005,31,1,0,32
ab68683f3739e794d11b5e7f80c8292463ea7b55,14,1,0,15
dc25b35569a319004a2e633fe4c830eb2b59cba8,10,5,0,15
2e649dae6998ddd6d7ca62f397dab4df64a9de44,1124,9,0,1133
60852caa0ce327c204b8ea7721c9c84b79543ee9,58,4,2,62
2b0ee2d3db43904af6e3409eacbfd31500d2432b,22,3,1,25
d110e5f5b7eeb0e7591a21d69a31cee79c42a8df,34,2,1,36
39d23aa7d14c9382f853e0f443d562a4404d627e,313,6,1,319
95c8c6bdb2bcd1baf9be8f9d1ac22ed777bc8120,898,19,2,917
c4f8d04b6f03bef0172e8a306de82743af4524a7,5,2,0,7
52553241ea2986b966610592db180ac2291ea71a,206,6,3,212
4692f8d80ea9ff349c16cde2af683981ba22305e,2,1,1,3
e560cff14c05f717a0a47447faf7f5d387cc6d88,35,5,1,40
35a6e5b0c228e86b637bc2dcfdbfcd166836671f,385,6,1,391
2831d655785172d035ed2d429801a431d664350d,54,2,0,56
5cebca6420a9bbad02495411354e897da39abe52,6,2,0,8
2e7235d39b0940ee384a609c2621498bd2e57e27,135,3,2,138
69a68ea3f3f9005648a329153ad8cdccdbb6e043,97,5,3,102
da2a4ecaed486871b26caab4120e4fd3a3220e4b,3852,32,9,3884
9c04b2a48c3b17859d95a5771e90e44c464cf235,2,1,0,3
cca909ca92965aa12dca5139ec2803df4ffbc4d4,648,28,4,676
620ee3f26832b092e41bcaec6fbc992c040d2463,93,3,2,96
6c8e0bf219d431ec7139b1b9544125e7d8637fc1,10,1,0,11
7eb396c18db3b9ddf501f6554f9f7b5d330db0bc,30,4,0,34
83b517afcd6b7f138b7a00f6e225e70f9f2d1ba1,440,3,2,443
625d110cbe9edac47a25a44c0e14cb32b79b0ab2,110,2,1,112
24da93578916d114bf080b7ef3e0f08353b370b9,7,1,0,8
4e1477f186e08ce99dc409aa0e4cf6e666dd0c00,78,8,4,86
df36f114326421ec80ed96dbc2dafdb75c5d725d,115,6,6,121
9021f783e9453375482c9b255a42ca827e091daa,2854,618,304,3472
c726cf1acf6f090525b65d442f49730acbcf5d04,228,5,1,233
499e5efd0cef2f9d55901d988d69f944e34b7505,1257,3,2,1260
0941c495180a5ba9306915d7e66cd0ad37529e8e,10,2,0,12
6389f4442f9f1f1add0abb25a9e5f80c23aea519,9,3,3,12
3993634d49d0119ae78b2a3e1ba711322a1e1ed4,2947,35,18,2982
57de2b5d252b0577494464d97c27e4271eb82aac,98,2,1,100
7adda7a5ac20c370d14f36a98127b14e8c58afde,18,1,1,19
48ed770683a69baab3ff93e7fb03d76e83fd95bd,317,4,3,321
85bb788bc6ab21668124fe07bee3d984752bc2c5,175,5,3,180
5526739784c2b60e542e81946c36dfa433f6af9f,2,1,0,3
29f9c543b416a4bb087f3469fa6f18e42a6d7aae,48,2,1,50
7cc4f10f7c143b89f9d177e56578917b188fa9fd,269,7,3,276
e9a1b8c848c498d16c485434f46f8fffc7ceed78,1,1,1,2
fd511116e680b62e90b2cdf3011ff47876afb931,142,6,3,148
ec614d0a84b447ac52b1fdf1e50b4c6ed6469e04,167,7,1,174
f8a42c09c67a0eeb7160d9e54dc8130f856c66ba,107,4,2,111
7032df3f3b22e8c5708e73bdc2c30ca777d7f340,67,5,0,72
072b26fb883181e50da338f1594c0c85b41f480a,23,2,0,25
914c5dd18bc9df66d6f333a8d17edf119577619f,1789,49,18,1838
8c343f8e4a1400f1aab19117443e1d2e3931aa14,50,13,11,63
c7a54db181ec3ea20e41131574907223a1e07006,61,2,0,63
8bef426ab1d0bf543545aa4fc47f7318ae8d73de,72,7,4,79
5a59a2f694433d367e48139af69512dd78ac4521,26,2,1,28
11989d61504800a112637e6a5d7015a9c86f47c3,486,20,5,506
c8f4eb04f56868b4e70ac3384d6a60ac1525d002,280,4,1,284
2968c0983960726e6247ba2f153ec52e368cc0bf,43,2,1,45
8793c7cfdd6d9c2879f31e489baec43cae1bfa51,581,16,9,597
a07793788be63d4d68bd135fff392fcb78a7560e,28,2,0,30
3c27c1579a11727e425e7132def72c859ec4de24,1838,25,3,1863
d4c702cde9dae780c861b8c038c1c9f1281083d5,683,16,2,699
747ed7c76c83ddc3dfcefe4d621cad47dedc055c,2,1,0,3
6a3be750392a7cd635dd7900115e471f839326ec,269,7,3,276
101f74036c8a580b188802fc8e031afa54ea7662,4,1,0,5
2dc9d4b1fa081cde3217a7950d6d3d6a9d3fd9ac,2,1,0,3
e3acf4e73d6be1ade3699784c4103b95407d5535,331,5,2,336
7dd341cbc1b42db2dc5c2093a95d6f752e460ffa,14,2,1,16
1bf63b7b69546e282c9b631516effe8d2b1a656f,319,5,3,324
8306086259c13e009959b7959f150b1a27ecda0c,4,1,0,5
a56fb60140e744db382b1ba266d1fe695fd823eb,2,1,0,3
a85e87f1903862ec0b296f3a349fb46fafd1508c,535,15,5,550
b3388ecad36e71aae76cb33a16d7897976044637,2,1,0,3
d7f35c6211fe3673fa6b705472479cb3b20c3cbd,4,1,0,5
434fa8a5c77af817968c98763c2f0a48f205a7cb,2,1,0,3
730ec3c7e24d4ed1138e771f0127cf0a70b84b17,168,2,2,170
388afef4fa29b505592c9bc78262052fbb012994,657,18,3,675
c67df985eb9abb6edb5c88be74f44204ddf7d609,235,11,2,246
59e8d59198e5bca93aa95e7825fba465c8689eb0,220,5,3,225
404b115d35dfe9869fccc049f73901147ad3aa33,6,1,0,7
25ecc34637b7a6457df98bda2c4221b404712ab9,185,5,0,190
dafbbcaf8fd11cea410978bdb07f52e4ee1476fa,113,3,1,116
41d395d0c003b45a96c6e55166d7f6d28004a7f8,506,7,1,513
5c7ace19c06ee5f643c64d5cc422240c7dcb6dca,50,2,1,52
2813fe1d58ac2e376666f20875d74c3f2adab0ea,279,37,2,316
5b6b3d03a6bbd6c57948a21f9538d2b1b87a015c,39,5,2,44
f8c40271eeb915c4728f0baa6a1e4196c48f5b33,921,6,2,927
c318d6e203393c54bca9b06ae78e48affe456e15,10,2,0,12
556d1a989b74b1e0ed256dea3a3494baf42c4fc0,841,11,1,852
ea7fb3ccf80b6eefa644c37222ab33f3c183a680,98,7,3,105
094572c96da5bcc5635a48536c78b617a21ec7ea,88,2,1,90
beb32a85a8af8a6e3c46ed9afdea60fabd3e65dd,642,29,8,671
d6c27440272f65a2bad149a68a1e37f0bcce9963,220,13,5,233
2fb8a8b58623dcbfc9c1e00d472380726936b224,543,3,2,546
cc377a341ea08ff0764a366253656d560329778d,124,3,1,127
adcaf9bf3e775a7c7cb0ea29178a8074f5352bd7,2,1,0,3
77b1357c913984a43facc654200dc6053ed8b736,238,13,1,251
e18bbbedfa23f4a4c7bcd1f4c48fa881411e5653,8835,91,0,8926
18b47d95eb98dc5eab674f83a81388ba651c02f1,139,4,0,143
8a22391edf96a36fe902772eaedcb1eff03dee6c,8,1,0,9
87baaa5c238a309786d2ee4b28d9c4eaa26be613,61,1,0,62
e0b2a460265e43e1b99748dde29cfe81e1e467e2,4,1,0,5
770a22d7d18562eee138c3a46dba3e6952d30023,25,2,0,27
453dd17674942413647b1823f1ccfc986ad3dadd,2,1,0,3
014c82f7b79f1c96365a0557a77d25a41ba9d8af,49,1,0,50
b6eedd5bddd0b739dd2e898fd5880bd7bf781df7,332,9,2,341
35f0ab8843869dde6033c0d25a564b52c3c68a25,1,1,0,2
3b1da7b093618229ace3f2915b440cbae0af4d30,26,2,0,28
c306573b440fab5cc8022b2e989a6fd26505d736,141,5,1,146
ed5fd0e0721e2e799987a200a279ab96eeb6dca9,781,13,4,794
4ca46ced62344729d16613b738d59544a6131772,31,3,0,34
b71f8266176d5843943e9dfd5b71635474fbdac3,166,4,1,170
41abce9c6fe26f39701785a595362203ce6ffa40,2,1,0,3
fe23f1b0ca08a6741253f2d6ac10dfd488befb7b,3713,41,0,3754
8a43b8ccbf0e276004b89ef376643ac1a9ea65ce,140,1,0,141
d4c00de88d86089132e27fd7bc1faeb4a58d9489,11,2,0,13
0955650653fb46a908f6d5d7d6a3b436b2ac99e2,185,1,0,186
60d62a28abc34713bb2d804f340300d77702c0e4,566,24,0,590
51277ee135ecd1ff8a07330126c27fc64c62c5ca,4,2,0,6
d1012888a283d20fbb69f3332ba86f3ab3b1f571,3,1,0,4
21a552a1259aff5f97930a4202efb9bde3ad1442,51,2,0,53
a40bcccef81d553ebf7657a941ad062c65023896,37,2,1,39
5c206a726bcfe177e27c8c7bb08a9ba063e9eb11,103,2,0,105
7c730535c252f39c2c731f4e0df5bd84bc386115,245,8,3,253
58abe900804692141ab69f392c87afd7ac2ebf3b,50,2,1,52
f592749b5b792739e40aed898a2c75eddbf93da2,20,2,1,22
2f994e52f706e18d5743c5ba1e0b1af684fb8adc,42,5,0,47
abec656e1bfa12cac7ec9376081003ecb3b05e4d,1785,17,4,1802
65f202c96f1bf2ef50b0b360e105bc8f28074322,121,3,2,124
4265dba814ca1cd739fb7802e5c1779ab05465f3,85,2,1,87
4a9024670e64f2bbb69d5c873f12ffcfed28164a,143,5,0,148
3f7869b9876d9987f53216850361a68482b699bf,471,9,6,480
88a65a97355d2402dd816e68e4552d7d2d1ce02b,601,9,5,610
945d607f4e617e635f92a43a7074cc9bf54740a6,5,1,0,6
02a322e18e1e494bb658c1867e61747aa267f852,917,14,6,931
84f3ed079b48609fe79ce0cbad84d5e9deae6fe0,18,2,1,20
0d2f594b809047bd71a65036f8243c12dc6f67a9,131,6,0,137
6e52ca6209b222e5861508c3aaf8c0b4288f1ece,3,1,0,4
80bf4f16014bf19eb3867bdd42c1cdcf6cf7cc9a,318,6,5,324
479f93ba12ecb5b31e2a6de58595173f78757677,15,5,5,20
e084f4a88475b48be64ce8e2d02467a40247c0dd,293,14,3,307
2d4128aa23891508a78bc7c72db7bbba9e656af0,2,1,0,3
bc0c9b24c5f7ed3dff18e2de06902e21335b5ff1,1480,35,0,1515
7bbf2c3f60672110867ed6ec99316ddcaa12384e,2686,49,18,2735
0793598c728b0ef389f2dd5d148ae42e59176893,145,5,0,150
399814de8318df598cdfaf710ec6d1428a1fed69,824,10,2,834
1b8cab457de062707e98db6eaabe1e156324df43,29,1,1,30
6a875681d6ef55b83d2655ee19f445bea36c30ae,29,1,1,30
9ace0344190958b56268bc9018dbfd17212dd4ae,68,2,1,70
01ba6baec9fc2d7f47ef8e66e08cd2d7ba0e3f06,13,1,0,14
635f7f020373a09dff07c6fab3b2746d9000c19a,83,6,3,89
ef6af5ebbe28af0713654d60f7836cb38f91509b,62,3,2,65
6c00a0d76536b80229bb25984915d87068fd37d6,48,2,1,50
2308c009b6830f0f50c54a4e936ccbd223e62486,76,7,2,83
7520f906540bbecc9d0a82de74f41763a3b2ce37,341,9,4,350
57a951f7f55e9da5318dd71601621d3640bad86f,2,1,0,3
312346035de8923188def37e2f9ba130f6b67d11,1102,17,5,1119
f71aa7eee71e5276d4581577a080a705e7f5c694,2,1,0,3
aaaf92ce3a2b87e7c3551db05aad5a877227d302,4,1,0,5
3b5c936aa37581b4c3188807396e5179322c2953,2,1,0,3
f596b6bad8cce40fc20b7cba866d81c929b111e3,4,1,0,5
4dd7414073e12fda62555419228505e17acadb5c,95,3,2,98
d109729ca79d1dc92f60be6a510e03bb9e7fd820,63,2,1,65
d52b3f94d615c876c5eca09803a6783efb5bc53b,219,4,3,223
32dfd278770272f5732e2b98ccce1ecf19fb53ea,131,3,0,134
f1d90ac30f02e99e26ebaeb38a77150f5af81a22,1208,11,1,1219
5529f683824aeb1044b0f2e578df0c68c199320c,14,3,1,17
f425b089cd43f0b0945a5d3a42187f270e1ff6cb,3,1,0,4
8ffeca7516c89b93dfe682de7873175858a0a303,117,2,1,119
982de9686fa90f1459fa8872eb657e0b76a2b53d,146,2,2,148
8cb63dfecc7562c090841e0cb6e5fdd9707142ee,26,1,0,27
3618bb15f5b5d6fb6980cde2c5cafa06672cd91d,183,5,0,188
6ca3e2d3ab1ee6bef8588d202fd1e38df3a00244,112,3,2,115
ba434b68fc18e92b65229573486b1cba29e84c76,83,3,1,86
fac971b2dec7bf92c76400af2e028b0e0e3f3ede,3,1,0,4
16e81277b6cea6790adb7e0d0cb87a8e53dffd0f,463,17,3,480
db3b063d9c16a9bb6fe78ab4981db78f4135320a,6,2,0,8
965095e357e4da58f631dcaad365233fa4995ac9,7,2,0,9
b8a690c66c79e42ce2441e2ab8f38fad7e3007f8,255,9,1,264
2311878802b57a50a07b842447fa86f9dbc059a7,240,7,1,247
193bd9aebd81a51918f5d11658bbcfbc3b071638,59431,88,17,59519
800997f7b3c7599469089b27249e947a71b3c6ba,390,13,3,403
bf18e2b242e184ea9ad68c567f372edcd12b8597,50,1,0,51
fe95954c5072534b52c62a6f643f3cb96f92628b,4,1,0,5
55cdffd4fa02b4934c1a7ae8833942c79e18736a,2,1,0,3
45da1f56bb2d39e44bbd543882f9d1fe4397a439,512,5,3,517
62334b97e917c888104f1ee5079ebaee5e231f6c,39,2,1,41
5f52f010b415fce14d9c1e74365d77b6713e73f2,149,5,2,154
dbb7401d24861ae772dbe4dfebcf6e621d85a41e,4,1,0,5
6eb90e3de48137b734faa62001aed2664c48213c,305,6,1,311
3cc87ae9be049f1b982e7dbbbaf8c4d5f2dd1c06,49,1,0,50
4b813466bbf01d5335da7f25d7c1ffe8e08f51a6,459,7,1,466
2c922bf2489dba5a9bfefe49d3b30bc7c9a06a22,1,1,1,2
aade8eb625df0e4217aabb3a8a78e3b60cb6ed93,1139,24,3,1163
e676062221374f12271e78be2779c927d54f5e09,16,2,0,18
0128d14bfc71463a493e99731d9c417fa809fd17,11,2,1,13
44f9464400b0725ac557f0af777acb700117e693,1737,17,5,1754
e5af20c558bebbb7fd724ed5e25daa60a3037807,130,2,2,132
2d900d1b56909b5ec98e2a9b65237d0e69c5da62,253,5,3,258
01fbf25bfb6cd5cb6ba6ca2979a6b9132b8d9782,82,8,1,90
4feef022c505c63162f86e03c6a73b0f1c0e9208,163,7,1,170
bebf037f95d8e1cf97ea15747ccbc09a01614587,821,21,0,842
3ad63f5d787729bb62812310d0db1e50d1af890c,3050,29,29,3079
bb96629d20071e2720c0eb9a2d8f37b09c4e774a,28,2,0,30
66440f61a0503e192e553f53782d1f444f47c26a,173,4,2,177
eb8f84d98b9f1e22219f2c3e324310e94420336b,2,1,0,3
43b9a9985776ea8b10cee81957af6ddad2a9824d,101,7,0,108
84d005fc46dfd8b847bfec3240ea56fcfc8c05a6,946,22,12,968
55e92904769077bdafb0bf3fed863dcf9525d617,4,1,1,5
7ae6e00f7bd65168bc33b8110010d07cecdac8a6,172,4,1,176
87a63f0fd77d437d327d4ee5c533887618fa7898,226,7,2,233
62669d7773947066796dbbaa11964870215c63dc,212,4,0,216
5aa1b081927b598731342f781fff215a9fc63fc6,1554,24,7,1578
95ad019446f4de6021b23c2ca00c843d1c94eaee,191,4,2,195
6b0637eb52c57a899274b6f6c0976520711100a3,332,11,4,343
f686e2849734c761bc0137c5d7ec30aa6a339dd6,10,1,0,11
2ea4de6a0d4e5f5d573097b1c3edda71caca422d,711,20,0,731
52d70408597d9eba1e336e15cef7268bcf39be39,1010,19,3,1029
e0038dd216ef1a73b4c71f4cc0303e8d4abeeb7a,18,3,0,21
5555e8b5ee36006325eb151f90669fa7a44aee7c,376,5,2,381
71de94cefe6006669cb61dedb5512fd43174f396,561,14,4,575
85a61ebaed2f8911bd8c974d38c3c776ec546e68,92,4,2,96
c3e5fc2511a7398df6affd3da4c1d7574d00ce97,188,4,0,192
0cd4c084c68fc823b8e38019ebb693cdbd200f14,212,6,1,218
8b3f6eb7f1727469cde1269bffb1cdc618f56f9d,1003,40,16,1043
8fa8d92e6f6778fd61b828f4c2a19ad2b8f0d926,179,17,0,196
8b04bf8fd5d260e340521417e35236db886900f6,2,1,0,3
3aed85a2a8775b3ac51996dbbe1312cf493f665d,547,6,1,553
04abcdefc5fa9c818de4236dd77c812611c16788,3,2,0,5
71ff768ac98b3411fee876d42cad9689f1b16c2a,6670,305,165,6975
86e91596680009b498991421d161229b178896c6,7,1,1,8
a50e72218af384ea6271b6518490022a145912cc,692,14,1,706
33c6070785f2cbde6509236d622cfa260d3a729a,2,1,0,3
8b5a534a5e0fd0d6ea25aab5a001e065436eec6c,2,1,0,3
4902daa67f6f283359e26b148ffbe5f325aaca72,183,13,0,196
49e063cb3ce748d4f6caa1dea66ae1f4fd21997d,648260,960,129,649220
c4d3e5dde97fd994509dbf1ce6a3ddd3491f4a19,156,4,3,160
d544e4fb00547b54139d4252ec060a5265d9549f,107,2,0,109
6fc635db22d63b476e24faa52051071d229807cb,571,13,2,584
1ef8248e28d004a0dbcae82756adaa1ec3a39b8b,233,3,2,236
8d710aa53a2112ce1b8149043a1e3aa5d860112e,194,8,1,202
6fa06587ca31083e1f714ba285e5b18fde88995d,341,2,0,343
2fecc09f2f10f3ffc02d20924da95d5b82fa9f87,2,1,1,3
5c90a9f156445003799c42166063f096b07c2601,76,4,1,80
e446040161c425c964a628b51cc704d5ae05b48c,31,1,1,32
c6e95beaf18a862a313ec17319e7c90ae4297e6d,23,4,1,27
2cc50e5bde0ada28e2f8de58cec0ed476a56a6c1,299,6,3,305
19a5886c09f65a9c253c39a2d30d569fc1aa147c,141,10,0,151
d015917437365c8e515c27fbeb142ec713dcf4b2,27,2,0,29
1e9108e62b1765774e39580a0adee714bcd06dcf,208,12,2,220
56dae898101413c7a66a90cdcb9113c9f15bc771,58,8,2,66
8c9f2809f69763a3635a5e067fd5fc805dada644,304,10,1,314
382b2008c072038fcc421506659f0e6df30bb2d8,344,6,2,350
403a3893034cdba7b121b493468b6b39cdb17055,1643,76,0,1719
73fd1b4dd77950c3fbce023ba00facc593400c59,1643,76,0,1719
9a5c27e5370d9c0d44114c262cb1c9f4f47901bf,217,5,1,222
a81c3ac87d0957b7d2387cbaf92d142434d26a7e,197,4,1,201
7a16e8397081d125b1852d6099c87dbb75cdfa70,28,1,1,29
0ba476edf0b66472b35d64f4a92c4f4747565b21,16,2,0,18
72373acb047175e4ee36221e93c90d42a009a19f,2848,77,0,2925
b7a7d6cbb5c317ba0bf7c9f811c6f93418300a3a,4,1,0,5
9ba754e74fe4c6e7afbc320be5f395c8f31677dc,11,2,0,13
6ea39dd58dbc8172cf70f4b7766358c70d871e1c,14,7,0,21
d5d7a0e64cde9dd33f8cef23fba94b21e36ac82a,8545,14,2,8559
ff6116f84c86a85e5dac989ecb9b1318e28df8eb,26,10,0,36
ee80c57e541035611c429963eae2a8b3379aec8b,86,2,2,88
5f0080253b6c42ed9c867372926ec5fdbb3e48b3,9419,117,5,9536
4decec5b2340e1aa6a9b6d0f24c292d590ada92a,1,1,1,2
8606859536089d1a5e7214e9b81d969933cd1e3d,7328,7,2,7335
507868c5ce6a47ebec1901896773d342e40f340f,716,6,4,722
0591cb337b834431862a340f220962cb9863a7c0,2675,17,3,2692
8200f9614fd4978eabf5a4e010291155f8b9300c,50,1,0,51
4cc0515399399fe8e801eb23599c0fed8a5c6db2,495,25,0,520
5962b7ab3283b7f140bd34b92bf7ad49092fe53b,382,8,3,390
e45a297c2f1ba408a3600dff8a1634330c9cf7ac,559,10,0,569
10efceebc680a8ba9705be0be86833224933f5ff,8,1,0,9
8c4e239f45a27408e781de9e891dd7bebe33a279,1,1,0,2
8876cfe2ff6e8a408de6d4c29698f93fa2697147,9,1,1,10
b7612be2292dd8f290395254be3af857844dcd51,247,4,2,251
6dcfbd9ee5faa26240f187b2ef23b7874e362038,445,3,1,448
8c3aad30f1c6cfd31393fb0d8d5d11a6a7f5b84b,2,1,0,3
aab7a2bab1cc768639815bb9a227cea1c57d358b,47,3,0,50
82cbc4c4913e0ca7c0dcba01b11e50f199c65de8,258,6,3,264
6f3c277b4460aec15c33c76f92fdb33d6430370e,216,3,3,219
d91c14c717648f9bd5d9676d530f571374c2e384,38,6,0,44
83548727c1e3d6560848472eda46403767c7202b,60,2,0,62
9cf063625bff149f71f6f62f625f28f335d29693,2,1,0,3
2f4ace8c5a43c5ebba20f572799f6569754951d7,44,1,0,45
94613b095eb59d39221720c0f50ab42a0733661e,12,3,0,15
a732ceddded43619f8e014e9fc6c596574252544,28,3,1,31
acbf7d52fdcb964f2eefdebc166b6488f1a18302,967,19,6,986
9257ab5a4df2c5509c66418418e35cb66684c761,4,1,0,5
ac6d67d3fbc9c0ad843c06ac47ce811403e09ec6,4,1,0,5
3e6363638ad4249a5cb06f27a8ba7f9f5b6b5c75,98,2,1,100
d661e389532c8c72d67137aaae264db80c0d94fc,24,1,0,25
b145685dcc795d1baf7b3ec1b9ce4a40259eab5d,2,1,0,3
0473972f022252ae2cb0591a5569ea53869803c8,163,3,2,166
505aeee0b964bd869d4b05751cb613e9ff40c91a,6,1,1,7
83925dc2ca71ebf0d5ea092d1beaa5a88a8c7976,308,62,62,370
6126c8c7c6a0793af8bb0a9aa6c232f510eb90d5,6302,7,2,6309
bdd80bb1fc6e8d378fc24c3f7cd213572fbe279b,253,4,0,257
617cf62cdc7d8f8580710138d24b297468a35be6,8,1,0,9
3918dc293f1b1e1bd9b679623e847f4509baf996,8,1,0,9
80006348d466464b9fc3bb940c4f1d8a59b57730,31,1,1,32
1cbc86643ec0707839b5356479fe49bb4c8e3679,10,1,0,11
7357847369079925289114f650a506408812fe4c,1141,36,20,1177
de436d628efad7be59e173d8c4034597049fab38,1411,197,61,1608
d1b236b1928436bdb1c48a4465eee17fde6b43ce,1141,36,20,1177
3d24e7bede65d76b200658a8990b4c913228d978,108,1,0,109
640a82738314e5eb94a27164e0669f8852212119,102,3,0,105
c80e387daa883c551a0ffcea0cd5d7ce46c221c0,5,1,0,6
5ccba67f47153f0a16b77fa1df7480b957514acf,139,5,3,144
bcde8aa37197e19a5ac802626cf29ceace050821,25481,155,37,25636
755f5349585640d6e2138f241b9b6d3567bd9c2e,142,1,0,143
147e03177aeadee03cb4925649c03633ce6be192,1527,304,134,1831
b2b032d6b7bce832e4fa1b66e6cda3f238f4bfb5,3,1,0,4
cdf8200fa02da8e88b6ca5a9fd9e89bb28f95c62,742,13,1,755
9cbaf6c371dd489b2243d1737b0bd325333af79d,1158,38,21,1196
8998f078f55fede320d62a5cd6df38f3f6285d1b,436,9,3,445
1d1046c66bb2588a9c11c8067ed163d1a1938185,1342,19,2,1361
6d021ee6217054b668c970ca663130014046082a,7,2,0,9
b2c6f413b3215d1000ffa19e665ad70e02cd8f8b,92,4,3,96
9f138a4744269388d8ae238d6dcdae3c97f9a1ed,353,11,2,364
be45101ea7e59b0538eaa468e93a734a13e8cbb9,115,8,1,123
f22b52047083444dbb5e8cb1f85eb7df6b67f350,101,2,1,103
649e98f7171fb868c4bb7ab6735e94d4532c7083,73,2,1,75
c55d68992add10ea405f4082540e44675e240510,41,1,1,42
9fee83a0d1669843dc697e10d1615f1fdc79ac19,799,17,2,816
b121a905850c2398c82706cdcc164bf0bcaa815c,1487,24,0,1511
725c8551e1f7696509171a00f932655ce41f6271,2738,35,8,2773
832a9e298de611cdb1056e0e608d53e3f37bfef6,2,1,0,3
e04234555c9a96bd420048ba6b0aeb7861da722e,9,2,1,11
6b32ff03fa0663abec08a3974a792caca3fc5141,162,8,3,170
1d04e49ac0977814ca374cfc44acaea500af3272,6504,57,22,6561
189fc960f4d8fea4e6856a3d1a5e01b149e0121d,3281,36,10,3317
c08b153d6f130984b463a5a3190d8530497d25b1,11,1,1,12
967914e27500fa33600d50681298a15e6e7d72b4,15,2,0,17
413372e7d642f471c5a399deb448d55c801d43f3,219,42,41,261
14ea49d197a7e77533ee1db69653630adb587353,131,3,1,134
63e96487e61f82ce920f6abd48392bc8c06fa6ab,9535,31,1,9566
990903fb204bc2e9bb138a6ad3a83e0fa2a1373f,165,4,2,169
045f8ebc8a3650f6b5a5138740acf92e0911a21f,881,4,1,885
a8eaa92b54b55473428a63bcf52219797fe01482,109,1,0,110
e9d2d7666f3d0c90b383bc407771e500f8ebe463,25701,169,14,25870
9003d09e29e2465e0766be73f0837bc56ae64a24,809,13,4,822
521b54afb4676f9f6f812c3a45c7836985ae226a,1053,20,3,1073
39d43efac6836dea5ae5373ea9ab85a9cd0b5dd4,8,2,0,10
1c3440d1d70e870a26415b16a3f0cb9f147fb447,69,4,1,73
024df082f6747cdb92dede6b6c85270f51c0475d,1233,44,15,1277
4b58545534a49a39b8fd60bb560d1bec4ae235fc,530,13,7,543
eb18f988189f8b25f4a67cb526ffbf94b8d6d49a,6,1,0,7
684c1cae4331feff27ef89fc1518de5980386659,2,1,0,3
3328fe400da5358a4be375cd22cbc9ac483f12e7,2949,20,2,2969
a8f8644d3bd300122f7205e6e08c825abd311cb3,116,2,2,118
5c9a8c7a95be59a5299a2ae05a61611a3a45129b,145,3,1,148
a6067c6a1421bd507ac3c64cfda75dffcbf8b66d,2362,23,1,2385
e091e24173e0d0f155f4d9497396bc62e1f130bd,57,1,1,58
747e5cb4320019fed48605174a740a70f3b35c84,2865,21,2,2886
7edc2ec82068acd94c871b9767dbfa2d2d6319d1,13,1,1,14
59fe7df77052b50e6c02e16b2bf46c552e22bfad,239,9,5,248
616e1eddfaea4fa0ed5e9b203954c4e810079179,262,10,1,272
5359389e1527a52e1de89effd4e1fedd86601417,266,6,1,272
75ac16f6507cb250b6709e8998a8ebf041c8f359,733,10,0,743
04b52eb426b1153ffd455c9526f10d9090a7ec07,2,1,0,3
f6c434ed8153ac4dc91bef58bd9b50a8521313e9,59,3,1,62
f28f1f062c628d18ab04056e93990bf0a140c1c1,283,8,2,291
270d7f838791909e6645af853127c2af8dbc8e0a,775,13,7,788
e0210d287a1486457ec2a593b0ddd0d80262d6ea,15,2,1,17
af68c9f311b359fcaf216cae192b10f66c4b3006,14,1,0,15
e93db29a864593602aac89caf045c81c2ecd6688,1334,13,2,1347
b01635b4959986399852beb67ea5f0106b1dd2f2,327,8,1,335
48d756a7f69e770b1c2664d33b1ed520c7995e81,124,2,0,126
afd4884bbea9600e2fa1f15e449857e534c60860,450,14,5,464
6c81b938d3db9b1c7bfb32a2d671afca4f8a98c1,118,4,1,122
84efe1c47b2450ffbc3daf8e81b17443e0aafe8a,11,2,1,13
6cd32f0effc31ab9202782d7eca24cb07b270932,510,11,0,521
1632bc46fa6425729181445b40f5d5ae6ee9b957,929,6,0,935
2e097736daea079d9c33dd678f22b6f3fe46872b,22,2,0,24
3c801e37cb263da76d3c5b845bf42766ca1d62bb,2789,55,34,2844
0a2113ef94d846e5f4ea97f9fe489abd5e5266de,230,4,2,234
486fe7f934acfe64cab41759fe32f65747cac0e5,814,24,9,838
d2cf4e5381a521a31ee7a5c37bf22f8573c66250,25,2,1,27
ca0b626f399f49d5965852fc242f9f0b5740a7e2,36,1,0,37
7ae58d7623d3f0b2d6787bc77e0373325aee00a5,109,4,1,113
e715cce3b663dc4126d8c92ff741d02cd994d3c5,164,8,4,172
bf54c1b31b77068cd318b64fc953f872029c4a22,76,2,1,78
2703c26e290c96dd2e771a2edd4e03e94d528038,511,17,3,528
85f54de74a4fd27eb461db255e7be6f0405d6b12,60,2,1,62
5bef64ce562116cbf6bd41989f4d7e0897b56f7f,3058,41,6,3099
fb778a084ad3c913cb87d517e25fa36130fc658c,30,1,0,31
1428fda2774aaa679f44cb2d3aaaa9717bf12b75,1735,19,6,1754
73593d1fc01e3a2335f5c25b49b0ef6fcb385b0a,23,2,0,25
1d6c47fce28342ba359a1cb0dce2c5a65e47dec4,470,5,1,475
21ba39ae8d82e079f6e43982976068800bbea2e5,322,6,2,328
277fbb2234a86c14f5e660ec8dfbedcee1540bd2,226,9,7,235
930ab400373fa1ed3b1de6dc88fc98d95115b48d,10,1,0,11
d84d4451385b4cbcd6feb44726ee9c2b8d18b9a1,4,2,0,6
8d02951c005b4fad319a99b49c09521f8abe9c96,131,9,4,140
3e5cd22187814a1cf23d719fca37d709c0c15311,19,1,0,20
bc67614103af8e57f0a274b1e74ef60478eae0ed,2,1,1,3
ab4c2704fe137f044453ea0bbd446d5a81086988,35,3,2,38
326cd7262cfd75b5adba70707f2617c543c82f0c,80,2,1,82
9ba50eaf5864d1a8dd01ae6ecdb91cf7c0b9e1b9,5,1,0,6
8ec5d50896a2b5f2d008d0bb8f67f7f3d7cdf584,100,5,3,105
fe470de14729dcca2c7ed956932f7828f7c73ff0,29,3,0,32
b041e2f32fabf2d06a224259a4c2647bbb8156b8,1191,22,8,1213
85295e12bf2a549979f23328751375fbb8b3892a,68,2,0,70
701d97169390db7c4c9ad4cbe651f3fdef840e32,475,24,1,499
c750825b0fc7e477b5422be8a4c15d7753d0d496,3853,98,9,3951
ca30b7262e061efca957835b1a4cc8728e31caf1,239,11,3,250
8c408bcc2c7524ada3eab789082f518c6d40b4b6,841,13,3,854
0cb1c936a81925364a76bc897738f90614a9c639,2,1,1,3
a29080856a1b45a28885d671976e4ba00e6d022e,2676,41,7,2717
de80e98e3c7697e2196b7e756df74267f8a4fb65,2,1,0,3
c324292b557ede1e19c8b76693df049236a320a5,2,1,0,3
386ac3133df9f7505a557119a22086711bd2887a,290,13,1,303
cc819bb4f9c0f2ad983f29a6e1e205a533f98176,484,16,5,500
50bf04700c2a931ff698a72c1b5b31ddb423d22f,48,18,1,66
057a03d43a0d255072ed1ce079cc3d01bb21e07f,53,5,3,58
7aca244b68d81fa1f891d8f767be2a53b29438a3,18,1,1,19
1cee6ce50f7c0b58b2025cf6f3d0d16360e09063,931,24,6,955
310cd119773f72413447eb966e7cc935125781f6,55,2,0,57
a7c70daf264a9fd7052689a67144b4e6389e379c,32,2,1,34
60f6805584308b880d29da506d2137d23900005a,33,5,0,38
e25b3aaa349838357a98e4aa7341f05fc9d45baf,73,5,0,78
280b2129400595d097ca281018545b3c334ee009,415,9,2,424
4d5cd302620a21cc1332fd58fa13ccc6c3ce2510,5291,145,43,5436
7bd6fc75f2d069135192f96d12a374e1c6a031ab,135,3,2,138
bdc35bc161619f68ca33400bce52473ca659f96f,143,3,1,146
e472c6c8200ead82db60cda05a38ba0ade2e4339,144,4,3,148
f4c197f9ad040b6b99a36dbbb870f94422415d7b,32,1,0,33
e54141d5497d3608350ee261eb05e4cbd44dcf45,292,5,4,297
4e5dee6a479905b2b7f2be716cdf7840e8cd5a8f,220,8,4,228
b2ae65997d92b774a2c30a2ab8cc839a727a24a6,2,1,0,3
f9d76fead1e24970a0186a987a5c5831176ad6d0,40,2,0,42
43a662be8d11918a9c22161b617f28f6d79edc9c,1,1,0,2
31e29cffa800ef64951264aa16046d0591a5ae33,195,3,1,198
df25fe5390aaa1e1b3741483628d93a83eb22120,51,10,6,61
2929173e4deba025507100a31dc136c269a4271c,330,4,1,334
d7c307a6dd1b0f1874b507cf231347672ec871bb,1104,15,3,1119
3acf3f1098d38ddea6d7f3d55c0d0ec2dafad17d,569,15,5,584
08a3940a0eec87aa6c8e41226cd16596441b87d5,122,3,2,125
c4b22ab054fe44eb07236238ae1ef2840753dd97,3,1,1,4
4beb0b683e6049084bcdcd8811bac4d3b5a08602,39,2,0,41
daa397ccb09a82fbf41367bc6725cf8fd0e841fd,1020,21,4,1041
a6e597351b7c9481260985b9c4656c5550525824,357,6,2,363
f50fbc767ff23834609fb8d99604f66b6596d4db,11,2,0,13
01a7d075a5f48016511f6a754538201f12aff4f7,16480,361,233,16841
7338198eea66ff48186657c8a87d623c74edc51b,236,11,1,247
3c8296ab298b55c18b1800d60652ad934d87bf82,290,4,1,294
a9d49f2ad761cb014c0bb27f9a806004dbf014a2,610,8,3,618
93adc6fc1ae0d8fb1628679c92330707baab7c90,2,1,1,3
777db6e24e893d420e909ea584b2b2db28b27eaa,21,1,0,22
4728d01995ed95357844361cba5668fcd3a4c2df,12,2,1,14
170ff5e18376a2f4ec5121ee5d536a9658e2333d,4,1,0,5
44d03573a78e1507d8357d332e6c0e1d5cbb954e,2736,43,9,2779
2b31b9d374343f9bd960c89edebf97c1a40d93fe,185,3,2,188
5f15c2d44518f52159731a116721ce963881fcb8,860,7,5,867
026ac0d76bc16dd48851434c952500eb566a781b,514,7,5,521
b000d591d718feb02ccce0c73a1daeb796b7b87a,189,7,3,196
2361ff3d8189ead8f7274ad4bf318df993b5404f,648,17,6,665
5b62a8beeaa1cc1e29efb865c12937c37b31c92b,2408,90,12,2498
186cc9dc264353376b7a29e63fd2d2108d861040,40,4,0,44
83efcfb7f8fed055ba685d44702fa89bfb17b3b4,11,1,1,12
6c7ed4c8dcf9a6cd32b3572cd8f30a200aef71f1,1231,14,0,1245
b57d331183f719a4a8bd2abfa1e1d40ea65f3a72,9,2,0,11
9b90f4e8159f437937c05520dc0dbbff0d949604,30278,26,4,30304
7e79c2e3f1295bd517866ca5b0e07c3de42b9e44,11,1,0,12
33fafc4b707f6fac4b4c45ca45fab9aedf559f7a,4,2,0,6
f6e2ebe8e62b3e442bda2a70f19544261b3c0cfa,360,5,2,365
e2008f4652544e51c75a8586ef8aee82fb2923b9,774,19,2,793
2b2f789458dae5992cf82c31614b0a5a1db640a6,5,1,0,6
e7611d6f5c69162ceb506e27e1c7ecc9628d9aad,339,14,4,353
857c4954e4eb66d4a998916dd1ffae65fff32938,5,1,0,6
88c7a8d17c22c09162ed4dba009893bb8fb23399,4,1,0,5
2b0beaa7c6d50e83895ca9f22258533af2d785eb,498,10,5,508
4a6ff6f4aa1994b39bf40cc8ad80ac5df704d569,5,1,0,6
d26553dbe73800abab433bace416ed608ae3c53e,15,2,0,17
593319d1204ab79dadacc0e08c84c4f519d36ba1,41,2,1,43
42175190e7ffe5a6a5067a98b3c85618f245b8d1,2,1,0,3
8f41a94f8ac8e4ccb8a2f5e33a204b88e17f8559,1380,21,9,1401
15abfae9e054fdd606901378c412881543eb46df,148,6,1,154
a25a27b54c5e95ceb066390964d9d2842bc85c60,17,1,0,18
076ef80617a87db5dcb87b3ae34e4eadfe8167fb,34,2,1,36
6e1db89f79a8837f5db23d86008cdc968d619442,737,15,3,752
7b173278cd19164832f81c533c4ac7818435cb2c,9159,113,31,9272
acf9e77bca886a2569ab8b0c82c7ed7e4d56cbd9,12,4,2,16
6c8cb76ad3276189b98b5b6e31527a6e59a4d906,200,7,2,207
e6b18cb43e011ec16b7c9019a5d98857c8de37d3,8,2,0,10
c5112528fd0763a5045cb0e2f7b57bf3745d9d92,24,2,1,26
95bbfa69561d9c724d4605698b785dd08f988044,18,6,0,24
d9640648cdfc87959d9fe80f67e22d2ba5438379,1164,8,2,1172
1e25a3c72d824edbdecf4cd8d7033f9867471aba,2,1,0,3
f67fadaec37b0563fcefc265bfd4be7f4e70abd6,85,3,2,88
7b7a71ccc24f0629c1e503d3b9171f982ee623c0,6,1,0,7
897ec6a3887d1cd79830e55a3292395576460f67,75,2,0,77
a47b929d0172cb0c276ad9e908fa5bd7f2b24828,2,2,0,4
d956943b1968221964c8791df0dd7e08e9f8d551,28,1,0,29
5eaf1230f86cc7babc935c6069ce8bdcd03211ad,13,2,0,15
52121c2e4d4792e92748f15f0d58bc22b7f2259e,992,33,8,1025
15b43301bf128558de4a3fa2c682691271331dc8,9,3,0,12
81e889597e274ca8e347c1c0c82b9f95652c2b48,114,1,0,115
9494c2f3499b3ce58ba582f3e502526f1fb1ddc5,12,1,0,13
8baf97adb1420f813a01318808830c1e408e50a2,6,1,0,7
6e6132f2caeb4f1d5b5cf5c4c40c45928e821765,137,4,1,141
b6efbea6895c9a821f12036dd0fb3d6bd36c8f21,33,4,0,37
80398bc8a97f5108499bbdf658875d1d296e9855,137,3,2,140
ad413e3bb1a79b0639ab6b534b722809873051a2,58,2,2,60
43037bf58fd75df913da42ec7dd3a3e6a96981e5,110,2,2,112
dd6d8eff4cd55a04f4170bd75f52fda913aa0075,368,8,0,376
c5bb2c99d29299b7bc4314763f34a90c53c46c7b,16439,9,1,16448
050841400db212aee26bee9bd30d0f7b61309009,2,1,1,3
20fbf9d519d4472b338e96241da80840ad773e86,2523,51,16,2574
d6159f57b60c340f1053077e5b2bbbe439b688c7,223,7,2,230
21d3698fb0877a65fc8cd87635e71c761d0dcba2,10,5,0,15
710afd1ba213b247c687ba75756072d1e50b709d,577,14,0,591
3b0b5ed9a41fd9f3249f8c42bb59ba0e3ceb55d1,416,31,0,447
e3a54e3f6ab4f8a7a869d6f06b220c6d00e663e9,86,1,1,87
5149af3c33ea6640063774b95771f0c4a4d70212,215,7,2,222
e6733bad6e319126bf40dfbd8f15fcce332af2a1,11,2,1,13
1d7583fe863e586536e230e7455d8f65d3495631,145,6,3,151
996e1ad4361f0d9dc8974689ddf6931c56ab5083,180,4,2,184
1d8e642fd83ff098af88fa80f722c00e9e529d06,21,8,0,29
d39677dbf4495216228b20d90020dcef7aa2e9c8,61,3,1,64
1787cbd9b57d3b497e999e7e56536910d11b8656,12,2,0,14
5ad698dab9835f6e6efb6a8b12da34515bd78349,70,15,1,85
3a1d99d3ec18ee371e92b49bd27ec18f34d7e4d8,199042,31,0,199073
a26211c7a90ca0664cbb0b19b64371c56fe7f42f,111,2,1,113
a0d269722c18f461cb352c4a106a4f80a8687571,163,2,1,165
ae7dd58e30ce59d641f919b1afaae816f2e767c3,22,3,1,25
1a1075c7c8859cef7a6eaa909a7a36246f401966,6,1,0,7
98dc8dcf1ebcf2b264e5b3fc18db3c4fdf638b2a,3,1,0,4
3306f5b27b415494af462fa4e1371cdd1577dd32,109,5,3,114
72aa5848bb8462bf3118ad548e584461688af818,89,1,1,90
830e73152652b6ddbf48b83a35acd7522445f0e4,267,8,4,275
97cf70cc9ee75a4c7aabde102319f6ae4a266639,11,2,2,13
607839cef8fa2cdafcdb311dd5c1369676021a21,75,1,1,76
6cb6dd2b1f499610f698a40433a2247306780e6d,2,1,0,3
c0f1eb78709915d8582653f96f9bd5e1f569453b,20,1,1,21
6bae7c5554c64cccbcb6f3fbc6f3f810fd37de3f,1,1,0,2
3d24cf73456e594c846542f8a597e595a551c4ee,266,4,3,270
467484f2f94d2767946ec3a16a4e5979a48990a6,459,17,5,476
36574bdbe7a23f4e743d02f202ce520cd25d8df5,31,4,2,35
74d5d6117e8eae3045d87a8eaa82741ddccdf1e6,5,1,0,6
9e64220c4229afa9b30d707ba24a9803c79a3b9e,1163,26,4,1189
f3792036b7ccc5e41953f55bb5bdc3d6030e84b4,142,4,3,146
1d66acf72f7635b7afcb234fa00f259c1b8ab6d4,76,4,0,80
177e4a3007ab7b05f4ab174063bb5f24d03d6bad,32,2,1,34
5c1fbd8d6522ed1df83bbcfb1d4dc02ffa91f7ed,49,3,2,52
7902be40f88e9ba958b1aa0f868b7d3960e9ba67,32,2,1,34
78e0556a070f71ff5df79efa5e7db9e82f3a8613,8,2,1,10
b312c7d6ce36e65a1d95f7e1a2d54a5047a503d0,8,1,1,9
bc843a5b40a6da0e2bfcb77857bea499ab9a4512,1066,9,7,1075
43ebdae4ed5b700f4eb7901c7a110f61f6c03449,5,1,1,6
fe7dada84d18ec1ded30296ecc993d2e9acd4d36,11,2,0,13
99bcc7daa2f7f69166a4a8a3dcef52005b54be3d,77,3,2,80
2a1f7a4ea8d656072b69df7ea36559f705b8e861,202,10,2,212
8a799ef35e52444d6172e034d32caad344f4d9c6,105,2,1,107
15b44aa6e972f24bbcd15434c7abe00033df3ee6,4,1,0,5
7da012c7b577fd48a927e3f0c540e7535fc28d83,2,1,0,3
e8e6919ee2833bcdf51588e06134ee90d16fbc7d,69,2,1,71
770dda9a89c64a201f38884e244a86395d80571b,2,1,0,3
0825b7d73d9c7a395ca4aaea67f54d4a75eecd92,2,1,0,3
6aeb74588add4339ea531e45140f01c513055421,155,2,1,157
d29eff65d1fb1dbe8b1aadd3dc97b5cab3239123,16,1,0,17
a3804cca6bace0d85bdbdf28bc7c373e8ab71e2f,371,13,4,384
dc405c89b0f567d3adb9321e572585a7b62458b1,449,12,5,461
e4ee77287eba9242947d6520dd40024fab1012c4,8,1,1,9
aec9c601bf2cdeae2373a52bef27407521f1dbea,221,14,4,235
ceb56d03814b213313606df3ea7c309e5b0520a8,8,2,1,10
b1cd69e37cfce11066ac37fe8d757f76f56c38c7,8,2,1,10
780a0521cec217eb67fbd6808210ef367b76fe0c,167,2,1,169
31323071a84e44040f718187954395c4d143fa8b,1029,86,9,1115
875d550698a9a8f8f3e49702c258fa37d48fb80a,11,2,0,13
07767f818af83c93e3781199559017147a9835bb,423,10,4,433
c42022374e1183a3e591f2f6b3f9be27f3ba89b4,85,2,1,87
524b9efae690cfed0be1b7fc118eb638d6c13c3e,141,54,4,195
39b5b461e3cf1a6f6f21afe455016e6406335baf,530,13,3,543
1876f0bd20f9bf851ed505d029ad349a4b98fe27,253,10,1,263
0077205128afa056e34a4c1ca5859c5fd7e309c2,55,5,1,60
30540738324b1544b9f3a98a8508a90e97a785a3,34,6,2,40
0755edefb72f0167aae09948eccb52f00612ac8a,13,2,0,15
2f5df94e07405fa8d3b7c5e3b13f687d76e18a07,9,2,0,11
a0b9da34d6d348347ca51a94071508e977d3ce01,59,4,0,63
26224df5f6dfc4a50a363b41b00dcc19d55e798d,4,1,0,5
ad0c63cd1f2bb8219a34d7a3ac2b6607fb019e69,1086,25,6,1111
5dff5e9a4a3d83b406caa4c88a78af51db3274f8,159,8,2,167
1761f25af74d142ac4295b095dad099c1c0c1b57,30,1,0,31
2568a23dfa9da4e276d9193f5d2800ef9ce3881b,2,1,0,3
b7656c8246d0101f6ebdfc108f64bd39e6a4d67f,198,2,0,200
c9eee1e045b67b3c60698548428a54604d24be05,15,1,1,16
6ad8d4085b48f0bd667f478df7a1b91e521c97c3,83,1,0,84
6ad49608f0a88c73c45dd78121ad937673935988,17,2,1,19
501fb9d7f9c54e5693247ec25c4aa43876271c81,254,4,1,258
ecd554c1d89957280ccd56dd68da742851016427,68,2,1,70
9a6a09c4c3f8e47a5d23ab480d95346d73365cba,26,5,2,31
3fda745063ce2a0c969147aadb88a6025c4ce0bc,151,9,4,160
4aa92b1e27a0daa04f588c0d7f062944c87fa7df,31,2,0,33
c50e2c821355b7371beb089dd474a16d85bcf984,606,8,2,614
491a963cc76312c54085a66e076281e4beb3cdbd,447,11,3,458
d837b749962583d30db8ad1ecc512d98887f3895,2394,47,9,2441
d49898ea1d8ac8f8fa514f702ebe1c9f119c8b29,529,7,3,536
b477843dd1be9b81b0eaeae9e7b6d82f2a4b0ad9,640,16,1,656
c849eb5c9631ea8977b7c88ef3a8864dd5abc480,50,3,2,53
1016425e9f82bc0cd10d41982be452b8abad4247,26,3,0,29
7f155cb349a41a817faf363915b3003c0ec4e1bc,597,7,3,604
432ba1f76f1e594435822398077d6150fd606b0d,2,1,0,3
b44fa988f5dd92820cd26b5380986b197fc6969e,67,2,1,69
44085fa17dc63f1d0a0e4e10f31a5b751c9d8cd7,119,13,3,132
b7b53690410ec72a23fbc28a31e08fd21f881e80,517,13,4,530
bf516b37f8377fba40d09a69811643c1d2c003cf,2383,40,7,2423
0316ff496a657bd8f986e8f477519113386bc007,108,10,7,118
d28bb13b8622913482548772e320fbd5ef17ef83,353,8,3,361
b136f664d65b3ce435a92bc957e0205af6e2b9d8,76,4,2,80
5ce8b57ad9e47cac9ee812dbc9d38deb832e886b,376,9,4,385
a815ccb38407e31ac1d59ba8e60aa85418c1ed85,207,9,2,216
0570a0f7334f68ab8b32441e4266ba43a1b4f7c1,47,1,1,48
ec7d4ed65df78e06ef8e9bcc90914d96124e88e0,30,1,1,31
4e2a50ab34051a9845ab0a94d92b8cff76ef3dd9,655,19,8,674
77d5ce85579220c4044e964285d6bb1978b89081,226,5,1,231
b02f2d83b168d057e061c80ac8aed97458544ef2,2,1,0,3
f79ea9aa642308b8c9aa0cab2536b8ec35909109,253,3,1,256
b53f2b842c800b78aa63c438cd7a7140a7eba601,47183,286,5,47469
000f4ba1cccf9821b2a788ac32ec713b53659077,6,1,1,7
687307b7db263f881654b9aed8f396024ac8d2aa,514,12,2,526
6c388682ef37cf28bd81860366db39c716546009,2439,149,38,2588
654aef6af34d378588b9fb09edd6e8dfdfd3ec2f,2,1,0,3
781abc70c1e46f472c3bab552b35c02155e92a41,6,1,0,7
029754992c55cd1f25436f21ecf870e18004349a,781,35,8,816
234916967ee6cdd4866f1800664ce675593ad627,152,4,2,156
b303f3641dc43be3aef837aab5765c29ebb23714,295,16,4,311
fe445101265968109c5c4de82e635ec1700f58c4,204,6,5,210
b61b6cf59364c71079afdff2bda9a05cf3541692,65,3,1,68
9464ca13212de5dbcc72c6e1f9e2805e72d8157a,328,10,2,338
ce9b211d349461b2ab1e4dff8891ee95064f21cf,96,6,0,102
86dc48ea4f93df44d0c11730766cb7002e1e5d84,3,1,0,4
f16ce98bace0afa445e0eb2eeb62aee7e35a9079,3,1,0,4
0c3f3041c9bd57640742035190d951ad8f4bd599,36,2,1,38
bb3266764d8095e7016d9af12e802b892d4a38de,112,3,2,115
055e138d0da6e98c0727c7b9b685d74c419b0575,60,2,1,62
e441d91e7934623b292221b532a205e75124401b,58,2,1,60
97639944bc19bba598e9ae2ea4651525f24b59a6,177,8,3,185
232df17802b6bcac66552f3fbecb7ee34e2130be,24,3,1,27
61dcd83a60668700d99208b3bd3078151cd587c4,219,2,1,221
ee851e0b59754fad2af68ff6a1f04f5d1c101f46,35,2,1,37
a6e1d84505820dcd2e46cd8a7a657012cb2b1a76,673,10,1,683
8cfa8b046a1b4782ebca75a506247d4331f89e3c,1142,29,12,1171
098e09117934295c9314315dedf0eca1648022f5,3049,355,328,3404
708d77f6570143df5899a0d544ec2de7e2b923ac,346,10,4,356
defb30d7ad9ce6d37868c10bbcc63e85813352f0,2,1,1,3
6e221e90b5728b0c2250915dbbae96c13fcde772,15,3,0,18
23e55d3d205e691955942d6a463732ad16cd26b9,14,1,0,15
4ef3889eb8a1171640526c64fc2d0592ada281e5,16,5,0,21
220f59f9b7bb00e05f77aa425d84b79f9fd4cd74,71,3,1,74
db7758ce66bef167e14030ceaee2ef34ffb1e696,163,4,2,167
e9dbca192e3cf0dc68a6b5614ff0dd1a191c3d61,3,1,0,4
6c9f56c838f7c6247b6a15dd07fd75be1e8c061c,43,3,1,46
c1c0b285fb9562d3e221f8faca755c8f2f1c6a31,312,3,1,315
06a1d23509f0874c22a26627f6e68aa959d5b8cd,2,1,0,3
184564975f06c795e5bc94f463c6eda0bef5f888,241,11,6,252
f7bd3318482d77717cf7ae9037aed18c87cadd40,193,7,3,200
3fd73a97572136ca7d0a50e3e50472560287e1af,415,17,7,432
3864f18a72ea0e29c967509362654bc11328864c,21,1,0,22
7d46e28cdbd9345299686a2ee26d8082f5fe4c34,1,1,0,2
66554a27e4be0dab0cdab3f9b4a11b65ca8a0c4d,119,2,1,121
21ffc3e92ea4ea13ece8a3b45094185665e8cd69,881,4,1,885
2abc2470c2c0d5226aad5694fb664cd4d45eecfd,1704,24,4,1728
b54943a48f536daa2f923b360098937e44ea60bc,1839,25,10,1864
e0e2edd5b029701ffbc18d01709da86bcd45405f,750,21,0,771
8e1ba2628a9e225525f6e9094271985bad36f746,297,14,4,311
2b389fef3c92797cc40ffb4d3c433fd74e166849,80,3,1,83
76504371325803341e6a9162b1367478877a0122,17,2,1,19
8b825687e66f42999d7f27401b7df3ff5c733c14,532,12,9,544
ef68b6fff355e78060d6ca5b53caa230ee246f60,135,4,1,139
f5bc7fe43cea4c28a4b3502746d0f39098033595,239,5,3,244
e5aa0b7419f147729341522cf2587da6aa789a1f,2,1,0,3
2a29e38c8e5b383d61975e54c55c288d5c4be31f,723,19,10,742
5b30e065f3391de9c976d89e5fb7d916e7a3f048,43,1,0,44
fc181de49157505acf13a2c7441a8681accfb631,78,4,1,82
bbbb0ab88a683d2ce69bfa51307cdb869808680e,495,15,6,510
5eafb08c3b79dc65902c668bdd8a5e97462157e9,2,1,0,3
c6e825249e3b382f1494d1f54e656b9cba036162,110,3,1,113
fe920299f0a656e4b99557dde2a8d9664835a132,19,2,1,21
ad7151b30e2ed4f947e44dba602b2f021132271c,211,14,7,225
3de1dc44f53ea510328badf6cb6b423fe6975bd8,75,2,1,77
ca60ad5abbd3f0b023fc5ce67650662c7a4c4dcc,6,2,0,8
1b537d444be5ae5c007c3fd677782a3b5a5274c3,1878,27,4,1905
714ae9cc2133e4c91d9ee1e6a6fd9ebd2ee71109,1371,28,21,1399
18953681dfdebe334899b718a07cb8c2a3e45670,104,1,1,105
7d4d6db1470a647f9b122c5e7a816538bdc90f3c,79,4,1,83
df5f77e656c175ced96db2f58eccdfd481d8cff4,2,1,0,3
bbcc563ccee1ef92bcd3b7c17331c7f2c4538dfa,1,1,0,2
601a4cc0458c70ce3e649aafdaf2e2a5a734b8b1,104,4,3,108
ecc34e4e0184e82e52c408d8f7a017fa82951d3c,155,3,2,158
7ea953999ae967060311aea209ac90b7f45610bb,1588,7,1,1595
9a8241951cb15836be0cd4f7623f4991e7e4480a,126,12,9,138
f22ceb2d3362f3b95fbbc7f7e680f52345c7d283,8801,27,12,8828
ab278862bd322e0d2d76557c263c6c1a7b97375c,270,9,2,279
4284a50b39a950dc334af5aaa7e1da3c48a452bf,17,1,1,18
4496972ef873a33b05898cdad10b6f25de1dec5c,128,2,1,130
904eeb769b6aa0934dbe7796a2d0833898be56ed,621,18,2,639
5d7e5d9d6bac202393d4050767dcc7cc94cb107e,2028,78,31,2106
075a76a144fbf3a02b928208aeee60aa7084a930,174,3,1,177
b56f2e54a3d836a14ea66b5f88a46f56dd53ee1d,2,1,0,3
d139861141b1d6b0b96504fed80c5bd07ebeefdb,51,3,2,54
df22bb8d9c77feb68b013d07a6c2636a1d467a68,257,6,1,263
bb4e9be54383525d1d7160a92379dfe007acd0c1,117,3,1,120
1c18dcb9e082ca53340ea641a80bfa62294b372f,72,5,2,77
b59c3a9dd16e9b62d96da7f767164c142dc0ec6c,2,1,0,3
479281e1aa69c9afbad036b66358f82abdc64868,107,2,0,109
79967354847638c05c6fcdf280d0626a65585461,13,2,0,15
9db91c4348c1363ebaec0acbac1731586064b531,118,5,2,123
c569d8682c59ef33590e35088c67bbefc5618195,394,5,1,399
511736b175ed929039b6732250836fc8a1928488,6,1,0,7
1f238846c8beb0d2d5a742eae85a55987313a99e,18,3,0,21
e220e8006e45f1785f7f4c88d6eff072fb723ef2,467,10,3,477
d5af66c565833ab232db2584f8c9b19793939792,376,10,7,386
248d9e562ce0368b80403881df48979cef013e3d,413,17,14,430
6229b46c277707743da4f5fce881450a8a6ca151,289,4,2,293
28048e234c3bc3006375944827b6a66330f202ac,20,2,1,22
8cee01d1b9ac319f934cd97e787ddfde073524e0,14,1,0,15
431dfa119dd7ff66437a2d32869025b9da52f57d,2900,24,1,2924
a8e16899514348ed7b9404e7d122ed430f8e1acd,10791,119,43,10910
eaabf74e5a531adcdc09046e6dba3ef8cbc28548,389,10,2,399
dc4c60330e0d3f347be5d37458f63775b84d0c71,47,3,0,50
ee5fe5694e2fd18a30227071330d1351b4d1f3c1,34,2,0,36
0f91ab211aeb92efcd57aa7586457cfab073d2f7,573,25,4,598
353be3261b691562a3730342cd7e6ffd0de1ed5a,249,3,2,252
721ea0b85023523c295ba68c1accee7e18fe6522,217,9,4,226
a8ec750c4dd059a47112ed8f4d105c1f71e7e412,175,11,2,186
2ab8ec14b7d70f67fa8da1ae3f40d94afe99cab1,20,2,0,22
fda39087a8c3bf23b25a7ef2117ac2e2296a3f15,175,2,1,177
1b42fa17ae79923954b82b0b50d379eacdc13979,46,6,5,52
95d5262deba981f2d917588fc48e45b908db3fe9,15,4,0,19
531e0ff0420a7f4be2712f99a594acecc8c0437b,2595,39,21,2634
3d72ec46b59a58e85312f73efc2a7c720924ffc0,923,30,2,953
597acab9b466dbd3ebe81afbfe92f30010ab8556,2,1,0,3
226b0ab81810411eb093178a4bf63f5f07cfbd6a,19,2,1,21
307ebcc5d3a7744dd9cf1a9cac103a776209c084,534,2,0,536
e68e3c5d0641416bb5d73aeb36c6899fd4fa79f8,6,1,0,7
857fe891c5d887820e0076912ce78f84ee8c4733,96,4,0,100
c5725f602fb7cba11ae1db59d08cab305ff4f65b,79,2,0,81
dd777fbbf77a1ad6d51f3d62e784b4f4027da3c1,337,19,5,356
6ac7c9684e14c48f9114a312b9bfcead820c5b26,6,2,0,8
819485eb38989f9ba15502d75cd1f7e24b7dff40,159,5,2,164
efd8d46266c8a84ec2b6abdec24491f210c80c8c,197,6,2,203
38176e7ea2db6b22f074edd3054b211ef83e1ac5,780,33,24,813
e26046722111d9d856d7e1b333a591d857e3e392,6,1,0,7
42226ad246be341f7acf8b30732c16b77bcc4ae5,25,2,1,27
15cce746f3d0ac1ad6c84bb2a1cbf98015928b35,24,7,0,31
da02f3556ebeb80f4aa87335fa41932c41f61c0a,110,5,3,115
4455b54eabfc6c6e7253a7e43414c70b154859c0,34,1,1,35
c79a62f2d60667113dd77ba21b6d41d91f0e1864,1260,23,8,1283
72b0d613e053bf82dabdd96efc6d6cb86c36e558,6,3,0,9
7b7a0ae02a981d317035e4ba6cb8dd1c0b1ae56a,614,10,3,624
f1de701a2cd17b73ff297e28ccb506349968d142,14,1,1,15
fb05a1b3c0eca383263b206c384029d2519bc152,24,2,1,26
93155687fe31c18a5be70a3791420e5b9d24aa41,178,4,0,182
6f89e18d04ae500318e16c49d446c12b2156d5a2,62,2,1,64
ee922ece3511781aac83c01062d0a03526260d7a,1926,13,3,1939
d0d3ead6d7b0bc7a1bc6649128462cf286b8ef79,1446,28,6,1474
aa57c09769b66e95869430551e96fb909894f192,61,9,2,70
c82a6f1820aad09a8753bf297439469ff445bcb4,12,2,0,14
b6a1b9bc4bc76f3060f917c64866360ea9125978,6,1,0,7
60ba8b14a06a7d7aab87c2d3c9c49f0eb6d612d0,2,1,0,3
3ecb062d91b21fb23e14a7cbe0805468aef3c398,234,7,4,241
2b1406e00fdd9c226b60697fde7e3b3fc176b121,93,3,2,96
91e66669ffc11950fe4a4358c04893a71aa98953,16,2,1,18
910b7d5883711eb31224d03860f92e18470880b9,1005,21,3,1026
75efe3d48a3c6b0cd1c2c8e285c4f661dd99c3e3,13,2,1,15
378f0643117eca00f6081a08a783b9683f3adc19,96,2,1,98
4633ca4f2cc88949579ce2de213252fa0a0f8471,485,37,4,522
f5e69ba922c80ce059658db7483fb3dee584e978,327,5,3,332
28930c2beb5c57b29626116efe395035a65478a1,623,11,0,634
b5e73970febcce45a9dfbcc6e1bed0cf04313177,8,4,0,12
0093f855be3bcaca4e25f96953557415b2720de4,8,2,0,10
3762c8b0a296f5768795d831c679b07a692e2588,261,8,0,269
2465a99825c1dfbbd771120f1b73fb27dcdbe265,22,9,0,31
9470e9f6561ecb6b787ee5a370edeba285d421f1,16,2,1,18
10288411024ac4f4be0e191a9c45257341c0abff,745,25,16,770
b04fe32f36f9eaa0b4be68dfdc28a53b5bf40058,2,1,0,3
1a69152c2f6bec549410d0f391f00a34e5f19edd,70,2,0,72
92a68658897833760ebf698b18135ccc951d1cce,34,3,2,37
2a7cb59571f6dd98bb5e6a4e4c49cb799504a239,150,1,0,151
3228804eb7086d73ef292bfb1afb64c3426b79e4,5,1,0,6
c2662daeb900034bbaad4e38d43ae31c18b53169,93,5,1,98
7fbb90a75151f74564a16d7867277777cc07f026,363,10,3,373
476a65809077bdc95f01cfdef03f4409e1a54244,10,1,0,11
4646ed12165e3379daf1024f8aeee327b5084dcf,5,1,0,6
69849bf20841ded68d4b5fd4031e236fedecdff0,23,1,1,24
95ba35d2d6bafa62b35dde16d137eaad4235fcc6,83,1,1,84
3bc785a750e13682f7ea59daa3870730e4e2660f,12,3,0,15
f329383119cb4af9b8f7a27dde12cf05372ed1f5,33,3,1,36
21d5e40fec1193787fb83e62a3d91772fde496d3,6,1,0,7
0f5b85f5ac2e07274d11c8f9c5b84ebb343157b5,346,17,11,363
83a87552895d9467567f8ab2c4bddf87718ee07f,8,2,0,10
7e1d22444f8716fce07fde6fdc3ce3c45af5b6c7,63,3,1,66
ea2d3fe52f92d8b8137763089c41388a5cb65321,71,3,0,74
f9e1ab3aa62e95621afb2ce2be8a049e33d7d3bf,304,13,6,317
82dc1391dd045320b20eb2c64cd101bdabffef2b,8,2,1,10
bdfc379fe925782d7ff581985389b8268a39a3d5,384,7,3,391
cf28c3c49c5af0485ee007b3a60293d4ec8118b2,19,2,0,21
830af532e4e9ba7fdebac3da3f985790d37ccd58,11,1,0,12
705c22b92250ed10c12c111a4463a4e566680d65,18,4,0,22
17928fe8b7d8c02c29c2a8360f8a3ada479d6a2d,731,9,4,740
12d0ce6d779d721cecbaed6f2d6c8dbb25a6c2f6,4,1,0,5
071ece86107fdff2fdd6dc413128245a5164c84a,369,15,6,384
159526f9d1bfd5851595866c0b73945f2a1ddf82,146,2,1,148
ed3dead1417b90c48a3bd0c5a75f3259971d049b,180,7,1,187
6eda7c91b410cd21518b7b8569bba72431ad8f27,2,1,1,3
9eaae91e0a54bd984db542354d190643d56d2b0d,109,8,0,117
6d022194ed3f1c0007839204a481982f4614dd25,109,8,0,117
8950aefc115075158ccd6ab27c83a567a5095805,180,5,2,185
53dba922826bb8f3f5eb648116ba7254795c92b2,209,13,2,222
5c2b42dd4ecb04620339213219f4572013147fb4,132,9,1,141
97176a353962fe1289b9caaadc61fbb668e07bd8,775,10,7,785
0fb4ac567d0bbd84fab8061279d9e6ab36f3f781,39,4,0,43
46d865d63dd43bf879278d530af27f25715b0189,38834,470,42,39304
77723f0d95c60a780680b2b01ab92c9aff576759,1111,59,20,1170
2fbd3a3329f061de3c9f6214aa49d3b7448b192c,27,1,0,28
f6e033729676082fd7f81bff58e6915e5d40ba33,4,1,0,5
e7c9fe7eb1e52c149b1ab224737aff3ac1cb7ed8,7,1,0,8
fc51f0e43275953ab6a77c7f4d10ba32d1a640b6,10,1,0,11
a225705fc5f487c2170dc584913f769f1b80f34b,364,10,3,374
3c5cf62061a7b3669449d80cf2cec901b77761a6,97,5,1,102
c85131866d08aa3b4047f1c21fb1262f46003bc6,393,14,3,407
3d3862a7272476fd008fd5f2d9eee2a33db164eb,2,1,0,3
fd74772c3f19634f94c73c4cf1cf88083ed85dcb,29,9,5,38
7b0fab66f72ac466479a5f59c367e16afadc7db6,2909,105,35,3014
c6abcdc34748c2dadaa5e410853b1f488243b85f,15,1,0,16
5aaa711b949f28791951615fdb9631559bd68287,585,1,0,586
8d0e5e23cf7747cebc093663c7316148e89248bb,18,1,0,19
7925f21fe5041d70c07432e6e585a31799a8ca6b,115,4,0,119
2fd73b23ffb92f5cb41e27f80bd5524292aa88d4,23,1,0,24
961fdd020a264c3bdf47c212a7ef545309760662,101,3,1,104
a0320dcd320c7bdf81160b5d1912f48fc65c752b,116,2,0,118
fe4d41b048343bbb8d7f5af3cf2df25b79885ceb,3674,301,43,3975
ab168e7b6612780f1ef7f57d081b5af4a6092c9b,412,5,3,417
5f6ab39a3993a5b16acb368ebe46f3fab00d457b,3,1,0,4
52f1ced7bc31a072b95dcd1873a6071fdc10e06d,134,4,2,138
490311df216adfcb4188e944d63debb357313684,17,2,1,19
95e2c778fedfeed2f02b37b20cb32a47a9e4c1b1,685,32,10,717
fd2a1f65a0be57d5dd38266e85010a0201437f3f,194,5,1,199
a107d2007894363ffefdac27ee9e209227652c94,9,1,0,10
8e3a5032d02ff78abe2dfc820418a405e047b507,35,2,1,37
04bbcfec30fc05c87f8aec0cba30365b4a7bcfc9,399,3,1,402
baccd5fb4fd33fddb4bf881b48166e43563b6c59,362,14,3,376
491c9995b8e350ef5a0e2a2a510c68c0888bddaa,142,9,6,151
ed860d5762c2c672a82672768cb129e011ed8e9e,2,1,0,3
621bf869056b7c255416381f239fc602c608492d,39,2,1,41
6a1cca695c97de81ab4cec7306b2b912f61e55be,589,24,7,613
026ffb91cccf1edbad6f95b645b33dcbf7fd3604,117,5,0,122
c9f4d5404df2632ad0138b110ca4d383206f4b43,33,1,0,34
a3b0e9f954fdd4abb78e6d085b69a90edc191cf7,29099,7,2,29106
8fb4c1ae873b70193726ba310a7f8837e61e68b0,74,4,1,78
0caa8a57db78a92403aa8877a8512fb9e46e726f,6,1,0,7
7dcd497837942df61137b07fd2ae0400da01189f,102,3,1,105
83c75d88cd356966e66876a234ff24bc671068dc,36,7,0,43
dc011c75583362de4afbfa393c6d815223f649e6,4,1,0,5
92650b0cd22fe67e2c7a9c5cb1abda911fd14e77,28,1,0,29
5eab58fcb4c07dbadb0c3d0742f1ca4240d54b72,45,5,0,50
55963425e1bfcf6fb85ea3c42c9704f22fb50a30,39,1,0,40
2a4df8268862a4abdeb24abdea0f6ad90120a02f,10,1,0,11
de08e0c40a32f28d15ead81c33e3e41d1443b5a0,556,27,9,583
c1b1aa413fcb81216c93c0596117fe9f1a4098b7,30,3,0,33
ff847ec15a3fc1a52c76608dec5d15e6c23618d3,16,2,0,18
c85580a79a04ecbcdbdac972bd60dea68022daf2,12,2,0,14
e7b0b8e5a170c1d295358010fd27e33fa7e626e1,11,1,0,12
dec1fb41779245edc9fb6a01cedeb6a681c3f2c9,67,1,0,68
853b3da05299255269c6d6e6aaf7840594ed8c47,299,1,0,300
b129faddb1dcf5d8fdc09d3e8787688e9a0e6fff,329,2,0,331
fa4ee042c978ee760190312df90fe22ca6773495,14,2,0,16
f025cc18cc2250b4a023ecfa3aa1baaaf26510d3,318,9,2,327
6455bc3a7f9d992eea4c85453561db7f307f8978,418,9,2,427
d5db162af0da9f4de8952f34b24ab6e2e907f9bc,790,8,0,798
eda46a28fd120e1998982bcf47671689c2fce4c1,13,2,0,15
39dc5a33ef83cfc6269808e25c26700590142d2c,26,2,0,28
0bbb53af88c29a3af39fed8dddce378e5700ac79,134,3,0,137
18dc08f7e00fef4e8e6225e4d06c6c4b49b8cd0f,202,6,0,208
1cb7784d9dcaa3cff0d737032cbe1a5577cb2c9b,50,7,4,57
1b3e1009e7b0b4c4f1a42bbf320c481a7d6bef1d,804,8,0,812
b3c4599244770c928c712a8e39ad4368a530f8ba,6,1,0,7
e3173c7d9267642cc7a0f6588e5b43e08ac09ff1,2,1,0,3
8a1f0731532802cdc8ee681d28dc324c76c7ba80,568,78,11,646
2ba290e701a3c12d7979a38bca8294f9aefdbe80,2,1,0,3
61a4a48e7b521b22be31b32b308165fad7abe491,4,1,0,5
f4654f98607648252c5164c0fd1a81eff279ca26,284,16,0,300
f2add98edbc565e52b01585fe3b41e717cd1a223,58,2,0,60
8f2bbede0edb2a87502790fe8b09e547945e1937,193,4,1,197
afd19ba70dc45b433fecca95fced9d7842c916bc,146,7,4,153
d4cccf70457b2d18d6da9bf7f1cd9bc9692035cc,43514,485,470,43999
de1b67e302b10576f7aeac0e5a16757b588f2bb7,9,1,0,10
b6f49f80d5778afacb1fc55bf556dcb1718553c3,49,3,1,52
44dabc06329e45238942c2a4528eae83f20111b4,8,1,0,9
d43deea374b84cb698adc4025b644492328f8650,821,4,0,825
dbf1c7825d74809cd6859c85a8ac9ed9ac071e39,303,4,3,307
9b5d30c8556323a41ea18a3e3f326aa745322ba2,6,1,0,7
8b21334f9cbe6960d73cc63dfe093d84ba7d12c8,27,1,0,28
24754c215803b9b5d0bd97905609dbda05043d3d,10,4,0,14
9a216817df1f9058c30dc90f3c62e16865b7032a,238376,1304,239,239680
b26a4c52f87b09e99ca0ddd0e9e3e3d6ff4d1935,984,42,5,1026
149e094ffac37bf4a42e4a62f6eac98185a9857b,112,2,1,114
bada97f3a1d4083e646aa642388db8d70984f524,2,1,0,3
3b43aa17ce7cc5f44531d288567edee6fcc2e18e,47662,18,2,47680
2342b19e9a4343789b6cd8431d8e97db3aaba733,194,12,2,206
cfd8851d41583c44862da9b616eb5e1f99ba6abc,2,1,0,3
7e51cb90715dd6db8bd75cfa37551f92a74a3098,74,3,1,77
0080ae950ff735ddfdec2477589ab9b659427ded,237,9,2,246
30abdec50e72aa0f198eb79acd2b6c3d593bf622,3,1,0,4
abbf613bffe10172544164406bdebaebadac2538,15,2,0,17
0d2622996869dbe864502ba9c26bcfbd7f9272c3,33,2,0,35
650a7f69c4352ea5ce83e413fe8a291801698386,14,1,0,15
41b0fa192b7a77c7574fe2d03eed295cf6cc2471,1079,51,3,1130
02f670f06b6c3501229d5e5d67de065ee584df86,8,1,0,9
11072da6cceb000e147fdcb7521d19c453db1ce5,3,1,0,4
bb91c57884ac8377d3520ebc5e7c1fc4db2b5667,83,5,0,88
a688b1d415bde8b45ad82793ec3ed9bb7d142411,915,34,4,949
29c4b6e0f2d60548334800cd718290d5f6636dbe,380,7,2,387
ad02c96e062e78b1292eb3cc6f4102b5076eabc1,42,2,1,44
1ae2edc5d357bd27456b00fcecf74f26a2f67efa,2,1,0,3
158bd2c0d6546d01e55e541dc1b9a3156713d183,131,6,2,137
1185941f1951994f3399da7a92b79e244e3a595a,185,7,3,192
9f70c2a048b305c29435c0778663fc59c57fb2fb,1345,29,8,1374
66bd852a89f72e7d002a134a7a6d779a5cd2e93b,30,3,1,33
fc8a07e0f0ebe27d4ed17612da18f90707ae60a2,688,11,3,699
d93a9f396bb0ec0da5d444dc27eea3cfb804aa90,2,1,0,3
eeb5535fe3323f85b4790b835010287a37f58551,186,1,0,187
97eb3179e3b15667ae7da8e2fea939839ab7a716,979,27,7,1006
d2af35b9320b0acc227b61c4614b22debc554635,86,8,0,94
1c2020212fb8c28a4ecac8a78ddc04bce2a66469,108,2,1,110
a67510987587f5cb55ee0688c1fcd817ce53c84b,134,4,3,138
6f5e27e2e898a170837181f4d3af4f8847b052c1,1534,42,11,1576
0e978105b0d52ee8c675e683baca17d9e6ab575d,305,6,2,311
aba71e1a1518deaa8bba54d566147628130f0190,2,1,0,3
ad0b96b248b3ee56e240bdb2b614c145b5657c32,1,1,0,2
6a104522f4f11cf26811677d1b9a71a140d638e5,16,3,0,19
0419fff6fd66c9086dfdaf597deb999ca48b4eed,4835,54,13,4889
ceb22d20cab407b038570c81be022d7233a6e12d,122,3,3,125
aa759048751bd82f1dee00f328556ce0c37b0076,284,9,4,293
e3e3eded7a675365a744848b5da18339a904d4d2,109,3,1,112
56e61440af3adcc9ebd88a3a55deb4302a4ee4a9,138,7,5,145
8aed3c61ba2b61921463da6b35f1e5f936d7027b,65,6,5,71
7d90bd72f053842009c7fd86152befafa40556ea,54,2,1,56
1141f17d37823a90f67e9c1dc7db9db71586454e,249,10,8,259
0f0e465ae45c890d34f5b467f49715ac05583283,188,4,2,192
3a2049a79c4ecfb01ee9485e4a3b1b0523ee1067,184,4,0,188
2380ff35d69dc09000886c9df64dc76352022e70,2,1,0,3
63476a7a4bf917688af4a1c8d9a24829fa0736dc,785,41,26,826
ccab242a58858d433aa8ca70aaaaf6866a2ed6af,136,4,2,140
970429c203c7dc08c4f2b03ccaa37061b5ff81b4,2,1,0,3
842885ede0b3e803e83815b759edd97bb803b58f,1488,24,5,1512
43c6432879f737055f4ac3bba674ce7fb6250626,245,5,0,250
56f2886bd14a626016fea9e907ab10c55c714ba0,349,6,3,355
3d95f6f7ccd8c9e4f6567022dbd672d6b09a6478,2,1,0,3
4a956481215eaedd5fa457a35853f3ef9a40578b,8,1,1,9
32f7a7ea53126afd2db830f767ebe16b87f49d0b,558,11,5,569
9f878d9b30a98b0d59d462974e9728a02c49f18f,24107,167,16,24274
655eb285da0dc13fe1bff16eb85b5d62eaee0a78,512,16,7,528
a1c13de0318872448e28b91a0d1d4c4657da8af2,150,5,0,155
2aeba5cf2f4325175692ef311dacad5061f0d8c3,457,28,15,485
6ac26a0f18d019dc84cf067067240a9efb2576af,140,4,2,144
4eacde203330ad515ec21f4c8d085ae38788de9d,9,1,0,10
2c930ab4eb8336b9e2fa399521e8e5d4cc3f07c9,55,2,1,57
c861ac5ba427311aeee469102ea65a33e58b4678,507,11,7,518
a0d074d02b3549f811b794aa3e9ec92645c84972,309,14,2,323
040ca42779a7ecd5c9810d3b67d6a984d0055eeb,341,28,19,369
79b9a4758ad3cb8d85fb129a6968340b53c3e8f9,509,13,3,522
7c11d93729d97497dafe34ec66221fd77bacf05f,12,3,0,15
8c8c919220dd910a6891dfd0795cef63b56974b6,61,8,1,69
a7bc3d2676638b7fefd8603667cd366a1234e654,2,1,0,3
63f1a80d83da4ae5e3122057826e92ff4b6e3178,108,4,2,112
eb57f7d771430c5f3bd8e10c1c4de77b4314d8fe,27,1,0,28
27ed13a607815b385085b3d629e961265ff64b54,599,14,8,613
abdfc99cd2a9fc37879fb9cef82aea9e0437bac1,68,8,0,76
15e18b52447648e924abc55a9915c0aa176b34e0,82,2,1,84
91a1eaa61e3d94c099867c0581f3b5a49769ee0f,2,1,0,3
bc73d09652b31f7447e8d51fa798b55cd9157f4c,426,15,5,441
0f2fded074684458bea4a4451512dd341bf0b802,66,1,0,67
57278867252bca4048eab50ff248178c56835f59,326,29,5,355
7bcf23279d99fb7d24b6f758ef3fe8ca58f45139,974,20,5,994
aba0aaa5b8dd36ac7ff1329bd99c7753cea1dcde,408,9,5,417
fd8757e4950811c14f2a3151451cc67f1b8dbaad,48,4,0,52
2d3b96d83c9763d14a07c84bdddb590191647fd4,393,11,2,404
461977b82ea962a18f98d7264d801c2b2aa04378,1,1,1,2
d02626640e05772ca61faabe7f9c1718016bc264,385,6,2,391
5ccbd71e195463c4d4f28f3207e98e1606baaaf4,10,2,0,12
8fbfe9c034d681b2754d8db1ea19340ed6fd010e,145,3,2,148
b67944fb1836b938987bf02d9dfebb1f40ade2f6,2,1,0,3
78e161ad53a7e3482ebfbb56571ec1d9a219a022,13,1,0,14
4c8d4b0d8095b09e9a0b4bd9c9b9017b96503023,22,9,0,31
8fc1c3b46a0b1e7259c47838845c7a1643ac7c3a,8,2,0,10
04df1ff4a7cfe710415818e7f9d3e3af460b1c70,263,9,0,272
efccc7ca54cc9de4001d99acf3992c5812f3deb1,4,2,0,6
36bd6ff35e8012616882a864c1e10aae115a00a3,511,17,6,528
141cc3699d3ba04c99fd074f85efc067fa5e11f8,67,3,1,70
d783edc9a188c2a13d78eebc912abd82b95a10bf,334,6,3,340
5e85092c56421ff021019da94d0015ebabec4a57,2,1,0,3
783cc92f0af0376c90e219ba0f6fb85481c35929,27,2,1,29
b7a8f021f8caf22ad51977be0323dc4085d095e3,263,7,2,270
2dc195167260dcf8bbd638e7a49064938b6a8e51,128,1,0,129
a57ef58eba57976dd0a4e61483b88e4a83a7acd7,1,1,0,2
3d3b4398484f2ccae4fad92a62b777818977b4cc,2,1,0,3
6f93c7b3b05be5627600463d6a1855c0416fbc5d,6,1,0,7
56a33decd41a88980af070c9c9429dde0b08c3f7,100,6,3,106
65aa55af1707e22db8fb702204016c1c08ae0bfa,72,3,1,75
74810b063e59769bfb02c79f6dc368542286d6b8,220,6,2,226
