hash,lines,files,num_test_files,commit_size
c8b3f3b16f60151f12ce0de8f8d3632e1434a60a,9221,134,36,9355
88d58477d2bbe6adea5a315c6b1bd833949ee57c,1001,19,5,1020
c6a0b5f55b07dee08d1a41ca4a463f6753bd705f,856,18,5,874
93396a759a118f484e2ef1693cf011cb9e32aadb,579,16,3,595
83c50eb811bc1de46d78f751f1acfa3d1306a869,202,14,1,216
599d201d6665a685ec8765e2e9da026f063470c7,84,2,1,86
92350ed7b5ba3dd7b5c2e4226df9a245242f27d6,964,10,4,974
f1c242025e67b02917ab7a781875cf557622bf7c,271,4,1,275
9bcc9a37a3cddf39e02acb92c4265a8f63bf93b5,2383,33,11,2416
d1d36daa13d0c24895a498cc6e3aa0821ae5944a,643,17,6,660
6ac6d31ace5d068e2f2c7dadded75ef507e9107d,184,2,0,186
ed1a2b03a19cddbd2c0046f5d45e627f611032de,12130,13,3,12143
3b16e9854d20f1660e68ec4da6cd907f2be624aa,22,3,1,25
2e6464cb8cc4b122083d8d6efdc5cac5ee25abcb,2484,28,5,2512
1fb9def1bae0e46506954e33d489dd0c1f5999ca,1516,165,44,1681
fba873cb07bc0add7c029a63febfe026eaf4964a,15,8,7,23
0b2d7c958d517fcee295b7c0db5c16a8d5c1821d,878,48,21,926
c5bc4c7f676286055e47b81041bdcecf30073607,845,66,24,911
57a60b3d0ae6280a38865757485d070b3591698d,88,4,3,92
43b754dd18c04d68ce5e7fd34997a5c49b7e7159,737,19,4,756
0fc4d209c15b0c5d7460d236e7eb59351f3ffe29,1,1,0,2
ca5f237f0dac69f32e80c786b2833bca6a4c8348,321,9,4,330
1d836057ce81f55e4693c83b5f5d83bb2ae6a57d,1,1,0,2
5dd00a0063bab4fc886895ebd73eefbbf0f63439,1475,59,23,1534
b0ba5063ea620026bc18484b4819c8fca403f88c,4,1,1,5
bd79d33a204733c27290f7e62e5f545c0bd285a8,27,1,1,28
ff2f01d6110e55cb3cffe77839535afdf1ed99c1,181,5,2,186
0c2a1b9296ab4b7f2248bbfdf71d6b6f724c4eda,587,25,6,612
e92d333e6f5d16d9cce358c4d91e0ea8ace2a872,339,10,2,349
e0e9916fccf77434a44b41ebe7d60a99c8f58cb3,176,8,1,184
be9afe5e90fb052300e510734c160c0702f54128,300,16,0,316
c8f2d5d8d3ad943df6152ed26e3e76dfe9600d6b,566,15,4,581
07be2d1261c3290160cbc32fbda22e9146648d54,1103,34,2,1137
a364e4523a35c819f7f3ea3900654c2ac56ab1ba,540,9,3,549
44e4b761bc9a885bbc03f0ba60166bf3f8ee1838,846,26,2,872
9f054e6ff5d2e25aa730e597ffeb40f8dc1a779e,1,1,0,2
3bd467d739450b956f7f0f47257647596e51b2c3,323,10,0,333
75e4a0b0480fbc9c293429975ef385f0f375fe5c,295,12,2,307
1d19d51942a53de0b7a617af3230042c300ed1ac,258,10,0,268
f8e94a399e3e779c80a4887819af7a0f7ac3382e,1173,33,8,1206
7e6fa1eb15a21d0df81639f4854ecfa78cf41b9d,392,20,2,412
9de1b50b9bb4ddd66bd65d964127d3440efc943e,215,23,1,238
3e49a28287c9d9e5ecfa94f6088ef44ebdc505c0,46,3,1,49
ff56e30b8740dcdb680edc0596297954d80edf79,232,14,0,246
879f6babbc864392e9cc4c3455c577808bc426e6,145,4,0,149
6cfe2a37160da1d322514dd3f2bb2512ee61fafe,215,10,2,225
7b6037db899a1ff76042467b7105ca06dd8008f2,358,13,0,371
f2986563e94fdf56b2b42a3857c01b61233264db,99,3,0,102
67407b4766477057de849051758a494a363eeffb,147,234,48,381
146f055a2953c25ddf4fbcdd4c0f2aee59175c82,1008,71,5,1079
345e4fc5ab5306b2befae2aeb73f9e268be359f5,78,12,0,90
bbaa3df24d9a8f7134a18962320c0703f833e2ef,0,7,0,7
6a9a267b8ad1bf0bd6219cfa0e12ea9d52b29a06,38,5,1,43
001540def60058996d8685f12a04b1a466bb800c,177,17,4,194
e5e1c8279342dae2cc8641d7ac37a042fbc2b411,383,47,11,430
0c7f79826d027050a7a66524681bcc207d27a459,541,13,5,554
674e767d5c665b3801336830e23ee471c816368d,58,4,2,62
ae7d09bd0a784d8780fa4d992f812b6dd7be68c2,144,5,0,149
a1be47d66dc67b8566653b6407948283279ac845,333,9,1,342
d1d14b927bd7c4618667c4b6e0985d6bbe12617f,899,26,11,925
5c0e819374a6c2e2b5afa6de04d450b069efa6f9,283,11,0,294
e239d68e3ef889908a70d5282e805a59401b4664,4,1,1,5
48cc8742b0ec482e4612478c0e96726bcf06cc67,268,8,3,276
273ec2f6c15314b79899a4bd3c239f17b79f605a,304,23,3,327
cc2e2f2fd82cbcdea9003112658206d90046839c,109,15,6,124
409636f062394b8e349271a03a83dc152de154c2,19,1,0,20
d07e776a45d4c0cae503abf1dcecbb1740d80471,246,9,1,255
a4a9bde4c4b93abb573891b1d2a4ed2b5d47da4d,12,1,1,13
99cee6e7c037812b1fa3715af13c30b2743cd592,19,4,0,23
da30b265f981f70904ccab02172d272b454ed82c,99,4,0,103
cc331d86f1c37094f25d188cf2b9550bb7ef0616,29,3,0,32
2ab4cd188a9953faf84b110bf9ad130670793f87,31,2,0,33
b9dc7255f54218b4b233573988e65fde60546972,217,16,2,233
cda77aa866af56929d05843f829fa3eed5b7a891,15,2,0,17
28173d5ea728da7a7778b89fa5369e0dc70bca9d,217,16,0,233
184d9a16564ac2dc44bc997f05e7fcbf4bca24a6,55,4,2,59
9f6aa34e605e6f209ed5d56c177596ee5ddd6032,1365,48,5,1413
878adf1e0fcffbedbb055f3417701beaf909160d,13,4,1,17
dbb3ae352739652cd80d42ae5b6a5d73fb60a6bb,765,2,2,767
4cc263996e1458466a2dff32bb6bf89734e80466,938,11,4,949
62035ee41b4637f506a1ac234905b08c24fcd050,115,5,2,120
e2ca2e8caa3b4ac2ee8099b41f7cefcde8405210,179,3,1,182
83bd8f90d72457c5e7d59cc7012606643d5eab5e,111,1,1,112
7c7596c9e8695a11b501d429e2c7cf491947a122,129,12,1,141
855e0d349c02610a9743d2f76f66dd898652f8bf,76,7,0,83
cf4984413d220cd3a78c761d46c704ae037a882b,87,5,2,92
8f1a5aaabec4aaef70cd049bb518d869247099cf,326,6,0,332
74c4d2374d14e3bfccb967711812e193acb4272c,330,11,3,341
b52b12f78d1ea9e84520badb9da08e9d5b68e367,2,1,1,3
5d006e57036b87c093887dab225b1599bc04bc59,249,5,0,254
4540b7bd50ff8559ab1fd675146f887096da756e,2701,36,9,2737
8990165aa9e32ca5986cbe40c4f8620286ca90f7,2,1,0,3
2c5ba09ad44700ad3339d32389faeff7945a1a63,1,1,0,2
8ff01ec269731043c3bffc64f0ce258b41c8d4f7,260,8,0,268
0e14cdd88d9e129d56af3f826f489cfc6d5f29b0,33,2,0,35
a9d052a3a27a93dc0a47f44dc721dfed25c9daeb,3,1,0,4
0a46ee9e72814cd5cf468af0299d60deed9265e9,1465,21,3,1486
a5a736c67e6c10c39cba740fa39d48bfa63885bb,2,1,1,3
df724cfce8ff42061c567576c964be8f90d48616,78,4,3,82
1fadef949dc418ee89fe10d68680c78f9f820d86,8,1,0,9
8b9feef69f0f75a38676153316ed558e844c6c20,27,3,1,30
2619f7bae7a024ab50e0106c0784e78a2520b0c3,8,1,0,9
d640d794e4502881332f3f3772916c49f44e79b1,69,7,0,76
714d6af5f296d34d05933f96cfbb68555a8a9ffb,10,2,0,12
6ac1fd3d7eead707129ef02436a1298b7ef43c94,172,5,0,177
b1a7ecef5dd55c4eb281060595b8d44eb9f39b43,156,8,0,164
2658edc842e38a050749f34213f10550e3d70620,60,16,2,76
dd8024a1a7fdfced47cbca884962e459217ec925,11,1,0,12
6fcd88fee7dfab41158274163f362e679df3340d,202,1,0,203
afffc8d7425df8a21c9f80a097101a7e63e498de,0,0,0,0
e938db9eb52e05c978a28893dfc4ff6d58325cd6,7,1,0,8
ff1279ca3e40caaebe51bddcb12b9025426bd7e4,51,4,0,55
ba11458b0ad51b9ae219d3f668964e63daa83e53,7,1,0,8
1f449b9c7187cd8122ac134d0fa0bb0ba3c9d736,89,1,0,90
ce70601c0a78a6a617494657bdbb7e29814fc1a0,55,3,0,58
16f0dd648020bdd3a102a905bce1262bcbb3d4df,23,1,0,24
543dd8dc4dc3f0dbd63a522306424fb9254842c8,54,1,0,55
711541ed774c6226b0b12622f74ef154e29f886d,0,0,0,0
0bad3708253567241dcfb16913033e040ef4aae3,91,4,1,95
a632eccf41f16ba0e1c4ad082e8f1b286c3ed2a7,24,4,1,28
a05df6f34e897ab3d93a38fbdf36c43b08326c42,37,1,0,38
af93629f94d339b1fc11bac8981e944d0c5754ff,179,1,0,180
1f0bac7038998fa43581d5a3459957cef965d5eb,258,1,0,259
7b1a24f28a3e7633b515a51018bbd0798fe73acd,17,3,0,20
b9d5c247de7a47395af1be14f35afe3320476328,107,9,3,116
d87e1ba0ebee070864672a2162353b6dd06228fc,620,14,2,634
01da3efdf8947616a9d23a572dd80927915f0cc4,278,5,1,283
51050a5e220cba8c769287fd9141ec5552bc80ef,13,2,1,15
2ac458c33a82e89ab0a0f11e6c69e04d031c38c5,755,9,1,764
14c5baeef7202336b2bb7b7b92920c01d7c625b9,0,1,0,1
e5b8a2ecccb61b4722551ad64be93aac5f9205cd,396,2,1,398
6ba3d344ec1640e160479e2b1d2b2630eb50bdc7,8950,178,23,9128
191987c7caf4bec34c18b670b7a5f886b3b60c5a,279,26,2,305
83132c138642d9f08bccc8b13934d85b811fb369,1177,24,0,1201
e484b24dbc2eb6a8aac89e8c49fd36c456b3d3ea,29,3,0,32
e29ffd9feab0a84afc53c80b5a63cbb9721b91a3,1139,31,5,1170
043472b8ab4ff28e8399cf33665a781b72b01e39,54,1,0,55
6b392563da8a12d213e19eff076656489f149a78,624,5,0,629
b7ad70d4650f4a850f392c8deaf54368f8b34fdf,727,11,1,738
31f94d7b6aae34a492b80bfb7fece1e6cef8c237,1848,53,13,1901
1a0a7d0c6ba1b988313b2602c5a0a3a8bb4afe22,685,26,6,711
4bf0d8cd44d78ae886dcdcc83ef20d99711cc6f7,1,1,0,2
43c4de738308361aa3b778e4a291670ac4eb699a,10,1,1,11
9adf65f80ad0299893b4ea31f5a38e854503d429,640,10,1,650
5ffc9abd48425be5b270ab0520f92f9accdce9a4,1827,23,3,1850
dfa01d74c22f672ecf02d76011ab61cdbee9aee0,640,10,0,650
64998fa2861f926c09a04b85985c8a3e110658e0,1107,20,1,1127
4a2245d1d8660ded1a308491b63eb63107c125c2,107,4,0,111
88d950405514a79f19800a266f272834c5d94793,4,1,0,5
20e1a59d3d6e181fc63f5a56adeb296046886cbd,75,6,1,81
751569629efd39e2a87cb4126bd322d22bfb6fd7,34,2,0,36
32cc84d795b0b1a48fee2fc7c4c4894385087c3e,22,1,1,23
9bc18c56485c8798ce5fbe2f4f1b339d7a970a49,193,19,3,212
f5be7d7108cbb3c7df598dc241ba4441ee462f7f,124,8,4,132
cb4f197a11e1b5cc9084ef495d2ab8896cf5a013,123,3,1,126
21724348ea106b72baa5848cccfa7dd7248d237c,49,2,0,51
6f1fca756c860f07f7efdd5b7e03d4ba6aa750ac,5,1,0,6
87d7c5bf38d00428a20b801bbbaa571017a4430b,252,10,1,262
93545690abbec16244334cf35f0eb487c2a4e54b,35,2,0,37
8348fea4b23c83bd12e20f0840cc6951bd0d7c2d,924,24,9,948
469fd114d2a1922e13301df532f5aee474928dbf,602,13,4,615
701a0c3588f05354a707d24f2a194b8de4f81452,43,4,1,47
6b1a668a4a5f0d42744e9c949a9df1f1622bfadf,107,11,2,118
2684051d4c182781712a9e79b81c08a9112ec489,225,5,0,230
f125b108a0d7caffca30fce720961fd9144ff947,33,5,1,38
495bc469ba66f378792902462b11b205c406b589,2300,87,6,2387
317176aadda464435c5e13037709db730266e02a,1127,28,0,1155
5df07f22e24146a6593754a334c38e94f6de5f3d,22,1,0,23
57c552ae6e1233b2ef5022c298aba8e4641394a2,13,1,0,14
2e0e1d3f17481ae331dd2bac2d109ced3c50afe6,236,7,0,243
41b41dcd19218a625ec04ad4cd7fc148e834c1e5,320,47,3,367
e110f7a22b65d9d4e491b23c6633bc68c1f915b7,144,6,0,150
4ee5b56447f68d1f0f4bb1e4c664d8d48530b4b3,152,15,1,167
83f449405a4e40a4a415d9370d5961f5298fdf16,184,7,1,191
f367188cbab673a9c0edb01dbc02fecd8f1949cf,2,1,0,3
5731395af67400c84d79e587dfd3249135f266b0,108,4,1,112
9f1eafbe2c08b6c6432a0ff77cf2c06ed19a465a,904,22,0,926
e09ea97d130c6f8be986723028442131552ac319,153,6,0,159
ba9dc3e5f55a54753b15108e2a64bc5ab67cd15f,1105,26,2,1131
37b6d21d0eb6a6ec7110ab36821803f297995672,1830,36,0,1866
fe50e9b2f752db8893682d6707282d19d823425b,108,3,1,111
511fae36d5779062b26aaa0b497df17813e6a56f,388,16,0,404
61c4d0307cd5ca86f754f7318aa3145e781c5bd4,20,3,0,23
282261ff6026c5bd35163e5bd2905195714c2908,62,3,0,65
b7f3cb4b4d6c3c22902bf485eed787fdf84b5ad8,81,1,0,82
ee4df37597b862383eb21a92d187ed13ba93aeea,94,1,0,95
d084401b839bab0ef59d0a33673c902382e5d761,1134,38,2,1172
ee15d81179c2ee649231dfc5515c3a2741d0e305,222,8,0,230
a1cf1c823c55ff1974fa46506b658a0e33548afd,11,1,0,12
f5d086c2d91553e7799e3a4f674647fc42703bd9,958,23,0,981
786e307be3af356694b3ade3b3a92857baedff69,1,1,0,2
9b5a6ff821b9462639bc60a68f1578f5e16a9fba,118,6,0,124
16d744b75d51061de10f8650fb8c476c23f3b21f,8,2,0,10
d09ef2583197bacb31f579d17702cf7fa12ab370,40,3,0,43
f162485afe9f2fda7c727b084174c18b5a767d50,1678,15,0,1693
e2a62cc8a7810543fb0f4f7ca6f38d7e11b8bb4c,353,14,0,367
9ebdd22d422eeeee55393e5f159740f0efa2b0db,6,1,0,7
25c6e631ad5f66beb6f6c2f0e7a05210b56ec492,6,3,2,9
cad8683ab4832343b47b4f8efbb10c7aeea794aa,25,2,0,27
777d4835710ab1857d47d96842c5c622757cac03,292,8,1,300
c1fdad633800aa15fb2d5875d3f03eb986ee9876,4,1,0,5
2b97d8bb353f96271e4015e5a73364c50dfa2bb1,4,2,0,6
d799350b2ccd5696f0dcfa0329b18072524cf384,99,2,0,101
599ec85a29c47d591b5827d266a9c05bbcf7b4ba,275,7,0,282
dc67e3ff9a16c1b0309862ccc5027bc06d1d6954,149,2,0,151
64f1680cdf180acd8dbd2610587c4af36d5a55dc,61,3,0,64
430f1d80f009cb674bc5a851403537c65021218b,14,5,0,19
800736a8d7358cb07064bc0c371bab07d5a2f038,8,29,0,37
3534d6a0c89ed339fb4cea69680b1069142bbcf3,109,16,0,125
a6fbf2add4a40c103b5e3146c13804df34c4323c,118,7,0,125
2384e61b8d98f6e0c4531573d9808b45e3f34d46,27,5,0,32
75960e1e04c7c681c9ded552fbe06e0c45f2bd39,40,5,0,45
3edf7457893e9ffc6be399182bd9c875208e53a6,6,2,0,8
a1f45422a0cc1ae6fa45577b5322e8ba2de5b4b1,4,1,0,5
554c534bd5c71027740d266a960e749997efd6a1,6,2,0,8
b15a65a6965487b4d90774d56a91f9b5eb0cea2b,1066,13,0,1079
b83a1df394c5f258d9ad8314e8c66a92538793ab,2199,19,0,2218
128e4613cdcc0b5a8c46dc8526969682fba09cc0,27,4,0,31
d99d680ef1d8cb8f53c07c65f3a52bfa4027547a,376,5,0,381
9b2e384f2c7f1775a25891b836a003710385cb82,381,39,1,420
f0ba7ca155b65de67c81ac0e9979c17a52a56caf,139,4,2,143
eddbe54571efcb477853f7a748a9f44a8fe3dc0b,28,5,0,33
61ca72e10893fac097643aab490147408a306046,888,35,4,923
ae2d31c7a58c85fe2cff3dafa2dbe1e39f331bbc,73,3,2,76
d205789ab938db23a5c9fe806bd261d2a7dd8acc,265,10,0,275
b2031a71a631ea55f8450616cb45df871cd38525,88,4,1,92
330244a9e4c4f97c1911501169b50ada5e9772fc,119,3,0,122
d09c32ee318cb530273c5d9fef0740045bc978af,75,1,0,76
7db097623ecdb11e06e31e812aa1a454edf17ad3,28,3,0,31
a328c86acd3d311093e91f0e285c80675114ab09,22,2,0,24
0d2d0d4206182ef0ec494a976c155508f32e48df,200,1,0,201
b395dfe3bb065b8f980b9e8ba438ac3bb89a9af3,18,1,0,19
539ea2b89effa32475a9f8ceb97b44cca2fd0f61,81,1,0,82
97f2a86c5463c64c3c0f3e83159c4ce02e79eaef,2,1,0,3
886d6919ae463e1af1f646dd30271b53f2adbdc7,2,1,0,3
9ed2c0246e68bc5025865ab545235e010c65b982,10,1,0,11
5cd1567c3b0842dd6eb4fec7d3c81404612da288,742,36,0,778
47b1d04b12399ccc142685d08488e653d86b3c07,1298,13,3,1311
71b94f21ddd6f7385afe2fefbd540504a44e5ab8,384,4,0,388
0511c11b291b1c67a857b90753595b3c6aa66894,81,4,0,85
f68377eccda731dbc9ad5cc246ca930d97f7ade7,388,13,0,401
1ce6e367bbfa0f49eaee19bba19a5fe1b1bf3bdd,363,12,1,375
187ab8170f34deb028cedbc3934cb40c3b4fc750,2,1,0,3
31deadb643eb618c4b5fbd2d919daf57fe9d7d70,227,10,0,237
a84cd9c262a372fa2c5b7858d4cd233c8b0f5409,176,4,0,180
fb2fa76355c1fcd4cb4da3159f90c203b69610d0,4,1,0,5
ad693b0e7aa6c99ebc3455ae00d865505f4198b5,375,34,2,409
b79d6a8a19ab58ffef1d80a4c11853bd7872fc4c,47,1,0,48
7194b3c5bcd22ad9c53d55faf2c74b7f86c439ea,3,2,0,5
c8a0fc54f41a380892d9d7a4f5b4c1b6d927e967,581,1,1,582
a841099fc8417de79f4c1d66b9da34ef321a9f76,342,21,2,363
6f741af88071cf5220f32280cbcccca2a44d6c5b,2,1,0,3
3a6737681c29f795991ae9701dd92d069895dfaf,2,1,0,3
ab97f9a04174382e2f12a5763d6b6dc2faac572a,81,3,1,84
96db21d40fa39047ecf222990f5cfcf7c72de04c,125,3,0,128
795bf86c56bb14236a714353879657d32cbb2c42,2,1,0,3
234ecc641a8a21e8e387cf0e8bebd77325c6516b,4,1,0,5
e98c6825ae22955496ecad40622c6f1e0f4b54e2,28,2,0,30
21e6d1da388df03e2fd00880ebb258c251ddadbf,3840,53,1,3893
874d6fedf1f73ec2e1f0e04d21999bf0311fba53,1081,23,2,1104
80c829f6b96d9db60529f49a6cb873e79b9a1b8a,84,4,1,88
41b4b8bea57dd5dae05f5a6892f19acff8e6d7db,1953,25,0,1978
ee8c726100f958a24a0b86812164e1b69d2b916b,26,1,0,27
7c91f04411adc6046edb8c41c3c1bfe8a60f5d78,6702,95,14,6797
436d656c76d82c1c1145e420c4ce1c4d0a7f36a0,259,15,6,274
b16e33261f0563dbbb880e5ad22107851d593c7a,35,3,0,38
f69420eccf0e80b783bee296591c5ab11a2611a8,18,2,1,20
e764c5e1afb1e77b8190e33a0c577993ecc9fedb,1,1,0,2
0f763c6bb1be3547d4157865df4abb2ae6514318,34,2,0,36
e36fc4a3151d208e4327132f2bffb9e383d2c060,389,5,1,394
5a0fb8c6406a7541c368f53e768032ee98731bf3,73,2,0,75
fdabc69da728cb3960c2e322c9f6b29ea94efd2a,6,2,0,8
1c009cdced80f8fede1bc938518ba5b46af2681d,6,2,0,8
f8c9504f70e683992171602af50e507bbdee91eb,86,3,0,89
cf0bf56745f8ef2dce83f3a029ca6c02efc575c0,8,3,1,11
df2cc164edd409b2aa68ed26092c474558f1d8b8,135,19,3,154
dfba637bcd0f71da70db80740847258c718e9d5a,163,21,0,184
a42e121541b89a4eddebd274ad9a46214610f683,39,2,0,41
003a60c7eb9b48d83733d8c400f793473d89bde7,320,19,3,339
126d15b02690c5b58e87616f6c51ba5bf65f7c8a,51,4,0,55
d33d044fca900744c4945fdbbe9e2a6e14a1a8a8,10,1,0,11
6e52be00a1393f94beea8ffe0e6277c81b24102d,4,2,0,6
b00493ec999bf3feecd5183040c6fe15636c27a2,81,8,0,89
869783e4bb71b7dc65e67cb7184f59a19571d5b9,66,2,0,68
07b887083045b7483da16fad5dd2aed50331af8f,8,1,0,9
3952c850d78bc5273d1cc575f3976209f124463f,66,5,0,71
9e4aaf303fa28c7cabd955e3ebbb8c81f6820b28,500,20,6,520
52eb9886b55c59b5bc6a877426c050c272b85605,100,6,3,106
660a724fe35ebb3822477f7bf7482ea18a00a225,980,27,3,1007
5e056a15d5b259ac39ef4fa7123969e7692b9b95,29,1,0,30
2f9abf6d00c0896d52e0b09397f15c415b484d90,157,2,1,159
04108f9daf59056de15294e2aec770e40eed35a7,148,1,1,149
493cfa7e1bc58394fc41c323acbf2a21f04f9f30,4,2,1,6
2f135e165e6fbff3221e27e52e5360cbe4c6a870,3165,95,30,3260
7998c47fcaea1118c34a10cea97122c9b8b31487,1573,3,1,1576
70711f73d5ebd486e18e9725be847aa5dad6e3cf,15,1,0,16
3f1ede539d1c8cfa7c0c140b10c001fd0232f64b,704,51,8,755
d34100de8fe47671d351c94759f88382b451b43f,0,1,0,1
eb5a6b841270efc340e9170fe36cb2f7a718477f,84,7,0,91
7955d8ddf87627b5ae38050bacffe5154c47c355,274,14,0,288
e2bdee47e6f423ab75663b5ced7fe062d5cab743,144,8,1,152
ae535b2eddc627d351b072dc8219647f8ce2afe1,255,6,0,261
1c2727cc27d851f9d97813cb056f85e3a6fb9526,242,9,2,251
5467a33da724eb0e01aa4285e413ae1a82514b1b,430,28,5,458
36034a692436e2b832ac233ce05fe0a72881543e,29,3,0,32
a90743be7fab4013709244912194c4660fb8d81c,68,15,5,83
d2cb48b8b6bf47b1fc6db1b7449430766febc30a,174,5,1,179
91da46f24d6157180076dd73853a159f43b24846,19,1,1,20
e60093da1fe79f8bfec53a7a8500df0cce96e8a6,312,10,1,322
2df1fd94c3dc739426845965a15ce4e85491de5e,3,1,1,4
ca6f9dd4f25b875567f97251ac80ae386c9400be,30,1,0,31
5ab0569ed251d29d1a65c7deb4b22f01d383ed76,14,2,0,16
86c136a9eb6b3c3ba051ed0cf04504ecb7d2ff75,25,2,1,27
e2066967974f5562b264200364e219ff0d390a03,7,2,0,9
249a56e8900d6e1adffedc63434138cf67fb765f,57,9,2,66
00e739dffcd83a3b41be13dfdd80cbfb86853ce1,83,8,3,91
afe298efe8da57c6791ccd009a0c0dfbe1ff2e0d,34,1,0,35
e338fe64f94dfa5365b699faa6f8621ce3f59bf2,2418,65,18,2483
9567e7c05d1db7e65d7e9861bc23cfbb95e16a0a,344,43,7,387
e6e62bf132bf77926051326ff78121ecdaf78c34,6,1,0,7
f778608a1162428001fb860dd1e633b606a67a87,56,17,0,73
a4fa09b744edf32e1035e87d0f70f07275f71b6e,4,2,0,6
3d2afec68f44d7eb866e46f56dab368cce4e5511,245,6,1,251
d3cc6164a6d8435fe2b5122c8913fd1a1f0a9574,11,3,0,14
7bce170df14d26afb4fb0a3ae6d3799568471e87,41,1,0,42
fd2a44155a8ce902c309eeebe54cabad7221ae74,266,10,2,276
899de15d05fa60775f6cd04225f35950e6fa96a7,272,2,1,274
031d4c61f5f2f69b179a66918fecab2d8ccb16d5,67,7,0,74
64b33bf804bccaf111762a006d97c2558a167aec,1,1,0,2
371708bb7bf0682a35669d08559a90258b39a192,6,1,0,7
d73f730a05ee845bf4ca97423a1b57fcca79a4fb,32,2,0,34
0f51ced29ef46934df06918afc76dc7e12cfd603,4,1,0,5
c44e01027f393d11f6e843c2b30169f2f43a0a9e,306,10,0,316
87012696d89cdf9b6794ce82a6629f6f06ff3745,84,9,4,93
a6fdb19fd17877539cb96f26d2f999b894c3629b,90,14,7,104
e5484ea111ef177cc7cbeb3ca7cf91a8eb9d9ad4,20,7,3,27
e7e518e2602ee87be63262474aa47be2ffdddd3f,224,11,3,235
1ea67de774e1ab18f90a3391282265c8ae458318,26,7,1,33
d6d6c194cc29be1347f9ab50ee6e33591f963c69,6,3,1,9
7756104bca5eea99aee264c617a2bf2c8282e3e3,170,9,1,179
209d23bcd977a68c6518cdcd26d8a544e83fb4e1,3,1,0,4
4d3cb03bc436231b09d7545f18199027f5afe46f,33,8,1,41
45b70a1a8489615abb1d08a70e4afecd006ab3b1,130,4,0,134
5064bd3055dd86095bd36b2d55c99f9977d654f5,9,1,0,10
401718e4b5c2ded82804f1013dd2c20da73189f0,54,3,0,57
b37943a0039560e3929e6540f8d1f6dcfd0a58e9,24,1,0,25
99e172ca1612a64bec22f87e3473e3634b3fe87c,52,2,1,54
e5196a5339ea63073e1ac7b0b1a720a3a9c74063,16,1,0,17
cf316b3c1a948357fb3040940951c42fa738d768,3,2,1,5
6859ba79515c2d80f1f65cf7b3ca32686522d9bb,1019,3,0,1022
93a482278de24c3e29bdb276fae58ca7ba0ea1c7,1,1,0,2
288cf916bedecb31ac73b293f0262becb97ed4e0,50,5,0,55
028e5a6fc17599a183fa929298390aef08d8912d,2,1,0,3
d7d65578cf4fb554b89e5c1794f451188f6adc0d,1,1,0,2
8a91cb47253137b1e0a495194c950dcf2fec86dd,33,1,0,34
75c829edd288845d220d6985696f15cef16eb5ef,45,1,0,46
b728b48a79e5b249a86773209ec4160a254becfa,36,1,0,37
58fbc94e34987d1ed209d1b501d334e7818f5acd,58,1,0,59
f7d10cde8d8f38823adffb1fee8cda7d70436920,30,1,1,31
17f2787850682e727babfe368031c11c699f29a4,1036,2,1,1038
bd29a4c9a817279ac20c6f39567f43546b71d1db,394,4,0,398
82edc13b4dce67c8a59227edde6d3220e4f45c43,2,1,0,3
700023750cc1399952761555514c59ca94e5c70b,58,2,0,60
38b6f561da24804db43a7480673a973ec01b437e,242,6,0,248
8542db9c7a7eaaa953da2b78e0a272a297fe7e71,47,1,0,48
942842a7001dfda35d0197f18d7d44199ff5b572,131,5,1,136
d03cf8c98d86fc0d274b16a19c9e0fbadf4b68b6,2,1,0,3
c72c1327ea5040bd6d9c362feb5d62f99103b71e,118,4,1,122
af92049c7d27cabd5c158c19848882da5c4ab487,10,1,0,11
832e86c86e0a82b93fa651f926f3bf76a43cdead,82,2,1,84
34492a25850271db552d84a83c61a58e90e216d6,111,7,1,118
ce815ba01cc1546ea3066a6485086ac74be8b25f,5,1,0,6
49d4e9824482877ae6b8b12f900e2014a02796b6,74,36,0,110
f976aacb3ce222bc6d3dc7df482cab9c4d3c0d4d,6,1,0,7
46e5f878314e08332ff22f7b6b002a23116243f3,4,1,0,5
6dc462f3ddd1c5d9b33c51d6b72276fed5b783b8,51,3,0,54
8424e515098d85dc3334e65cb96baa82d192b8da,31,4,0,35
4e0f7df057338c936bee8a722f26b3580b2c7798,16,1,0,17
6ef000d0f980def110e3e9eda5a858cc0642fe6b,30,2,0,32
f7985c7702660c5a761278d6d0419101f1f55cc5,1107,6,2,1113
ddb4be6f03d4f7dec3cea655b7b4227f64194c5c,3,2,0,5
65fefc3e839b661df7a766cd6aae115090cebaa4,3,1,0,4
508ca8df60faf8631bede927cfee75df43d52aa2,10,1,0,11
ef58c3d655893884f32502044a62039851e78462,114,1,0,115
b912ed6898e7b0c93ca2a41f1f96e2ce86a3ea21,2,1,0,3
e7057b723fcd524c1f120523542be5bb24b83a95,6,1,0,7
382237d16af0d94cf2e8cbac15476c07afcd591d,75,2,0,77
48fae88a597f730064a5f57f8e4f760806771407,2,1,0,3
eb491fc236bc11756f2e54313d9ee699e7088d2d,6,1,0,7
e26b7c111d643c6dc9519f91283ce2ab3bce08cd,1,1,0,2
7dec7eb44e88ab322c91bb25be746f03835a7efb,16,1,0,17
4288cfe140fe36bcc0fa268d5bc405185eb873ad,12,1,0,13
ef3ec3546e3dedcc2b8c399fa386dd38b161d83b,296,5,2,301
184ee06e10def9be34be9feaa2e864080edb92b0,434,8,4,442
9901058dc9dbf95b1e98311273f94eb623ecc8fe,415,10,3,425
6a4101a0e08faf38af51c6812b9d84981221021a,843,14,4,857
03853f968e32fccd5a8bf45afe9b842648f5936c,43,7,0,50
6fac4afab1bcd92cfea3bae2a077b49a5fcebfd7,121,6,2,127
c9b2e5514c36e7540080ae47b4c9d1e1cecfd645,58,2,1,60
0af32a36821299b00f26dff4c632f5fe085bbc3a,3312,24,7,3336
40abc86cd0b9c366005583bec9ea4f0ccbf8d900,24,1,0,25
b5f3020659fe082ae7b7ad63556ef468e764de4a,81,5,0,86
61e85e0b89b415361159bb973d050bdd8ab92acb,21,1,0,22
b5ba2c01640bf2f9bd954942dc183917a07cec32,416,3,1,419
f5caa30c3e6ba185ccbead70503f74fb81d01896,87,1,0,88
afd623fa01ce668832bc6b3b0661fad8a7033857,182,1,0,183
12efad854b8c4c347bb882c0920f8d4404b3e7b2,538,3,0,541
88b31cf54e6aea000e49242aff8b407b474891fb,8,3,1,11
ad6a2aa769e5184e1f6df92b5d303e045aba686b,37,1,0,38
8a9c3adc029a1264d1a1c04494bb11ab8857b874,18,1,0,19
d4d9be2ae0e920f1c9c8caf2c43436b78f5c4043,7,1,0,8
41284da8c6faac7366bb1b85111b0ad113ebc35d,77,3,1,80
11b5c64fdd42546812e0d39d33d6b22f803b749d,57,7,0,64
841be250a382207abbed2a72e3b765b66ae1be0e,367,2,1,369
e39cd9ebec5ee1c6d44c96434d828bbabe3dc976,4,1,0,5
477f70a53b4fa8544b0ff2980e772b19dc5c0cb1,4452,20,0,4472
c007921252d51858fc87a627265dc88b1db50a99,4,1,0,5
395de9bc5a8ee18a223d864196b59106234e7898,270,8,1,278
db3ec3bb8060d9cab99a37802de934d357b1b202,233,10,2,243
378426edf82c60cc2988af24d8835a3520a38f0d,113,1,0,114
602702228235dfd60ada3c0a425fa1801ed9eda9,239,5,2,244
08625fca674c4739c4b694d843037c6ec5da65db,484,2,1,486
79feb9364755ebd4a67018fb48a100ca3333e54d,1070,17,2,1087
539b13f8b8c31e1cb5bf7feab1a910591528ee34,413,3,0,416
eaf6a08069e0caa2d9efca1b9489fef5d00a44f0,72,4,0,76
5735acfb19c446558b6c2f8d3359f6704bda7f19,10,3,0,13
6aaa7021a10febd04e9e41faa0f58be11ec5891c,275,23,7,298
4f5bf9bb5b55740c3e9bde50dda71d51abda6b0a,745,20,6,765
2096d0d4222bd4df83b6668f2902ffe37b9d1334,300,13,0,313
5c0b0f6b5312909f2aab082f600449be54225040,7,1,0,8
a9e7deaeef46104faf10146aed9f5084b3275d84,1087,21,2,1108
f69acbbc4d02c12884101e7c8145efb77ef98f59,2754,46,6,2800
3fbe52952471c83fab3c820c606ef9dd15e2c830,8,1,1,9
566dbefeab6cb684d6acf1a7d1b04f22a4df250c,9,1,0,10
bfc23acde6bae3ed1fc0e66487e96edcd27361c8,230,1,0,231
705c0a61c9b3405567bb4528b42844beff1d2fc6,109,4,0,113
567bdb2b3cda84f0b149c29b5c11a6fc8dca3497,1,1,0,2
8ec228fa863c594a6222de00b9b3c5600f6db6e8,7,1,0,8
af4d63ceb0f93a3433495e05e4f14de93e003d36,17,1,0,18
bcccb165792b69319e8e44178b6ed0df92995bd0,28,4,0,32
b4080876b1b3d82183281d60913a71f2a64871e8,30,2,1,32
dffc53d323d95fe9de392bdaa73ad7c0e75d6f13,4,1,0,5
a8792293a434999ddd0ec79995b7c695b67672a1,9,1,0,10
16536f9ce0252ff3f9198d309471e5663b29eeb8,27,2,0,29
32a88702f235302b6b636bafac7cb7743765a7d8,13,1,0,14
2c72ac5fd605ec26e7bf2ee9a7e274aa39077f5a,13,2,0,15
53f76396a4e274e184300b246fd7a88e2ccafbc3,91,5,1,96
c58ee3b039abecb5dc05d4ca83822c87bffe4cb0,150,4,2,154
02e2e0c68013e115a0d919ab9aa8ccedc7e96ac4,23,1,0,24
38f2c1433f30b69c272fa3135e302ddbcac47d1e,103,1,0,104
ca2e1596c5f0ebc798d1f8d93bccbf452e29c149,8,1,1,9
117af3f0cef2f808372b9806daeda928758ad7fd,1,1,0,2
bf3dcd7c996f9292c04932656664549bf90c54f6,116,4,2,120
cae6a6dffe0bcb39ccb0ebfd318baf773ad57a3f,137,1,0,138
de67dcb890d0ed5a97c1073d8d79280707913e9e,89,4,0,93
a346a8efa332d637c45b04fe0f247295ad21a3c2,100,3,1,103
92cead13be1cc2b48af98cc929c8982400ef5b02,16,2,0,18
82d967cdb380c6aeffa724a9a6340d09774739e8,22,1,1,23
c44a0957e2c9deb2415ddb0202522582b3451136,8,2,1,10
ac882796a7c2ce93fb79f68dd7383f721fedab57,3,1,0,4
48e42a32bae71a1ea1a1b035d7da19209af59703,206,1,0,207
d82e991a3ae1e9c60a892f4b8570dffbd659f17e,201,1,0,202
aff2b8465675f933c9c53fdaa2a5ae5a491cb5b8,232,2,0,234
86a6c6085265137fe6a7a8ff6a61ab60bb944ea9,10,3,2,13
c926db698b926ed7495684f3d3049fe570749b21,8,1,1,9
cb5fce360b06e7a1b77e58b6366075daccd3132e,176,3,2,179
9c392896295d36a18b8929282aca8c187bff2bd7,346,3,1,349
0e9aa874615a88132a0b666e2847b2931316b9db,25,1,1,26
a6317fc81a76c54425d1df07d4fe466ef4c5e3a5,12,1,1,13
1333808b075cf6b3f64a3f6fdcbc0ebee6309065,38,1,1,39
9fd276bba2f0960b15d76668441610dd7810d6ec,2,1,1,3
3b4a5e8d456634cce46c662866386566fb1af8cb,2,1,0,3
210c94e742fb64570094ee9cb96a00a963315462,108,7,0,115
4634bebea6a7875a9f0c93f3072b28430bf520eb,3,1,0,4
dd65dcc6c79a504a914a3c3722a1dc52c4f762c2,2,1,0,3
9423ded73871c19f82c4b54c33bf0108328e55a8,127,1,0,128
a5362cad587f47a33998561534b160e08216cbd5,493,10,1,503
6ab576db0bebf655c13bca89caaf14e8a1130676,145,2,1,147
bdffe20fe2425328dad21e265189ef53e5517267,319,3,0,322
f5f2ff438c6b2d594588c7f650fe1326dbaae03e,2,1,1,3
a2905911d9a7d1a92d18dbf29289927b7c402e6e,17,2,0,19
1ca4faa9bbad10b41b75ada4f10ec3c8d2022516,6,1,0,7
bfe4ce7e799a540a732ad0008e14620d48ee9a01,423,4,1,427
99ba394a41db5c866c418760ee737720f358117c,73,3,1,76
dc547086c62657a76d4f76f442ba6ad9ad3f0112,8,1,0,9
4f68d7aac3b256aa9c1dbd9b27695cdcf3fb9d23,157,3,0,160
72a470d4532cc5762ac36f967fad57da1da04b2c,2,1,0,3
1e8d8a19580c0809dd39fb7a3b2065c09c5030dd,80,39,0,119
75866cb1d03f91f64fb9a01a7b7e36089ce84736,18,1,1,19
0de5a0aeebcdb3a75e22f35e574c1c148b5def1c,8,4,0,12
1cff9e35971bbe1b0df8397a24d4db1d40fcd952,37,2,0,39
be8bd5e0ea0e15a95116a84945d73081bf843f4e,3,1,0,4
31ac5c54f4027a43c81c10ca9236b101db8b6448,2,1,0,3
4d45d05454e0a0f7683b4182bed73d707d525792,458,7,2,465
367e849f31e3194212c1131bc70dd1649c5da542,377,19,4,396
edcba96ca5be22c9253280550bf127aa5b8b7358,325,15,4,340
d8a65875e748c86839405b31d538d55b9d3f9214,0,1,0,1
bc5440045f671ada6c9409542c7c54c6e6ee0c83,16,4,0,20
1152a293d4f326f72adadd9b087ebf1c0f4a2741,24,1,0,25
affc182ac1a925061a81d20ce691484eba041c09,583,5,0,588
83fe6647f3122378e1eae739df37c4d8041bc424,215,3,0,218
0e1df0f872d2d9640823d192e82a291596c930b3,46,2,0,48
dd93ed27a0c6744a8fe5a57952847ad8bfb65bb0,235,8,1,243
e96e240f949a441e03159b9d401640f5343b4153,40,1,0,41
25c3c695422ded37bf0dfd93e933bccc2b1dc45b,163,7,4,170
bc220dc1d42695a9606d4ed952733cac93a1a6fe,93,3,1,96
ae03eb22ba64e239b7ed1072456148fcc052d57d,20,1,0,21
37973525d80534c48ddc2ec0d2b9d98724a3858e,155,3,0,158
f8b408f2059af780513faaea60c2e8988e36c24f,130,1,0,131
aeaca87dd15da1cab1d2b5a38018a1e6cad936f1,16,4,0,20
dd60e747b28d711bb26c7f57e72aba0665f41e45,12,1,0,13
c6762ce92f0b881ee22eae2500d0b3d1d7c856e2,10,2,0,12
fc00415647d0ac1dcc4f0146425c192fd2caa7ab,267,8,3,275
89c4760680b32d18eaa6849cbfe46a696ccbdb61,178,4,1,182
55f176d390920ea81a4d06a5a9349dbb9244de0b,7,2,1,9
db0e17886fe58b7a3aa5973630b2e9c737f60c8e,1482,27,6,1509
d90efa63b7858866628bcc1be1c0b8b6809cc0c1,448,12,0,460
712c80ef857adc242c6c99a969a6a01f3ed9ff35,62,4,1,66
e5cb26aef001931e56792486bafbe19599643547,111,4,1,115
1ffd116ae71db127feded8dc9cd3e57fc3652a88,8,2,0,10
2b325edb0e8b49b0b522eab129dc3786f3b5735a,8,1,0,9
40dd1984971c96e4255ad95f093ae6309d4c0853,71,2,1,73
25fc2375eb7c84de88ec6e2a1ee254346db58a11,18,2,1,20
2759abe4766849f506d95268f0e16a604ea55c80,26,2,1,28
5de7465b2505b4c49f0c37d93aabc368eb6abc18,32,2,1,34
a0efb4b4c15cb0a223e33cae1c21027b02f408dc,8,1,0,9
b1179de9b6e7f775919829627e44c5cc975aa6a5,12,1,1,13
4db63daf4e554ce848f372b98bb033e0032e5cd2,15,1,1,16
0d82b57270dc5d46af5314d738361ff84ac9609d,16,1,0,17
f22064aa3783ef7ea85d755de1624131d355d7ce,8,1,0,9
a4383ec24c38c16f406255e77248daec32308242,540,2,1,542
42dfaaee51b3f75849a0205927824b4812085bcb,20,3,2,23
8100d409e547be5f15918d8ef1fcce260c27a65e,8,2,0,10
b38d5f9442dd05aabb391deb68d958293e3f4268,16,2,0,18
da358949d3b3c8dee925688bd8c0b2d7ad98d786,5,1,0,6
af5179647be73e60dd7984d55e63a83af60941c5,10,5,0,15
a1ad390d5e6599790e00488d9c1d6386bed9a25e,27,13,4,40
d7badf47b131df0548b0664163820c208627d4de,2,1,0,3
86a37bbc3254a51f140474a8fd41dac3febe8be5,21,2,0,23
10de69b673937e24fdd31a7c8c4416e4c0dd2e7d,76,1,0,77
4ca54c5a13e7bbf600a483cdebd653e8adcbc2a9,1126,8,1,1134
3ef4a08d522a6fcacaedbfdd1a17e19a2e115089,4,2,0,6
d3d269f939f068dfd4228ab54cbd3b66986a0841,364,12,0,376
260fdc724dc48ceb7b576094e48dbd16b70aa80d,10,2,0,12
c062ee1d473927f716f663448e19f523d51aeda2,268,3,1,271
66bc41a8ef8b53e9aaafc2cef09f165677d5121e,52,3,1,55
a970502aaea2ae5f97bf1e3834431f9856b7a36f,14329,80,6,14409
2adc917e486860cf0d009bd50786d5c5bb87c374,1146,11,3,1157
5169480b3e09d900e32ed0e429a84974209c466b,529,6,2,535
1a67f33dbe3ce5ae609307c6808fd4ef769be0be,196,4,1,200
0b52704ac57d36cfcf8519ede464e6769d577f00,18,1,0,19
ee3a15212da27ae6942ac1c03008ba172190a40c,4,1,0,5
e59366faf9e43fb79d4da44a7f4d0d10dcd7200a,506,9,0,515
fd623eb936ef96ad91a56f59ad013fb58e379841,146,1,0,147
eba3eb96c23733706f20394777b809d8c136485b,2740,8,8,2748
43fb9e4a32ff8fb370e3980fd28963ce78cdc098,2732,1,1,2733
5fd06aff2ce5a6328141239f70b67dcb8b277cea,1,1,0,2
93b56251f77e5a9415775e4fee401d84a2cfcb8e,96,3,0,99
9aaeeed179cd9cd0a5ad378f7bf0d8b736fe814e,3238,70,22,3308
e60357c60a8ce93a6b5332a217d447a48d2872e1,7,2,0,9
74e2dcef45f38be970e3a082d81d677fe3a60e45,51,1,0,52
02d9b39d77cf2256fe318980d0f5fee4b4b3e96e,1202,24,2,1226
f0af8bd6ca966319a234c83a85272555545442cb,162,3,2,165
21ad01621a2ea0913e07130c02b55ebd4c22ddba,19,4,1,23
a36cdac05882b2b02169b2a5ba380415592e62b5,96,45,0,141
bdf71dafa7ece8ff9805e6a425d30c033b9a598e,168,10,1,178
a61ce32d063cbf1722c746b526cc6bcabb15a1f5,35,2,0,37
088781433b7fa29548bdc394e946e4a5c7427801,78,34,12,112
d9391c913587b5b7d039a47b82fdf62a02481c2e,108,44,0,152
1c4ac5c29c437b3edc2627bf405ec62debb1918d,43,7,0,50
32bc347ec5106b7aca9f7ae435c97f48a59c9b4d,57,1,0,58
89171c17a4e586d87d94f3ed434d3d209b1a77de,10,1,0,11
5145c2d3dcd52bb15c974c0976cc4a54eec677cb,3,2,0,5
17ec36714be6d75f3a8368e41a8e94e2b596980c,216,4,1,220
974312ead08db421ce2df614419c3d83e4c61be5,72,9,0,81
b40aa7881697645ce9dca5f167ce12bfa91c4d59,13,1,0,14
d298308f184388ff9d83ce1b47e1feb4add7004f,5,1,0,6
e037c3f334d2c1c6d45b63872de7eacef962e719,4,1,1,5
68f600da2143a94c34b05ec3217986580a53d182,41,1,0,42
412fdd256dcdefa7f37f469ad27a22e6dbf966dc,9,2,1,11
616df99847c6ae3fd023d44ae262582ddcd1b063,3,1,1,4
02d5a14b0a3d167b37315e314749850e64538b16,318,5,0,323
dbbc730cf28a9773b172ef5877224e9a327c7e4e,275,1,0,276
1b2e5281bf64a497623dbce7b29ed0cd6834aba3,4,2,0,6
a63961b2015fe9b3466bd530a260d263c2c0bdb1,42,3,1,45
13682b6c0af047b9186d47758c21e2e4a62412bb,38,2,1,40
75daf4025a070c78fff2eb4bed4e5717336a9c86,82,2,1,84
0105554ab4f921afe010e3d6a56b82671fb1b63a,58,3,1,61
73160feac6b4f7a17295ec6b2a7a2af0c2e86b2f,88,9,2,97
1140aee65a56c3a66849c9eae0a554f3c45f17e1,64,1,0,65
d02fda4b3c364b6f9dacc83e10bd3793c0b83cf4,2,1,0,3
ae64e7dfde5cc8147087ea2db696973f764596aa,23,1,0,24
f1f4fa2239c2218405e19d65bb12f89ee31305e8,20,1,0,21
d3573a94b950ec4de9ccae115b292a7d4d0334b0,198,1,0,199
868e5715e4a3fe21c08cedfd58ba5cd67ff65fe1,64,5,2,69
197e9960d2724056f257ddb64980a62b40cf8d6a,16,1,0,17
0edaec6e33f68f6fe68b2e63e6f867401f194c2d,9,2,0,11
4c7ddb58ff4d9f655e3e7f919a6ac8d91bdcbb06,46,2,2,48
56dd56dd1f5888f6c7bc4ec23e1d345156185401,39,2,2,41
dd51f5482005041142f9889854f238e529644030,14,2,0,16
18ee2e869a75756b5a641bcffea50ada228fd84a,8,1,0,9
d29a819f3d9fbcd9b7c2ca68d7850b3d83468968,40,5,0,45
c59837df42f77870eee27d41580485bb655cce12,2,1,0,3
9ca6bd53f0a1a0ab4ac72007b5627248f6fc397f,2,1,0,3
f71d9c83eab79dffc519e22b0e0c3b4714372a0d,16,2,0,18
768c12009a4b005f310968a8fe66b944bb9c566f,122,5,2,127
8e5cacff32286ff533c5d71e00c350ab76150799,753,28,5,781
711f14fd2999e609bf1682f6f5f93fe43903e111,6,1,0,7
92f2965020a7fcdcaf924d32fd503b87b3570c29,15,2,0,17
38d581b77601c68d6024097406980f58511f1218,272,7,0,279
bd940b7a5413a73199d83f54d5af28cd0e1b5d11,1,1,0,2
a8927c91ab985199f7174dafddda88852a09d7b0,1,1,0,2
7b986df3211f8538f0bcf74d9a8118d76f262eae,5,2,0,7
f78c26ec6b9f6fb341661553b64a353c1270283c,98,1,1,99
8c39133596855641dcd992505aac8a38282998e9,100,2,1,102
c1b9a27bf8061074a2635f7f90ef73504faf8f91,30,4,1,34
8a2ae7d116e06cfef9ca82416670ec963c5850f6,11,5,0,16
7c4b44af66d7fce69b854a1371ea2a4fbe51f637,281,5,1,286
59735a88c66bca0e7ccc2f093614551908757ae4,6,2,0,8
1275b08820bac477901d3a6e207ea867426c5e6c,106,5,1,111
ba4c2010a5fa1785fc014362900744aa727a1489,10,2,0,12
5abdde8bce31a82bcf9c13cb5a17ce9ca773a010,29,5,2,34
2192932e012186ca8dc5777bdcc1b14d162c9128,42,4,0,46
7d839171a7c2ecda217732718ae5aedf4d429fba,20,3,1,23
2ef76e918f7ee1005cae179182d0ceb9b3505946,184,6,2,190
4a2f59404abf631ed07c61c2495fdf481ef27b87,11,2,0,13
654f31d63be55e45e8a9deebbb579f6f00fc9c19,2,1,0,3
0d9fa0dac0012ddd718f9d3e3910bdc60dc00878,5818,125,25,5943
3345acf39047852b46d6aaa7e966b3ebfaa35874,83,6,1,89
67ddfa752774bc429b1da5f19e4a266ed54f2c71,121,17,5,138
774d8a74310c9047f14769e7f36126c026b6dc48,786,14,1,800
731ce595f1d68850cdd55bca9eb2ddd4d367044e,1664,30,1,1694
9f28214709b5a889d8e1a5bd3049d0c61564d371,689,9,1,698
0a4fb9a7d41a1e8a6169f4c2ad8ebd8915cc306b,119,3,1,122
68416ccfd14330c0a2f84472c9220feb6f127879,496,15,1,511
79e707aa4a3ff39360232cfc40f2c04ddf49ace0,1336,24,3,1360
ce3ca3cedfd4390e3b95ce1c3ceded7e0bef4fc8,1324,30,7,1354
27a9a21ecada1751388d2724e74eefd51bb16839,15,1,0,16
3ba341a317bf030ce71fb31742a4bc80c56604d8,5,1,0,6
887a49a879738abba4eba2984095309bc3ea740b,42,1,0,43
30e5b9fd7fee3e54a4838c8563666cd4f3346423,1,1,0,2
32feae7fedfe20b3bf8d328a63957b695b74b3a9,268,3,0,271
bc716d92a60469088b5b9b57da9004e46333af93,16,2,0,18
5ee7942fb9629bb948eed69a0e9105eb25dbed58,35,1,0,36
74ce27e9928bd528ad66ecb3c535eb70a7a3ae25,5,1,0,6
571d8d2d67d48a56b85caf04f3c5a12c0299c12c,8,1,0,9
fd2bbbbe2c3c9143b7a65ab6d4f3a5a513f37fe1,240,4,0,244
2376b9565bf23a0b3122926c493b5cc0fd3e1341,8,1,0,9
016a47dc6b08192a4d762ad305313519dc2f31a5,1407,22,4,1429
4f2b2dd8b791d6de2436bbf33b6b8dfdd1586096,209,2,0,211
95136c51b1425f66cb226c3b74fafca77e71af97,79,2,0,81
905135b66b4e431a90ad625b88837ea9af986d64,1429,25,0,1454
f6ce9f630db708a3575af218206e0cadf75375d0,106,49,0,155
79afd870decc8451a71c15c1c514ce267bb8f1ca,20,1,0,21
cc9e4cfc73544f8d5a3e7ac1b9693a15b4a33a55,274,1,0,275
48fba646f34fd0025089351ee41e5ee138ecd8fb,20,2,1,22
cc27d465e116ff7445b562dcb421ad96f717f8e0,6,1,0,7
7a122bfb7dc324ab54c97aebb7b55ef1e8ce36b1,41,2,1,43
62a19f4f7c1644fb08362adb00da27a631a0b528,23,2,1,25
d495eb3da8902f5c5c3a71c87bfb4784ca6db754,4,1,0,5
d9f8cf41e05be1c68766a22402bb03d55feb547c,8,2,0,10
a9fa66fbb60a07def688c668d857484d95c7533a,6,3,0,9
98db9fbd1bf70f24c5cc73539198ee0cf84e06b8,53,1,0,54
734d425b75e2c5f637b43841b1b0e6854b4a6f87,15,1,0,16
cc37cf2fd73ac678373f535248901586fac03084,26,1,0,27
e671df4c00849e9694d7431d1990e3fc1d877efe,6,1,0,7
895457d990bf012faced29121b8783d402393d3e,15,2,0,17
0dc3b376a0c6d910cec6b6e6577c19be92ba235c,5,2,0,7
bd26abb2191a5d9a7bd7fd8e22c6e9b65edf5e6f,2,1,1,3
dd16033d34346c61b9666e614f5872f7c93a7b39,910,18,7,928
c6af41252de23e47ebe3227385021c3e99faec12,42,2,0,44
43b8b43ba4ba1a9489b09338dfbe2fdfa972dcea,53,7,6,60
801e821a1761ddf39440656e17ec836847948bbe,26,2,0,28
5416a7c1d5081aa6739cabf6db1177794bb10b44,6,1,0,7
f93d47042f528681e2a2b0097a9b6a432a2febd2,5,1,0,6
ec2eccda4df612dd982e555205209b651c1ed9d0,608,6,1,614
e66c2f07cc688c7a2eb71bd7f7a1fa99e5de0140,8,1,0,9
f4a8abf23bf95124a34e0c9596741898f6129068,373,5,1,378
b24df614d6aaed4ccfcd3d473255466fd84f6ba7,141,6,1,147
370c292b159a4c7b3b8ce40321f454f08ad31e21,584,30,1,614
977a25b73315371edcdff038e3b5da34ab638042,2,2,0,4
82c145a0410a31a3733a6d3334d21e40880cd86e,479,9,2,488
bd0586ddb8fae96cb5620d5db42a150c4296963f,18,1,0,19
477d842c2736259266944ae2ba71dccacb5ccf09,0,3,0,3
2c9adff8ae7693c5bdc8f77aa9965d7a08fa900f,21,4,0,25
5e9e3cb34659a6c677166842bc161ba2857d1915,1105,6,3,1111
0baa77b86eaa813787a713e8f80c11302274f15d,813,6,3,819
b1e089a78855da4a1f51e68a9ee56a52afd820a8,46,1,0,47
317066fa8749169d9dca03f60a943ea195c9cad6,5,1,0,6
9a36b2b77df486f11a2a5653e90dd334a9bd6c3f,6,1,1,7
d268487ccf566a2f8ba2c3666e50bfcef28e2462,9,1,1,10
06a61b602363b4e86fd2e0fcbdc8284ddfd70230,25,4,1,29
fae40583d026e94a77f3bf6168bb53a917c24b38,1395,24,6,1419
02fea3a67e16bd12fecd8dc2818e34064f332c5d,65,4,0,69
db926c9e742525acfd3c6f28f5f562782e904e38,51,3,0,54
611ffae8d1bec04bffc93605f7acc8f1e8c7f728,8,2,0,10
be727f18c967ce78f4e290a2cdf4614738a65046,1488,25,3,1513
c414c58ad541b2fd04a86c98bbfd730a2d6a1207,24,2,1,26
b618ff3e350eb24a0626b5ae90e1c246ce5e325b,542,11,3,553
0c1ff50fe9e1d82ab12be8d8246a416f02106e8e,337,5,1,342
dc86bde75682c7a69b7bb3fb24908b18f3ee0e42,29,3,0,32
928b4a27a15246fa7901418fe43ee0649adf0c14,45,3,2,48
55f9405c415225b3fe2d3cb5c1753bcf95b760c5,437,5,3,442
2fc2220f558df0b67a11e0a86558b7cd894f1084,81,2,1,83
c59bfeb3a1467606568df6829c0edc6cdc801fb5,767,16,3,783
d88a2878c182d484f388519134b817c501354708,631,12,0,643
0450f8420896e353032694e689abb6f18d1a7730,1,1,0,2
ccfe33d5dea846a6255639945269163ee47d2079,60,4,1,64
31bb1e029f7a4d89e0f6bb2846e2464babbaa858,1085,33,7,1118
e20e5b06e3d8184376ab7a53835f3405433e9ee9,95,4,0,99
f165a6d1901bb5023faba2d61eb5d256012b34eb,436,9,4,445
cb5465755a81d9826a3160af3b626f5ef9b39514,35,1,1,36
470400f12ed66e1a15cc67be0963b3fb8b6a0e43,144,4,2,148
26361b6e7ad5021746b4f6cfda081ca69b274f4d,43,3,1,46
48b4ad74d4f4fedeeb2aa71e09043a7eff902628,122,10,7,132
87fcd4d65bf6ec1bc97e346cd6003d41399b272f,480,13,0,493
539557c902404529c4636bfe0425ba44980cc177,2,2,0,4
055c9df524e251b852986324141464497c3a402b,13,1,0,14
42f8ec75e4810d2629f1be8258908c50fa627b58,7,1,0,8
501fd7e660d15ea92705ccd69bebb3342c885fab,265,8,0,273
d6f6f6efc10b19a487c9101f2f0261f978f19d5e,643,8,2,651
58ffaf2136bd065b5a6d74444611919cf15dad8a,12,2,0,14
0a9f33b03ed57e37eaebba62db78ff948ea1aae3,503,10,0,513
9c65733f0fb419e88b3ffc84714155555266952b,78,4,1,82
999831779eeb2dbaffc2e655ac1727382dc93afa,47,3,1,50
8a057724991d1ba0c38d3619b9aada265faf8674,47,5,1,52
d98f8dd5fcd505073a361de97c135706bad2d343,26,5,1,31
8005afe13790480ae3e590fef643a69901c548f6,104,7,2,111
1755fdfa0fbdb9a016383bfd07905489c89a9319,164,11,0,175
33bb1ce5727a54721baec0125dd1254d275160ac,1425,62,20,1487
34b1cd03d57c742bfe182c54a4fef21103a15fb6,65,3,1,68
9f354a4559d2679590100cb7b0df3578a229d49c,6,1,0,7
0aa422e648ad53d6aa3f6134c27c92dee5b86e5a,5,2,0,7
e385625006829bfd3373645c08471dd75473f6a6,40,1,1,41
37b41663f91d930bb785e9a562bb60d0d63f0818,493,17,16,510
8cd9b40fc0be8719f0e305bcd718cc681efda0ae,22,8,8,30
d5a875982b6ae2acc8028185bf88d312e124cb91,113,8,5,121
af5d6abeb924fc9233376a899bd482218444b1db,12250,9,9,12259
5c4e4d2ecd6fb333ef62bd24f14e7919dde7ba37,3111,6,6,3117
c9b24897e3cdbbd9a1e60fde76b459828ab2ee52,24,6,1,30
2e530d3b69a53d391213776d299cb1b5cc19543c,13,4,1,17
04b5561ea9a558a4b15c330c325779823c924777,12,2,2,14
a4ab854fab50b239c7723ea6616760b3a4749aae,4,1,1,5
2bb8d1e0d3f1a0c39f456701fef2e9011d94b568,7265,7,1,7272
56cedc0ae038b1447ae125b4b8d1094bd1db5551,8116,13,13,8129
9632b697060bfeffa2e03425451a3e9b3980c45e,84,7,6,91
eda2fa5e74f06357d9387d7b672f13418e10cf66,4,2,0,6
43bb06d66b35d6cdc00a7d8a8f8c1305efc993ed,186,6,2,192
99d7b8f73616e182c4c04101aff7cdbc9d0ed6c6,13,2,1,15
4124b556b66c72f51208fac59fbcbccd2e3f26e8,33,3,1,36
e7d7516b0e25e6b4e1a3c1598b5cd411f2f84504,52,3,1,55
319ec0e46cbfbc610868501b2611c9fca931e6bd,2,1,0,3
fa56190a3de7d33ac07392f81def235bdb2d258c,141,1,0,142
5a08e3742da32b75820d22b0acaf37a485d3df65,13,2,0,15
751b14a25f994370a318bb990d01704bd10dcca6,8,2,1,10
e7736bd8010b20f857685583a8b3fff560430e7a,3,2,0,5
d3582aeb7e34288fa0a54c6cfbf5286cbb7b6b95,98,2,1,100
39aa06ee8655cdf4e2d1875868a3a1875a3ac2cd,25,5,0,30
ddaf373fc14e0ae10d6ead8660673681774d8320,99,5,1,104
1671f684fa43ccc2f9901521a1df69605dedabc6,17,2,1,19
18a2eecd73d82c0e270cb0706a643cddaea4dbb6,9,1,0,10
0a919c0b100d22bb0252ec8bac25b197f8ee87e4,4,3,3,7
3607f38fcf1b499579da7b11c1992484197d9a56,5,2,0,7
14d72d3d9a1b191c5f871c58a6a296a46a30a373,114,52,0,166
ffc4ef94f63f9b3fc407265a8b3b509446379360,78,6,1,84
3506d617c77396992d4d7ed7bced2befb959d3c3,68,2,1,70
a8abfdd11a50baf766227ad82cad814c371ff227,13,2,0,15
79965f175a0e25c0362b279259fb20c4ecc8f75a,63,1,0,64
0bcc6594eeeaf76f731f152e3f43f2fb3cfcc1e3,6,1,0,7
3158bc842c910bcbc485f16a1fafcc0b6e530093,44,18,1,62
447b8fd7a328304c6660391ba8941d1d0e8f03d4,1212,18,4,1230
9619a398f9ed57d4cd7f705e73f100e85921bfdd,447,5,1,452
e6a7cb402aafc28cb1d257aecbcc4c4b7d67ba51,1186,12,9,1198
8751e69ce9f7d7e55b65e1af8c7f11ca6c7556a8,5,2,0,7
c9bd9785286bc53916e8948e6dd881fabf5e15f3,7,1,0,8
784aac55d8519565dc2edc25b8290f3b17d0d349,5,1,0,6
f95528434e055a4db8f75cd9c370ec7af88dd21a,174,8,5,182
48b92898c0e59f4f943a97742facf67fa081d3d9,1216,22,0,1238
fd0d5197b3fd3440a598a75771d02f96c3691278,92,6,3,98
30a5f7eceba22bdf8723f49e532b4671a2cdf1b3,125,1,0,126
22be2b9a731ec254fa010e109223ec29b63ae11a,9,3,2,12
e88632142e839e362c9ed9cdc6b02ce0eb7374bf,1,1,0,2
62c759678df9852e92b0f54edd6ed8d2a99cf6ea,213,4,1,217
94ec60ca5b8db35c038abf06f2a6e78b4a3cb7c2,58,2,1,60
aba0f0b133aaa331b86e329866ea959753967ca9,42,1,0,43
2c18dd898623e707ac382ab680b2501283ebd722,15,1,0,16
e4a844a7c3a78c2e35e20582a288eb04f9507083,7,1,0,8
b036065f786c240eb469192a0eff94f010d59ee3,15,1,0,16
933e848a627b7ee82c351d103983a564f1046b01,97,4,1,101
db601e350d014bef58b16f7f631c3056d1f00dd3,11,3,0,14
6769bd88906158c2352d1a0aeece5d1e0622452d,13,3,1,16
c65fbb87848ca11beee5412cd3f8f9d257105cd5,27,1,0,28
432494a17ef2a9c329531b76bd3a4446b866c15e,66,5,0,71
0cab1fc8068d9094b9c4913e7dd2c84a03120eef,1121,2,0,1123
8ba1e9c8796b6b0b4df3662e4a29c4a66752f6d6,2,1,0,3
cd11749f4365c901de6584820492185aee532378,0,1,0,1
878c6ecc5ca90578dd94e4c582fbf52317854cbf,2178,13,0,2191
8397b56b0840ee9c915eab3486ccf9bfe3a5a9f8,2,1,0,3
bbf2030c35930644eaeb19a64ee031885efe9c03,5,1,0,6
c914d2c459bc6b7e88fc6992d3b7447f9f5b29ee,1,1,0,2
f7459f677a977fcc3a4751e65907da1db4f001b6,118,53,0,171
fa76388a910be8596ad0221c69e2d9cb90c8f4b4,7,1,0,8
248a69e97c27f52d1d3487aa31bebbe680851266,4,2,0,6
8612457bf21ca1c8dd31ffe611ba586d6d1046ae,2,1,0,3
77859b8d053204ff6adb8c33532b8faac8d11a75,6,1,0,7
dea8391172344586528e177bbbed1ac67d00894d,28,2,0,30
0c9c334cb2d7bc5f4cb6609734de1654197d5ada,10,3,0,13
b315194fb92476805f72465514a1d038b924125e,41,2,0,43
5c433c11fe46bc6ed3c64fa44d4a62c8f1ddb678,2,1,0,3
3c0f082c4d196ea1f46f21ad965bae2ebf310eed,1,1,0,2
1509453c5a5281fea39a1bc6aded653e3bd7f517,2,1,0,3
2504be2fa3e1d8f6aa96ee6297ca1af2d5077826,4,1,0,5
82539e4024cdf3ed74f25d12705fc3b7a091efc2,293,6,1,299
a70a3b56cf54e1c1088d57bf7f4c1dbe06b291c4,4720,91,17,4811
3f5670db42ef684d814b0fb31794c6771f574c9f,604,10,4,614
ffeb989b0c50fdb78292a8b367fd883990f013c2,39,2,0,41
1f94d588a20c5384e79b8935a5dbf4fbd4c1fb6c,10,4,1,14
baeb6c3e9c28037953b307090321e00b3a53fdba,4,1,1,5
0b527aca1f260a76aafae664b859c3978093056e,54,3,1,57
05fd6fefceb779a2d748068232afe023dd49d1b2,69,4,0,73
ea7efe7add95ae62fb6f6b0f3287e13a09653b56,2,1,0,3
96e396223511980abefed2c6d47b1a0851247a5f,783,49,10,832
374f51e0240eb81c3bc60daca8acd24a68bb7c77,25,2,0,27
7806a411a847442723dbe4b064aacdce896d1d61,458,10,2,468
5f0bfdf8791c28b8ed804bc81ad48c2e1223ea15,35,4,2,39
8a6545109f257977838e015820ca9f1ca18aac74,131,6,2,137
8bee25912d72500a800e1759185ef5330cc3a995,131,6,2,137
5f27642e98d9fbe101ddab13153319d4b94717aa,35,4,2,39
3d37f7b274a324a2c34041b0c209ebcb4f954a68,458,10,2,468
26338adc5f49e77c2bae4f3e01e520a8b6ae4c3d,458,10,2,468
6f7bd2339250027751f73ceb96a94150551f985b,435,22,22,457
8008d559c6b6ba15b55e711ad262530ef4300948,84,2,2,86
62da197bfd98ab26b07a1d6f72c7e36dc0952978,117,13,13,130
9c5c6b7efd66ee1df46240a83c9e639c6e869c32,35,4,2,39
3ddb28ea3d61de8413c86eaa1c9b5126b24aed31,48,4,4,52
c2635885dddf6cfb4db85cfe16dbe5dfd476cbb5,973,16,1,989
a6d4cbab6e36341ed0bc5eccabe49d1277271d74,62,2,0,64
e341e597f8a3817bc1db884695774e9dfd5d9a51,22,1,0,23
3a7799fbff76003b5f11ac314ae31a8b7c568c63,2,1,0,3
7861f20e5c318b5dcfe28949b68d5c8d82b4b390,196,11,6,207
8706baa1d5da3adc578f237e183605278e0b6552,2,1,0,3
5bd464f5200c8184b24feed158002677be1a1584,118,5,5,123
611c52fba429136a2c9ecc201dc94339e559ba7e,42,3,1,45
d146064c734840fafc424d23ae65e5eed34372f6,1,1,1,2
df0fe7ceffb89bce681515088bfd90617a95a56e,41,11,2,52
8013ff479afd7c4df24b1af35746af6940fb332a,8,2,0,10
3becd55ddd7d6e2591c2968444341c98c1fa61e2,46,1,0,47
933b73e77ba96965b8f8ed15f28f4fb17db09ac9,53,4,0,57
d98a80f2e8d4589e316cb9c01278c0377ee0dc6d,21,7,0,28
a8b190deecd318f4109996a3205f97dc759730fb,12,1,1,13
3e36bc69be673bb9c17569d951474e9d1bc50122,29336,38,0,29374
99593c2e7054dc234b00194ccea4f13ba428df44,141,6,2,147
2074cddf07218ccdd7c198292519cc6df2577e4c,234,13,5,247
687dd1da951be2f4efa50d2d4704f0ad38ce7bd9,46,4,0,50
7edeac5d80e161663fea14bafd4d7f662d25d767,73,7,0,80
51194fbbe5662b16bd644d64faa450e43f771c80,176,9,2,185
7819df6387a0726acae01f8f6942c7331d4a5420,63,5,0,68
a492c678ae3bf9a5f661a9127508fe5dfe24f9ac,35,1,1,36
ce52a55429535eeb034d7dae2a7d01f54c57be2f,771,11,1,782
15ae0d7818b5c1ff2710295437f410b1a5b4d3ed,48,2,0,50
8cb451daf2d2db841780eab78afe928de397c966,149,8,2,157
ff8c1e250d0dec9e274bed548186af22d66af71a,1109,14,2,1123
278ca7e8a83e906f466cae9a296d7a9ad0a4968f,145,8,1,153
61b4f8d2418e7b459aa74f57d074afbf1382c277,481,9,2,490
69cbfa58705def7f80e0a31e05924505f8b2811e,363,4,2,367
6c7a0599ccb7cae2be77bd46ebc4d41eccd1a4c8,24,36,0,60
e1ef89a7b2fa43dcbc707a0d1e977eb2eddf8d09,94,3,0,97
566155285031dbd8b01527072a586a9ddcb65142,177,3,0,180
148c6adbe0bd2fe72ac0b7a71d3e7f1d8b6d3b35,1,1,0,2
d76947cc7fb997b10dbda3fc06cafad8874a5664,126,57,0,183
64e46bfcbc755f3f369365ad97167cebc763cee5,44,1,0,45
bbeffd82c64f645814062ef0e451caa7677ab1fc,6,1,0,7
32690d2049f42fad35078d22864b4348a2efa5ba,68,3,0,71
ae185396f89ace1338c5db327606ac6e505fbed9,18,2,0,20
4b08fb4c580fb2d385b7d5ab910b2a29b4ad1aed,2,1,0,3
1996652bab5b714b9c7c4d5698efb0f0bf5cd913,1,1,0,2
c28224c876f1b646ddefeb66b94d517a2f170935,182,4,1,186
9bc05de0763b653e001cd3aa2e4a73c7a3584de9,16,1,1,17
4488a043bd440d0af0c77a008e12507c13b6dea4,3,2,0,5
2eb51e601ada268c178e746478dd7945ec26ec12,226,10,2,236
a738b878b39c92046fedf15dfaed577598fc8c43,711,4,1,715
47edcbc16c040f6a68a9e15354439188a79fe3b0,92,2,0,94
98057fd20db280b3dcd131425fc50992cf29a1a4,32,16,0,48
d88194a2632b66445a6561e5937661d4d38bc274,31,2,1,33
a227981fa4287adcb431fa4e17c378117b8ef934,4,1,0,5
286e02a44dfb5f9ee101007b46bcb8ee47fa62d7,460,17,6,477
f98abb9c607ec7ec57de0ffabc9192844a98dbb6,4,1,0,5
e56c3a048af509eba9a82c7afac3c0e41e64900f,73,2,0,75
e2a34700d857ff36526a8b5943e4af56fc77a3cf,87,2,0,89
f64fb46186b2a5382af728155cbf0a1d3d7c9adc,4,1,0,5
1ee8600ed5c2cd4097d98af36bc24d46c424db03,20,1,0,21
adb792de110b15a57dba257c5d8dac5ada76414e,18,2,0,20
b65997d50f75cc1ac577b81f1db8f77ebe153401,1,1,0,2
b596dca0efa5eff053121211b5c8a0ed3f271a57,16,1,0,17
b67e9bc0e83a1804b8801ab6ee508c85913f875e,1,1,0,2
c252a251a8e66ccaf960555ef8bac87a4e6b4bb6,2,1,0,3
b8fc0d77cdc38d9ba39b937fc7d95ccf622bc866,10,1,0,11
5750a7cd9931c64fc65d116f2718df3d6c173d45,372,4,4,376
c9b1cfda2d26dac36d40bcd3e31002d62e2e6407,17,1,0,18
58322f6146e312f93b8fea5bfcfd4ed39653cce4,24,4,0,28
e9c7f3d3bfed08b018a40284f029ffcf696d0994,9,1,0,10
3375ee1abd365a80a6bbe256648824d58a256448,13,1,0,14
6f57a474ad9c157679dcca5d214f22baaf8ef885,8,1,0,9
0bd487d668bd802f8c6a1f34cf0019804fcce6dc,20,1,0,21
d64d848dcbd42ee566f8c9cdbe06e7e535b51817,1,1,0,2
b37e4293d2abfb2db0b2a63a571ffe7d54866242,299,6,1,305
e5ef45aaecd5dc7372403302fb8be21e485f3a45,181,3,1,184
b15b65f4d35269a2c28cf4bbcecb43490c42a149,145,2,0,147
fb0587976c8a5198b57f3d17c27703f39af01f52,24,1,0,25
495369f989e5b5d8307264b75411bb36ae6d45cb,9,1,0,10
684466faadf4627391bd74042c782ec47a44d6b5,127,5,0,132
6eb64e5256f7d735e1db3cefd10fca6cd67d92ca,28,3,0,31
62a75e0e015ae35f27a08e156f792b6e5517fb6a,124,5,0,129
ce9aa244163a8db709722eb786f4fb45ec59e7fd,46,2,1,48
5cb02e2f997bc307c432dce84b1040d55b64a4d9,30,2,0,32
febf20c0570bdcff727e0053b895cc41b00f1a30,82,3,1,85
2d77f09f86134f4b665a7bbae2d7c04461e114fc,19,1,0,20
0ff2c9edac99f7b16b9361d15841f8be3741ada5,4,1,0,5
d9a4ce6caa238f52f5165f72b2de061c0134ce9c,29,1,0,30
f76eec9914c02b97f870326b825d7604dfec02d1,17,1,0,18
4fe30705b16ca54dc6a58a88fdd135a4dc59bc75,257,9,1,266
d5f006586b8b50eb243bda43d2d59232dbd195f8,22,2,0,24
9bcca2581bd280ee21d32206b912687471b0183b,13,1,0,14
c6caebd4be9b6f1d3882d4e5938007fbaad55678,2950,24,8,2974
43d07683b687ffffe9302e390669bfeccdcf98fc,183,3,0,186
77c56e2e64dfe347f8d8cfaebbcbaf6755b55618,126,57,0,183
c51b0feb65d3bfe90227b54cd3d02a8938fff0c4,29,1,0,30
c7c58cddab5e7818d6f2a390cb354a9c16aaf8da,63,3,1,66
30298e1e467f9c88503321b6fc6d4525b2e2f41a,5,1,0,6
c6aa4700afaeba0d23c643e97feb3410047f5b23,21,2,0,23
f345f889508306c739b15c49a462b3d1d838768a,1150,33,4,1183
13cea0c5eb39fb22e23505575a76b06a58d3d0ec,2,1,0,3
7c9b30aad4ec45c0d4434a24a1332129ceb9e29b,97,6,2,103
47e89d000106ed505280662a1a2f53c589b24fa4,119,2,0,121
653dbf6a15a9a077e21745abbc4e737970e4570e,317,8,1,325
6446d5d2f6b379510184eb94f534841a3670122c,5,1,0,6
6eb0a6e5bec8222d766d2517af6b91e52a9cb5e7,2,1,0,3
3a394adb19573ecff255b1b8858f4586e2d88457,81,2,1,83
b4fea509fde4d292893bd98043f1efc5231d0103,25,2,1,27
5f7d5c2c419d0dba82a66d5c155face158e76000,494,13,0,507
99519d4451392243c65e8f3ef35606e5dd339a7b,34,17,0,51
33307d5753b946952b5ef2cd5fc09f0a636f33a0,701,10,3,711
3e3db7b4ff62134479bb7f698dbe00152f6ed7ef,48,9,0,57
5b0dde2bbd2f1b1598095143a91d09a93a92d71b,13,1,0,14
f1d0ab8b57e79e401e8dd9b4232843d057dd7722,13,1,0,14
785ea084a617df7ad637a7afed9740bd569c07ae,56,2,0,58
de34419d48564049b49451e860bfe8a442e35af6,98,2,1,100
7287e35597fffee78cfa2d3de4297c59873b6c6a,48,2,1,50
29538657c2c1e89dbcc75fa41128b995dc0724a8,40,2,1,42
d4ae9ae5220f1e2dc2a874592276856f35e54b3a,165,3,1,168
f31e46f5c25b882f3904648907ba1c94dcab794c,668,13,1,681
f9d8e07d768459240c8665f139cc140575dc5216,31,2,0,33
9f08a22e2d1366ff7ce4fcd27ef0399a7bc4a0ad,1,1,0,2
87a7592ea9fd2b3ceb40e7e7ec3aadf3c2b8c087,4425,59,0,4484
ee0028fdb31741d6f8f76acec77c32bdd1f37507,1,1,0,2
027e7018a9cf8eef6671e29c4907d5cd2e4d2cd4,0,1,0,1
1bc09836ce8a1cbeb8d4a51283d4974be486210e,0,1,0,1
b65a0175bf9e61f775918414e3049f1452aca74e,160,17,0,177
253a201e9f7c90a25bd6cb09ebabc4dfa057f1e9,38,1,0,39
6d012564d4febbf2a6e0b08f8a08a127a6604acf,132,59,0,191
a96176b1f36accb83a0150c214f10ea060f7c9a0,4,3,0,7
336c7b3878cec4b4e9455c68dde8553e98fd753d,11,2,0,13
fb0dc061fe1200037d7beed48dcfb23c0877fecf,4,1,0,5
978826a6f7746ee0531e10ff257fd89720b8cc16,73,2,0,75
215cedac6c3348d3ad60e444122436c41ad6da87,74,3,0,77
b9a30a3e82ec668e769666604cdf7d259b4c689b,37,2,0,39
7458fa67095ccefaf4f8ac80512c67c90d4266cb,218,4,0,222
e2e39f3faa2f75ac632c425fe916bfed1c6bcc0d,369,3,0,372
869ced5de8b948965b58d2c4415bc1e383a89ba0,33,2,0,35
082455c358f81f62dd48152be8df0ebdcf4b768a,1096,10,4,1106
f3ffc815d2bdbfb9003ad2724bb83ede8b0c34c8,163,26,0,189
1ad4d0b05ec907c8fcebca4eb844bfa68246d2be,95,7,4,102
91958827383d37cc3835fcd56c385bff489d9b48,48,2,0,50
039915f6e642c97d43501c922f451c7cc3e679d9,95,4,0,99
ebc2ac8192627034b72892744b5277eaf5fc9439,167,15,6,182
d6fda9c8d6b8d51f931dd715a4792c000820051f,738,15,1,753
a7351ae7a7af0fabb621196b84bf512fba2c712e,3,1,0,4
b5bf07d7d8ebee2861054a516d21c32912cd7f82,365,4,0,369
b8a2b11e717dee7ad79257753b42b06e080ab2cf,9,2,0,11
fd7e79755ceaec2b37dc54e7db3be45f5d3f27ba,4,2,0,6
3db608ea9ce3e2109ad992013efe3ed811734686,30,1,0,31
dccdedda43ef1fd91200469273bcbc98d1b57735,82,10,0,92
0b161c91ffa6323672b27537c74f3cded626e4a3,88,2,0,90
54281ba585b67c8cd387c0076bc9d86184fd8351,73,4,0,77
9032f6416320679ffb2802a89bb610803fd4bbf0,120,4,2,124
fef119af69f8145fefd0ab68d18afbbb5d98728e,63,1,0,64
47c1f4ac2ec942cad7472f7aa3ef6201b96f1e0b,996,17,0,1013
8eaf3bbf12c81452c1e0c30fdcd6fefb634b2bf6,70,1,1,71
1957648c34964696783d06f28b01da8b0c1b02ef,17,2,0,19
2bdc703945a3c0645f39dbb35f7165308a8cff80,682,14,4,696
521a542d2a34169319ba2dccbb3f7afee8b137ca,264,47,3,311
e90109f37f287d0705c0e772357b13665ea776b4,271,5,0,276
f1dcae4dc38cd67c59eb6f6050231332020bc6ae,61,2,0,63
761dd5d44ac873df692ec3cf8ecdbf8342e3d0e8,550,34,0,584
edf54197e0a57611dd2f58ed4597cf94c2ccbceb,38,1,0,39
3f8ff2aafe442f654bbab46b2b6dfadd9a054096,31,1,0,32
d82f834ceffd52ead5112400a7f56af5a1c59590,234,13,5,247
7cb85e28bf932a8727d7f794c7ac13ae67591f3f,73,2,0,75
2bec3185795a268b4ac447a5e22582be6f120fc8,7,3,1,10
6b6865ddcca9f3fae4e70c97b22169018eb929a3,3,1,0,4
d187a877cd9fac4cf8c203c0bc2cfb1fcc774b73,29,3,1,32
9af4fe40178cf69778421e8c8f8af81c9b157574,8,2,0,10
c23759ae26b8d3adb49643044c26b563a56a3c5c,168,5,2,173
c346ee3798d84eb862cabda2d95d6409d7b4da0f,8,2,0,10
15bb53810b5af0009a4c0a6df2a3e7bc0729ed67,71,9,0,80
2d51810c2b9123a9ff6be1a6d269efecc32ba16f,33,4,0,37
1fdae18db98de6dd144bb7e25dd49fd760e813b1,811,7,4,818
9596f2dc2d0e55f37ff78fb73ad0bfc548ad8c7a,22,5,2,27
5ae580ed00cb4cff5691bf5d7ee8ce208b1a6d05,772,17,2,789
56d444fd8c43c928719af1054ba54762d37408cb,64,2,0,66
1ce0e9b6cf8a5f80cab28da1a1c739013bcb6d54,15,2,1,17
239677c60d2f5480691fdbe5fed19576ead1d3b2,2,2,0,4
308f96989c36470d75164360c676ed64d39c873b,148,65,0,213
7484e3e7d62b123a674d605ff40028c78134f16b,50,1,0,51
ade9d7a9967b8f2d229e2c214566c1de0322829a,6,1,1,7
f9da2747af2b9ef6b62ff82de9af6c7e46348ce2,4,2,2,6
56176ef442f1ff605d7701ec610bccc7a0375131,8,1,0,9
9f7e34f114d499da39f98ec3c77a389e9d0538a4,3,1,0,4
ff126bac8eae216e7b14b9920f842f8728093763,1,1,0,2
6c00009740077cbce66f7cfc5129440dd35868e9,2,1,0,3
3ee68053e7d41d3aa6e8777e5e599596fc7ce6a1,23,2,0,25
318fb19d1c94eeaa370c2140e4c7b78936f97aee,7,1,0,8
8857bef1ec39d1af0075dae86e0de3601752d883,59,3,1,62
d3c6aefd31490ab9612b55c7106939e131a0d684,5,1,0,6
835e185b22dd5c7756226af4d4ad86d37ed63f74,8,1,0,9
b1178205bff92070d504473c5c50b00046f0a60c,29,1,0,30
d783b5ce78b012f8541b0baf1d32a381094146f4,2,1,0,3
65ca3c109d2278fbe97dd41e2463cd182f264336,5,1,0,6
ba4ddecec1f84ccf62e18bf54996abbaa212d0ce,4,2,0,6
5f61ef8a6c7b9bf3baa58cb3bb5f028a64d728aa,2,1,0,3
ed3de63f87b49714eb7d55915ad4ef857631f59f,5,1,0,6
3f6abb23ede59f4a37eb37369880806620ce0bd3,5,1,0,6
3b01d36d90548eb5f689503e7b77e91ed680d047,7,1,0,8
f389cab9e222c40e0f6bc38a8ae520c479ee9471,6,1,0,7
cfa28c76644561b7921eaa3565b09f8fb26d32e4,51,2,1,53
ee332f57824ee1fc4cb2343f5824e31895a30fda,100,3,2,103
1c9020182aca0bfa255059fb9040463c7abe7984,253,11,3,264
5cb614de4dcaf6da1a04d60db73e58306b4c6c22,119,15,3,134
5dac768d2ed2ad051724b998db5a7a1f39a599b0,56,11,0,67
22f0af4de5ac89a7ead9d6e3958262b7a4fda9c6,187,10,4,197
3dc4efb8febe9cfdf1e4baf5331c6904bc44f93a,11,2,1,13
1bcfe47aa3b8f69f92ccd21789025b4806c6fd7d,4,1,0,5
0f207409c02fff54e3fb3a5a1c0b3865ef91e7db,89,7,4,96
c32cd10f2cc10b053d2bda47a76bcbb51d2e802e,92,7,4,99
fb2e31348a25619e244ff6cf1e634c01001e2f18,14,2,0,16
efc361ddc97209a2d87f69018701dbcc5a3450fc,91,1,0,92
5515056406afd48a6b55f4188fe80816c2133744,368,103,45,471
d0726a227d4f10e57489554b8adf8406e6d96920,306,10,3,316
8c1c94b9e81d5a624075448be75702ffa08e40c5,22,2,0,24
111d8974771f23976bc802ea9b9d12d5fbd6f527,1512,12,5,1524
17f5209f80efcee37e7ad28af992cc832420391c,166,22,17,188
6a921359dd192b3ff46d7483b9f382a741fbcd33,2,1,1,3
dc0042e67ff1533d727aae886d7256bef88490f9,401,4,1,405
5022bb43aff894fe5f596a8f5ad551693a48deab,4,1,0,5
39a552772c7f03fd4af17e14b7460f74f9ab1bbf,468,7,3,475
771a2fc0d4f1526eb5d72f62ef3f8fd6115f3269,896,3,3,899
e4768f1efce860099c6a1f8d366e2a58954c0314,447,10,2,457
2d6447e948a5492d592d1c63a09a0cd9c696f824,38,1,0,39
061951bc95736de0d77d2f876f9c638692e80c3e,1346,32,15,1378
8f72475234be14397ae0f0ea03cb91d9d6d56d5a,68,6,3,74
947efa2141deee1c1b5bd3159d6c3da2dbb7b049,2,1,0,3
ebdb1d793c33ac67962dbe712167dd328cc7d010,222,9,3,231
6d17873c93af181f511ade54b73e555c08f9a3db,2,1,1,3
607568408ef78b0f07cf9d853ff9bda9ad138f06,3011,14,10,3025
0064e33d62a6544d79e1aca7075f369303b23bd3,42,2,0,44
f4ccdfd696bca10c73e7a7e336d9e72d4db423b5,41,5,2,46
1ecb6934a4aa1128f9c168dbc822e055e9e09452,5,1,0,6
b13c21a45a9983d6ba0339da6e18172aa102f45d,776,16,4,792
1314f1dccdc3db132b71b400d96a61a09073224c,16,1,1,17
4eeff1a6d156db860245916fa44e2a1505247e43,191,4,1,195
dfb96e1b4335a133007f9868f68a488a39c343ac,19,1,0,20
5bbc4f9ea80021f331039ffee3e92b1199886e34,19,1,0,20
537690745cb4fc88d5083367d37f2a71de03e2e9,19,1,0,20
680e8a6e4faf6b65dcb81a61525faedb0e937f09,88,8,1,96
4c2675aab4bfb4ae3a08250d75f349e3387c1cb1,3,1,0,4
98a08fc7ea43397ad6a70b20278f7f625332cd3a,67,4,1,71
315a0ba9b1fd72999666c46ce300b808acb33d63,5,1,0,6
3004ba8b9b78d603e04d8c6f2313b0b527fdd252,125,2,1,127
47c27955f77f23b3b0c597b1c17598ca2ac69a8c,18,5,0,23
96fbfc94a9388c3829f15d5e0775ab0cc04182f2,2,1,0,3
83b17a5d5a8e8f48f303140c27e3b4b96055d80e,47,2,0,49
bd4330cf8f37ecfd8f9c5d8101316db3868096cb,134,2,0,136
54e3a7edd6bea957639215daaa02eb465889a5c6,133,4,0,137
4789bbc634ac960f4156bdc5b50ab7a745531216,184,2,0,186
95a1e3db84e4f9e74d942a059d46b6eed612abcf,389,2,0,391
a59b404ca15f5e6cc4fbf7ee3621e6a1963454a9,145,2,0,147
3d2901be41a3b4eaa777d996c0fc408e267ba923,105,2,0,107
edecb857a6c01886103361577713cc308d8ad201,155,2,0,157
0b15afc6cb421de54991dfaa5193853e2cf5d2df,351,5,2,356
659e02ce37416e0652485fbe5b17969f98b08409,82,5,0,87
cbe21a0a0728106a8bdc7b85b5094a8b2ac5e7df,60,4,2,64
5adc176102b1a32591bce737f8993b26903cca36,206,2,0,208
d89e03ae38f3ff85a7c984e842f953f824437d42,8,1,0,9
da4946cc48218f4e833d15770bab295b048d091b,158,4,0,162
9523200bfa80b008acfcff266766e754a7311abf,69,1,0,70
38194dc964b56ceb8daba686415e6e391ea3f704,154,67,0,221
037dc504d6435aa61d90b9fdb2f8926471cfe683,332,10,2,342
364d3f47257b5ea6b4956b96ad571e3cfdae80f2,14,2,0,16
9b4be5e51e20b1deffd29ce3e392e9e6759501dd,2,1,0,3
c7c5581de387f6804b786d6b1fa5ccc0633909cd,30,1,0,31
f1dd7d1acddd9b661da4a63d77a521fd57150bd3,32,1,0,33
115913527c0aee51922addb12cf559574cb78c3d,4,1,0,5
af9b0c3d1ce18f787ccf5c5d2055c2da98e70711,228067,2318,459,230385
bea3974a89bbe2dd83be26f3e94e2c9cea0bba31,4,1,0,5
ac532bd73c5da8997f865e048b36c76fd3c11301,59,3,0,62
d2f0fc0e5ec07d0e8d4633ce8bc0f0723a34efbe,59,2,1,61
6657f2fd9f52c8303fc9a2d1d72eef38be719288,493,17,17,510
a4ba9bb5c46a36649907b9662ee7686c2c1d943a,63,4,0,67
a25f8a77bc80b7314b2e7a7983a125592db759fe,54,1,0,55
912c53602a409e4361a73130e4dbc55a7b73c8ea,554,18,0,572
d5c2255faac8fb1ef4d15cb53ca32056de1700ee,37,1,0,38
841295208ff9ae88e86c403542b884f59a2e6bf8,334,19,19,353
f1bbea9b73d0e24454cf65a3c015b083f9247aa2,98,7,6,105
2e6713b6c33b54533e6d81ab575ce292aaa43f0d,699,140,18,839
202b3dc8b8d955336689ce5c20860d5a69482dd2,42,15,15,57
f4de8565783976a912c87c14382680994f3f9375,97,5,4,102
6135abd3997fb5eaa08b83dec0158f67d1a13ae9,149,27,7,176
60900b9553f2b90029b3b9840fd437bc173bf951,29,1,1,30
c7cbd46a2dcc3cc8a87b948ad5468577ed25651b,228,4,3,232
5f413f35eb9fd67f67ff031d5b0b15af534d54e6,2,1,0,3
ca9247f4d06eaeb8eb24b1696fd5a7b80cb13340,106,4,1,110
e88c7a998f953d7a6625e34818d8ab759950e03b,60,2,0,62
50f46e9eed9ccc27a54cb71a090322b023fd7a8b,1173,78,0,1251
773ac9d8e2594241d5d95448b19a75982f467efd,132,2,2,134
5c95ab4e31ee547807e83e4b2d972b4d33da9eb2,12,3,3,15
751f7648982dff7ffbaf1dbb1cb1a02fb831d797,6,2,1,8
e2e1251466c26ea70c145f1b456eaa42d2002f24,237,21,18,258
582cc7e38a99f4dc624325cccd66e12a0923ec6f,611,27,0,638
2e3758434a9afb1fa6b4a02df991b59cbf7be8dc,2,1,1,3
f4a4355d430ae6152eaefbfd3a118cfd65b00f07,0,1,1,1
aac2054c83399669a7084dbb8452013f7e3b532c,156,9,9,165
4978951cc14bd63db2eace832b4db5544b80bee0,446,18,18,464
3557612d5a5d904c3dfa61ba03cccfbbd365b296,332,6,4,338
a5a88258b82d8451710d048eba94a39cbd4da343,2,1,1,3
3a411555fa9a89965281604c4e56709325abf743,114,9,0,123
2666894bc84281ed78890110ab15b009fa5f2830,335,3,1,338
416ee7c15076ddcaf25cd6a908e6cf1b39683673,1271,27,0,1298
d3f507f9424b7deb355696c1c6d5f5aad142157d,9,1,0,10
c833bf907566301e525f514354dcb0325f5e0738,192,9,3,201
935f81fb0f446a18eb09d5c710f679e4012a7cc1,26,2,1,28
8537d424205dce5b032bbb4c37362d91dd3cfeb5,22,2,1,24
5432c872271e42d1ba8981e5f5de2059d5509ba2,28,4,1,32
3a0119b217bb71d107b335c27abac77847b2bfe4,32,2,0,34
c2ca443262a848ae0d56e03e92ecba32fbf149f2,5675,54,7,5729
78ef4e50ba6f7522aa363d5d1df8f8d04320003e,160,2,1,162
a841e2656b359e4f9bd6e819eba2b9723faec1bb,1724,11,1,1735
b3107e91c5466619e33d0ccb68ab0a85a40d96c3,4410,62,0,4472
668aea18059d18b6a9b3e9ade16e734b853756cd,204,35,8,239
ca93de84346ac58a39a7339df9297f7925b0db47,552,7,2,559
10b3473ae0ab88645322ef4798f9eb696cb59b93,31,4,0,35
7815945dcc1e4a5b81d237fe9c98fa4a1af0e5c3,165,6,0,171
51348f838106241efbf34534168c478d77a35d6e,31,4,0,35
cdac6ff076d3a4bca1eae643d086571c3b9180be,205,4,0,209
145ed5dd673e89db278ad5b7257690e3b23e3109,62,2,0,64
7b4755d57c8998d1aed62c100124b8a94a3427db,179,2,1,181
c5aedf40f21ffc9f884330e576ff8f680fd5f368,5,1,0,6
557d569faef9b9e894ac380f8488cd03eb52823d,16,5,0,21
90f1df7f5b4ed33a9462a46f2fc5afff032890a2,27,2,1,29
5de920bd092d2822a32aa546d01bb8e64de3a5a9,153,6,3,159
ff3af36d63609cd0b60400071e9df26ec41e96d3,4,1,0,5
485769b95b44f47699c48c47945a75c2b1d2ff97,24,1,0,25
d762ed3fd9193ad6e837fec1747d18f334872951,8,1,0,9
7b401def625630cbf1f9ee5f8993bbcb3269c222,2664,17,3,2681
2d236e78b70ef7fb312ebf0fa198657595e2f4ba,542,4,1,546
0719da376065950d8786576cf92f71367d9aba8d,6,1,0,7
92b1505a70057aef762ac20bf80a7249d947e3e9,702,10,1,712
8affbc0226fb2e587bdadaac9270b071d52b8062,4207,43,0,4250
6acfa43f419b7dfc579988efce32091f8349e0e7,2,1,0,3
9c7aa7e1c7471f71c783681b68beea8e6f3fc2dc,492,13,6,505
78d35f16f84f91985bbbd7582d79f648e4ef76e9,19,7,1,26
7d0bff16e7128e5f2e10b54237cbc93f45932ffc,22,9,2,31
bb467b8c4ecd87fc83ec1cf2863767b0330f171e,66,5,1,71
2288231780703f13b8f80da8e36787c4d494424c,108,2,1,110
8ecac9216e6512afe84e0325a6e6b27d87689fde,15,1,0,16
0e13dc72e7719163ffca638a7f809dce3f9cf54c,370,6,2,376
c440344ae3216d4f16c897d803cdf766bda2d97d,2,1,0,3
986615ff6756ee9b6940dbba0e536c5bcba5de25,1,1,0,2
aa62fa2dbdca59b175eefb62e97b5528f40d076b,470,4,2,474
a08aaf742a97a3c35c94e28406fc4b6ef3184005,910,9,3,919
994ac325d592426f8d4abcf45b1e95a5f2d267e8,122,6,1,128
58780d37c96f1f49f3863ecd065a09fb3bfda26a,2575,38,0,2613
222385bf85bb0c234ca5da981f575ee8db0cd2d3,10,1,0,11
3346d99e361e1dab74fc8774d3089f9049529941,204,5,0,209
9577842b1b72fbeed9c622118917a64fbf869c4f,52,10,3,62
41952dd3344e2c83e35109bc778623017bc0ab73,2754,9,1,2763
f5490414dfb23a0d9a46e96aa904a1cc8c04f3e4,4,1,0,5
1ee937071b236909a38dc764db451e65a3225ad6,9334,99,0,9433
c211d05e98c82d57eb0af61487a76f0ddd99660d,41,1,0,42
9ad9bcdbbdb82acdabd05fe1500da9a6f8d22634,1852,13,2,1865
62a23febbe6f1bc4aaade9d1fa0540cea5a839f3,8,1,0,9
485520df21c94339066b53af35de13fadc5c632c,49,1,1,50
710e784871662a54e0e8994b038a49e735f8be2b,362,12,0,374
b60322a6e2ba97b9f989d1efbe5183bfbc009c56,314,5,1,319
11ec78adc7fced033b84eb7a7f29f816d8472714,39,3,1,42
c754cc06ac33c7cfff28c47ec562d888241c2641,5332,41,0,5373
4d60e4149a9fd484f8b54faeb082bf40fa3611d4,61,2,0,63
46109ad8563ea2286ca7e4756410e7753b2fd9cb,50,19,5,69
1451428f7cca88758e8163276cb5f6a33c1f812d,1273,96,77,1369
67ad3e38f3d415d4ed7f7ae76ed5e27d9cb33a3f,28,2,1,30
7f58a165f1af9fb7ab45169f5e58b858fdc9c682,19,1,1,20
12217b17d181d995d53e49d48a19baa48f130577,27,1,0,28
951a725d03764a4ff570194592dea804e392e22a,3,1,0,4
89dd77886e7f9990e2b5ac2a78012c0d8dfc7cbd,610,14,0,624
6b250b1930235e0eff526c1c787a2680207ae150,2,1,0,3
a068eb8da8848ca5b5729fb568984621bfb60bf2,714,4,1,718
f52dc20159ae1d8adcd6e9f9966b7bb6b42d14cf,92,10,1,102
898827c1f01e11b510fde07bf80dfd7bd3d80882,85,1,0,86
d4b0dc608f886dd30ea17767e24e5f3179fffa0d,156,68,0,224
2c69152f49a22dbd6c9947a26965e3041a4f92d9,1793,99,0,1892
e70904b3d32af5df4c55f652187eda6b3719ab37,27,9,0,36
fa6acbef83700e0fbbbe23fa1ffac8d6b103b94a,196,2,0,198
24d51ad9e36de2ad84d45d8ed19af41441b16765,1,1,0,2
5af2413c4ea4593a081e4f5ad8ba6b2d3cf78e12,3931,49,15,3980
eb7d1421821784371bcc478832960da004a5126e,1,1,0,2
6474b61be2a106f0debd4bd274782d10bbb298e2,19,2,1,21
2ff3e756c6486bf34b605052df463488a5f9123e,1,1,0,2
d835af99ba4c0c5fdfeddb6d8ccd03f2c6616333,2311,27,0,2338
27217ead9a67bcded8978133a9d7abe40ebc1d1a,7,1,0,8
55be159283d77b382fa3325df5987410548640c9,25,3,0,28
844506f28204ef382b492c72645cf053190a115a,5,1,0,6
a8fbf80096f5fc6363fc7e5e182d29f2d57af080,185,1,1,186
7b2114638cabcdcbdb72534c14ae349dc9ef7a42,68,4,0,72
a09e751d8e9d3a5f8a8989dec11f96d517bc16b5,15,2,1,17
828ea38fcfd4a4edee2813ae9d357ee0f555afc8,1048,6,1,1054
e482e2e93687d8601f94f8134544ebe1e0a04108,408,7,1,415
8df6e80e48bca4aeec32f0fa2bfdacecf4730cd0,2,1,1,3
6eacf68adf2dfa3f6769ed29d79025d57e681d27,361,4,1,365
13287d2c186079aedc2dbaa7bef299845aff0b2a,20,2,1,22
a874f399e05835c359ded4ee2c7b822c7baa3231,1798,24,3,1822
19362b9dd99586e64ba4cadc6e29a41d40e41f72,2,1,1,3
bfb556c91c8722d42db1895a2a2e71fa7466baea,31,2,0,33
370c8610587a2a3045f699525f9a77ffbcce9f9f,14,1,0,15
22a7304a602105ed01ed37e19cba086f3296e4af,10406,113,0,10519
e766b3b77bf2d3a0a00e4f8bf8ef261a5f8122fb,624,50,11,674
c65eee251600ac487fb2d5f7f749a0180ccf788b,10,3,0,13
2b77fe102878f2c1e1e9831cfe1be3df75adfbd1,5,1,0,6
7d42ffd065c66d810a52a90f8c2dace55f3aceed,66,2,0,68
7e03a9cf1714747df01c4fa4afc00615feafa8c5,169,2,1,171
a438bcc1e4dec613f078ecea25bb177a3904a3a7,79,3,1,82
348c4d7def61f6296a7cf192ed00e38a8e5c3714,368,9,1,377
e0adfbd0768e839afe5b8988d4c5ad6ca93a4656,4,1,0,5
6d4756f3d6b6c16949aec2580a5b1698ea69a3eb,3,1,0,4
772bc33d48dd37be5cd098992df3e50db24326f3,110,3,0,113
99e6a54afb53fdd8b4311f9a5892698d2551c635,70,4,0,74
e5fd0622493a7e3c62811ea03ff7931c979dd87a,840,24,0,864
92e2ec59a5940a9e7c67ec5cd29044f811dee40a,8,3,0,11
12b6fdc79327241a71a2a7a3d0afed08e6bccaff,160,70,0,230
c25cd68256697e7284f6d441ca6998b81c811b4d,16,1,0,17
90d4339973870fbaa9c48eeae6896fefec95035d,877,21,0,898
7fb3a7251b19568f5b78d4c5e4256e22b36ae141,8,3,0,11
509c332b68eae90403639b779cd4f7e5f61ad6f5,10,4,0,14
0deafca6c89293a237a50722e3d37d826cfb343e,16,1,0,17
7025086a8a0ab757cb24486b27515f8f5331bfa0,2090,17,4,2107
e8ba712c8b5a102c95aa2e70d27b2fe32f9d620c,1508,42,1,1550
5af2d25f67f6b432f0af194298586ad71531588d,56,6,1,62
834d6432572c8c60477a965b5cf2aeac1b8db073,219,10,0,229
6212381ec38e1e7ad18a6ffb30656a8fe3c742fd,193,3,1,196
5b57a5151c5dbb68741f47709c64265f090ef354,394,3,1,397
cd336759970caaa6051e28b9204dfe46034c01de,763,17,1,780
8e84ca65b3264725eeff3bbddabc8eb798419f9d,882,10,0,892
ce710ae6731b78c15b1ea810c1d0072617153de4,669,1,0,670
faad66d1239a4f4151b0433f5a8862064eee4210,154,7,0,161
7590d4fa76b113dad9c4bec08655d5d0ec4201f7,16,2,0,18
f595f47e4871bb7f77f7395d6aab8a4e4a0f62bc,26,1,1,27
d47e382e6412ebd6f515dc80e111d0871822283e,292,6,0,298
886f76ed186fe81e4d8f72182629a098437f43bf,30,3,0,33
9f666c391ebf5b88496bd1bf2556b8a15b86ca04,261,7,0,268
b751c72e93266fd83355d80bc536a75828bb5e30,34,2,0,36
c3c0bf742dfe2f9f61c844625c1724ac4d133e12,530,8,0,538
2372ea5713883531720a450d88b2ba5609144433,12,5,0,17
10b1ed02e64561325110ad2ec14fcf9c4532748f,69,2,1,71
165ea0fde4df1c2cc0ba17f6f4a51e64ac61098c,678,13,1,691
d402f6d23b796f97c4cf32b0a2ff45150a4d2d66,262,12,2,274
cf768a74da3da2c00d158ba6aeb38751b6c3510c,307,7,1,314
2dd78920b940546942cbec33055d9ace996bef38,20,2,0,22
7e588554ad3510663ee27d9345d680a42c584ae0,2,1,0,3
92946b8d7b6efaabaa0f1074843a3a9682fa3367,59,6,0,65
f1d3e1031d2ad4f959723f08aafd40b89ae96a88,1,1,0,2
ec915ded83af86ad96d005c957b03b8807cd197e,835,8,1,843
5b3843a89d70c4f8e9b13227480bee1b4a90568b,79,2,1,81
64a762f531e87923d3b4ff10141b69ee78904b17,17,1,1,18
c7da8f6b7d9d9296e453df2ab296f9fce4e76dfb,327,6,2,333
1a50523f32e1a8e2be69fce48d982df856639dad,123,3,1,126
21ac567db07c3f2196dfb41cb7bf9bbb786801a2,118,6,0,124
e6a79a806b32026b653c19e77327fdc4c5e0f8c1,2,1,0,3
5f9ee5a080ef82abbf8f368cd9ae01bae205ec88,126,16,0,142
9b5665be7016f3a574702d0ac843e9e677214dc5,3,1,0,4
6f45554182d122a39511a6d145d5f99b4cc19c50,91,2,0,93
8c919a4f419517db7c43dffafc46ee7785302e37,3,3,0,6
167053bd1ecbb403de8b8c377c8c0ede66b22956,2188,40,0,2228
4c1cb80cca7c26b11f32febd23ec887f13b7606d,225,15,0,240
97d865e51ee51b9b0d300dcb8dd90b29fa2a3e4b,696,29,0,725
2e8716d89854a407314e5910cb6b37db0400d050,610,21,0,631
76df40b9535fbbaf8fd826dc35f15b585e81fa36,50,3,1,53
2a8d86617e2b9109f6a366dd4f6bdc20fbd25050,370,15,2,385
84d36bad4a05e0a25ea9a9d7be006b64161a59ea,19,4,0,23
ff5d35f0b4de19a5566e52e5b4162950ee4f5b23,79,4,1,83
a27c8ebcb81e6f8a1d1b57aef2b0203d9d855eff,9,4,0,13
ed0ec11e23c828d395c01949e98a1b574a44208a,138,2,1,140
9fd0be12685ecd844cdaeef07f68478cad96d5a4,37,1,0,38
ee55e06fcf58c98959afab774fd891f1d9fa49ad,2,1,0,3
02f1b8b5ad4ccf9936bb650c7228e401acee09cd,304,6,2,310
335dbd989fdfb667dbf6a09ad959743935da47a1,138,2,1,140
7446fbc4356f6a6d098d39d091f9c300b404646b,2,1,0,3
591e0bd3c09fd7fe937920fbf5ec1c5bd36a386f,9,1,0,10
a6d2f52409e1b9cf497d76cd799ad73f17579092,396,7,1,403
98dbfe990887c2ce032015781cc99d4ae8198cbe,113,3,1,116
c8a58d3c73d9ea2afe85cb030f5d7bb1d1ad0188,200,16,5,216
a587795d455df1a9c3b1d8d0ef2a23f965dd2127,112,5,0,117
c7f28551f9489d7327792ec97f032ac932016af9,40,2,1,42
fe84b04561f6131ddc0593fb811cd1bfba21316d,632,10,0,642
75f1de31248638b2357de365df99ecf0e76c8be1,6,1,0,7
f8cad74ca71768243aadda69bb6cb54067e06656,2,1,0,3
8257ed4439e577c2100fbd95bf11bc969136641e,578,7,3,585
84aa9565f6ada9f991f0184815f4ba2f04c2fdfe,97,3,1,100
33d530c5623dd0c4cb3a977d9aaea02744deefce,13,1,0,14
8e2cebda6bde0548af3fd85a91ab32e6040e0918,243,2,0,245
4ec9ae4e1b3526965a4ad52754841dd8908e76ae,68,6,0,74
10ad502285ca410e8a6cfb4414e34b0494f208a7,6,2,1,8
2df45990583690fbdf5bc79ee99d9193439185d7,6,1,0,7
689d9bfd69de4afb544f76a97967ce0f4726a0dd,621,16,4,637
fbd84791e1b90e636d974fd194bd63c47f24e355,151,2,1,153
20d018cedf2757bf21bec8f387daee73b0a43ffb,1297,8,2,1305
5db4c8c13c54f63ee396f13deedabacea1bc6ad7,27,2,1,29
5ecb51e3c32941d3dfe85f323003f48cc737c519,22,3,1,25
6e56ea05f2ce56bb610ad51f2fc7ae9b0aa9b66d,11,1,0,12
7468deb442752c1e04af4921826e5bb42cd9fd87,15,4,0,19
d0aa9ec73f747554be8d588fa9db66fead26da5e,47,2,1,49
e1ba9d96a1e15bb7f09ba405e050c63aa54dbdbc,12,4,0,16
2caee34ee9e93406a8b54f2d282e1e42eb892474,118,7,3,125
e587af9fb6a0cbecce9d0d89f28aa227388c3502,7,1,0,8
d8ba648ea30ff93684c92ff7c78173d5ea3037b0,10,5,0,15
105dacd6a9018cd82a8e4837dbff8de112b60069,61,8,0,69
5d2ed18d43c2f9c03dc894ea5ba247d7900907c4,288,2,1,290
e0fea744d68ff004c2b258b8a7263311bced2531,127,2,1,129
2420226cbde79a8b7649e02122baadbbe4acbf06,55,2,1,57
dab6c828686bbbbc80d30c345fce222bbe1db3cd,2,1,0,3
31e8dc07f86f5c68f82f868c6dded3919b5a516c,7,2,1,9
f36f65911bcb33953d34f88bf8add9895cedee63,218,7,0,225
9925a6372cb46bee9a4e40bdf0eac914b54b2717,535,14,0,549
5bdd73d8db5e57ed68c9848c7736617fe7018ec5,8,4,0,12
c25abaf019fd65afc4b2ec19d0d98aca4310446d,60,5,0,65
1e7fc7127a1682014c1e98119d9ccbce0602c4b9,10,2,0,12
8886615ae738c3c606562ac6080a72ee42b446f8,55,7,0,62
a3fb6df71767a869c6fa168b2664e6834f068568,7,1,0,8
12a1fd65d97ec5c584bad12c9960d58870aa974d,6,1,0,7
c061d20a8135ff80d8c99cb5403a5f295b1c2a63,45,2,1,47
90b5a0073eeb418517fda20a43d1a9cee588fd37,27,2,0,29
1afbbea2eaafbb3e789a4fcd86b8bc132587fc99,141,6,2,147
fc0e59a9cf6eb77ef7f516591d9cdab5d413332f,16,1,0,17
8a1f03b1c63d8b445302dc1ed46b033086fcb9be,337,5,2,342
dcd25a0569c8d004ccd7247f9a308fd91d3ef43e,13,2,1,15
532baa04961174c978b5b7e14f70bd4d6b96874a,78,3,1,81
0e8b54e948ae1c40826d307deb189275c454ef6f,2,1,0,3
c9053394548d1e4ced9230ef875b49c7bf920812,2,1,0,3
375b624c48bb0e422f9c33dc8b3428ce1f68f400,4,1,0,5
11796c96b7a8d257bd0376b646c413792093efb4,377,5,1,382
691a212129fbf50a091d2b5c05e070d88929eaf8,330,7,1,337
b4455c4c63b209d8e778d9e88984adf8786cd570,142,4,1,146
069c028cbf0135e56b29df84ee77ad4b2cf19a82,20,2,0,22
c7477c12ffc7aadc0a89c11da36104cdacdd92fb,17,2,0,19
b509532d18fe1c50fc499e9fd36870ccf74bb07e,52,9,0,61
bf3fc5eb09cfb7db53f83f10b6dbbfdbe1dbe1f6,58,2,0,60
c06cebd7ee51f4a912671d334c10dd8cd61d6826,75,5,0,80
4bdf635cedd6da93d2ea0b3a629749838f3b41ba,397,6,2,403
9d385e457d9bed289fca2730c9d2be6c3996c76a,526,10,3,536
a03e9c53b56c5f55215689593d6d0b6b36ea7c8a,38,6,0,44
e08fc6bb80095f43bc0519180b43e7b569b57dec,10,5,0,15
f7f6a21c47120177e9e61d37bc8cc7fb2a2ca7ae,9,2,0,11
1d5eae8ee896e6eb7cc7b78beb9fd0fdf56dde39,127,5,2,132
86a8ed1bf08af2123a44c33d3f7f8ab4b05147e3,15,2,0,17
a7d0efc10028409bac8f4d997c9a97e4095a1b71,61,2,0,63
b83a8bcf0d056151e822e7698014dd19fc0f0bfc,8,4,0,12
7439e6968d5ad9241ca242b04248080ea7e8c996,212,2,1,214
26182eb355c4555773462534050af56240ea77aa,328,3,1,331
1c75488e7888cd019995fcae758621fa8691fa9c,4,1,0,5
7953de69200ba1e9c2189bdd1b9a387831c79376,428,9,1,437
29614f38602629eb55049074d5a2dee296bb7d9d,2,1,0,3
8f47214ae6da788c67d3432cf3321e6de8dd76db,4,2,1,6
d990bcb5911d4037c9ce9835adc65626218092d9,19,7,0,26
925c879ae4bf2885dfa3844c21e42e38e9b75083,16,1,0,17
a1640b99e667687f370c4760e37959d99cc6a578,52,3,1,55
82e981be87093accf4dfd19fec53df5ee57e9429,56,2,0,58
be42781207475ed5c7e9d5015c026d3896307a75,12,1,0,13
9a1a5840173824a8a1e9cea52c398793d7e609a9,9,4,0,13
06df07ec93bd377fa50ef483dfadbf33eb1d8d39,18,3,0,21
8ba9d923501e8a5f016133030dd328cf2d33855a,87,3,1,90
cfb0ce18c9948eef01f7f9b1a0d20f2e80fb227f,185,6,3,191
8ea911cc1c7dcd82c397a3d08f4183d0d1e9d7e8,16,7,1,23
437a9a88323d0973ebdd135115ba23f8a20a6d81,6,2,0,8
189b55414cb5b5c0cb9c9d8718c74eac5cf06f14,46,3,1,49
27c1c0f8d10e3a763fc7b676d5f9c4ed087fc870,150,5,1,155
5f3450f743f70c214ef8aadb2c82d92bba69c1ca,4,1,0,5
cc61bc9207c6b52f35bfafe5d31f9a74ad962ee5,29515,7,0,29522
403624ad4a60fae3481030d1a6c679db989dd2eb,41,1,0,42
adee2135698c74877446abfd83da8c848e4ff35e,17,1,0,18
43ab7bdf01a1e8b0ec4f3cb47539e049d7f02b94,73,2,0,75
67ffeb432e42caf957bd9c4dc6dd8f3c9230a7e9,2,1,0,3
f6c8583369d1970ef7882149f7fc931c3603a466,2,1,0,3
25227ae6fa9fb9b45c0e0c21476f68961f82878b,9,1,0,10
b31c15af017c3d0716a89513f4c772025c443ea4,2,1,0,3
335e873378490c4af96d25324f863ed1a3466f6c,153,9,1,162
a1e1b207b8eff5d38234df7931cb919082ec1f4a,8,2,0,10
1b053c5e11b6fca3e88c0ccfb4911e4c8bba5bed,174,3,1,177
08cf0cbcaf5b7ede13515dd3d975ed62ade2dc7c,148,7,0,155
2a6d72c34c90faf861b714c4ad3260571fb328a8,174,4,1,178
040e9442c2ac63d689dfad3b9c6ee9a36a1e39be,7,2,0,9
da237588d13ea9bd2d6e5e81f9ec7aa7824f770e,136,2,0,138
eca804d571553a4c045c03df3e2aba223fe5aedd,553,6,2,559
e739efea44e26fc187cf5074b16d2a4bf28a5967,322,2,0,324
d1c1ca5f74c027c5d4d32aecf162e0d1154b61ae,204,4,1,208
a5fcb4be1d368ab2ea2d84c8770d0e318b376936,1,1,0,2
928bfab30d244881efb632ad9d0543960cb72783,30,1,0,31
611569d120f6d5c43d04faeab111daf54a4ff892,111,3,1,114
af682ac82cd46e8c28a2c38d4aed7bb5af2fb60d,2,1,0,3
055ec2a7cacc3c961b377d047bd8230022b31a8a,8,4,0,12
0e34aa16c86b619a1400ca589408f94f0728497d,2,1,0,3
7f8f9791255d7dd2425a6feb0aa466bd15019d61,54,1,0,55
138a99bed99ba1920dc09dc92886d258a5cd0091,112,4,1,116
db50800726efc6005f1eaea5547d3a9e8bdf514c,31,2,1,33
6f308e524df7a49a2f2f7c28459ba1a70bc451db,3,1,0,4
cc2821d706cf0a9229eb73d7f53fed2ad379374c,198,5,0,203
f422f016b15b20b53f5e1b7f748922780149cf1a,39,4,1,43
93fd7c712e1aeb9be0df63ecd78fdf5523fdf5ba,3,1,0,4
a8076927814f3f921d167428ef73260ce00100ba,69,19,0,88
2aa46453d49f19e25f989a421a3df6a3eb61a155,59,2,0,61
f8219575bb6a8adad5f16083592413c461e1e134,134,2,0,136
89bf09f9706f49de5f076ecb9f586efeb6139ca1,21,1,0,22
c94d9b1e68570760c7990f15e9d7e3670ed233c1,766,11,4,777
6e7266ad3649e1804ee869afed04f79a71e48b7d,29,6,2,35
d6c681669425242c7ff2e0760de3ae9c065f7dde,8,2,1,10
e4033958a007e0d659936c2b806986bf6801ce49,67,3,0,70
c7a0a99316b4a79bf3939bab627b793e15628a41,21,2,1,23
898e0a2d9c63947333635b811157d49a45b357ec,0,2,0,2
11539a2e3618eed2ba0f87ed5222eaa0dce591dc,64,7,2,71
f8909f52a3b17773f139b4bca0a4bb4380241d5e,33,2,0,35
96728794b9303e12568c83c62b1c0e599549e493,262,3,0,265
b2ec86f71046867d7798635853a9c7076f6e3a20,132,5,3,137
35b65a26727245b75420551851f78d574a6d2c0b,76,2,1,78
2717b15749ad01f0c3a1120c66825ffffd9d3832,85,2,1,87
e844eff90b5993da01ab6027a93265d3f1f0077f,137,5,2,142
b152de65c5e81b055198ce52c959157c0604aa82,56,2,0,58
a3414a962be5c01d9aee5294cfb492564b7c1dbf,12,3,1,15
c555bafbd151e4410f525839e79f5a2044574bd4,87,2,1,89
4729799d6cc7fedef378e6f7fe3ac8409754f342,32,2,1,34
bc6683f4e67f1c1904a82b4d488293124f565e26,109,3,1,112
1eae4179b3777c6b55f68b28a90a80d3cb50b107,160,70,0,230
94979115817fbde49b0bd77fe42e1e087033b57a,180,1,0,181
954f8665861c11ff300081e3ddc6a1e7094242de,11,1,0,12
2139d7b57ccec743c3d14ded0827aab958570173,3,1,0,4
b90305043c1a89b69f03e3026bcefcae0a3ee83a,13,4,0,17
f92733c28b5188c26023c6d95b0220915dd30748,71,1,1,72
ed24bcdb704f7be0b34424f87ceb5fdceca952dc,24,2,2,26
9482351e75a34dc692ad7fbfb09e8711a6f8dc70,145,4,0,149
c3851dd8686003400fec75132526e08c18455510,5,1,0,6
529854861c9882f6124ab1a84909f5aa1a813676,16,1,0,17
4fdefcbbea9bbbe838fef9a718895729be6c21c9,9,1,0,10
95ac193ed536bb0db0fc09c17d93c66b765b668b,25,2,1,27
72dbf4886aaac1e4b2c91d8d485a876c90911164,125,4,2,129
b61e8d529c60a5b0c62b2535b65a09e1a9cf036a,8,2,0,10
2134f080ae6aa73a0fd47e184d5476b68e52bd99,26,3,1,29
45c0de9dee9fcfca15b30ac11725f96b3669e2ab,9,1,1,10
2784b52fb1f7a00dac566a3e30fe111e278c9592,30,4,0,34
7a7450b90c1cc244a4bc96fcc9845c6de8464d63,79,6,0,85
7349a72993f54028b1d314578a1c0b77327c635b,3,2,0,5
aa587bb8287b22839b6d12a8cbab032c5b77dfaf,11,2,0,13
e9612fcc9c9d278bef06bc1ad9a59bf87799d535,7,1,0,8
d303eee27b7eeef3affbab99713b17d7c6916832,2,1,0,3
cbf35dfb023bf5ec66a0663ba695cf9ee37a5aa7,594,13,0,607
86d3a52e7709282b0ddd70213fd6e55a4fc616a1,14,2,1,16
4987c3645247898ac0e0e6e8ee6cfe11324a2669,2,1,0,3
7b196983748d945a7d078ef6da9184bbf7343ea9,2,1,0,3
1d399f26a06dc10e8038634dcf5442cb7e0b69c7,11,1,0,12
e51dc99ac30a183c66f113a400fc514b4be6ba9e,16,1,0,17
4220e8bb2ebde6abe8c2b5ddec72de21097dec34,200,2,1,202
4016804624b610cbc7e45b1758ff2c26941dc54c,11,1,0,12
c60417751b9602050c3dd95b1659558900add5ba,8,2,0,10
4ba05e197764349071f0049ff46caeec78833c54,252,10,2,262
bc0cca6e57740ed514acd606711d787735964ada,299,2,0,301
18bd3b8e279bd4a7c93a1808feee34e5f9a13900,9,1,0,10
13a55e94e4b3886a7ba065d77ea05b0fbe23f3bd,137,9,2,146
cb9911a25a2dae1abfd6c1e5a8ef0ee865afa4d9,2,1,0,3
0f8b05eb22bbb58b1872fa6a64ecda750b6b6fac,15,15,0,30
16e1b6243ba64a73a9251c73775fdabd54b1f5d1,2,1,0,3
5bf7bc5d01d57481a53c04f6db05e26f42a0e9ca,723,33,3,756
159bb800c4572818026d60c830bffbf0f9c0e71d,1604,98,40,1702
28a77b7273d2b4515ee2f8898d70e6a380c57144,146,7,2,153
baa43294f5190064310b40546d643b9f022c7cb4,1244,22,3,1266
93a096a4726d048e7485d85170707457ee54b026,115,28,13,143
8dc4495a77d9c56145265a52561a1504c3a5d9a9,378,45,29,423
a66a78cb6ff308b821fbfcdfd94eff14b6cc23eb,26,1,0,27
9e412e536b021b1ae0b75c8b8a7ef871f3faf680,44,5,5,49
058d7463df9bbc5b6520e16f6e856c5580ca7a5c,88,6,6,94
6a92c4ba61333c5357694713d52c1db15e537870,133,1,1,134
6070f78118af6a2fd1ee69ff510d693175a45cc8,612,34,0,646
c705f62da522401220674ea6613f97f57321ffdc,1287,53,0,1340
3bbd0181833ca3d8407fc6f04c80202afda55929,2201,1094,273,3295
afe591b1d89db7f745135cef57d1b73245306ac3,1003,37,7,1040
a4c263f06235955e789b487ca13053bc8a196aa1,2,1,0,3
4df0672d1abb1cebcbc288b4fa1b1c7594a576a4,33,1,0,34
b95b2510ff814dfc6918c90ee261524178ddd8ff,4,1,0,5
51659e41397ebed5115e4afd7bfb16766be3b4d9,13,3,0,16
eb2eabce70d39ac5786158d208654bedb70af859,3,1,1,4
c0f52c201b28dd1336f0ece4764cc248e5fb0c9e,15,2,0,17
c4f946382a96478d4fc1a232b75d5bda6a3e4ed3,10,1,0,11
c8635c55ac7d59e1bc780c75d634ece59d75c793,6,2,0,8
0df17cf27d6af447612b42c267d3f6519c375920,2,1,0,3
ec5135b6e4a7bd3fb2356579e638ca87f9d6fee7,17,1,0,18
e29c1c1b02289a62eec6deafb6960cdbffc1a9b9,22,5,0,27
aceb26a9fd31fcec2458401343bb127a81c4d33f,5,1,0,6
a32edadd0575acbceb0dd0f5fe89192ba1bbfdc3,30,3,0,33
a5376e6c82832eca331ab04433b5ee2cd42457a9,10,6,0,16
9229dd36c624917cf2149eead13f49079958895d,72,1,1,73
bb280aa8476b079cd8c44cd3b84fecd7eeb41433,10,1,0,11
61ae35976a736b3acc0c279c25c51086d880c2a2,13,1,0,14
5cc08477c645f19afe85ab4c97adde3d6b645282,45,3,0,48
6f8245a21ad6ff4266ce5698c2313d8ea1976c11,1523,53,0,1576
e9016eb809e7cbf5810d89aeb6c71c044f3316d9,1523,53,0,1576
ced350642dd0afe0c550c87af7486eceb58b34c8,75,5,0,80
a7d55cb5a7223740a5172ec61f4b867bf8f800d7,1707,54,0,1761
645f4efa3a13aa3d25ec0d0c9a9070380bb9a08c,376,10,5,386
bf956d73cdf7a94729ada417b1e069079e9b402b,29,4,0,33
e19f5f389bf7e257be32ebeae2775fdda4954b34,13,1,0,14
171a0504edc8a51375bb396342627aa52dbffa50,23,1,0,24
235f968569084bedb2bf16f9a077fdfb528f77d8,5,1,0,6
f6acd1d1f0cbb614d2decd7414a146491848b4b4,23,1,0,24
2b1386557d278396fa19c3d0e20c16a2a4941e2b,281,7,0,288
93f49e4e1b61f750c8d935f63876f167d5c35b55,23,1,0,24
dda85a453804cc017f112e95d557686aea93ffe3,2,1,0,3
c00e64610220cee3b305661b8a62872e48c14242,2,1,0,3
21f56abcebfd30f1bc39dd70a5318cd92c691d36,2,1,0,3
ddb44d95343af6058cc72f545079467b1ef70e8c,2,1,0,3
8da57544c376d01d7ba6d9aafac0324e9ed6078e,2,1,0,3
0551ac46c2e82bf955ce7e5481be3c39b59caf79,2,1,0,3
ce9d03a3dd9f07e19a08d6c1757bd2ccbac8c07a,4,1,0,5
ad0f75dcf25476c3f50572f3a4d21c78afbf968c,2,1,0,3
8cb1fe38e537559ff824d63745abccb70b6dbd3d,2,1,0,3
5bd8f5dd999c2c78ba58ed90a1c344a3471ea67d,2,1,0,3
9d929d9c5663586ee10ebb4a29bfcd7415510b8e,2,1,0,3
dd816b068f87f137dbe1819b4242701ef9ce6ef9,2,1,0,3
ba22ef8d9ad9fb703dc82584a9310d1b8908f243,2,1,0,3
0b14270dc8f84e0f3e9b5cfe08c017cd28a1a1dd,2,1,0,3
683be6188fe2c9e36cfa282cea3851221b7c4ff2,9,2,1,11
fedfc8af76b854e55f31f5ca29c73ec85f5383cf,14,2,0,16
1fb503e9c780c0bab214875316244cee1297d1b8,2,1,0,3
bb2066662948a960c9706483bd7171a50c72ca07,124,7,0,131
c315e0c6d96614466ce22aacf7ed3e79ae1005a7,7,1,0,8
f827495a18cbd9657206320e97ac6e4e2b6685f8,7,1,0,8
45eee785582bd003857698b49ab8b9576f9b0f82,12,1,0,13
427242bc9f49a7445af69a0f621e8fbae3ece372,2,1,0,3
a60062273d0f2e480eda282f283cf1845650965a,2,1,0,3
3999c9234dca285900617926b9a32ef989d9852f,308,17,9,325
5d9b75e6b1b57c35e2f8a0e4ad7169069c38e2df,83,4,1,87
4889be64eeb0bbf42c82b1a984427c2e1340cfdc,161,19,15,180
ff41f56567ced9e1768cc9b31cc0422f43191250,22,5,5,27
97f6525a405117e02938251c9f66e03c7de48571,11,1,0,12
e95841c49fa9861064f91647004ac8770fe7f10a,2,1,0,3
a3614db44251e644ac03c905f338faeadef8a17f,4,1,0,5
bcb2e1f0196548d9cc54ca94e8fe79198ef61906,107,1,0,108
d6e93fef94be266bc4eec958ecd29595ea07817f,43,1,0,44
19166412f24ee76abf11140fff952f0beab7f592,14,2,0,16
79493c2d8219c48c7a64c032d0b3e246a08f4426,215,4,1,219
c299db6a43ca6ad9a8e8886827ef49bc029eeb9e,5,1,0,6
9846cd05fee5327bfcb70363fdfb9ec2ec328b7f,2,1,0,3
e2d179d726a36bed69ac2f24929664d746ce380c,16,3,0,19
4f606a13067b7d7173604f9207369d7604ac1d96,4,1,0,5
4548f18300a5c2b9bffd6a76e77238732c5fcb8b,4,1,0,5
3df51f870d970c9da3ff0258f0204e968ab04baf,12,1,0,13
76770fbea66c12f31674c13755374d65fe058b76,20,3,0,23
84d794f843a8f73fa089f36af0e01cf421685cf9,516,113,28,629
87d7291bd3bdfe498d6f692430b3d02fe47c21ab,25,1,0,26
ff03a00902ff73cf7a707e4331130bbb759e5760,899,68,0,967
2bd2601206a26b586be11f720beeaf626af8d6b4,157,5,0,162
3f360a77bd227122dc5fbad0597c2b6e06a22aad,88,6,0,94
a46a232b7e2281a8625c8413df9c416dbc1923d4,34,14,5,48
b8ddf1e32161fe9091ce539541dbd5ba210108ae,88,18,5,106
78c3bad46748ff1396acdc2b113089282edc597d,86,1,0,87
121da5440e4ca318bd7f8378c338219673b4f8b7,64,12,8,76
4961cd139348292635e0de2380005d3d59d7f930,1141,72,29,1213
e08d5453084adcc65c81eb0ab2f5ba28ce013676,54,22,6,76
381eef37a43054279b89344ab55086e5c5adb47f,985,72,0,1057
c65e7507388cde75cdccdebdb80e20b583b28b42,4,2,0,6
abc7ddc2db935f1914f64e2a4bf378bfaca23e8f,2,1,0,3
410d29e41f244e4b69b692f4479b8804048760d2,2,1,0,3
1526f58b2539a8ae1958f9c488a63219c8b834bb,3,1,0,4
cb6bbb5821fbbfaf344fbb7364749cd4c1888e2c,10,1,0,11
33fc9e93b11b68c98961b76bc8c498992cf7128f,88,3,0,91
d3cea960813b2308466f1772392d0038349f85b8,91,7,2,98
80dc25512fabf87ed0a9fad0ff78332a2bdf634b,20,1,0,21
8b128c2f1090507d863f0ffc1923ad30b2264cae,104,3,0,107
59311f757e51297cb1baf6986dba0307911b292e,7,1,0,8
124b3368e3f3fd4799cdfcbe44c732973ea6b8db,26,5,0,31
91d8cdcc313280953448c77bbfce7c97179955c3,73,2,0,75
3098fadba67a93f8374593ccb76887fe475d0e6b,16,1,0,17
2868f4a160e9b4285cebbbd3e3aa0f41dd9ddafd,82,2,2,84
488e4445cf7e37c0c645b65c77c3a95c06500cfe,1735,147,42,1882
15b471ee941c0cf1c84fc8dc5cb30566ec163dad,354,23,22,377
e5a3ab604f912a6a4841f67a36b28a154c9e28de,310,26,2,336
03b1354a17332a8ccdb276e837f8d3e9ddcd034b,9,1,0,10
ed75fcb0c823bb3939c86c04df05ab1022fb4996,139,1,0,140
71e33f02fe717823f2c250028b3f19fb29249b43,119,2,1,121
38e6eb8850d471c25c94dfddda17aa97c5956898,22,2,1,24
44e2bfc8a385959e944cb946b25b183083501a14,8,1,0,9
2135bc22c0b5beb383450d6a574bcc21078e4b19,542,10,4,552
013d535d0aa12165ae4cf3552e760cfb41235b85,149,2,0,151
e27c6ea93189ca7a4cad04c06a8500a2b0b226f3,142,70,0,212
7968d476ea5095cc9daf2b559f24a8d4d535c60d,117,14,7,131
d3046fee5084968978d1802f2f9753a037dca9ff,35,1,0,36
0f6041f626711bdc6e475a1fc0331c76e33fded3,2,1,0,3
a5d63dc4425857cdb8093ac3f7a81cc55026a30f,2,1,0,3
91c6987ef27d0f52148d020b91d440cc9123ed24,2,1,0,3
bf9457383a698a54858ee9d96b688328c663f4fa,2,1,0,3
bc3b04f53fd93624388b25189a22b6509dc0d94d,4,1,0,5
013895d79db022ad9b3feed9761b9f7e4147e536,2,1,0,3
4505960e39ee04e7aea6f6419b52a6d1fe77cd21,2,1,0,3
1ab84469fdec6ce46f799b92b273fc043df8cfd9,2,1,0,3
5b39ef9250b5e066d89a704b4f7e17c4f212090a,117,14,7,131
2b2eff282fe27d149c5b26c91d0b9e14b7ac58ea,20,1,0,21
7917315f5265f4b48ef77a576de5772acabaf61b,10,1,0,11
e36ef254c195ff78cec1754603ce626b3e10dbb7,15,2,0,17
a6bdd0848b3dfb1c045ce0e8b64018c5fd3735dd,2,1,0,3
fe8b843a62d39294c3c56ccd696c3b19f7b9369f,2,1,0,3
10ba0871137442c6d1b7087ce77af24f123655ad,2,1,0,3
20a9b332eb6552c37844ab10bdb5d786cb5d5ebd,2,1,0,3
cf53d7749f28878f9b0985107bf0f8c2f85c0ef5,2,1,0,3
d5d95e329b2c2f81f87da793fee99c7a4febcd24,186,15,7,201
fe39d47f63077ceb2cf67108528da9d3adaa678f,13,3,0,16
fc04f413971e81a6f07ae02dca647035c2cc45a3,2,1,0,3
53e84a25a7d34dc41fcceef3c09a29484ade4e07,6,1,0,7
c5061b843d29bfab5704a2b17915f657d2361292,358,7,1,365
fbd39232ad3a1fe3ec58fafbc37d97293a35a98b,16,1,1,17
f32d86085ebd7ce918be9faddc6f612e3ed1b9f0,4,1,0,5
986172bb5790e504839355d280482c0bbf967271,5,2,1,7
1c887df8e303b9267a879e58b86c4908a0b26225,58,2,1,60
b34c0eb811ef7cbad565fecc644049d1cf42e898,190,6,0,196
7c22f02ad8fe1df99b184d906077e6028b7f65a1,163,5,2,168
0f89a951ef924e4d19d6b77cd5cada7adabd71eb,64,1,0,65
c4b35aaff1b5ba9e354230e3149e401017022ae3,367,144,11,511
8a173d139c19ab155022c175e24bd00d26cdbe2d,2,1,0,3
cb91c6e38a8b350318ff216309f67b46722e6794,2,1,0,3
fc592f05fbc5f3c8d901fbe8d01250c7e1b9cc4d,106,2,1,108
b5e73f184f88cc7ffbf3d874e5691689803f672c,20,2,0,22
5181adb5ff727dae4c68585b04f2dc50b2acffbc,157,12,0,169
11a7fe7b07def7c623dec3c5a320b9e84485cd30,10,1,0,11
5881ed8f6ea08612ea8fc871b5d12b1628d186c8,2,1,0,3
d7d728c748a6b7878685277add60863df34693b0,3,1,0,4
f51d09e05fc314528573dfe88c2e0cbd96b55ab3,42,1,0,43
82b2f45dfc4e6b6e59d8f4b905c01d18dcbfbc0d,479,5,5,484
ef7afca67048e3a7df6b43fad89c9e9b480bba20,2,1,0,3
7046c22734546adb272084aeb3d6178cb6055830,23,2,0,25
1c72a57e27d29fcd37607935fa34247cf0727bc6,23,2,0,25
5f6df55d4f8ecf9dd48019aacb581fc8b0bf15e1,870,1,0,871
85ccaae92945b1cb2b50e02f00eab8e7b0f457a6,68,2,1,70
12eac267e14d1d4fe6e160858b159533332eae7a,22,1,0,23
1f7e67efe7a9b7d72303b5a837a10c2232aaff8d,33,12,0,45
86babd32d62b2cbea0c866b3c037c9b288f2e1bb,180,10,0,190
8e51af3175a04bb6721e608c156577bca561548a,295,39,19,334
a60b032963a8aa664981d1f0a502523a8d33376b,217,16,16,233
0edcb97954e89c8a82e73e5101ebf8b448692ec5,73,3,0,76
aea405d65620e9e37779ee0799f7e1b9824e6ba8,1,1,0,2
f99093c80046edc18b482309d8b447ea9e88257b,2,1,0,3
a1d7b372f077fe4352c243aa2b348b6e2cf377b5,2,1,0,3
4865be98245cf217cd5ec0bdfa808cf1bccec14f,2,1,0,3
e5938e86f70f4eedbe3056379505557158f8a4ef,2,1,0,3
c7badbdb2025d687e229929744480568d34f4af1,2,1,0,3
18173b086393e6a9894b8f9328c691bdf9d7015c,2,1,0,3
ff10c74facbcbd81cebf7498b585a9fef05133d0,24,1,0,25
0cf6248caa7b7270ebf0a0f905786b24c1209444,33,2,0,35
57a2814b86864f6b6b6e75995085c4cd7ae4ee05,5,1,0,6
129774dbf0e3cb4cc85279628f8c26af388c8734,1,1,0,2
191b91409ee388637bcc9f67572a92c64b573148,224,6,0,230
d49cb66256039a5dec2fb2c7bd968c7249294ef3,8,2,1,10
660b5bca04504b3d801ae2bd74f3fce812003b19,1,1,0,2
3760da52f4164efcf0db9dc4794c46cc80fdf65c,128,4,1,132
2190ce463f099230ad6388a526705c69469d05c2,37,1,1,38
2fd54459357188e16cca1b6d64e9064e04f20cb2,66,2,0,68
ca5a0885346e9eba2480554d1721db50790b69bf,4,1,0,5
8773ba8deb867f6f1d52d1ffc48138c7846382ee,68,4,0,72
da478a55717b2bb94afee872ed14fa8abbc4f517,728,9,1,737
2e5c0866ed3609533a9a24f7d5f695cd6abe9323,154,4,0,158
4df88bb80d2785febc5f11de154355a30c2a66e3,83,2,1,85
2e7749c0e3557ce12bd56eea10cc8776dd98391b,43,1,0,44
5118098662d42abf6c6b24ba9174806c8fd9a8a5,2,1,0,3
d2e7a107b7c491a8e119b46c8812e1dbaee68808,2,1,0,3
c36287807c1ff2ecf604d7b34c26f3456f578fdf,2,1,0,3
1210bfbc9783da5901fdc71b96df426ec5056723,2,1,0,3
f6d7168c5bc3f4778fdb857b5b4bf23357aa841e,4,1,1,5
9c7a806d1adb54e0fa555fa9145b62f8bfab0fa1,52,4,1,56
00dcbeab4ae54ea0b3cbe24fcceb5d750cacfc8a,50,1,1,51
8e004963be83881547903da9de75a5eee72838ca,39,4,1,43
6736393ddb51b5eed583b437af683cdd17df5be9,25435,275,56,25710
f54e9d2d47ee5927ab102986a1d240049828ecc9,1803,227,78,2030
6a35473a9ccf411e32a8681b9005a032d6473afa,933,134,20,1067
671a6659e9822f8f96dccf3fc60c8ad44d2b6435,1,1,0,2
c478a0629e6017a68f1c831b0f838b4c1b8cea40,34,5,5,39
be7f4f37ea0d716a6767ce41ef9f31fdf9912ff7,766,84,17,850
f7eb4538bcd49905944fbd665cf689b1beda85d9,175,16,2,191
c2cbb345b0af2cba3ab63a726aef6df0573fe71a,144,16,2,160
fcb97c75d5264c4b8d75d82b18be00e2ea15688f,252,19,1,271
e7262162a6d4e3efdd1a666cc33b7e575aa746af,109,14,0,123
8b1329b221b3e5862b80cacfce939e80d09a175d,260,17,5,277
ea040febbc3d7f162ac4a54bc71646eb1ce79d6b,23,8,4,31
aa4ef4758a097630fa323bfca14fea12f2b296b8,2,1,0,3
59954fb32b4a7bc5ec439751495a7491f158a492,153,4,0,157
89caa5feeed706abc8d7ce1407830ae00d97d405,2581,117,101,2698
ecbbbd00a2240b8e25677ec5548916ea189cd87f,27,2,0,29
c00066050bfaa7409f64eb112e8e52f82d66c253,229,15,6,244
3fde508f218451e66d443dcc07aeebdc0a0c0637,2,1,0,3
fc1f085f30d9bdb9ba75d640c487e8bb1a8c0607,112,2,1,114
4d08dcac1c1b256281855c91fec1a5e9219e1e30,60,10,3,70
c8cfa3309a8e3bdeb0ce431ee5ff6c4f6b1cd7c0,23,1,0,24
7cda49a71c05a65a3b28f2ee4532fb83d8ea9a14,16,4,0,20
dbe099260a7a3b8f768f33c28a41f045a92965ce,2,1,0,3
ef6bb24a173312cf8b46e343240d36149a13bbdf,2,1,0,3
dc90162c3cc893bc3e64c2f66f5870b336b5eaa0,2,1,0,3
c659fdb70d8927c613964dcef6a9e5765dd0b126,8,1,0,9
59c45d3a3e040a5640c203bec5a64f466d83cf7b,26,1,0,27
632a6b64f8794c602f0c3f86bd3cdd990a5fbe58,62,1,0,63
e1bbb2c170f5996f49d8536b8d2195f1fffe80e9,2,1,0,3
f957897a56ca45285f9cd838bc5fddf88b0b2ea1,16,3,0,19
80a3e976f1e40692e9c3a89cd7abbcd5c09da9c2,2,1,0,3
9e8afcafdc924ea814678177ea02356b58422bd2,2,1,0,3
225524175459a403410a3c7d8588ae80f75098ea,82,8,8,90
dd0c41e6be501a86af4a857e54a305eace1b3f11,212,37,37,249
3fb0b88e6232e423d746befde3407ba13db4e400,53,7,0,60
3f65b6bc81d4d088137a7d267a5d1d9132898132,266,33,22,299
89fcabec45c2a80fa2f352a638a8b0110a2eaf92,11,1,0,12
1d107f253afaec4a11c740cf30f7c8893990ea20,10813,131,0,10944
ecbebb882e4b1b497788eddb0df58df440a33115,306,3,1,309
0628059787ede30551f7a067421f71cd72dfb252,2,1,0,3
4e04a520801d0a586af8446e7204397349b15a66,19,2,0,21
9a2404e75eb5fa8b2a779bbb2ae91d8e4a48d0e8,9256,90,0,9346
19236096adeaa785518f0348022e203b5758d62e,11,2,0,13
e601924406446f44c74ee53cca108cf657a70a7f,297,3,0,300
eb831f2b1e4174239c804da1c8cdb19caa47c092,539,13,2,552
ac3c0e0592f2e88a8c7559999340224ca6f8c448,2,1,0,3
f0e9be6c4c5f090205325560b1cbc08082daddde,2,1,0,3
6beea15ba0d6ce88c89fb57087b408230f3a635b,2,1,0,3
ef316c6e6734764c6c546b87d3283a79db9587d4,2,1,0,3
1834f888428fe823ddd7fe2b3414cb3da69db2fa,1,1,0,2
62f9ab8302b1bacfff0f41f7f39696ca081ca0df,999,70,0,1069
4c83f9de7bb0db78e5d248a56e29db999970f06d,2,1,0,3
723e5d71810938224e3953be6e30c42db09c68cd,2,1,0,3
23d73dba075e40594e2ba4cf69fddf02b587447f,82,6,0,88
4dba014d2fc59fc6b6f4e325a80f417ad09836ad,36,2,0,38
193502a3000b04d2121364dd0b3989cd70df99f0,28,2,1,30
856e4ad1ef20578cf8dc78008ac22d36d70e9fb1,345,9,2,354
20b0a38b6b93d5a5b91085a6c7d6695b5b1ddd79,29,4,0,33
b85fec2804f986882193f646d4f61b7fd09a1bff,103,6,0,109
67e6e9d165ddf92ad41072da9141b92210cf0543,2,1,0,3
68dd248b8d6c89081c5e2403e3cc30be07e51f32,17,1,0,18
572ab38205e1a94498df52a8e5ddafc18231c914,8,2,0,10
b0fac168a8da3d2afb2c8a4c5e946352fe23cc50,2,1,0,3
1d19a804ebc7b50c948ce97fa2106b46b2c2aff5,314,14,0,328
eb9b667a814997b9317f28fc92920092f0c26d8b,514,2,1,516
b38a64b70e410e6b1e69fef1c325c56d237efc7b,2,1,0,3
1a8f83f5a8a329d090b89c6bd875f16824e8b723,2,1,0,3
825d0a93826a176dbd556b9d9d91080256bfa353,2,1,0,3
a23e70a1d37e1e0e3cbf057918da1295c62ad539,2,1,0,3
5bde1fe7affde09d2bb8b4e25c766883733de3f8,2,1,0,3
95e6d2b8b0c74ac1d7ebda41b163348abe20363a,2,1,0,3
cd29c4b8171d2610cc46113efc68ed319b989a3a,471,6,1,477
fbad8fdc247e55e143353806a662efea5315199f,328,8,0,336
f17167da59975c81166430e77f8ed935c62aa8ae,10,1,0,11
c050dd2c6da14e1d0221f328393e0559da0eb72a,2,1,0,3
a95ed96b13c9eb55bee7dfbd9099d736c29d7614,2,1,0,3
dd0d6967805301077004c83c9db8ec2a0948923b,2,1,0,3
e14c539a9d07ea46a68b1db624394700d4e21818,2,1,0,3
f745a08ad39f0fa3bfcb87c87324bcdb3cc74b0a,2,1,0,3
918bb6ebac23f9785bfce26f4e7315fd86233691,2,1,1,3
6a369600dc98c5d2119e527bfac449164200dfba,4,1,0,5
ca1cdd4eb6da2f4888ce1fbf5f45641a00f457d1,23,4,2,27
4eb7bcdf3ca878117aef54076cf0f6ef5e610550,48,2,0,50
24cd643d84d7fc7b58a01174dd1486b98ce2022d,2,1,0,3
105b8d548eb11401cfa9d61dd02c6039ea129780,2,1,0,3
63e1a75df6678ff7dd567c1583a54a88525c80fe,2,1,0,3
a7a56720ab2c6070793f436873bcada6700fe62f,2,1,0,3
ee13638dd216d6d33cf0f60930ee3b83a9cf00ca,2,1,0,3
a05c0c2b8aa71b246ddd239a475e59b27dce15ee,10,2,0,12
f067b8ffbee5186f838ad73ab3a8e6e37b44256e,18,3,3,21
bc01baf8a25230424060f247329cc7fbbaf3925f,13,2,0,15
ffc516043b772cde2d85262880d59ae3860c951a,2,1,0,3
a2fc323e2285512ddcfa7f75d2eba0f469958847,2,1,0,3
d2f30e40a3cd8a80158dd0070fc338cebec92508,95,2,0,97
a7a353a16ecf7a9f62fa18530afdbdaae85b565c,2,1,0,3
88dda9684886e28a9e6d7b17abe4276877449c91,2,1,0,3
0267cadb094c0c153ff3e77d3e798b7e96e16552,2,1,0,3
c5d4111a0ddf1831da8b16abfd0ecf0518aa1dea,8,2,0,10
dac2f2e289ea4ca99afd37dadcfc623fdac19fb1,106,6,2,112
6aa1759d108250ffd93ba809e7106705c081e8a2,492,1,1,493
9cdf531fb3d7259e8d16d27bb2ed7cdf1de6e4df,103,4,1,107
41aa098a64d6c15416ba611b5ea81df2da0aadfd,11,1,0,12
06a37c012909b6fa8326fc9f4f1160a4577610af,2,1,0,3
92b1afe7d200c16d21f711b4bd1fe2678136ae5e,120,2,0,122
45766567d15ec814e6379dcce9e93043a0ffef91,1115,29,7,1144
ac53ac4288c04ff639e32e1cff6f2efbb791c4f3,52,10,2,62
8f3b21c44e699f69d6eceb33c7a1a696b8bcd777,2,1,0,3
a165686f3b0f86954580a1177518791b88e72ee4,2,1,0,3
5790d08098fdeb053ac195941a2949b5c9d13b52,2,1,0,3
94e423c7288df44d2648afc87703bdb1596c2029,355,5,1,360
04a60fb9f1f65007ef702106fd0c80e67fb3d499,258,12,1,270
df120a701f2fbba6324528c7e5a2817e7a02e0da,1891,15,5,1906
465ee3476aa3d31caafe63d7d6597ad32f1d732c,47,2,0,49
fe15d443d1df4020c3cba94bb88cd5d907113f14,151,4,1,155
283d638f728015120cd9838ac7676f8b8b649d3b,24,4,0,28
1262230a1d4b96d098524fd301fc2bb062415137,674,8,1,682
08dea106dbef920258095a9fc30325a2ea50b810,956,20,2,976
42c341190db362b9679b0dd1ee4a91b0de82635e,2,1,0,3
34675d7e7540f4696b9d936d2569f662e5e190e5,2,1,0,3
07702de9cfecec959782808cc36b242c9cf26ef0,2,1,0,3
5bf73af9ea8f6779b71c2fc9c5916c0fd8f8d185,2,1,0,3
599258bc0df34cb84f51aa8aadd449755fbc7794,2,1,0,3
1832f6693d1dd401c589ddb1e6465b3df2b13d93,2,1,0,3
dea6c98ee67df8a4695789e33b990b86a2d9ce11,586,15,0,601
771c964495699938705c6702b497723f4d73cb30,158,4,0,162
c21793602344d213554926cba35f00c24c282491,497,11,4,508
984b0e950da0fcf56610f03edaf05dc7e31c6f30,52,2,0,54
9a7f97420682d1f4f009ce57f15804e91c078f3d,1,1,0,2
bd0ab3e1f8afd2453ca60b723c04d043a283d451,26,2,0,28
bb870b8002915d9bb2b299e46154924b341a7618,2,1,0,3
c30a87b620b78cc705e2c9cba64f6bbf73cf00c6,2,1,0,3
7d97dbeacf0f992670242d56303716a35d7f652d,514,3,0,517
5fb449118bbcddccea0750dd7a97e66f53f32c60,25,3,0,28
75a540c918969b478ad4986f5837106c4b63ece6,4,2,0,6
399bb6584c05a7c1307a900e33b324bbd20373a8,1184,7,2,1191
d96128dfa3d8c8a656a94d97719fb28737fae925,374,9,2,383
b3963eb33a3bc664214a16c2c16f04de8d777078,87,5,2,92
8f5c00ddc979e9ae4edef527140874a980d46ffe,9,1,1,10
4ea6f9b4de8437598a87f8480133135622ccb3b3,2,1,1,3
8a504c7c7f8e6a07ded65c671b64ccd702f47668,247,5,1,252
6d05bb882a78403470d161a7f7116a147b69fb0a,203,5,0,208
32d8ac6a1ed216e42138aec7f37d709c4a970037,11,2,1,13
c1b2cbd2a0c24e2a01a27285f30e9ee6d463de66,54,16,2,70
7181eb130a7eafbb9615ad3e2c3e55fba986b086,5,1,0,6
c918ed47711a8d48b133725d1cc256a9ee6c2c6a,966,79,42,1045
da3b41726f0b8f0111ffd72754c7a3bccb416df0,4,2,0,6
1bdc62975880e1d7e448ea24c3cea3f214928d6f,2,1,0,3
52194f70f7f76007f7b3d2423a11ec920879a63b,7,1,0,8
8d28295454013cfe50eb98ca97f18fa51beb80e7,155,3,1,158
0be5b7c82b4a80556c4291de0bd84a89c69f7571,2,1,0,3
b3536b613ef37c235b539a0a7a3b058fb8d70ce3,2,1,0,3
9bc418dc5fe804599a2e1fb466f32deacaf2a39c,2,1,0,3
83054a0abd322257c16112f022e6a8962285e267,2,1,0,3
c4cbc5eb4ca109f16fe14f1c4f1b26f33f62c7ca,2,1,0,3
07d4af68bfec827d182c8e3a0967b680cad9b883,2,1,0,3
9b611aea89a7ff0ef9205e071e076c92b4afccdf,34,3,0,37
32940ee263b23336cbc995f3ddb4ba518e8713c4,7,1,0,8
99447cc0174c03ae41f22d6c66e85b69af6726dc,2,1,0,3
fdeeec693e73a63e3470786eeda2eb3085a7f80c,4,1,0,5
95f8c8f8a35b17976b567dffb0dbe8bfa60db7d4,51,2,0,53
759e65e95e4c6708aa1d39781b5374465ad0d94f,2,1,0,3
1ce7fc4e16490fdb21bf60d6a1e17e6b9436a62d,32,3,1,35
5444a2ae2a5f7270f4639e513db7396f822eb81c,224,6,2,230
bdfbe08ca452b5659e62ca269bd83e33c6c6fd0d,324,9,2,333
3f657bab2fd9887ffb45c9edded6b76b9f55e976,7,1,0,8
c80ad98e324b63a0aa4f88f77b7c310e54a9ff21,29,4,0,33
4d7ccad55aaf03245153ef68f620ed14d9ad127a,31,2,1,33
fc968d94b09fa56d2c363b0a8cf5828691ef49e3,315,2,0,317
7c2cf00332c5f5123516cebca6f942bfda5eb516,4,2,0,6
3fd62231e51901073e5c9a44ef8a62394bd7c808,2,1,0,3
c68857abcc56bca8c45427b33b31502ff6aeefce,183,5,1,188
ce85fed6451fe9ec8d9c01e7011faee59e839bc5,53,2,0,55
3e73a7a04eb71f00611a027ddcd5fea37ae34187,348,4,0,352
764925696a992c674f2247bd1cd6b0fc6c12353c,161,4,0,165
248f08c7537cf1e9b631b768f18a7dbb6b7e5cbd,2776,41,1,2817
1b8bc7bc041a0b638adcde04c83624bf24b4bd23,7,1,0,8
4d2ca826405b4d9424915c3186b3ec5c6cdfe51b,2,1,0,3
e04d429fe36173ab42b570b6ad4108fdc563f071,192,2,0,194
9f3e1a3c354646c17b4d79dce3e5557889afe78c,1019,9,1,1028
16a8ed1311291cef3a7429189e8875528ad0f46a,2,1,0,3
d9f99242b5cbc80809d73e41dd0157f554977f15,316,1,0,317
1a6c3b14dcbe517b45d6209cb2c60731b7046acc,2,1,0,3
539a977d361918a7335b2bd700d0d5e23cd0af39,2,1,0,3
4169e5506a98c56e151f59f2e272e71a6585fde9,2,1,0,3
96f4e2f06be8446cb8f465ceb6cd8005509ba657,2,1,0,3
0160c259694ded95014dfd3da337d972a716177c,2,1,0,3
ee4284eeaf31d8f186fc9f1a982485e0a889a6ea,2,1,0,3
1861cd07e40577e8049b6916f9c7fbf3532943a5,2,1,0,3
2f6d4bf499cbd62fb735f0e96dd8724927b9bb59,2,1,0,3
d56415d1d7d6f0b5ca3aeb3e2b9b36da342f1ba2,2,1,0,3
eb67f11c75ddd20bcf2c0507c239c6e5ff3ec9ad,2,1,0,3
6d3e6bf9c609126a461340d2328d774ec2e1494b,2,1,0,3
eaee2a82787e42846606e3531580c3b78ff9319b,2,1,0,3
26be94cf145df478159963b99dcac892cc88eb7a,2,1,0,3
c909d6532be64ab5ba3385546a71bc93f1d6a9a8,2,1,0,3
393907d7f1e5c6824f906e888555617a4d9dcc94,2,1,0,3
f658d33e32f50647db71964bd951bc9068ac862b,2,1,0,3
1610d4acd1ff1f159a44bb93cd9a9eb76fad22d7,2,1,0,3
953939c2cfc52c0a3efa59b162ee8fae2d04777b,2,1,0,3
38cf82e3e24d5d70e08e2e3ecb7e943978746596,2,1,0,3
ecbb8e6449230a3ff95bc115084e9f2753542e81,2,1,0,3
cdfee1e797d92ace59fb1685c10a057c9b827353,2,1,0,3
20561b7c516617702213a292c8f64a8300c39ddd,2,1,0,3
5284719f344af0fd415c134c68f5807d13f63bee,2,1,0,3
4e1908a5eb4ae77bda7ae8f36f320d66eb4b3a65,2,1,0,3
db78b0c51d20479b58a808999d34eb4f9c49b299,2,1,0,3
fadd900bb63e11e0c5a38c630ef0c31ce63623b0,2,1,0,3
85eac5ecd4f325f0d83b107b64e79b3903dadced,2,1,0,3
15961fe3e73ca0f2193935b25f2f806e0b1a6eed,2,1,0,3
459667851e511ea8a3d71cccccd7f52af590d2a4,2,1,0,3
c08c11c17d97467b38022addd77dafe99ff65b99,272,10,4,282
3d0e3b5a6c05a1da9a4af3925307497b8b9a2d5a,424,1,0,425
abde1c1fe8eee758cb42ba4a68a67133f98319f7,203,80,0,283
0ac46f34a14b6c89e497e551c8cb583fdf8dc832,90,8,0,98
24d3bf3a3fd6a56dd2dcf167b6193b60eeee1c02,12,1,0,13
2a127101a4a7ba3ae3f37039eb36403d5d46922e,715,14,5,729
51e4363596cebf8fc6ea90b3bfcaf162715dc1ec,4,1,0,5
da11a654118347ecf208aa7eeb13f323c06990cf,7,1,0,8
082cb1e14d757390e3fba73dbab04b904a8af187,18,3,0,21
027ac7401cdf4ce4b8e1cd377b33d5a35c3f3be0,3488,6,0,3494
a76f64bb71f6f408a1899a3732d2f617626d7d28,172,5,2,177
77f0c515a9948b860668b6efea16d6879e166a78,12,2,0,14
e90beeaa4624129de936991284f3caa6f67ac652,85,3,1,88
a1d86ae0351954d553d1795f4da7313ebea7e46a,346,10,0,356
a4587b6a2ba3f03b6742fffb426c05bffc92b092,100,2,1,102
471cf78a4258e56f55d1668bd4d8d8881c1329e9,60,2,0,62
61b8d35758a81e1d05ae011d701e4379c1cbe00b,6,2,0,8
30446bf80fefaa934d7f41d934208252cd9da53b,66,1,0,67
40485c5ac3edb492ffd2494d03f3a46f6eab23dd,9,1,0,10
512147f6fd4677baa8f8ffed6034fac256157337,13,1,0,14
ae44c17b93d97b35160369c45e7cf41d702bb12a,12,2,0,14
34723fd546e1c996904614fb35eb37ca740dd789,118,4,0,122
b10a852e9035048f67306f288d7efce935961775,120,4,0,124
f199443cf943d249ec775d9c0c85c091e23cc6e9,30,2,0,32
17dfaa68d3e1251f696592f96c4e8f1cfba84490,222,1,0,223
1b3e3dfc62cf5211238a4de5b5e241a3f0836c24,2,1,0,3
c38cf6c8826ae6b7edee028cf0aab96a2bfa6d01,2,1,0,3
6e8e47f09022b2ade9b399f1125983afb981ec3d,2,1,0,3
5fa3e03e816beca1b3bd1eecad143e15018ee81f,2,1,0,3
9fa268e09d032f42aaab88cf4100f04b66a2bd1c,2,1,0,3
13580cfa604876c94168bff4988561770f380a31,2,1,0,3
dcfdae0b9047dec5b977755ce47401961b318668,2,1,0,3
e561254e4d24e6e656d7a013b6aa2062e12c06f2,2,1,0,3
494435101a6a312acbb72434d0f7f623d5fde581,2,1,0,3
3be8d5d0642f957601f70ffd8180f0fd3fa64a49,1279,30,1,1309
3a9dbea63cacc9105e183cb5bfdb5bb2075938aa,8,2,0,10
6b080d8fe298fdca33b3479c8a78e0d4ab8e82d0,7,1,0,8
8a2e6ae8570d8affecd7c0915e0402c4f57ba458,43,3,1,46
359f220d0ece4b79fadb53bdd378bdd5d3908224,77,3,1,80
d398c633ec676f5861ab6a035030193c299d15d1,13,3,0,16
862416727ea739805caf0505318bbdef87877d6d,13,2,0,15
d2ae683078160113d8e49c55059d5ce7012910e6,131,2,0,133
34d393743e6d0cb0da4219a7b0027b16433d5640,14,1,1,15
42610512b6422917fc7aef3580ac80ce0c84c273,85,2,0,87
096e717dd4550a93ad0531d4d4010375d899de65,191,5,1,196
c7328c9e44d353f3d6ac949cdb193650186cf7c4,78,2,1,80
232c42260313005502fff19d81cbe47f2b653848,8,2,0,10
eb6d3c5533bdc2b0b9d25fb47af961fdd2bc9051,11,1,0,12
0619f0ec0569752b240082cdc9c78e8d8b1262f2,2,1,0,3
55adc6a9cd59525f41159c5499ab214749887be9,810,8,4,818
379b162d50e7364086fcc6953db2626a66ec33ba,4,2,0,6
880ced160966dca3979d11aa401552e834d8d460,21,2,1,23
970527abe846f2dc45388d950b9454fd69d6a755,264,8,0,272
4fde38686d907083469b0a231f4562586212e51f,2,1,0,3
81fe6fcb71b9d55d07fddbd34d126fe0d8ef9558,99,3,1,102
51d25c541f4ff47b6bf85d507477970518d415da,4,1,0,5
a102269496c895067f74c0bb25a90b52281e9740,191,8,0,199
cc27ffebf8b41895612526246f7c3189bcdf9e1f,124,5,0,129
8a8fe3b6d0ebf9671a1ccc065ccf12c86ca30c3c,14,1,1,15
9ae8d4e85c84ab6167a9c92d25006c46111babb3,106,4,1,110
32c3f2d4b727697c26c6022dd6051b0a28d6f4df,51,4,1,55
a6197d16cf723a4d87e433ae805dbe36fca9e823,14,2,0,16
af2699b6087c710ec674db515b69a4c7705c05ab,67,2,0,69
fd7df3456565dd1a2dc421c84f81762f0e80e1b9,2,1,0,3
b1cc3a7e1737231777ca3d3fc5bd8168a51fe0cf,31,3,1,34
880217d79543e7e029db391e2acdfc868a06ab61,12,2,0,14
5d3acde92d6d82da15f32bf1289999b63f6d82dd,259,2,1,261
ea086a4f72aa0d62b0e2d840964361b584f41f8a,18,1,1,19
074a0354b815968a162790f09189ff47ca04e169,494,6,1,500
36cdb97febfd0aa7d0dfbf4c8f9b165a7c7ee0aa,73,2,0,75
de014d3b47eef8c2576402b4a511fba4dc18426a,2,1,1,3
ebda495ce8bd52d63086f911f626f362be284c71,9,1,1,10
3897835372b0bbc2b7c70beb9842a660fbbb2031,4,2,0,6
51599721fe24bf5d980f42bb363896e10ad29017,2,1,0,3
b46c378a44885a7d1227413f50def739d5791a0e,2,1,0,3
1bf9d8ff5f73b93acc46ee693c27ee1db807a782,2,1,0,3
c149dbde4d976d48a7c244b24590f76886b36e10,2,1,0,3
5b3e9e40561c4fa031a06943d493126fcee6e948,2,1,0,3
6542076c9dff25b9dbf5e419e37eef0d4ad9a24c,2,1,0,3
5831155be864d58d75e178991d40da98c1e5a804,2,1,0,3
15ce5d6271d375993f86f7af7aaa14de6e66f7e0,2,1,0,3
9ab8e4466e197bc020c74e2af257ac9153631acd,2,1,0,3
d51771a115912d2ccfd10abb17d78f08771b6019,2,1,0,3
9b7e7aeb31ba15ee18fe03d450544016ea1dc4dd,2,1,0,3
24c364e3dc7a4763b657d1a605d82c6d74896ebf,2,1,0,3
9f0d0265c9e89b5dd70e533352cfd8fcaed4e3ce,2,1,0,3
48ae3bdbbf678196085a6f31c33f0e3ee5727908,2,1,0,3
62b7acf7c65d146b06bcd05ceaec256197b3799c,8,1,1,9
ac21cb65ae0f63664b63c4dbabd221bf0831f094,22,2,0,24
731d8ff13f8ae7f376e911b01bcedc1cc2af246c,7,1,0,8
e89aaaf9f86d5b4b32a1ee46dd77b57229b3fad5,7,1,0,8
8b1d79f930317b5f076d6dda4567d483d2948270,4,2,0,6
6422b540f38627a9bc3982ef99e09a9d3fce4327,340,2,1,342
c636d5b5ee8056f534a68222cd4b967cd9600bda,38,2,0,40
51b9ab77960eeb1a65248ac2f602d7903765ac82,383,10,1,393
854017d8a7f29fc7e85bd1e3c020b41752e793c1,96,3,1,99
836063568cee538b28e70565f0e10100340fc0bc,141,3,0,144
00c36e8c97ada0a006c87f9efe74c2917517e485,51,10,5,61
d00f061ec03f01f65788b0cb2d8f89ffcf4bab28,14,2,0,16
61bdb989f3c42f38377dc26f96a3838c7e499ede,4,1,0,5
8e7e9d93bceb09fb77fe0bb77fdf01ab5ef6dbf7,1485,12,1,1497
5c2c7a727d8e88e47ce1d14cb803c9a9f4473c29,331,11,2,342
739fc28284f50cf91ca7b527dc6560fd40b48f7e,9,1,0,10
b80ffff3bf3c9e4a1a9c31124409f90085b51cdc,2,1,0,3
290aa1d71bace192e15fb98d6be708e2b68c167f,2,1,0,3
ca56439da6552d109c23d854a95ab5e49fcae985,2,1,0,3
325c782ab9a95af00a4581e2a681b602f5befc9f,2,1,0,3
8a5ff6e72632578779ff4a91834390f44707c80c,2,1,0,3
ae424d287d39f5ea18754a6170f6dda2c0fd11e8,2,1,0,3
7864212e8278ee16adf7f0db6366de7ba9a929d1,2,1,0,3
978298b08c8883ac9c7d8e6bc8439b8e1c499fcc,2,1,0,3
176d5f463f3a1d7b4ce39335eabad4f44300a054,2,1,0,3
e002ee6a1d89480941d51efb81b745b86fb027ae,2,1,0,3
be050cf1d51e8f6174183ea8abafcc56581d79b2,2,1,0,3
390fb27b13c824a14b200ac729253758a6d92c21,2,1,0,3
7e594abfe2fa1c404b548676b3bf5143bda5cbeb,2,1,0,3
cb3a9044d46dcb7a522072ba4624fdfdb7d40ab7,2,1,0,3
91ed928add63f666669f8316948d0996e7212db5,2,1,0,3
432ec50ece0ce89b0e1af5962d07611d7820fc1d,2,1,0,3
40e0de200a195411cd77597d5916a38e28bd2ff9,2,1,0,3
39880dacbbf3933a989574695e6403c743a609b1,93,3,0,96
47d247cfa01c2622d135539af958e109514b86e5,2,1,0,3
a3d8d796b7e8526b03887d599633cfe59304b328,2,1,0,3
34f2aa0917c7453d27d66c0389eaa43670c2c6fb,23,2,1,25
951853b26a38b45f4277a4ab9ccd4d18af368ee2,107,2,1,109
579b43fb1ccb29a420c21fca1895b8d166b727cd,26,4,2,30
431dcd24918fd8c6b4b60c30fd287061670f805b,926,6,4,932
2aa16efd71bd6dd9fd886ca1772ee3dd612da276,8,1,1,9
b98e77ee906dc9c6326b7d8703870faf523694ae,130,4,1,134
9258e3d2b7710bcd59de7d03320c6907dc5cc5b9,3,1,0,4
84c8287e1152aa347505ef6d0d92736c69072898,5,2,0,7
adc250c3bb6898efe162292d9c38331f93ed7c42,2,1,0,3
b5c6486db72030d269f75974bd282b3eec55549d,1035,24,2,1059
f7acac99b10064f6f992f3352d2446d6661fe373,24,1,0,25
2cf99f412b7555e6d799e5994db8c6404ce029d4,2,1,0,3
e305987524273dfc1a4cac23004f8017b652e838,2,1,0,3
e8e7cbd03616e1a4ab7aa4c5bcf5632c57ed815d,53,4,0,57
04f5d86a0caa466755d287827e2b783f5896099f,339,4,1,343
f58a46da9272c8d3b4f863864346d1f072cf59d8,3,1,0,4
05333e8d096c400fa2bc8839fa4ce96f5ab7d92d,24,1,0,25
45043b488624c85cc16b518d674b7513323a29a1,159,11,2,170
ae65dd89b0a18b10db4ec6c250d82704137f2638,67,2,1,69
e21ce87dd2c91fcb56bd8dfe08fba410f604790d,2,1,0,3
db8cc2347070ce5956ad6e881224c285f825acb6,1408,18,4,1426
f3eddab9b854f1774ecf89ac39ec03566e296113,248,6,1,254
15a85c0d1a8ebe96616dfdf204b3b62bf793814e,1663,30,0,1693
245b9166b81d1f299072b40f7e789bf77ce883b3,24,1,0,25
9e55444e03b07d6b3f717f4ce09930b1314cfe93,1277,76,4,1353
1bdbdee67be13cc3b83605350536ffc246fb722e,624,21,0,645
b3923f29ddfee3b10ed99097480aefacb3878f04,337,4,2,341
7f27b565bd6d38c490d0a59a60b63c23fe892188,2,1,0,3
9305dca16a9d6b80cd16677f087fc6fba6d4fff6,104,2,0,106
d99f1e50e07ce2910efdf8d681b17ad86623115e,191,11,0,202
8bc8991a83fe959a815e1fcbc801e1cc5576578e,16,2,1,18
9175fbdc47cb1c61dee4704e0c13f361805f8232,2,1,0,3
1c662380e808cfcf564ea993390ef1088ca5b14e,2,1,0,3
b29066aa0b034c43294dcf2637a575a6af8cd151,2,1,0,3
e8b4643730759dc79a151ce2dce18faa77c2c8d6,2,1,0,3
c479a6017865bba203a4e547ca2b3be31ad85b4a,2,1,0,3
facbe5523e0f1a7fc2894e0acef4b6c72b81f00c,2,1,0,3
6f9ee509458179bd3d9ee8b9bb9202f456d52d49,2,1,0,3
7ea965492198beb6ba778ef3d9198c6887eecdf1,2,1,0,3
48d6c4aff9693ae0616298a9a5bfa7ad19d39a05,2,1,0,3
a3b92f90d5147bb2b06d9f869dffc190bc59d9cf,2,1,0,3
ea24d43f9a8102f331eeffec628a741d2f30426f,2,1,0,3
0752fb9600a78f00fbe1daf1ee5e640a1b1c7eb2,2,1,0,3
b3b1c2eca3a731be9131493cef2d614695a34f67,2,1,0,3
7fb9db195f696b4dac7d7abb4171b402ee84f4e3,2,1,0,3
e442d610b772b379539a26e3e22974f1f15980a3,2,1,0,3
c5a360712aad282269d2fd1ef9d0ea9a49a5451c,2,1,0,3
4fa8b6eeba29937a94e66abf71c993b97fd77aa1,2,1,0,3
1d29c0b178fdc05a17a873b60f954a58f839a3f4,2,1,0,3
ff638cb6db57caed4e7130df316b403001437152,11,1,0,12
d9a3eb9307e91ef1b40d72fed9f22511fe4b1646,130,5,2,135
855f12ea2c7343ae0ef5a72cbb22a7a973ffbbd8,292,6,2,298
0367fe8e05f0ab920fd17dc43703506cb81f97c7,167,2,0,169
89bae580c9757bd9cb2821b95c6a07f482b8a340,354,7,1,361
5d6ed0f1090404664e82eee48d5949846b85df0a,1,1,0,2
7cb0d1bd50962b9798a6ed0ae655f45b83d3bb23,2,1,0,3
94d91e9d3362d373a17f3acf7880a54cc96becb3,2,1,0,3
5625b14d53528f623ac96aa7ed951c2ba4cb20ef,2,1,0,3
7dc3a7a64d12078eedaaf02433cf3e8552139157,2,1,0,3
bf5e0ad35497cb6be26fdb6866044a320bbe10f3,2,1,0,3
093e16b02fc324f50470d81d2cc46b1724ed2aa7,2,1,0,3
c9838fcccfde1ee309bef02bc871675bacfad35c,10,1,0,11
ddc8011bbb9d1d6e9f5aa0b1537edb8eaf831a87,50,2,0,52
7ff6a927e792ae32e24b3c6a10688aba598812e3,24,2,0,26
426054cc93ccf3d9df1f05280fd23154139a117b,7,1,0,8
896f0f16ae0229d7983c71ede2310af426675a4b,2,1,0,3
2eb4bab063db05325da3ed2fb09d01cd8daebda1,8,1,0,9
4179fee8f6567fa66478be3fa7556937fe090cf3,5,1,0,6
84ae9b499bfc852f252ce6e9bc00af453fa26f77,8,1,0,9
5c7a9ebff9faae614c78e1d7d0b244b77692b836,4,2,1,6
0defc4fdd187884240f02dc3a49a15706c88b2a5,2,1,0,3
3a28598ead96b637a7057948294595f3b99ee60d,2,1,0,3
247eb8657c369c8a5d7a3fb8ca46f0a3d53c19d1,2,1,0,3
53a106c27c1188895bdd66be61d5322a9fbf6751,67,2,1,69
6f7d633b1bfc62fdd6f2203348d65afebbf6771a,20,10,10,30
2b6cee2d9081628348e0925a9e7e7b596292eee3,514,56,5,570
af68e28bc211fc819137587dd112e4d46b5148dc,110,5,2,115
62d2bf9adb8d0894f039ee6dbf2d55bbaa596a6a,48,5,5,53
a3e450ea0ec282cb1ad41c6314b1e6bfce3c4dc5,2,1,0,3
584f210a5e67ec9fd9c4c3758b524081c475083b,21,1,0,22
14ac2900373e641423bf91cfb5d2faf00bed1e52,111,13,7,124
96587a4ed89ce6691198a0df8a96a9c81ddb875f,281,13,9,294
b144016b629be5fd4c526e25e5d40d2c4265c761,2,1,0,3
acfbc344bda8aa5b880c98d739b8217ec33ac1ef,635,32,0,667
d2ee1efedfa093f704e476bc6ac65bf22bae7dcc,130,8,0,138
9b244d7b4101f386bb71bc4244c77e37d0dfb0b5,80,11,1,91
40f699fa3acebf8671aa4050418c00261d39c5b3,40,2,0,42
90559a40c2c5f412bcc1ad1825e48aff89a6929a,19,2,0,21
029c9b8d64605dd3d09ea22b0d2b7e6818f05300,26,2,1,28
9c69c8c08f19bce87e71c09b86c77603bbb94f6f,437,13,1,450
16dd645efeb6a51f840858339430c438490593df,158,8,1,166
c9cb1702588c3e309ed0c03235718bcedb9c1ee9,250,6,2,256
ef4fd73ca73630721ee9e2790c9104bbccdf85e0,6,1,0,7
b54f7f3c7a69e0ecb56587045e5d863d06e99372,304,3,1,307
048d62057b7c58a7da1255c68fb8b6578622f7fd,5,2,0,7
61ecb34d28c318a5620b6ede7c13aecf71634c17,12,2,0,14
1436feddff5a40c2ed51912e046c80ada1f6a0f9,2,1,0,3
3b495a1d5b659fc4e53fbc28933d4bab02d48ab9,638,7,1,645
ebbf8d6bcba267c956ea469111ca443afddf77b6,81,2,1,83
6b1898f274b0e8e35b5322cd8900bf8737112d24,569,12,4,581
bd24b537b722b98b7dec7ec00b5af7d795ae196b,66,2,1,68
586207f780590eb112a0f6ca9050bfa91ba49577,117,2,1,119
4be5227269695efc862d2876e65f10dc18c40c33,113,4,1,117
1071c1dbf8a7ee31d49e2dada17da20c2b14c316,470,13,2,483
13d386698fe8e516676c192b603deda5aae08d0d,102,3,0,105
aff3a9dc4b163aa43d5e1e39ff32622eea43ee92,43,2,1,45
73bd80f9a2b037946a7269d6a46551378c96f3de,94,3,1,97
eac453ecc8f986dd852fc08a65aa2d0b3c08437f,810,3,2,813
3b28f4f5e89c865d948198d1f3df77bae81d18df,488,24,1,512
88d57269d9118eaa364cde0044bb0545d8e69619,25,3,1,28
8cc1d5bf3be8e7bb7395df00834cbccc29e69b01,2,1,0,3
eac277811863f7b41b6d9c8a312f299c3862fca8,143,5,1,148
56ab602d8f0e9ec92bfa083cc14badce8169468c,71,2,1,73
1b019617d408312ac33bf8f07f0ec862f7b33382,289,9,2,298
6aab5dec949d0f053c822e9c51a7faf167d60cfd,102,3,1,105
fc0a00213dac11cf0e37dcad9e22615b7503d075,60,2,0,62
4a47303b6fef73f7efd10015f2354b5d3b983a6d,10,1,0,11
a65831960a528f43b46221610365fe2baa8ab33e,105,7,3,112
cdcb1860b1e7b3dde83e469fe400a5a3aecd16df,218,6,1,224
cc235fd1de6dbd09f9a4967736db9974a5136366,13,1,0,14
b94872cf1cf18ca906c31d0e58d051726c2b2a8b,249,4,1,253
64025c58fa5c7c47c296e9ae902342b809db10f1,2,1,0,3
bf12bc05cae4e977160a7662b19290d68a870609,2,1,0,3
21f7c42f9fa078ddd069e9b10935a267448cd2c1,2,1,0,3
381ec452b8a9e88cddcd8cbb70daa3f3ee03a72a,2,1,0,3
0ea79e4b2c1aa48012904b52ba3d4ca1d18d5554,2,1,0,3
d672acd7b3469ed3df36b08fbbd5cda90a29de94,2,1,0,3
4d845a845f47f81499468f6259bfe3f343fd8a5a,2,1,0,3
2f79624cba2de565d028dbd1f4964139be9b8be3,2,1,0,3
f316a9e329dd69165491efc2c9270f282fd64275,2,1,0,3
1be1317ad8b80da9b2ffb9c0b6e67bf4868e4554,2,1,0,3
4ba641a36624ff05bf6281fd47c04b1c37efd8d8,2,1,0,3
ad4fee151bb6c3bb1ea5910215818050613c0cb5,2,1,0,3
8870654143d04c5b0f6c7ebe28f74f5deba3864a,2,1,0,3
5c7a2c510d22df016739bdb716897d720069a500,2,1,0,3
cd43e30e96e483abaa6b4ca45d0047e42036818b,2,1,0,3
a0822d7af817d26105766a4deb436fbb78d6b762,2,1,0,3
b0125053609b6e0234bcf37bce3b474fbd6db6a7,2,1,0,3
f62131afd4e09be1d9f87a329900ee6d1a7c4725,2,1,0,3
b58a0a8b41833cd9752931ca7fa94485b9310926,2,1,0,3
7f2c9814f2531ff5935fd75051b98ea839db26c0,2,1,0,3
a304c44a6e287a21ab0940f3cef8204c8bf837b0,2,1,0,3
9cc0fa97e72941023065148883aa9098ece58e71,21,2,1,23
2b7f7712b8f2777b9944d218067b86e3800c37b0,2,1,0,3
56726b4f58b8ca96c7756f5b08eab52a28facc86,939,28,5,967
7e9a79dd85de235841ada1e7bee986d9a8c9631a,1100,18,1,1118
22b61f1068337588f884127eed3aefbd12344645,50,1,0,51
69b08afa9080c58ea83ee331f1e6e6b3c4be1392,452,15,2,467
36ee8abe2e69bc69f04d26abfe377e0f9fa06b2e,283,7,0,290
89ae00a9ee35eeef4a22ae1f4348ab1bb54d511a,21,3,0,24
5bea67f7d6fbab6cf5ec6e658c46dfbe3fa222d5,73,4,1,77
0325d071216d0bbe30121af424e107c124719014,262,9,2,271
03e818d776f82f957c7b9f03916066ef7f7c1d24,2,1,0,3
51797e33bb08570318b59bb8b9740485c83e2e9a,2,1,0,3
3ac8f38c18ac817d3982205c590d48f0986b11a9,2,1,0,3
18139373b00db8ef6f9100a38f8454cab470783c,2,1,0,3
9e2b7a983f17ed543e8ee0093efaa6b97c3f589f,2,1,0,3
5142a9250927676e43239ed2cf895b4c0830ab3d,2,1,0,3
e5252e33444f9376959105f62fc46217ae255972,2,1,0,3
e057c3c673003d2d04a5f56cd8fabd5258520fb9,2,1,0,3
3282d8950d84b1bc96deb86893b8f75903e38dbf,2,1,0,3
693961ef53a7bae432692eecf64eef9e4b4070e6,2,1,0,3
5e9b53ad8d5b8a6fe65b8995b17dae8d56d1aca4,142,2,1,144
3f364a601673e0e28522b1139bf955c5550483a8,222,5,2,227
294cd1b14a0392b76897320ea8289e06c9a9bc77,7,1,0,8
bc277f9afcc7cc335da375f8c5aabdaabe9a4277,548,3,0,551
c898b475a21c7aee5ff7624a6f62b325c8ce9497,2,1,0,3
ce2f1bbd84a3d50f0719dc344fb59150f72ac419,4736,85,35,4821
278de057af78c59781d9ac10681d0f6ae8c05fa6,145,10,1,155
4578327cf1c84098e1f5297e2f83b19532ea2ae4,140,7,1,147
94c2d8bb8ede51ec79236d650b5ccf80f59ef2ff,2,1,0,3
76249877b76dccc2a2b65de0123364af0bfac643,2,1,0,3
97e17a1eab912f01e708be1f7988bc2ecac109ec,2,1,0,3
9e29357119032df652914268b32e8452b717e83c,2,1,0,3
f1cec12e720cdedb398ae050f60f98577dd01051,207,5,1,212
d2ee4dcb75ac41a0f5664bff1199e22eea72d506,37,2,1,39
4c79ca3eb1f4d0a42712255200049406d173a0c8,144,6,0,150
98e547f2d7f850994d880a97b07380eeb84b649f,55,2,0,57
704c6ec8643a7e686868717bf61e0ad2c772a852,3,1,0,4
d05d307e0b1bea9f2f1a63a02392a917b35814c0,10,2,1,12
fad576388df3297e79a611d407e7a700b0d27b9c,10,2,1,12
90a623b1678773bc0dc5ac4491f9fab2afd73312,305,7,3,312
e90158c6d672070facf5efd053b2d47871e0d491,1,1,0,2
c758be4775e53fcb869bd70c711be12597a6a2b2,177,7,1,184
f9071e047a06d25ca1594af1fc8d7351c6c09192,12,1,0,13
73c8f844f53e6692a9d20e001a491a1f03f92b89,166,7,2,173
30d5cb7f719f4df7e414655cbd1233059752fce0,12,2,1,14
186ca4ac117c079aa96db91eb353080d6cea3740,35,1,0,36
03f62b0025d78f17791e995666b684d91e88431e,43,8,1,51
871f3b736fb1ccf626c162c321f9b421998c5a74,46,2,1,48
61e513e1a828a18ec2ced0ffec470384477c277c,292,10,2,302
7d4e997465eed2f01ad013618a36eba0bf5ae261,27,2,1,29
58e3b99384ac3b0ca4f26c094c0c0a58571b5d92,65,4,0,69
b04e5cb6c3abfc484c617adb78e991c0f4aed0d2,2,1,0,3
20927ee19ce09bad9a1ced35dbf23eb0f9ee7992,2,1,0,3
3a48b24f4a3adf8af7d42c452079452578043602,2,1,0,3
fe7337e0247d060ed643194e161decf48408e7f7,2,1,0,3
ce6cf1037037b66547b0bec4c2cf569a9ecf4393,2,1,0,3
ab82a93a6929562a2453e19b45efd2beb6609e3c,2,1,0,3
5dd38046c8d142de230cb55d77b0aa45c2afd5af,2,1,0,3
17908b9bdd7ce0705d23b217f21a4a80161a58c7,2,1,0,3
cbbf233bfd06cdd8443e1eea8a5613ee9df34cf4,8,2,0,10
03fab89e40c7fea425ca6153546813a008ced630,279,7,2,286
5eedc61070fb036db8e6c705416e9b71add43b27,13317,122,3,13439
04ec47e085d09326d8908d7b2c1ebecc28c9d8a9,147,7,2,154
abdb8874e3cf9b62393a28b14ec0d91f4932f665,12,2,0,14
054655049b2bf35030e1566f10135c949c2316e0,10,2,0,12
4f6730e31984421ee28c0951a45adf0f9f341f91,11,2,0,13
c48ff3ec7247de10b9fa4418456ec606f81fa427,30,3,1,33
f8f04d302deffe7d677138f95ff114e1f0a0fc0e,2,1,0,3
317568b4edba848383a27d210fa687a9d0b5c5fa,2,1,0,3
84b513d5372cb303ddd2e48c0a0c3c96fd772570,2,1,0,3
355775150ceafaaf34d97fbf37eb50b1a0d69a80,2,1,0,3
ab9cee9e08f87e7c5dbe8f95ebe65d24838c6542,2,1,0,3
cb9f6188408061eda2c5d67a3cc99d9fa3b6bf0c,2,1,0,3
c809697f765ec767e6c3f2e7b41436fd68e45934,2,1,0,3
72ada1726127351d2fa5668baf46e0edf17fa8c8,2,1,0,3
b9acb12003124581d83a4cc4d4d4d17814eb23d1,2,1,0,3
5890da3a70e7becae2107f4687a072da8179f809,2,1,0,3
e02ff7319b4518f005b1b8351d03adb6efc7a2f6,2,1,0,3
60989bb35cb8333303a12ecf2c4bd866e5ffece2,2,1,0,3
86bd4fb7e36b97322e6aff999b5a613374597a9e,2,1,0,3
926adc68691d751ad89261313ea54a5007d95787,497,37,3,534
5c46e4c1f4436de224bb6c5c408c3849d8ed784b,25,5,0,30
f39d0c515a87132ac1e3bc649ba4f650bfeea4e9,195,20,4,215
e2ea842e4638eeeedf6c4484483937b14e451964,702,15,4,717
6ca3a4eab9ccb83f17dd8efebf7b8c499aa244f2,24,3,0,27
27a8113ca02f14f66aefd8238c13b79249a94b25,8,2,1,10
2e2230f27b5e35e4ebb4acdf8b48d0f12569acb7,491,6,1,497
58d8479b2ac8f3609178b744fbd839784823737f,7,2,0,9
36155bc222bae44a2f1a6ebe973620bee763f386,118,54,0,172
49d08ba57cdec116f25503d73570b47439873ee2,247,5,1,252
998e720776d4b36f0440876664e84a712b8a5933,378,8,1,386
bef8b19e02a81b6580e4469ea64730e50eadf5bc,6,2,1,8
840af4f5de180dc53e2c28c5dbab01bef72a6ddb,11,5,0,16
ffa7f55791c82a710d6e5de891fdf00fdd203646,34,2,0,36
0ec8ce1c9a160281cf5381611a10a20f8c394602,1253,8,1,1261
3d17ede66d29ccf41e95c469e56c696f99262df5,1281,22,14,1303
b93cc1c68afa0e773027bfa2745f1d37f376bca1,723,18,2,741
9a7767a5e5dbe588e48087c24338b5ae98ff90f4,33,2,1,35
b22505022b17388c099e419185409a35455f1827,30,2,1,32
46ccd34da21c045c0727d217c281ae0c427dbe1f,108,3,1,111
52ca823cb212566fab912c624e652858972214c8,31,4,1,35
fd8e1bb8aebcb40531bdda6cf828f9d3476be6bb,181,7,0,188
0026377664ff9ed4382a16d860aa1dc85f8ae37c,4,1,0,5
aaf1748525d304511c254b1aaba4b480e54b38c1,52,3,1,55
38b56bbf3807cf9d2c4578a7948e4bb5bfaf47a1,133,12,1,145
92b2ac4ea0fa8b3379136b5fb6e441a65547629a,2,1,0,3
d3b556b5c6e90f791151c593284853ccd787401f,2,1,0,3
89206511aad7cacb91c7fa032490816e7cdd18ba,137,2,1,139
7a93dd4037477585607057f6a632163448eb564a,48,6,1,54
f857f7cf2424b95c1f7d6e209327452208ab3e55,2,1,0,3
4dc04c531b4d97265f7da0fff509fbda7250cc59,2,1,0,3
060ba836487af2a97d6e72bb30fe375324739535,2,1,0,3
fe2dc0e9110052044b011774ca1f6d9571263e93,2,1,0,3
b146ae746a1c215c8f7bdfa835c51488f52869b7,2,1,0,3
b174138caf8e6ac0e1c4ef77e347030137ab2147,2,1,0,3
0449ee64d7590e61c7aa0121d52c1c15db497cb9,2,1,0,3
e6aaf40301dafc9cdce617c19a558be52c0cccbe,2,1,0,3
d35f3de3c6957e88248fa02e53199a928b4e1569,2,1,0,3
e3079b201a2a547862475b20b803c5979f4b0148,2,1,0,3
94ce397316ac743f18454028112cad6f05a3e8db,2,1,0,3
31df513cdee1bf58845268477226a6b680bda1dc,2,1,0,3
7f8a5a0712f423b13ed96b1ea5c8277c628fd944,2,1,0,3
8f39d033272742472cb29293650a416ddf53c84b,2,1,0,3
7a8b459ef503c87f9b6bb7c441dbf8f08d52c302,2,1,0,3
dc71011ff48d5d0205472fa26ead937d7ddc717b,2,1,0,3
b5d97a197d22da5900715b5a84a7e3b22c03cea9,4,1,0,5
0e04e5c005e9cc7d3f0f811633477a5067deb0aa,46,2,1,48
1834c67ccdcac118dc2a925072f3f6e6203621a4,68,6,0,74
4127124b5f623f39cce070d93b5f0e7632b243a1,4,1,0,5
3189fe7b9f02a0318f62662fa1eaf6369a0ee6e6,48,1,0,49
10d8e3ce4d0a70e54afdbda98e3fb2a08a29726f,178,87,0,265
7aa020eb59c5d6fd178d17ed82e550556e9e9d32,2,1,0,3
de2a115aa7179eeebe87efada365fcda2fe9084e,34,2,1,36
03cd1f931cb3a701ba825c78026279cc9247abb6,19,2,1,21
0535ab9162228505f1247b51288f42476a31b306,9,1,0,10
4c003804c4c3821cb42df6c2f78505556be16b2f,200,19,9,219
5bc3cc5c438364218566a7b66ec9830a01501b05,33,2,1,35
55af417331cab572203df9a0d2933a954609096d,16,5,0,21
7ca30e00680a4c3c41dc8269542a3f608f8c42a8,48,5,1,53
f0462bec45cb034ed9ecf31bdf927e3745ec11b4,93,2,0,95
f96b62d133d300519fc45f295f5e7a2b58922949,156,2,0,158
bbcaaff1d3483d706f7d76c344920b4f755809b7,97,2,0,99
da1e739a93d31cdd71d358df79e4a388cc4a24ab,3,1,0,4
dbdfe7fc23c3e2f05deb0867913cea74c0b0032c,117,3,1,120
0e0f94e545bc4ab405ad872eae4d97ef05006acc,6,1,0,7
77ed53fe365c8cdedcd7516f8539024113a5d56a,16,1,0,17
eda72dd48f6ca8234e74c20bf10f2b3fb93439eb,3,1,0,4
ce810ac229c9ce4d4439a3d8404e812d7bd6b648,1112,22,3,1134
f4019ae33eca291ac19b87822e12b150eaea3b24,12,1,0,13
91a81ce43ac90b8b1eec3ea9ec9cf162efbe25a2,4,1,0,5
57184ab02ffe8020f9b91f64b73d73e1d7f38131,497,3,1,500
a2a4335946b74b27ea23a6cf95c30f69e765517d,4,1,0,5
17e96dfc1b895c0519a762ed22785e2cac7e0a3e,96,12,1,108
ce0f2a9d6a757610132343cb6133cc2bda9388e2,147,3,1,150
fa485e628d335f0395eebdb5a57d1304b31af874,1395,25,10,1420
2242282719c590e9adbeb60a2699e307c5f472a7,31,2,0,33
c845d4a51700748b00bdaa6a7a6e0117c5fada5c,5,1,0,6
918be5a38b93df4ffe59affd7d61d3410ec3a236,61,3,1,64
9b9b4ead5bcd1b40ec9c6efd36d78297857dc6bb,25,2,1,27
12733e7184f707af37bb55809ee3142732867be1,2,1,0,3
91236d39db9a8193d7b93706887e10d0e41e16a3,76,2,0,78
7c1900dccc403876f703b62d21931d85c4e533bf,128,3,1,131
d1852e3af0fb0513a8ecaff00fad3967bcccde55,1270,13,5,1283
dcdeace47a179851ee0810d446d2ad903ac826c2,164,4,1,168
d10e15d5eda566bc978bc2cc3e7c8fa26cd73577,116,2,1,118
fe0d0e7f65998f854f8892229a8f0e4b9b05fe47,381,8,3,389
2c28207b09732f1e6103813789e5a2f19024866b,41,3,0,44
d5eb5f57f158978767da0450bc45abada49aedf2,2,1,0,3
71f676bf895d97ea6d95b82addd22b8598fdee9b,643,7,4,650
3017a180becf80d4f49bfeea96dc121c3f428148,29,3,0,32
863e7ab1e30f99036c905ca16fdd9aa31d095e56,176,20,1,196
93c663c0a407af8fff0a5c0e6822ddadfa011828,143,14,1,157
b804e2b01418c544eeb5d432de0df9a339d9f92d,583,25,0,608
f1183bfa23a49b4da8a675aa72eefb5588e6c4b0,1644,5,0,1649
5c1992ed9e077fa0d03379b0de7ce2be156cfc8a,2,1,0,3
ae5c586de678712dfa575121f6811ac7759c0514,2241,52,20,2293
a03bf6dec21c1f045cc36b3d7ea945f2b09c94d8,7,1,0,8
e28442e277a871a89077f16caaf4dbc486dd30a0,304,12,4,316
d2aecb7af22768086d6d1668c7e794f69267650e,195,1,0,196
a244be45618f2f297d4def9953520eb3b4d37a13,23,2,1,25
7879cef08e8c0806e53017e98de801d17d4ba44a,23,1,0,24
cd38d9dd72a20fb67971583a3aa8d3f6303c0d0d,2,1,0,3
9884d30ca6f0385ea824f233a10c9210e615aaf6,2,1,0,3
61b23dffbf07b06aa13d1c7fddbb183202fe49b2,2,1,0,3
b7ab10a95ad0641d333fa41acf10355b7002e511,2,1,0,3
eb20ab4f5a52d77fcec175725d1a4f2b1c69d19b,2,1,0,3
bc04ae9db02c3c4313c8b03fcbfac8f323931f3f,2,1,0,3
791dad1fe6e1d20a32371961bc041764cdd3e50b,2,1,0,3
2bfa09432576368a29b78baac2d87684ed2bdfe6,2,1,0,3
1028645baf5b1c7c45eb29616a0f59485866206c,4,1,0,5
3f3a9195044d770ee2a59595f3ff063ac3f2336a,2,1,0,3
27819370afaeb3482121b337f60988d67b281e6e,2,1,0,3
4f3fafb0d2fe00507e322b62db9078cc7536146f,2,1,0,3
d38272c0c21d685884fd8c460f10140fd4c42ca4,2,1,0,3
2613313c5fe3a7de6ecbba871187281e22213f95,2,1,0,3
7ccd35823bfd0f59a8dabb1eb9ed4fb553d4454c,2,1,0,3
486836c031c5a786dd0055c18147c0c88bb26846,2,1,0,3
6bef73989a1e4aea68a19096ca3e7f9b97c05e07,4,1,0,5
808410042a960b936a8d85cb658b2cad18ed60db,20,4,2,24
cfcb08e062a1f25da2bfd7bddb2c8e7d544110c6,100,6,1,106
b7caa778aefe2e757d65280b72d5f583ad0521b8,4,2,0,6
bdee3172d8e99aa42ceeeaba6a3cee10abb51248,321,11,2,332
01d47c5b34a96b4ebea5e585b1b6d409117d0b88,210,8,1,218
a48eff8425c90db6b58b871053de8506550045fd,1527,29,5,1556
235bfd4333a77871acccb127663faf22c82dad6e,586,22,1,608
fdcc6d4c57c72d5ae6d7600094119b8c6957525e,529,19,5,548
433468916e079a0dd92ef7a294eccd2ad0875767,2,1,0,3
2032332b06dec21e02e1b60677c16a7c0c5f8c93,2,1,0,3
dcb260a0445cf3a79232b9edc094b3e2b7facfb8,2,1,0,3
03533899b4345f318a915df39f58e9afa38ab2cb,2,1,0,3
593fefac964fd24e219d54ab86f2e953f21b74bc,2,1,0,3
b66e1a47d04df2e0899d82b8ef2a1895983b7947,2,1,0,3
97620b10a2d6ed1c5ee535a54ffe7aacc52901f9,2,1,0,3
d61fd2c4362cb29aab96d24108af303e9e8a97cb,2,1,0,3
5f2bea133e0c5e6a311199229cb0685ce6ae7cb9,2,1,0,3
1cb699218258454fd348d18df8f221e33e5d95b7,2,1,0,3
0f1c6158688cd66e7f195903898e3ee5805602c6,2,1,0,3
6fb741d863c1aa3547d216f3e2f6d50139d75828,2,1,0,3
90070c01eaa91df0d9ec24125dd782595b0eca6e,2,1,0,3
49646060aaad243d350196a83409368468f6107b,2,1,0,3
b8d45cb5f0e37183de43062bd95e92f5863151d5,2,1,0,3
be97e5d682c3d680c33860b0a1237ff9bbc89fd7,2,1,0,3
b518853eb4cbaa1e0b37cca7a66613def39694bc,41,2,1,43
2b1d0853ae89c17654ca6fec901a48ffc8616db6,38,10,6,48
5e025be914eaebba5ef352b8c029e77e8a458468,10373,4,0,10377
04685c3ecdd02ef5b0d698ba0099fb626622051a,4,1,0,5
83152cdf671a2c8018ddf97f9c33306d2adc9101,278,4,2,282
2127c3a14bcc1344e3dcc4142941e8964abd2b74,88,6,0,94
673bb4b9532fba3f4ad9b6238340b787109f723c,712,20,5,732
11a9b6e47465ddc5d374d2fcd444b915cb1bd32d,174,8,3,182
5bf5f6de9f7315495f4c5e2686ee187e29ed5de7,137,12,6,149
ed77c70a76f351744d7b62b1ef9cacd753ef0ae6,68,3,0,71
a619758f6a07db81561a2f9bf5d27639269f4b2e,145,4,1,149
bde25bc416c0ab24689f2b0e1638df9d4ab504da,2,1,0,3
e32ab1aad5cbf138d5a46566cc692aacd35cd43f,2,1,0,3
d861b126b9b65895eb7356dab4c8018d87bd845d,4,1,0,5
94b445ea18585f0571e177fba72c1af7560943b1,62,2,1,64
1a7d05efd95b41edd370abde9b2a0e2093c9f293,31,3,2,34
41590e185efa2c8d8c4aaf22fbc562c498ba808d,440,3,3,443
4db62361575bfad3986cee013e6e7f0cab570431,2,1,0,3
9aa87729c0f28293432404d0ec0b1746c7ee099c,71,2,1,73
6976ecec199c8fe13d0f69170f447fc839fc324a,503,1,0,504
d361481c3fca9754a82f9c780d654f1be772fd4f,35,2,1,37
559a89bace181735d981cfec24f964738eb36a1a,118,2,0,120
55023ce95903862881176afdb6a7dee680e6f67a,2,1,0,3
4650b51c17b51094d057d2f6c4aac8a98f16be9c,2,1,0,3
44280b331a96c50deae6be83260caa454db86784,2,1,0,3
b9f020b03cb8744cd88053ec34f43d7291e85f67,2,1,0,3
76e986233aeb46bced029c8e54309c6a6fd573f2,2,1,0,3
905a9311a68b18778b5a9c5b55e9f4caa55acab1,2,1,0,3
84af35a422577ac51bbc842a7b978f2c916e7c35,2,1,0,3
44178a60c3f6ca5c5b78b351724d4852d88afb13,2,1,0,3
24fe9ce9a5abd0fbf76c6f606458d7fa92fd9b43,2,1,0,3
a6f483153183a3f3c39f6ffe48b19abc1d544be7,2,1,0,3
f5079cd003ede3f5318747b9336283690f3a6e2d,2,1,0,3
1d1a19ce3860aa7b5b29ffa57beaec8034cf5aa4,2,1,0,3
32155ce8ad0e86e924024da0699c6615a3c27655,2,1,0,3
33ad107166c8eec8a02805c5e63a864551a54f84,626,29,0,655
fbdb2ed74fd5f35ca540007a5dde387cfdf73e8f,2,1,0,3
a6e2827d979b8bc3908e56989d1e7f2da125ce66,2,1,0,3
bb6fef1e897f2090b2e571a486892566d6fc4bc3,2,1,0,3
6f464ae96b888744d0e1d490426135302b305aaf,2,1,0,3
f83dddbf270bb5153b16253154e583e989865c50,2,1,0,3
8e0e3f25c4edaf4d31e1629cd5bbd7dec9b04a29,2,1,0,3
32eef071077f4ec9ca0b73cc7dbfa2368429141d,2,1,0,3
6f5808d8b871f5390a0b42492b9e83c567ce7fe5,2,1,0,3
ceca4651559a898cda2ffd9538b8aaa1b334d3b2,2,1,0,3
c2013f3208eb706356ddfefeda5383d8aa916caf,2,1,0,3
bc640a7fed94f1b4ffde40c6cd10dcad2875ca52,2,1,0,3
116a667e1e3373410435b757b4c6f53379c1cdc0,2,1,0,3
68b98c1ef6a66867340888e8292c609a10c93e64,2,1,0,3
447f9539f95782890ac9f2e07b3a6a06ee9d7403,12,2,0,14
835dddac88f921dfb38d66943ff8a3fcd2cc525e,2,1,0,3
6a8373f615258fbbf5b948139e8a12a9b5707702,4,1,0,5
ff6295e5faad8fcd449cbb2e2963dbdf7266a138,2,1,0,3
4986d22446b06d44e91a3ae17520bce96321803a,2,1,0,3
a8271029edfcccb0f8b079d885d3b04db7e86c11,2,1,0,3
4d990ac29e8d92290a28b23775f63d8194c16f1a,2,1,0,3
44e3c6516aaf7a013101027d88567ec6317ed153,2,1,0,3
8555544f11912c529cb3feabb09ca714df6ed52c,2,1,0,3
1b8afb16af907854bfa83b0c95a2f9eda1c75e0a,2,1,0,3
34e4ae4d8c7a779bdbdd3a47214c25217be11590,2,1,0,3
c00818a1407f3c4f75f258acc946a4b4b21d1030,427,2,0,429
49a09d208578dad1bc42c96d20158d970b14d7da,180,89,0,269
29011d06bd61145ca8e894b47a3ecc5b6dfdc565,174,11,5,185
5bcc50cbfb09ce43dcea388a16cb11a61fc88043,1058,14,3,1072
110f4153bd4a6cee447e7cb59014ac130b00d55d,2,1,0,3
85d82366bf489851a7e5e5e1c294d96f817ac98f,252,11,4,263
0ebfab7eae1d784109a95166c6a875bc9bed445b,10,1,0,11
23788597796aa23d70b68aa3f3d201199d7bf6e7,11,1,0,12
81591369501b82880987d09e5704d685d97aaf4a,50,2,1,52
26161f173241d1eaa056657422f72892a340fde0,4,1,0,5
b395f0ca183bc8fe2b3da6717b3c9428d9f8f4d0,131,2,1,133
cbf6dc85c728aa1d3d93216e8980ad8a5626be38,2,1,0,3
9e2ce5e6f6b517203741529f9ea014fcb5bb87d0,26,2,1,28
fab8bace0e78cf1503bf19781be5f302db587938,9534,11,5,9545
007024fc6eb9516b6060f665bdf50a9ff00a2a15,161,5,4,166
71c7470d1d54cf810bfc17f6f62be57d14af4875,24,4,1,28
d0d5417d22f359d5910d934c37175fa00213b694,189,4,1,193
cc5eb1a3b6c94129680d1794d94e8e1783c6104d,6,1,0,7
ca909964cf0c61a205ce6dee2978ff19b4f13839,730,17,3,747
4906682f2f0b316bb6d2ddc102959df5eedeeddd,4,2,1,6
2be034535c025daf71818f717bd784286e01dd65,456,13,4,469
48d04f3053e3ab92c2aab6bd4e75cf4086efa154,456,2,1,458
f7913f986f4394f19c71adf2371c6474ddac80fb,9119,32,0,9151
76cc9f5b5ee1f169399e51ba096842152defd1a9,18,2,0,20
9e2b831343974670057c24ea590cb942f2433be3,474,18,7,492
2eb336426eddae345060bf0b697f6971c685c497,1282,11,6,1293
ac80f0a712f38fc8f41b52816ce73db8507e7249,149,8,4,157
3712540038306fa2e7899275a2282ec2faa32e12,77,2,1,79
025a014e63509383ee2c8d0cf72338fcd2a1f44d,67,10,3,77
bcce97b7b83d0086bba113321c8bfff50f1b3e8a,149,6,3,155
4a34946211477bf9fc7ae3771dd3ac3fd4c38eb2,68,4,2,72
0ce10e34a4f58002b590d40070855259ecee14b1,212,9,3,221
b523cec5986a9c9b6700e34a3363178e58bfa3c8,270,3,1,273
56107628e8d725b86500ddab8037363ea0ae9360,355,13,2,368
fcac9b2c5c2e1bb406e6ffd412714485ae4d0a31,12,1,0,13
b07dbee0b9bccf877d351d6e596554fb76e894ca,1023,17,4,1040
4a44fb7873c59c549929e9899ee23b97b289daf8,93,2,0,95
c1e8a3c98a50c09d199949c5a7e95ba7a1a9c9e6,294,15,6,309
754a6b996114a4bb7a8fe9692a87290f10eb9285,47,2,1,49
6b8fcd35db605f249e8126051babc4ac2e539ba2,8,2,1,10
8a95b1fe4ebd8605480db300dc051eb404db2bb9,118,5,2,123
64f469bec7f67f3f63b78e8abc6cce1dbd9fdeac,644,9,6,653
b7e4075939772b98e67ee34a37fb3c2129a7bdf0,228,7,1,235
69a74ce9c3ef509ab8fdb947bf110bb7f51c0aef,47,5,2,52
df309fac77c04c23d586c3c7701afc60b4d8b339,147,5,1,152
303645acc9dcad81984f7cdd9f26a736809aa6bb,7,1,0,8
e605d9c9d004f2926fa1fd271f9d09ea370df3bf,771,11,5,782
dd716eafc5da45ae39f85300ab62c63ef15ee55a,279,13,4,292
53849ac45757a8b915dec3ff912a5e7e7665f18a,599,26,9,625
b55e9ce16c46b630bf9295b011cdcfd2b250e5b3,217,3,1,220
2bd305d3aee25a5d15a78b3df310f552eaa87dd1,119,7,3,126
b9d35381a62a3e31be966c6e19bbfd7c72151e00,29,1,0,30
8f70ba9a20d941ccab9510d298744d1f04bd71f2,76,3,0,79
8fd966f7fa2872701b79f6d9c48f7f234178b750,35,2,1,37
e46e50212ef05017d0b40d5242b346ac463d1e3e,18,2,0,20
3a615dac0eb8c29fab058326c9c5c8086d4fdacd,78,34,1,112
deec67b4476618803f1051b3a40960335602a8bb,83,2,0,85
59c3a3d97e6a93f0cd6c712f3257cabba48a8d9c,39,3,0,42
ec66f35ae3619afee6b86b4c254e163a8d5328bc,130,2,1,132
ed5ec762e45a9b367af129d339b9a0d81de0e17a,186,2,1,188
cb48e0f6c42bebd3b43e9fceaaf4e7b2a293ec76,11,1,0,12
1ef048fa2d6ad6de566b1435880e3fe998839f59,39,2,1,41
5d55531be109bf3693e835e7091488690182b79c,50,4,1,54
a821cf3c5eb61cd71d456f3dc5fa4da6d5a04dbd,11721,45,2,11766
a617d00192791090dbf0e69d8c1a46174f9d9d4e,34,2,1,36
f60601fefbfb1209dfb6e74a9816227aa9765dfb,113,7,2,120
875da32324a4d0beb2cb24e0553c3f622acd51ea,175,7,0,182
1cd7033782a95aa369d0496f5d2e386649efad40,13,3,1,16
928a0c42098558e8cd951a641911d626543473d5,103,4,1,107
d14ba146714921d5f8bdd4b2b5fa44ddf2d66950,39,2,0,41
ddb75cfb8b067a426b529720f79cc8ecc73511c8,4,2,2,6
7daacd2a582d65fab6cdda35d73df7f46b70efe9,579,8,1,587
c8e115bf6656e2444bb2d5e098a20dc21a1f65ed,9,1,1,10
248d9aad876ed90d308002d24f1e7cc55111accb,225,2,1,227
06498732741ab7d7162cb85c4741b4e25187275f,84,2,1,86
ba54cc3b7baeb0a4db500234953391da0be7b176,4,2,0,6
4d8e28fad12b47d54d5f5f5cb9a6502b3a960d6c,2,1,0,3
8c135d42529df20d5bdb8fb3b43d06b224716a2c,4,2,0,6
a43b1ff1e304dcbcb90e277d998477fa3e5890d7,49,2,1,51
3a2eabc6a7402da24724a607121f0ea0b78b6777,31,2,0,33
eecf3cad2626d0aaaa44f383e25f7a5fc931d9fc,298,5,1,303
70f4800f2ad3a405776ac59be813e1e6520e47d9,18,6,0,24
9ee06f3b6b0695afbeb02fe133871ec66600cd0b,79,2,1,81
bd291f87239c05f3722bfe1796da22c17a7c5e02,36,2,1,38
8080b28f5d71d037752362f511515e2d9e064cb2,15,2,0,17
762ba37f69f314f5463eeb5e7e8b8a4a28c8491c,429,15,2,444
486abb0c3ad1d9ad6d3deb1af2dbe73da1968970,55,2,1,57
4307f89f857a36d157430c31ff68f20ca8636264,35,5,0,40
b83e3315ee3c099634cb2faee074faf8cdf7969d,8,1,0,9
312131f096608e3492d1e99b06487504edc7f975,110,5,1,115
a0cb4e9083b79abf0fb88af8545d7f6b76f1c88d,28,3,1,31
9518b438669125655b4a53e7586e862d7eaddd77,10,2,1,12
eb82cd9fda9ea9ebf6a026f50d5134445debff52,7,2,0,9
2a0a41637ff79a31062065456527b2a755dcfe9d,52,2,1,54
0acdbe30f71b40ecd19288a0a9b0e4996186c67d,2,1,0,3
471496e87c00b38d74370136bb7fef3ba7dc9f15,3,3,0,6
8cf5f7d595311eb36e32ba8f710771bd3cd7b511,11,1,0,12
737074cd057a7c531683d40e87d573f30fd03fe1,7,1,0,8
321d6b163f8404f3fa97b18fa10856aaa22a478d,3,1,0,4
5dcb19f4bc4726b24fb941736ffedb202af594f3,6,1,0,7
6924df21aa76a9c658134db49075f5bdedef055d,55,2,0,57
69e36aec83a830f09eaf66c6b7438c0099ef9de2,47,1,0,48
d36f29ae0052f930394e52f9e169cf8e78ac54a9,72,3,1,75
d6e62f27e47910d78f6b425ebf96ec05f1e083ed,12,1,0,13
95b7787d2acd6181ff9c1a6df8f3f2a31a4a5b19,2,1,0,3
2575a52b7398895cfdfce06e3361344f576b9fd8,2,1,0,3
2c45bbd37a80a7c7030c5c0c52017171a93a4d73,216,3,1,219
1013849f85fd110133bbbeb11022cbebeb4655d3,182,90,0,272
c87268bacc4536da69c4918e9abc2f6a83db1afe,6,1,0,7
86c1a96259604d33104a96259d4ce3e921bdc9bb,49,6,0,55
188df42622ab6aa6b4ad7a42a5a77d6fd14594f3,55,3,1,58
ac8d8f085ea7d8d70217b8142a7a0434c4709915,37,3,1,40
823d4aeec02c75620ce7ac082fe2e9ddf8afb291,2,1,0,3
cd8849314b5d2a516d353554f9a1d140a36a58cb,2753,120,35,2873
cd0d5b7a6cfea4bf75681bc4c190def76f69b137,223,19,8,242
7f05d4962da43ec11151f4a772da4e5bc74805be,2,1,0,3
d772f41b846daedac7d5d9a49c8d47eacbde755d,6,2,1,8
3a18b13aeb729e98807e21d0efaac54c5483193e,64,5,2,69
242aed4e29887197b378ddb8cbf5a466f46af3a5,2,1,0,3
1877e776bea8ea93a61c3951ec961e5901d63fc5,2,1,0,3
9407018829fb7b0fcb2aad33bd470b29bf3f9132,2,1,0,3
624a62ec1a41fdb4f7fb2858a4b9c665cc769874,2,1,0,3
67e7dd3589d562cf87536417c57aa1ff8dbf4ced,244,15,4,259
50892c4bc6a1ffef13c46c9bf0af6384097c7835,12,2,0,14
828c29fc2de40e67b78f26aea350c93ff62dd2ba,2,1,0,3
52b9eb7c098a1855f750511274c9b7d7d86856fc,59,3,2,62
87502b3adca5d162b77e4aa057ad36777a82151b,2,1,0,3
ca202894f3e83b4e49f131b320a656f7732d8c5d,3,1,1,4
c04efbeecc4831ec1b7075cfc7ca06527ef67897,40,2,1,42
2426bd493feef9fd6d3f3041cfbaea7503e4c15e,148,15,5,163
4073660cc307fe3f769ddd3f521d15a3b50293ec,93,3,1,96
a29223a58c96947bfa8e4d61bc0f9d558198bfe1,786,23,4,809
fcaf700a205b9faa3b02b5faf1243d702c09efcc,183,6,1,189
197e92a7b8be6d3de0fbfeab8c45c10507edd0d3,4,1,0,5
db03ec34f18287f8bc833e881e445fabd480dfa2,2,1,0,3
df6dd3afc2726b03e66f2c7f74dfb079652364b1,3,1,0,4
ed91811f811ef15c25bc8d5c8ea75facd4490026,1258,19,5,1277
848689b0b0e8c6a969dd5bdd2f85d40cf4047a73,60,3,1,63
5b4040ffeb6c0fee7a69b87ae83b54077b0c634e,116,7,1,123
cbae31d384f2343f9af4f1851f2fae60c82b8e56,656,11,2,667
87f80c9f358175c1f4970d082ca5ba80edc84dec,118,2,0,120
69a92c2d33d467b855a397444a103e82f7e566de,580,27,4,607
17130f451a7165d1e3b1d767c09c1bbf23451f94,20,2,1,22
f324039c9241d9bb2ba7a50369c46e6144f18812,3,1,0,4
4fa244ff37ef3cccb366d821a798c0db37bbd31e,93,2,0,95
68d44a4e38bd7256f7aaa4d5ee1237d1421d27d0,4,1,0,5
2ddfecef996e59ab33e3c578d9ae11ef041164d1,2,1,0,3
c4699b994f5d020c6613970595f8b4048d892426,647,10,5,657
a7eed67f81799f2bba24d7f22aeb49a893d6a526,76,4,2,80
0eaaabfeb71345379d76f71754fa064d2dba5e1c,44,4,1,48
c16d597996990ba3afe443c2aebea54cd925a1c9,63,3,1,66
0b6bf4f852aa9c0f5806d9ba4f3bcb6a62798900,190,10,3,200
69bfd417263e62dd37d69979b627561aa2198573,41,5,1,46
c60ad2e5a33ce5b83b39366209c82d1372315ba4,2,1,0,3
3163401292d0640a6ade44d77cbefce1db8d9f10,99,6,1,105
2c7140ed4e4231134f0a91f5c99fcfe321e8611f,45,6,0,51
08ba70c4cc16c7c74f9f792aa779f6dcb18392ae,51,14,3,65
d5f0c377812a96df356681e924be983bbc00608c,2,1,0,3
3b63b9851937b484546d974612e6ddd3ceaabbc9,180,6,2,186
5b6f389dffb9319f13a707b2f38340ec3682a612,2,1,0,3
1b177a2638126afb5280ad5c113e901e42fec375,78,3,1,81
7ac870f16563eda499b7eafa072bb119f4cd5754,231,4,1,235
b15685c953f8e7763cd4770b8457d263951eca66,4,1,1,5
fc48add49a0c6015247b71ca118c90fb6dde347f,4,1,0,5
8c468b095128ef9dd83e08d80e45a4c3db2ff44d,95,7,1,102
93bceed9c33d8e63cb48bdac86d9bc98fca44f90,310,15,5,325
e2bfa1535317186c3e7b69de188f998aeb864431,92,3,2,95
ce523efddab377a6a2067f88f4b587064914a4d2,2,1,0,3
641d0a4cd6ee21fbf303af3dd21e5b91753318f1,2,1,0,3
53d9456dc7ad725c30b73b38a52a751b55ae0dbb,3,1,0,4
02763cae0f3f148f089d7807e49184169d2d258f,144,4,0,148
6cdd2f0589e44bb464cf03f4e6848b059fd9c113,298,21,2,319
aa8e1531f970d5477d60f7ea2c669657b5bf077a,206,2,1,208
31485649e6ea11921b97dbbce5672d5eef5bf0b9,22,2,1,24
50a0552dc428069f396fe4926f4bff0e97372cfc,106,6,1,112
d972cbbc9442a8d88003926482a83fdf41629eb7,6,1,0,7
3b365bfc868d8428f6a69dd73070d9321903102f,6,1,0,7
262ba6f29762f05239de762e42bd5d065b6f461f,2,1,0,3
295a041a728444d1a1ee7b82104dfe387a704929,2,1,0,3
52c586587c512fa5a72eb12f2df7dfa4ac8f5ec2,2,1,0,3
167bc5268fcfc3418faeddbaea06ce4decf926c2,2,1,0,3
9bd8afab5cca536a3a2831477035f5c03f41fa35,2,1,0,3
43f4723ea2cce745c4916721155cb962dd04e855,115,12,6,127
13da40cdb66c159ccd65637164f193935ce9681c,6,1,0,7
d0726adc704aabee5475875496eb5ea1421792cd,6,1,0,7
c65a01daca72091d0b6398e0024d7c9274a74b10,6,1,0,7
f6d190d7a1339eef199e26d9b053fedbb9dc4dcb,72,3,1,75
40139df79cf5434417237d115984a341236c1a37,14,2,0,16
32ecc76be4bb4e1728fb9acf537a5a619dfcd7ef,2,1,0,3
4366185351eb0dfa40d1ccac4a0766bf707bd440,2,1,0,3
120915227d1b44e30ac8f0d9924675c854b8ce4a,50,2,1,52
ae0fe4606e56aa5ccccb63714504c6951e3bb1c0,1,1,0,2
82cd96d99398cc9aad86596fb65240ccd0244498,373,6,3,379
07cd031e1ee2e6be14308749d61cb5a495a6fe11,28,6,3,34
d51173a83e364d6eacf19d9ac8823ea2afb807f5,142,6,3,148
255ca75236a415e72ff506546135a660708bf6a3,36,2,1,38
5121758bc86d53c7a41314486be1d5d9b5e074a4,4,1,0,5
28159cfb26c289ca87701c633be643cdbf2b4357,5,1,0,6
78a058900f17078ea3278cc41bf8cc9540ed4415,950,16,5,966
66012400d4bf1e850e80d17709b8ab6a07f91a07,525,13,5,538
2deaf375b9f7869b3e72982397eec34785378c40,61,4,0,65
32f14e4709320c9dd1f10ebbb1a6846b33c2541e,368,9,4,377
d63507868b1ebef8b1337650a0346250647d47f6,473,10,1,483
eaa77e33ef0c8c883cc220e18ded06ef6789e7d9,163,6,3,169
71e073fbf94bbeeb62ad087f90a9e4968aac107e,199,7,2,206
b7f9f2149333460f4e870ccc1ed23717d4ef0ad5,190,4,1,194
c6fb098ef1b4c4dd2806b52a2bbe5a6904e97927,9,2,0,11
428804e518d3b0078b32dd34df39d43a98602b7e,44,2,1,46
634a25d343d70c54be1efcf7064195d12f5a5550,12,3,0,15
3b0c1bbcc1456b872dc32eadb556085d4dbb5b97,10,2,1,12
f4c2981ea22f9fea28c90a5b33cecdd95561918e,35,2,1,37
e46ec513a2f1d8a14fd4e08cb8a868b05756c5bc,61,5,1,66
14f57546c12912d99c33da574ef387b2b501138d,10,1,0,11
7496c39dc72d7eba4643d7167eab1aafafc9685d,24,4,3,28
a73608cbd61d3801760ce514c193329d641bb4f0,8,2,0,10
d8d46d9737c9038b071a2b39809c18fc92e20f19,8,1,0,9
c47a425a6a70669134716ce552a7cca4abb12dbe,196,14,1,210
b8a0185d886f87dd5d5f7305c8b9fdff66c50f52,42,11,0,53
29efc4149d461938bc4c517bec07b95e704ef5aa,11,4,0,15
2a4bba1638fdae3c39da1c424bd32da501afae0e,35,2,1,37
812fd52e9af3cb3b86f60adc5791ea6d21808c3a,8,1,0,9
070ccf3cc62761c33b41dfee7679f22e58357a46,12507,54,6,12561
ccddcc8df1b4676c692fc1b1bd4093e4ffcef2c2,22,5,1,27
693455fc9ba6da6f7a01cb9cca90d2005634d586,22,2,1,24
ebac40dd4992d0e7fd7bd1ebf622a041dad2679c,124,8,1,132
a2a8adc3bc7c1aced84347ff181f62b4486d9d37,11866,55,0,11921
258c4e45c11b16dc49be039134a61ba743aa2095,447,12,1,459
38d0c329e7920915b6879c7a6820211c9b06d575,2,1,0,3
35a0106f996e8cc77dd0669ccfbfbe91cf90e121,0,1,0,1
6d3f960b54fee520b2311f614a073cc8c2592403,1446,28,9,1474
daa8384d1c08d9e632b7e87ceed732fbc4bbea5e,10,2,0,12
1cc8cc6700d3012ee7e937c9c14463dbcdc7993d,607,16,3,623
b35270dca76416ce44523923a2a7f7bb39402fff,2,1,1,3
041aebf26e8d8b4c0a3fba367688b4447085e4a6,5,1,1,6
616a4e06e8c24c6ba65250d4f853851d6a7d81b9,256,14,3,270
811888face674bf94ab58b0743d29a3927d65a56,2,2,0,4
e2a4779345f1c039e2411f2eb573990b85d1e00f,18,1,0,19
a2e679024d5e3b5aaaa38c32cc3b96358af5e559,72059,64,0,72123
618e7e10db2076c4de4aca19112c2f6deb8bfc09,49,2,1,51
096def73176ed40e73e69bce627975cf686eed7c,2,1,0,3
bc8fac953228c28d9aec57b2a3f44de3bc16451f,3,1,0,4
835acd72b81c80f45fdbca7448fe9164fe3e5259,2,1,0,3
b8fc2c7989c0a4702fc5c1836d0e2988df5e958e,179,10,2,189
1a620f90f2552a3644706952b09fc53d0249e8be,1832,6,0,1838
3493d7520969434f31979aa88ddec7cc29dec7fe,4,2,0,6
2e1155f96288fbc0a7302ea9cee0a67cdae99037,2,1,0,3
2227873b1eb8e6c45a3908aab7735c1c348eded0,12,2,0,14
6a4d5dfb4cca531a3adda0e6330cc806d0192249,1248,31,10,1279
5fcd049127ea275d4819a780ec0fcc4c9d4862b9,4,1,0,5
bf7abca058f1614756aa928ddada8860d9b1677c,35,2,0,37
f9f336ab949f967bdd1fcd46b7d87501bc4c74cb,6,2,0,8
5a70e628a74de26cf4b2370443777cd58abe64bf,351,9,0,360
642b224b1de74c3b7f0fbea28cc4b4f1bf826f6d,9,2,1,11
481c8db838884ba9842fc1f7d3f0f4cd83a96164,52,2,1,54
359f12a1a1f5f0e3386ca9838d5409caf763fa14,14,2,1,16
dfde5c7417cfd111478df30c29f556fd31a2a7d8,40,2,0,42
fb685178890a5db337e7e69392ab4efc04ecf770,222,13,4,235
6e38c795647505c8892ac427432d6de9b242c6d7,6,1,0,7
ac3e28fe92b69f7f2e282805dc5f1d3f9add88bf,6,1,0,7
93ed57d5d71a6fc3d3c5e95c3cb7eafa483392db,6,1,0,7
f3c9f9baeaf420de4f4c591451742e0bd5b91dda,0,0,0,0
f555baaf3d8e78a089fd83dda2c8976e305ae016,6,1,0,7
5cbf11a4c75a25d96b2b06303ee23ce61cd6ba68,6,1,0,7
58328b6bddd9c39abf790a36d8ea5cb343cb1754,202,4,1,206
dd8b0e700a8d0058a18703ab419495850f33b4cb,190,94,0,284
e9b3d9e5005d2bd40f5013b508a84a14c8ea31f8,97,4,1,101
49983cb3b49655488487e13da40191a73ff6589a,16,3,1,19
c5590282608ab185808f5a45bba21c07500361e6,29,2,1,31
aa22316072d77efa43729a2a7a07b06964dfc053,6,1,0,7
383e045269537b39a23afeff545845bd8f43f8c6,89,2,1,91
bfcbcda46e76081d693a40782d185f53edb0f4a2,5,1,0,6
c06874cc819cddd422cc30f227cf0282c402c970,44,3,1,47
e5427b1a3aea9f31cfb521e2d9845226169570d1,1,1,0,2
3408180ff63afb5c79eacb2c9657c2162c557aeb,297,1,0,298
6512cc8703385d7daebfbd434b6638eed1b609dc,74,4,1,78
d5943c6d0bb29cf9f82882fca80c1fd64b103817,2,1,0,3
698388eff9d46d34165a414aea310108b6683c23,4,2,0,6
4a8c14b30ef5664a04cd0a6f59278f09f9309c52,4,1,0,5
1b54d520b3ba0ef6d1e5b7b816d3ddf67fd2bfab,635,13,3,648
c81fb094e7e140c46ace11c292108053604f127e,57,4,1,61
e49444249bdc22afb8a1f717bf59dfaf8eefe67e,11,1,0,12
1672a7474bb9210ddfe397575c6fbfb34a2a3389,30,7,3,37
45394aa590af4b14a874ec49340e450dd20611d9,4,1,0,5
b2bc33f3ba02e23066baebbdd2f6dde160ecec5d,204,6,1,210
ead942b837b92d0369400b6e36c55fd31e657dfc,72,1,0,73
7dba8c01bc3a966c7cabdcad26195d169026ac9a,17,1,0,18
8d0564b1d60214ef3e1e7bb9111ff50ea5bdf776,42,1,0,43
4ee5073bcc8068fa7989558d8b6bd8079684bd10,82,4,1,86
82d6d603933fd012ad692c7cce729f9b03db1208,93,5,1,98
2c339f746236599ad8dc1637133361cb0d8339b3,57,5,1,62
5ed96ecc04c27dea41c21bfce12929c1c29ccd79,9,1,0,10
cd0ef17113caf546ac0a3ec32f82acba42959c2c,21,4,0,25
989b99f33d5e0ebabcd7aebd5bfbcb1fe382c5f4,4,1,0,5
1d65e691c3b0627924bf541ec9f9dcfc40c6dc0e,19,1,0,20
017242ac73724b930102a82fd1449f4e56d7b84f,20,6,1,26
6b5de546edbf375046f465f2da836f90514d44b9,196,5,1,201
8f1fe56e1a48b40e7ea3b41a34fb48dd586aad84,36,5,1,41
2886e70ae9ba7ce2a634ce5164f8383eea574b29,111,8,1,119
dc00e6794c1dc4cdc9c47f35a0c6a27c1136a69c,236,4,0,240
8bb882d7432709af2844b8acdbe939ac9203225d,59,3,1,62
1b2424d6c13480df40a654df5ee524083ab96943,3,1,0,4
82a31c5cab3b8078162a6d0c1d76ae22be4a1d5d,6,2,0,8
e74e0b293127f7a43945c66eb1d3bdd4f0bf0891,53,3,1,56
024897d8d4ebad2cc5e1b199e485b5dbc39040af,4,1,0,5
74883eb1a383216518d67950368337bc2ae47073,89,2,0,91
ab2749bcd719dc23965ef44ef8263842314e83e7,23,2,0,25
8c4db7a9c46dbb9740141240c5ad943defdddc72,87,5,1,92
1111d04ad7f15627b9d034d3460cd7698e88e72f,47,4,1,51
8294730b4c967e0760914a6ac01945c8974beae7,3,2,1,5
c46cdc9d95cabc4a978a21e9b750cb911f7f2771,2,1,0,3
6eac567fafd01da0e7fd1e10b60b5f052c8837c6,70,2,1,72
733a82fb3456b02109f8669b4dd79a429f3f0845,69,4,1,73
eb683275d312e9656f76767eb7928833c48702e9,68,6,2,74
7d18bc4fad938aee6fca4d114ce15e21dbaa8874,3,1,0,4
69a1a71644e5740c82e8ef45de250229945d2340,3,1,0,4
dcbba884a1f33215fd4aa38c2e87b2b48a0b802c,39,6,1,45
b9b7329339a9c5376c51cf87abf3bdf2c9f05198,12,2,1,14
550bcc401a6cfe84a88778ab13f1a22504c83abc,8,3,1,11
3f3a65baddb58e4ad5d6bb0c0aa1d039fba688b5,286,17,5,303
3af43b73cef94481679ec42157a0a07d227f586f,92,12,1,104
1da5edc9f044a83262f485e2cdb767384a92038c,166,3,1,169
8e7513a66c6576172840c89ef1c3e576bec0322f,1,1,0,2
c49302a0f7ac27f92811d4d65cdc76da7077f5d2,692,26,1,718
f91385662a09b1014f1e1935944fb55bcb47f0a0,512,23,4,535
01361812f852988681bda05565b9607ceb427b38,69,9,1,78
895022c4539a81543f5f0e946550cfc3feff3275,9,2,0,11
ff6bcbcac5c5d0e8f00f4944207975f5b1bfeebf,29,3,1,32
838dcd837217d55c2568a715dc992ed53c6eac9a,294,39,1,333
1eeaf7315372bd7f8592e828dcac61740ba64581,29,3,1,32
01a422ebfbddbefe3beff4e8ae4d0169774f6211,16,1,0,17
eef24f4ae652240360783fe9766e9161fd8bb4d5,37,2,1,39
34a76c39c0b27e48801715a87a2ff3376bef59e9,4,1,0,5
fbed6e7cf095f3e5f6328163de15e5925544372d,73,9,0,82
03064bdbc6ae19b911f2b004778256f85df048df,113,2,1,115
ad0ea7d4c7fafb5ecc4fa348aabb35f1221fbd19,34,2,0,36
672b3cb94b93b9db256c460b8111a45c6b9a1422,18,2,0,20
bc4d5486bb1b60728a1c6376336a13c627c5aa5b,25,3,1,28
7a5189a7c0c51f3e2c0b9cd2bf03bbbbb4df0415,19,3,0,22
8e55969f3f85ac99925842744c143f7e916f784d,575,5,1,580
6ec81a08c0173fad1f25ecc53bd2a8cf3eec6f21,58,6,1,64
d569373582b800c6c0346cb25e5fe5ec06054050,22,2,0,24
32a8efddc1b150ad2e23498debe246c676963d52,8,1,0,9
c4f77c9a23cbc839ca5da90b58e0c517377b7150,193,4,0,197
e888ec0cb71bd3ab5c02293639fa858025f9059a,359,15,0,374
083dc8977fcae7e6669670412d62061a599b49cf,436,9,2,445
78278bf623b5cbc7d3c578d18f7c47e0e652c8b5,68,4,1,72
7ee5c8c0dff655a426252da0a45bb2206b6eccaa,12,2,0,14
3031669533d233f81c111e75e8773e4794581a5d,12,1,0,13
6f89529f0ecec8b6021eecfb814d7d436b4251fa,112,2,0,114
