hash,lines,files,num_test_files,commit_size
576c709724551a5122ae9b9e314b6c400f5f778d,4,1,0,5
a8c10efccf35977193cab80b0f17d6a2f7d066d9,2946,45,4,2991
f3cdad30930c2cd73404804cf4ceeca237509a2c,6,1,0,7
24028799609ef606359d6bee39acd34d8d67a067,4,1,0,5
dbbf9443ffe219862c9744806f34deb2606d21c7,2,1,0,3
7ed952872d68eacc02d5a13e6b6ded4cf8babc55,2,1,0,3
5fb63e9a0743a23735f5b6043abd202a85173202,450,16,2,466
741c6fd77e6ccbebf47eacf021e68379d5063d53,138,1,1,139
a1a04d51312b169e5f2576c146351c67366a6212,222,2,1,224
9b68b394fa8f8b339db1b85b5eb1ab744c89ca5c,553,5,2,558
34124edc109127e0819d859fce91df960256571d,31,5,2,36
968fd551c58a091b5b13387038c57b15035a198e,722,15,2,737
c4109e21cac4743062f15d800dbec8366201e98b,39,2,0,41
f689f90b485b23c0cc5076088093ec6977358d09,7,2,1,9
82e0324ec300f370d5416e8d60999c910998dc58,666,22,3,688
5e9556105c37c4fa4073a7680d8132fa5c9f261d,391,5,0,396
f2ea25f2097ea0359e9e4ba0815b6f9a63b3359f,10,2,1,12
d1ceb2609f60f98a38c4710922281325630a8888,2,1,0,3
da7ec4896ec365c7778223f11d91544afad8f764,830,45,4,875
0b7396243e0e695dac144d0ddf7a651f58e35e5f,3,1,0,4
7b988569482df80fc88053e0725ed2668f20644e,1,1,0,2
e6ecdc6c4c2f477cefdfc8fc3c1f4b6a2df1fc0a,10,1,0,11
cf5ba988c56a2b5166dfeaf13743b9a99fb4a552,5,2,1,7
ab7df25a4794a18377d034e7776505bdc7a4eb05,9,2,0,11
2302fe4656a799d20e7a86aee10459eabdc82a6f,2589,35,5,2624
575c221dbdc572bac7c6c7219cd172f12f62964e,118,9,0,127
bdd363578611c60a10d970323a0e0e60281fdaa9,324,13,2,337
40d512bf0ff7aaba12f6eb13acf37d760535572a,201,7,1,208
591da70b6153261c1aff895dce6f629e997a2966,1023,32,5,1055
00257682aed55ab3ba05ee798cf38b56d51ecf62,9,2,1,11
246efae86ecfd6a816c619c501b183a0e6dd9190,1655,23,3,1678
527beef0aa1a42872eae1c9378b7bc4822468ed0,600,40,7,640
11b8190df05c1ef61a6dc677db378bca62338062,5164,71,0,5235
1e7152b65092572a7bbe7e58dd18e163fce51cc2,2690,32,6,2722
9da016d3ad52385ba0f99f0ee5290bdae785d584,3224,68,0,3292
71b7b11456f677e17a6fb7ca5bce862257c12048,90,2,0,92
02b40db07adcb0c382de4b7bfa4fc019d4a06fa0,356,13,5,369
38434c66f24ddd47d7a0b3683e3fcfefcadbfedd,92,5,5,97
f84fa2786b1951b81ab39f62a42b194bccee0dca,80,10,5,90
30e3849451d4734bc776116316ecd547612743d7,142,21,6,163
194cfdb45655637912375271ea1dbb15a2bb24aa,59,1,0,60
e12b27f08595a0696ac182a81623c78fd8deb8d7,489,31,5,520
d0806980aaed917ab5139533446449af33602a30,227,5,1,232
da419bfe8ddb40261da15a88d5dad6520ed91ec2,5,2,0,7
9f9b23d3855518e54e88567b88a2998d67247df9,731,35,0,766
9c34678e5cfd2e228664261b25dcce8033ea22bb,79,8,1,87
525d3aece83ed9a0d46ab2c0568277f6345bba91,94,3,0,97
4cd5bc1d011e44d43b3d25d3ab20c3f7d4b7ca83,41,1,0,42
063486db8c7112f8790527b6c24e98198760d5ba,12,3,0,15
ba06716ed8eecd9ec7d2ac7d8afb3d3f4517533c,2,1,0,3
46a3458add4df4a325d804c37f60f8866041fb4d,91,2,0,93
4bfca1f14f549a6b116d25fd7aadf257b746296e,92,10,1,102
1a0284da7ab5fb84644d4066b376bec6f3f582bc,24,1,0,25
94781b0e7b3c0e7d8c3e1b642f1fe6cc45fe9628,22,2,0,24
1d40ac2d53558a5306b9fb9425db70dd4c3e6313,93,1,0,94
c2ed3ee089da179c16fc49be0078f564a81d973d,293,11,4,304
3b447a60e1ba41f06d469dc24979479619bd3d7e,290,11,0,301
32bb525182f3e847ad9714d10f5788b214d7e9bd,92,1,0,93
94c10a25b4a72de745b314e6f5655de53f5be6cf,752,36,0,788
33525b8c798ececedcf394a265e0bc7250f54706,3,1,0,4
fd5bd4a8734b9b7bb1ab983ad1d3e61b87069b93,250,6,1,256
3b8ad08b3c0b40221096f5db00e2b1524dbf9315,11,2,0,13
df97795af630d28c0d884dc21d40a731e9e20d00,332,12,0,344
e2e3eeb5c02895d5737556bf96c775e86b740a41,379,16,2,395
76ded4f933f058c4299384cea192dda0677fa18c,11,2,0,13
f9be51e8f8615d5e1b59c3d025cd8b12365c6bed,332,12,0,344
f070939c111b00a6dd7178e4d03935ab58caa562,384,16,0,400
130e213b8bec04b7691e100450a5bc1d7be169f2,789,34,4,823
4fb9a480910ab56af1de975e2b48aa4dd0431866,811,22,4,833
fe6066bd2defd83af96c6416e1d06273278e1b6c,136,6,2,142
b507f7dd6f56971f3ba6cbfab786a255e47451c1,32,2,0,34
5271080cd7c045a0693e5358bdc90d4f34cddd6f,1836,39,0,1875
1243fcc58e31131e6b13491f9fa1d126d6422e6b,150,10,0,160
06ab2ed602ab7172a7dd55b35830b785ba737eca,547,6,2,553
fbf8333a47d71e054db84334d18747f565ff9731,5,1,0,6
87744511868c1c68c4ac6468f9eda84bd319d37a,313,6,0,319
0094892b0c7b8466afb50f4296309a83449fb359,10,1,0,11
27c02555d97e41eb635b2441da69a36b940730b4,262,8,1,270
ffe80dde0f3eb13cc40ec5c3efbe6ee8cb556b84,430,17,1,447
88ed7fe5cebbef0dd1cafab50fe72354a73e5e86,1569,38,5,1607
af992f3673cd06e4353354230f78deb674161322,4,2,0,6
4a372bce138cce95a72f9d4b69ae37e434d5e27e,1554,38,0,1592
ad3b4596d0b84885f0377a0cd9ea6e8d983b3177,1569,38,0,1607
40b0cb333cfff0fd46c0c54cef0723f6acc87277,554,6,0,560
0c683e1d8b87d73e86255216ed026a4692e0274c,1,1,0,2
bdc5a6e184f02ae130bbd345e8fd69b287a42957,20,2,0,22
60ca3a314385323d4f991c80ba1f49962492d324,0,3,0,3
daea1fdea6fd56cf80cbb59dc4285483f9d89969,0,1,0,1
bce0f0d01c5ca92ac1f76d741e60701ef87bb12d,19,4,0,23
6f4650ad2149facd860ed6977cdd095f42941159,35,9,0,44
48ef66b4dfbdae93218f3886894f3ce4ccb7fc99,14,1,0,15
c73105c4c37bef5618c255b5988ebc29166c7737,51,5,0,56
4c0a1f764024574380636bb612b65e3f6ac9fd12,498,10,0,508
0549961a0e4740d628a493dfeaaad37f6531c73f,19,4,0,23
ea3d65e9736d742317b0fc0a3f328478ffd09c00,0,1,0,1
9385a2fca031b0c5dcf681172e151f6aea8e1ac1,517,14,0,531
ee02094ff08af675b619412686ef55dee6c7e09c,417,8,4,425
9223ad517e9d42434b9ceb388154afb472c325c2,1066,22,0,1088
817b54b4cb6bd96e77df5879fdc02fc2f0e73d10,287,8,0,295
615c23c3c573109646ffcc5e244e3cb4ff551328,169,6,1,175
b23e1f64bb362c838dafd18f324e23425e2b25d0,120,8,1,128
e186b7dcde95264a2dfdd2b179a23e1e2e4861f5,73,1,0,74
73d4fde0e069b31efc63e2a91a1d7c10984d9db1,437,7,3,444
0f88e2922f930a1c4486dbe8a7aea80df5a4dd7f,93,2,0,95
104b21971a95cc16042f7af2df55321ec45d63af,11,2,1,13
7133e58f53697bd544e647de24ba6c2c63a20a68,11,2,0,13
c4a41dd9e06334829a3d0ddd8535a8a7fa7ad0e1,153,5,1,158
072db3ed0a02e5f5476f5366eb4b654e837c3d62,337,14,3,351
48f0e8f83705dff3bf85bd4be91309144c7fa0ae,178,15,3,193
b6f0ca6b2b764a5697f05659626206fcdee10954,12,2,0,14
eaf317134352cf0c3309f9b747184ebf1400077b,286,9,0,295
4e5da20979304e9005f67bb93cca165ef9ed6f56,43,1,0,44
27c93d0622e49ad44d4d1c2a10a0a11c4ae1b241,120,1,0,121
8f2c7e598dde293312f6d1894affb7630bb62591,77,2,1,79
7dd9300aa63c3abf783ae5d8046c4bad8f1ccde3,173,10,2,183
e7354598b543a3f86ca304e07596d08c27d1660b,5,2,0,7
5334a2d7933483d032c914fa2dfeb269513b574e,120,8,0,128
11b6a8f09923617cd54bb55ad3216972dca00d8e,1298,29,0,1327
eaeff045457b3e31fd556744b2c134fc9cfaae61,717,6,2,723
c4c6991f1afe6b252a96794cb951d66c7890d656,479,5,2,484
180222e874d74fd26322786d612a418866fa020d,20,5,4,25
eba3e211269dd85265afcfb9af7d1f753b88b37b,291,9,0,300
f3f02f5bd5b0e36c81ee99ba04fc74a74cd0ba6a,719,22,0,741
0c3a1d852c60d52073aff296f39f8ad0cd87ec84,550,15,0,565
1954277c4ea81c9a748131b206f9df8ba69b9382,16,1,0,17
fa4c4ba7f075586b7eed9152bd7ea231c873cfca,2,1,1,3
d68307e877b95dd613fd1a6fe4479b87ea86aa90,311,14,0,325
448e8c8d09c1b7a01185fa83526c071d2348c564,119,9,0,128
faf756e88f6faef5526f8b2bf736ec0ba8d0b488,2,1,0,3
758bb8bb614c5efbbdba87574d23918c93fe01fa,73,1,0,74
d71d754eee3773b072af89330b440bb8dbca01f8,75,6,3,81
19106d078bf2ceaa5217c15fd08e777111f9ec40,73,1,0,74
676c471db22d895f08c04c240d3eb9616e48b0e2,96,2,1,98
db75e0be88ce935f290b71ea6198c75c4a6a341a,87,4,1,91
7aaf6f95908add6f9a0ef0f41290ed82fcee6b9b,22,2,1,24
770cf4d97a1cc27f9f07171c3a99bfff547904e8,426,5,2,431
e5dec2bf0ca372aa7d4053482cf29c79ed23df7e,87,4,1,91
b896112db485fadc5ca86ee441c7357ed1ef3931,2,1,1,3
48d9105d1b5e845a1af037968c88dad6aa374b4c,75,6,3,81
ba0f9adeafb5891b3235bf52d518693047e9ce9b,5,1,0,6
d2025609870d1fb68c0e75ded650906dbde00c29,63,1,0,64
d18ec37597717e0d50fa1ffb9a57b5be3875ab7f,118,3,0,121
78cff39a42d414c1cd6b5b04cda6a92296b9f6fc,798,20,0,818
cd7117b691ab04ce75b5ac0835ab278ae6bf7766,4,1,1,5
fd93ec2d73451333100e1f06714daf76945e38ab,184,10,0,194
d5ea0450fa81f6f5950d3924c5282d55ddace35b,1,1,1,2
da4b03430c42cd6148006a1fa68b979f36d0789b,60,4,1,64
2a3d6af012ffcb649704e5d1b177322e261f5e05,285,2,0,287
2883f89341e2d29b33fc1687d07d6f965eaee796,116,2,0,118
b89750bfe652dd83c8feed49cb55e0e6b47c31dd,109,5,1,114
17271e7299de20b95b88140753b6e6685ecf7c6e,4323,71,12,4394
f25dfdcc0302f29349e6ad85ea4341320268b86d,5,1,0,6
8ec8a9dae12484273453a57defba7cac80b82f58,39,7,1,46
d63ded4da366c4d81f5044c07f087ada719055f4,597,41,9,638
cd9e8fe1b7aa65b65f71b0b2c297c49e6ad45321,110,2,0,112
3043e759f82d447ffe236f07722ae9800259bdd9,111,2,0,113
2e09b42cbdbc2a4a903c7fdf4989b6635f4bc9eb,227,22,1,249
be0088631c6253e2f8ee7ba3715f3ea8d6dd001f,963,19,2,982
6cdf6aaabbc05e2b693dbb7a1688e908ffe98e09,104,1,1,105
f3adb6e39ada1ee15879295d1379e890045d37f1,20,4,0,24
781f40f97c09807ed21be2c00dbd708708d5ad43,32,2,0,34
1bd47c349d5416bd2fdfd62ad603ea581622de09,346,22,4,368
07d7aa0f26044e95cef3749454e6f16fcf6c2bf7,24,1,0,25
867e24b84c57f768949aa385553c76f442993dda,13,1,0,14
9c7e5f57e92419cc255e4597444afe7acb2c92aa,181,9,2,190
18d5082bb927a3f55717a2ffeafa304e0d921386,145,15,4,160
04b60eebb2be71b8253b011d64dbc0601ca85de3,399,19,7,418
d8a18ce3cf48509ffda49f4838603037118894ba,287,8,0,295
2ea29543f34e957cbdbee77ce1795c9ecf2150a3,414,19,5,433
4b060586ee79815e4cec5923ec211db9dda3e8bb,415,17,3,432
113f8b8509072ebf978cf3934ebafa2239503530,465,5,0,470
372b9f3e6a61054528393bb4c4e7630fb17abeab,303,18,1,321
b38de8abc55fb2ee9068760c38d7e0e809c1c8bd,184,20,1,204
a62af63205961bffb3d9559454b9c289808333e6,377,5,2,382
15f6bebccc09b2af0908b34eb8769ddfd25b3795,110,3,1,113
1823220da70a749b88f97d7fc7f06eb7c1d67176,77,7,1,84
b598378e02af0d862bf27b985bc62ebd2d24b9e0,105,6,1,111
90f027efe123343a663e51e12d485ef7b302b093,4,1,0,5
e6ca25c0fec5fbf85a190092ea5094b0b10c0f13,210,14,2,224
08df187f82f3b3c0863c1bfb1096f0fb45ec599b,8928,116,0,9044
951cd2f95aee57fff6ab84594669aad12e8f4e8e,9036,120,0,9156
adcab26d8a80a6fcb6a069efa774b141e3eb19bf,1700,15,0,1715
33aad25b805a927f4ead3c7cbcfad39a518a87a0,307,64,12,371
73f69973d78bf1fae7c1aad661421b8bc955d20f,1075,131,19,1206
24c85c7746f26aceb17ffdf7394e620a079523e3,55,160,23,215
ac3a80616248e6facf9c756ac8d831bcf5e978a1,646,41,10,687
bd1fde90f05a3aec05f7cad24d90633ea680d9f9,124,19,6,143
51649183bf4c40f40b46bbcf04adb379094d7fda,2055,163,0,2218
4a0bb74123d353df85e4a29a26e5d439bd1a5993,145,24,0,169
85d8f09fa96ec16d413bd5bc01269fff6ed595f4,383,4,2,387
5141722756ae6a9f10924242f5d89cd9afebedad,8,3,0,11
cfdcdffee41711ba91109378605265200b2d9a25,4,1,1,5
c5a894a12d326350c7b169b85704d3b183283057,100,33,4,133
f6adf0b5e678b5aff29cc3eeef9b3e9b240c0385,1259,59,8,1318
78ff38c7e17cd5349bc92ccda18e7310c8e0274c,14,3,0,17
9058bae13942bb17e96ee5ba371b0013a58d473f,82,2,0,84
b2efb50d011d65644ad00fbbc7511731d9f8c47d,505,16,3,521
bbf7932d062125317c20f98e204a5d231ee491c8,9,3,0,12
ad9dcbe0a0dcf3b94de5e7be868a273c076c52ba,1073,44,0,1117
42c418c56fcea3a6da2471fbadabdb77f085b6a7,26,2,0,28
f2746e71fa579f5b56e055e8304ca292392e1ebb,298,14,1,312
77097b63b08eb366a2d667b41a73e87b401dccdd,2600,18,2,2618
92e93b16aefa348eebbcce6869746271d7b8b716,120,8,2,128
c5ce15e0a29b83566fc445d0d17dc40163949b62,75,5,1,80
6bf2661e6548a0d048c62c34564062598df43bc4,0,0,0,0
af20471a423684375533774320b874a49195d4f8,2633,49,7,2682
25b755958b1906dd3d4f6767a2008d8566746062,778,25,4,803
9c79b0876401264707d3bfae37362afc72445df5,82,5,1,87
ecf19dc3d917d124c33d463d662a1fb885bfb243,278,23,2,301
e8f8429e11372c04afffdcd133199ff87872eebf,96,7,3,103
d35c264e8f922667d9d04263df2e3b18ec9205cc,283,37,2,320
932695cbb394dcc005ccbff07ef9ab8c0f6cf5c4,5,1,0,6
07ea133db57bdfa32fdcc03b370f0ac89d35fd0d,30,2,0,32
ee8ec11a25ede3279df609ee1e402476d8b6d028,180,2,1,182
54dd652ef68572c3796efbbe636699bf00d3fc6c,72,5,1,77
0973e7dd05799d75a3907c0e27415b68310c90ea,2,1,0,3
c3c22a050d91af4b80974a6290f055d8ff49b401,5894,106,0,6000
003299e4240a1f131c4d1b9d3fe5f3b4ff9fd0e6,412,42,3,454
591c2b9d2bb8c428597091698f762155d6fdee4f,130,1,1,131
76fd1d8011bf4f125118e28f11f5aa5539f06fbd,209,8,0,217
962dd9e8bbacab7f86159da53f165fe8c569fd3b,212,17,4,229
7ea3721c8559b96683854edf1594059eb6deda35,877,56,0,933
d4a7da550acff516086cf0984fb4b3a3edde1b24,620,54,0,674
25608ae6eb4088a81a7fe4969409c30ecc81a7a1,15,4,0,19
ca1f11a04355eb7ea268492e9b9508e97f8aaf33,620,54,0,674
bf0bd5748dc5bd5a3bee3ad4c9445b5232ee7fde,3,1,0,4
b9463550d01f4b0118f725ed957e6e4354b0e4ba,1170,12,5,1182
5daf06892b533a06fa0d80c83006f84b74e429f8,240,10,3,250
668d74df8addad24ad0bd2e53a23a4ad07e5ad47,685,35,3,720
e1b2f29577a8f8a8b806c2e902ca65154f83eef3,4,2,0,6
70abea69a509708c3e0a51b9bc37f8d907617100,4,2,0,6
ed7a0673ab7beacb398f8250a9f21863f7ce424d,24,5,0,29
0703f014894119c2f6b488d821c4409c8c0519e2,2036,49,0,2085
45138bb6736ef986f493b2c72fb0e9a61531bee7,395,45,10,440
6b9366b1978f236f68e8bd8bf555fbdb5c82c8a9,286,38,9,324
e0dc2f324e555d3fe46665f2c02530b55a3d0060,756,75,13,831
6dff626ec8ad6715ee6cb085541e8cacd600e1d0,24,5,0,29
63949a321cda2c03f3b54ae74589c4b43d439ffa,1337,106,0,1443
ef6b02c38f37005bd41cbbf1ff8d4dbe6f699b5c,2,1,0,3
6e33c3d317965c8a26a98b79e6595a6b2062beb4,6,1,0,7
5a52fe124ab877876f5c884ee295d14d6573bd7d,8,1,0,9
12b99b1a78478999ef8da2c5617d65a5b0e687ac,143,7,0,150
251855be5bf1000d00371f4be7a04f3c83b438e4,72,2,2,74
37ad86c2349391a1af3a90f933d53dcd33e93370,0,1,0,1
f7ba78a79be91e1d2ce1e47ff9fae9c071eea394,24,1,0,25
dfd872b669c80ee2954ca77dbb95a019667d4f55,15,1,0,16
a4c107e78e24455702e73ff431a72d24f4402d12,72,1,0,73
cb175881473f9a76ff3b7f0b66f4b6bab0baf8df,67,1,0,68
f848e45f37ab8c1a1641ea4eddf08dca036e2594,6,1,0,7
c619db109cc682eaa27e3cd10f8ff4af32a7f881,16,1,0,17
06627f049a13c20502f94f286ce296a06f8f2e4d,38,1,0,39
01b195b4dccbf61d38eb7f3be76492a9232b712a,74,1,0,75
37b704153bc2bf50129b9e0a6ada3e2530876114,86,4,1,90
aa6dca8666b7f05e02c09f424e29f6f964c5a273,13,2,1,15
dabb797e22c21f49f58fce64ad536d45b529efb1,274,10,0,284
11c34bf287a5eb78b5878355c6d5ad2dfe1689fe,298,11,0,309
bb7d9f66c3613100213de0a5031918fe87bb9978,2,1,0,3
bdec17ea2af932e60db3133d3d13cad7fa6e74f6,4,1,0,5
4b45e24724aaf8dd3efff6f81ffe821e32194172,2,1,0,3
d07c10ec29a7362c4b7368cb4a95205c4f63f1ed,208,1,0,209
7a6c78460ba78a290333fb9df58d42b0ed965f2f,2,1,0,3
a5249795799317be00c454ac880be6c064e2a1c6,201,1,0,202
7bd223aba6584ea4caa3b40180c2c414be9e185f,30,1,0,31
7d901763e147341048497638c566d355a65db878,15,2,0,17
408785a1e16643f41530e3e81ef7bedab919f265,15,2,0,17
7a9a750089b6989b5e5d632918d2340f34225550,4,1,0,5
68f4a5d3598d3ce16bd6ccce032e35d38a8eb5be,4,1,0,5
c502c2171ad9b47d177cc580bf3f9966774d6006,114,1,0,115
bf1b4944a447de2bf5c39f9f910204da89ad1032,114,1,0,115
241634e6990bb929236863b985d362e6cc8698a7,15,1,0,16
de8bc0d11b0834aca31f65159c641e4051844ac1,4,1,0,5
5fe97c8b3a293cd37e7dfc2f611a370bab6a9b0f,21,4,0,25
65364a46bc72bb99fbdc4f19cb51a0db2ab8030e,479,8,2,487
c44ff2de4cb9ddc8d8ae42f4cf8336902d7208a3,7,3,1,10
511b1f5954347079155cea577efc578577714fe4,31,1,0,32
ef0069eecb6448270b5ca60fb82caf8ab77811b0,186,5,1,191
82d5d85e9c5483a124c8436ae403219262006878,612,10,0,622
e93e35cfe4e102b9b98deb171065509fe6668ba9,27,4,0,31
df3e94ad9e4d6cd87f487087616d220e90cf192e,297,21,3,318
4828f1dcf1dc1fa2d1b33617469885acf632af69,39,1,0,40
d81380a358cbb8100d99ac0e0f9ea1fdcd144738,115,4,1,119
e0879089422d33387d25acce29d5cc39e29cfcfd,101,6,3,107
071b8f4626f125c81a01a5c07111d4d52102dbdf,641,26,6,667
cf6dbc38f4f2aa7756bd393e3607d05d32c53912,561,31,0,592
5dfa1b22e5eb7f07c64f3d78bdee67fa07e5980e,89,5,1,94
696bce4436dcfbe5bb6aec164932bd2195f69128,4,1,0,5
f9c25b690457cc5788142feba2c31ee169b1736e,722,28,0,750
a4e5f028ceb00eefb8b07ad2c59f01d163a0dbb0,2,1,0,3
cc5cd632c024dca7d2806a2114ebd29ca73130f1,3,1,0,4
fce6998edbebee642c8194d8d74f90e6ab887fca,2,1,0,3
c625aa6a83800bf4cd648edca2ffc3c8271a2a6a,2,1,0,3
f5b2cb8e8bfd75f65b31b8dcb153f3cd094e762c,53,3,0,56
56faa1be0d3334fab7366c454c08da300d726e25,69,2,1,71
cf5ba492d2c4acc00305c880dddc661909e66ff4,15,2,1,17
1b2694e462abaff27a134a2ebaed837f8a306aef,5,1,0,6
8246e0bbb229f54bf8fcb03f6133d7c5f8f4036c,6,1,0,7
5c60ed8459b88d44eb6c555fff8c3cd1b3e26d17,8,2,0,10
60a2925533d852627cdc1de26c4e973acbfbf407,83,7,0,90
e18d38bc1d6527439919e61fb19c429921acdadc,675,23,1,698
827a5bc4a7a00c624dd6062804ae7f4f42be16a8,40,7,1,47
4a69511fea03a2f4051df3f90e1fd0f982d7def0,202,12,2,214
b41e6e2b411a718141307b198de1fc49ccabc4d8,43,2,0,45
90b5eae8ba0e7230dc5c379c14ebda076b4dd283,515,15,1,530
9025c87ea005d90cf8aea926c78f222875f260d2,6,1,0,7
dd057cf9fb15ec964efdc7594808850f6e397393,43,3,0,46
3d63626797fe4e67ca03546478f74166ecdde57f,6,1,0,7
d73218318fe9cd9e6bafb83a3d62ebb1feb76532,100,4,0,104
dd8077e57ea2ac96ba23a31e569ef66104a79689,61,1,0,62
d006b51f08a43c2a8fd2662a3abea5671d2a437b,98,4,0,102
efb93bf0ed82a625e1a893bacfbe27a440a84100,92,2,0,94
8f9f0c77ab4e2972192ca76a6ee7b5228fe10b7b,79,2,0,81
a4f133aab1e6908f9c7244d755df0b90a9d12a38,66,7,2,73
7025ede295ff4960b9ae72f1cb6ca0d0140a490c,194,15,0,209
8fc53c49b9c0ea287e131b30a975e1ecbb8cc3ff,16,2,1,18
5d16042083f0385ae3d860172992c819fe88cb99,143,4,0,147
e9aa5d5591590b17dc592f7349ad5bd9a8bf4ed4,109,7,0,116
6864d2e3e5fbe3347a27ab875f5544b42466ac3a,143,4,0,147
dc585ac131d8a276d81152415b269fdedbc3f882,109,7,0,116
9c62f41d3b4e4294d3d7a009e2bceda19d854c75,382,7,1,389
073421762e172b68af81c97374b5c45234ce4f17,486,7,0,493
9656ef2806fc4a35e7754eee8b1a742e921bf9eb,66,4,0,70
08c8f82011925d3ba083f8b23b8f1c0af29c0d7e,4,2,0,6
d5b3b7d836638a9f29f7798aee5da3c289a5cad4,2,1,0,3
0bb5e93507c0725f3f938b38605c67bcaa507b1a,144,3,1,147
4fe082c513d9388a3eddd6a857ba576b908b54da,3437,6,2,3443
f7a47d3572ccae6467a27503dda2664bb7bd424f,4839,3,1,4842
f2ff9e854bb8d787203a85fb311c3ae0a9af52c5,105,7,2,112
07c56fcb2c8448701d1542c25c9ac2afa28aba5c,17,3,0,20
4611c4778027a167f474c777573bbf30aa4a08fa,488,9,1,497
a0926f380bacc3eca8afcaa208b8c4734a1e2d45,3548,7,1,3555
b0e9609e4850fcf8e0e79a427aa0f079aaf04b10,219,8,3,227
e3e81597fc03c12515adabfe9c69419024b9403f,17,2,0,19
ee8c25ea3a73b068c7523bdfd1c4cdddf156e26c,17,2,0,19
bca0411428def0c2abe792d882e8d23461c6a097,17,2,0,19
bcdddf76bb16436a62167e82664b1e8bc4f2e0ed,26120,7,1,26127
c2bdea0d004103fe74585d42abe3643a62d3da0a,41,7,1,48
9942ce175d35708cc7f0586b075bc3467a6a5224,185,7,2,192
aa851eb7ca9edd0c364bfe39ec2c2f99c4914d01,232,3,1,235
61d5170844aaf611555a0dd63c5e24af08acf1c8,41,2,1,43
8b69ad5d107946d0a52a30f879ef3f932ba72a32,23,4,0,27
1d2164671889e4af8a0a73c36e0290ab75ea7e3e,41,2,0,43
f866bb844c8534c3c14975c185c3df627f640b24,133,1,1,134
ee4a1b84351ea152a90a5075e29834bbd78521e8,133,1,0,134
9d2df1361fb131c21ed5ec7c2a33eb098ae2d5ce,58,4,0,62
d64c883beb9197500ce0922b60462a686435916d,268,13,2,281
feadc9effe3e2814774f128177817f7ffa4f031b,969,17,0,986
31b91eec339fccb0d041b80ac6b0a260a0e054c7,309,3,0,312
02b283dbd3c44206ca31e2fcd0bfebe6949ef4be,1482,19,3,1501
42c38a1e016b9fc7d280012a237101a1a2d5a0be,42,4,1,46
61a163d31b1fd9aac7443fc547aeb6cc73089e62,33,1,0,34
568bd7f60ffa0fa75071c4ac1675bcc1519c0c00,54,2,0,56
11bb824716f757ed1d69405fb0c5821975a606fd,28,4,1,32
e47f3b13a69672bebecb6928360dcd38aa8657b6,21,1,0,22
58d8c52e91ae45252e388747f0bf17ebc859930e,21,3,1,24
e365840ea62f29a6cca472772bf96bee8b1a4e3c,274,5,0,279
1605cda914e596b90cd95d1adbc7001ad0557da8,12,1,0,13
5121cd599c259d9eda51585a66ca680591398c65,11,1,0,12
64c45cbe585d6be1fdc0c4f87e4ac977b5df5eb7,21,2,1,23
80adbcd69eae03a1f206264654afba9dffb5abe3,1,1,0,2
d3c1a34f3297146695c6cf30a67e56e8b8fbdbc7,13,3,0,16
34ce9248f9db1f2fb819b66927acfddd138b0626,1604,21,0,1625
a5d72a44117e7263c0e39be8ffcf5992f4e45b89,13,3,0,16
19e0902b3c17ef1e163b429d114f8541139863ac,803,24,1,827
aed56c954fba19095fd622cfaa39341b9a22c9c6,298,14,3,312
133d845b497c6b9cc662a06405128c7ccf06a110,1124,21,0,1145
a3e8963cb4ea88523a74105491a7db59f30b034c,34995,45,0,35040
67a357741b65cd087836cc2230ded57c1f4850d7,14,2,0,16
999b214297a9ce4cb7558fe598de04b5a2e9bb16,79,10,2,89
b125deea4849d3001616f426e4fa770e7e8d020e,4,1,0,5
7cb782c35ea463da541f94576634850c58a50f34,9,1,0,10
e5484323922826f66c22e5d5d4b2dae0fe521b42,2,1,0,3
4c11b6625d1098345f2180aaba0efaa9cec6c69d,2,1,0,3
280cea3b157181f4cad8cef9ddb69618caa3f5a8,86,3,1,89
1db1018e696a3be8ea4167b966b774ae87386578,2,1,0,3
3f0975142a81b681e61195b4df7aa372d8c16ee9,149,7,3,156
7c0f1a6779e49166d2925b6afebabb58cb81bb9e,25,5,0,30
5db276f1a6b5132b9c19936bc17f9aa73c36012e,1,1,0,2
05505456e6db07603559c2d02233077889a249cf,1617,24,0,1641
43dcb039476577743c62a0cb8f1ba18b0fff225c,1617,24,0,1641
6b867e502c1b9cfe6b10e1e7387d93ef2969e7e4,294,5,0,299
065a3c90673a7b3eae9165db0c4f0786372153dd,141,7,0,148
593a105cea2faa01849240e140a6f9fd03bd31f7,15,1,0,16
1f0a8a25ad7d3b2683f0f8b10449db3ff1c2de13,624,6,1,630
5e82439eb8f99d20a5bbc55fdeaa0840b0cac90f,19,3,0,22
20a4bf72e9e64e317c9167eea88303b4f4e16f31,2,1,0,3
2676de9bf340c2b97d1df6ac4208eba8e1cc28dd,3,1,0,4
a49a0e929d6404d2291bc8959682ac6f8eadefa4,9,2,0,11
74157a052de90b429000a16809db73f1edaa82b1,6,1,0,7
fc0c7cdd92c703784b9dfa4f891ee2be59f4d7b0,170,8,1,178
7cb711c27df1b4c0b1fdc7ae28837f4051c814da,137,17,0,154
4a8913e0f28a9fdea6eb37b1990cbe851e3edfac,1,1,0,2
249e88935a203cda47483f7c73696000abd615e8,22,1,0,23
8cb82ee8c8bc9f558fc16a0f8f41f1334e5c5dc0,1,1,0,2
c96e7949a85b5327b348c587dfc9906707e18d4b,26,1,0,27
d6e3866964a91a7c8d2b809215a2a4cf27fd308a,6,1,0,7
d822ef5a75567f75d7c5ceeb2958166bb5e99e92,650,10,0,660
30b461eabcdcb19708468159db8edba18ff31047,294,5,0,299
62df1234e87094cc0965f04fa7444fd3ea136938,141,7,0,148
2f0a779ba2db69649591ab2663cafe6bc0ce09f5,15,1,0,16
1ee87d8ff65e58396a14b407e96c140fde030f77,3,1,0,4
f2ab7a27d9dbe8ec9cfa407bcaee4d4f99d3ea83,22,1,0,23
ffebada1455a96e22fd24dc961ba432087ded7ba,6,1,0,7
9222396f31606f90b0706d767e9f169ad3c7e297,0,0,0,0
3c96e97867b406411b7152d0ddd4374729b3f5d1,231,8,0,239
634cb777c22ee7d4b03b3c35c85f3d198e7c1691,7,1,0,8
aaa58d36317c6242fb086efd3a161d5aee0c85db,403,11,2,414
3dbccbaeeb1e6928287cad8e08689941e4b449fa,94,8,0,102
9ec356579b26efe4a5d3aa8993e049bf67066e86,94,8,0,102
68551780a069bfa7dc8741f125aaf69c2c9078f7,33,1,0,34
2d4be4391e17612fbfec132adf6b5b1dc1b40802,34112,38,0,34150
59f4b102517c472f26ea2138d353b33ee8146380,30,3,0,33
88690f97f3aba9112b25337512d1e82e9034793d,81,4,1,85
5ed616243b81f61e12e45d4e4b67f312f85d5289,75,5,0,80
c7ebfbb14a1147b8c34d176821000140d2ec8bfc,85,4,0,89
f3ee0c9b2380aefc2b9d861a9e721bfce755bde0,442,7,0,449
cec7b39ea182757d43e247241c2a4f64e1b04a24,56,4,0,60
a1fbcfb1fd229f77222fabae54a97f3b161f4d26,30,3,1,33
75ead0a3ed59c4b821fc2973b8917a856d3067dc,2,1,0,3
6c26ece97fc5d13a0ea68c23f52ca7ee6f671516,28,2,0,30
f5ab5ebd5e3c9e3a63f2dcc124b60fb3349679b3,6,1,0,7
6c1ccb7e155319faa58ff7add19f87315ab5a3d1,6,1,0,7
0c250380bd15e6491857108b9463e4b9ba3c00c9,66,1,0,67
a20750a87d69823e4048d954627494505d508e2e,323,13,3,336
a67ea4ea283481abd324a0a799d6a09cc8002545,236,9,1,245
5ab09189cf32c76a3bdd8fecedaf337735c1ea24,38,9,1,47
fae4c56c0526db232d5d4e98f9587c549ed50e27,567,22,0,589
647825b5a7b317dfb6d1a6ef61eca87c75e6bfd2,4,2,0,6
09a54d6c786d7258cb1baf03f821882058ea62c6,2,1,0,3
3e4561b5a15d234d9a9f2331ef55dba7eb44773c,2,1,0,3
45b893c67f67a83c9ba5d5143829794eb7932b65,9,9,0,18
306868de79ff9d092aeedcbcf0a358f95826675f,612,27,0,639
cd2535980e715b00d43ee47b2aa138167016aed3,37,5,1,42
be136d2cd827814523f383d5aa7e1738aef1f654,5,1,0,6
f0c42cac547243950fb1a47f8bdf9c5aefd69fbb,108,14,0,122
e1aa79849714d189727155ad9937436b66595256,440,27,9,467
b30d7fe08d26346da07c3ac873fea3f174785362,2,1,0,3
f334966c806491771eba06af44eb0abbc07ace64,2,1,0,3
90aca3cd361d0cb1f99aa5f8152af912f4602e0c,0,0,0,0
a0e82a878547701b0259cf9c2211f721c1fca172,25,2,0,27
922f6c5098f8d58708e79f9640ea06c73d255519,61,8,3,69
6a4f8d03f38cddc1d62a6fa240b601816738af33,17,1,0,18
0347e7b2b3d722a63ade36077ef02b5e22d66f5b,5,1,0,6
f7e7dd7685fb0e10ab3ad30201b80a995cd7b3ed,108,2,1,110
d636d60611371643b3ffe5c7494e9d1b315d2ac0,26,2,0,28
11d8e0ebf0c8c3f0f9c17217269e36152003c476,42,2,0,44
21bb59da12bf497113f3fc2ec1b60aa0c7f2d2cc,4,2,0,6
34a8fb00cf205de05f350496b20e721104119fdf,14,3,0,17
0add8d86e367ec01a3e8fe5813e53151dd6aa28a,21,1,0,22
7f7fa72169cfbfc15b2cee3040222a3cb6158926,66,3,0,69
d0cc3a96ee61e132ab109c2cacd1289d372f10ca,3,1,0,4
ea3eb7b23cc36d69709824b41c8222a1c8652c68,20,1,0,21
a53dde1c7bebc1f7242f574973afa71699076cd8,43,1,0,44
34d0b5d32689b8ebc1ba4a6f4988bc3637f55e6c,20,1,0,21
5b25bb57fc1f68dbf46e6cedab67f25120aec070,29,2,0,31
4f4c5c47f82ea063825bf654cc2053e5c9625810,565,28,0,593
b6d1cb046418da4de3f35e5109a87df29e2cc42c,138,7,0,145
05f103b33abc8c8191a2aeb59f688ddd5c41d319,28,3,1,31
427137de9ccc343d3559a1e02a47488b7204f62b,28,3,0,31
a5b478edbb89e7f168d12b7ee2b38c93cdca4a0c,4,1,0,5
19b369b8a7f5514c346206801773425cc333a796,65,6,0,71
e85b3c20ad3fd4da72cd368359f62b19dfcb078a,6,1,0,7
df1ab6f8413cf9b9b1fa33e024483cde229dc4cf,44,7,3,51
70d3eeba642a103c0a1d50d70086402ecec3350f,12,1,0,13
f9784bf70bae3540dca2606b83fab08b1966cc04,14,2,0,16
25d8ff20756281d170ea9d26334cef0862bbac2e,125,8,0,133
5c2034a0601384cc93258c27f8a68d60a71babb9,120,8,1,128
38d8a68beadb7335dd52dc10f872d96b635dfc2d,3290,93,0,3383
5cedb4afb0065fe9dbf3f4bd7cf8e4c953689780,45,3,1,48
9a30c8fdbe0c7850cb5cac9d5778217e7a026e36,2219,56,0,2275
0a7c59aac0bc55999d768ffbef4d503e1282e6ca,8,1,0,9
b3e94326c9488270af209f0cc978b956fb2a5380,343,5,0,348
0f9eee5ff50ea7475e34bea444ea0de2d877862f,17,1,0,18
2ffdab725e039a33d2c34196bbbcd52fb4fb005c,88,2,1,90
d29eeb570d0b5e3c07cbd85152349c72a0f976dd,15,1,0,16
27d1c2c4fb4b0af707cae81d003bbb83e47a9382,4,1,0,5
c71cb25c988f31893a1258faf9d5c086c03216ed,8,1,0,9
71bd4e2ee5e64d726e6978e4f595f9d281413301,26089,17,4,26106
cd3a1238950c7821e1505396270335fab989d9b3,91,2,1,93
c9c1080bebb2173585ac55e1d118a58be80d968f,54,1,1,55
24f652409db7ee67faea791e896cca4c97e184b6,165,2,1,167
65fb8d3e069b321d6b6bd551e4d1c652546d37f8,49,1,1,50
63ed7191384053817b91910a428a028fe1ad0336,307,8,2,315
99853be93af6457b2989f57b063e7b6c053aeb0a,8,1,0,9
ded5bec1da026c6f994238d3ff72cdb5383cb9e7,7,1,0,8
14e05746ee12bcc484feab28a65e128763980b69,26089,17,0,26106
abb6e3644ad6104980831ecd12815d8fcff4acfd,102,9,2,111
cd6a02d27bf20f601d8109ddbd756d7f665f2281,26084,16,0,26100
d7fe1a5d2b2129c53a5d8425f9e3ca14f42522f9,103,6,1,109
47824efda9cb7d027138981672d569a042b4af06,28340,71,0,28411
af0ccf9cd78d49436fedadd9b4dd32d1b8dc9bad,8,2,0,10
c2115825b690aba1f2cf6a48fde96c9aea489e26,126,7,0,133
aed1dca4522647aa525b97cca13df75fb5feb751,26,2,0,28
7cf85cb4e0ea7d25223b9a2773c7a8d629830ea5,98,1,0,99
e70652e22cedab7440b477970fffb058fd888d5a,26,2,0,28
2dbd0d232e11dde8944b5cc41486aabcee6dc7d1,65,1,0,66
3ff63fd2f9de8dd0f4cfa68b7a7e40195f230a5d,153,9,0,162
6e6516622b26450d2030442c9a794e3d021e262f,38,4,1,42
1d13a61a1eec58e105defaa0731281f6aa8a7107,32,2,0,34
b7f694613b862710be79211f181974c9478145b5,1258,20,0,1278
e0a5920b0e0074aa2129beda7be49dcd35c62e3e,1251,20,0,1271
7e3ef9febfb49d8ace1715665ba3d7ac640434a0,43,3,0,46
c773446264808dc0fc50a495cfb24f8e4c6140d0,24,1,0,25
a2b7a657c51d68bcea32396ed58b3fda77ba0e17,3,1,0,4
c3596a9ddd0093890cc39e49fb15b11996f451ff,64,3,0,67
c4c77ba08da97d4d4da656898a6f82506b240bea,85,6,1,91
4950149fb60a055f2e99d0a2b016d9f61d9121b7,24,1,0,25
e27f8719ec2d8f406ce47695856e271caf4cc4f1,64,3,0,67
f7fbed18312d8e39f33e156310d7e635d4c8434a,19,1,0,20
04ac202ccb95ce27b132c3638e6838d642587072,3,1,0,4
1a30dcce72b45e0f3e6cb8722ed07087b9b9fb11,19,1,0,20
ff109bc92b5bd488e54249445be997a9a577e280,85,6,0,91
5f0f929e42c9a0a8cf3a7bf418a252aa7e4a1168,568,15,1,583
ef5c143d0ce9fc825a0ef418c584f1c3a491435d,73,8,0,81
61239a0aa5d41e731b6b2a53df4da2b953abe1dd,135,3,1,138
48bb48e6dfb9328e6071af68dd19b76aa8ab74a9,56,1,0,57
f3ed65beddc41314fc19fa2a237d3379d1bdf557,22,2,1,24
8285b62ceafe3fe096ebe1836142445acf0a9586,116,4,1,120
ac5cbd1a48f12a0a431af07c9867b0b0ae04eceb,182,6,0,188
483dd9f3a906fc0d87fbb3652efcc90ae01e0321,22,2,0,24
080b9533b1cedf301943131685361f563b87bd98,5,1,0,6
8463ba1418802c3672efcd6cf78efa38a4e6d4dd,2,1,0,3
3848f32b44ea9182d61402573962264fc847bf5b,5,1,0,6
2925244323e1c30d29741911087ec6ea5677127c,0,0,0,0
e440108de57199c12d66801ca93804086e7f7632,467,9,2,476
7b742900d565271408c87df6b995d9157b9c4354,10,1,1,11
2519b95f9e1f458bd3b47f75b4f83eb6a4c55930,469,9,0,478
be8e4e953b98400426b801793da9c66f95f68881,491,11,0,502
1d7a5c33c935710ac8e5fa722d77e23fe55d5c5e,692,25,3,717
e2e8edb6c42e0fe48faf36c6166115cecc42922c,77,1,0,78
6a0dffd6c6b20259c580e90e0e6579f487ea5c6d,14,1,0,15
08b7aebb91af31cea3f143b4c464e853d97ad82e,222,7,1,229
7b470794cde3f488f863b276721c930ab50a3c58,28,2,0,30
29ba92cea1e943433be7d309f46a475c3a65b396,7,1,0,8
c98f4670b8467d6e15c9ecdff4dad88331302775,28,2,0,30
94afb195dfae10fc40699f3c0efc31bb8f23f51a,24,3,0,27
96bf78d81ee57397658428abda422a1edff01d03,78,1,0,79
707bdf04d31fea4174c8078ed449121899dfc01c,21,1,1,22
364b4a03e9899004399ef401e3a7b8a5174de8c0,243,7,0,250
efc59829cfbf19de248c9fdadb39486382c2a457,50,3,1,53
18122b433e6301d6c1ca61148102c8e964ee21f3,106,3,0,109
3afe6477da895f394bb34f5d3195102b1cbf1e2e,50,3,0,53
992a47e512a077ac95fcb265e7ee05236a788f6e,2,1,0,3
5fc67280aa0d58a4ad1ff4c31d320d215f092695,26,3,0,29
c4b14fbc4d20034596ad56825349976e4805f456,337,22,7,359
f52a26e1a32aadf4ec6713ae12ad0d5cedeca9ed,20,1,0,21
80a449d1c1e4212d612fdada6d1f5c6e7e622e2c,403,14,0,417
caa8e5113f56af3e186925668da2a78dc8640380,210,6,0,216
653a4cf53bd9ed4fd4002c8f5d87a11577747a6d,210,6,0,216
89d6b171f1d45bac178fb638da63a85004d68086,58711,57,11,58768
f1da1c71ef4cb270368530a1c899c6802790a99d,94,2,0,96
806b548153532021d80de45741e51e0d2622f3e3,8,2,0,10
33c8dc5d1cb56710f3e7ec2f58255ef86c39ebe9,8,2,0,10
ab5d3a18bf6611df8f49df0d8e63932f444b1ef2,5,1,0,6
43dc88d41e345cfd5eb2c4e62dfa0cca183bdf4e,193,5,1,198
adb46b694e94dc906922591f439997e7246d36eb,41,6,1,47
9a5d5978f6e645c2e581e0b7075978088b2595eb,193,5,0,198
6bf0597970fd9421a98f2625c9ae2ee221d04acd,58711,57,0,58768
6030c9ec92049c9cc883e6fe2ad54e1fda1b0ab2,41,6,0,47
4de27444249d45f9fd4e57297f04025b66609ea1,2,1,0,3
79a310624f843cdcd59dd27aa41ec72c8527d8b6,87,1,0,88
fc56631a84c4dfe20300698153a86a53cc6af603,201,3,1,204
5214a653c0aad2bd2dea023a2aaf9b5fc1295bc3,35,2,0,37
64814a6e48f2f68a0f7b7bb6f3ff0deb7fe8007a,4,1,0,5
80e72a5af3ba300e4ff880c6468b29f1e08b7e5f,87,1,0,88
feecf58ff8c992ba0ebbaad688e427de8cec93ef,181,3,1,184
ef2aa8e526bf724a8308703495dfa0b240921ed3,59050,70,0,59120
7e31eecc65f5328049373add2dd41def4d2caad8,1405,37,0,1442
3b9e6d8d7eb782bd7a1351d3f90f6109b00ab12e,2,1,0,3
91fa2c4102c3a0f31986b89e5400d10a9573a013,2,1,0,3
d8e6ba34048a1c9eeb8613aa538b976616b3a58f,175,3,1,178
5a5bb7f26efe4a31d0de99e6b4c81199752cc118,60,1,0,61
39217427aefa710e4543cd6e5310b84d14246453,16,1,0,17
61f2c86a40fa9904ede235f10fc02f6818504346,384,7,1,391
c2ad76471996bf21da7860a005acc559b7e4437d,50,1,0,51
9f41d31a313359c6b72b5094cb717d243edd6d00,191,4,0,195
02d5ed256de093ccd8a6c3705dfae6cff9ae22c6,65,1,0,66
aa0bc1396bdbbc736f062be9a07675c021380b5b,177,5,1,182
de0d0cbe83a5310b4978549475722eb6d5485906,177,5,0,182
3f19ce3df0f46399ae8c6fead520dd27049ca3d6,207,6,0,213
dd20df13934cac620a35d7161cd24fdf66653ced,207,6,0,213
f46bdafe245db2f6f010ff3ff56858ada695d0f3,384,7,0,391
a80029eee06a0d4b18027359f318fd4bd02c6f32,16,1,0,17
aedcddec715c998190f8809f03dab413a2540706,49,1,0,50
4643a5cfa257a2b43501882d085a9d98f438df46,99,1,0,100
6b5b8b214ebb6cc8ec3f7dd521bc072e973b5378,638,14,1,652
54ac6b4098e5afebb3e404894a423cf00ef80295,60,4,1,64
f7d098778fbb7b484e1f0c20f14b2260ec625a72,30,1,0,31
964e5da655a184a939eac7770f20acd4ef565ef6,100,4,1,104
62c3155acf4385e907c6eb4a0bb903ae1f41fdc3,100,4,0,104
c1d67ee581df3581882efbb875d65bd063ec6d33,171,3,1,174
435b13bc8a8871c255e7a0f7f2fe2d9ec1a89254,171,3,0,174
8c1032d889cc332a73790c5fe08499c18e519f25,708,15,0,723
c7a8eafa62be64a12a7f6f518e43733a67e6f39f,1916,15,0,1931
2471e518729a84d6800c8b7b5abf0566f5bf8bec,67,2,0,69
fcc88f3e81b9b29f0bb46772f0c8f944fe531ce3,39,1,0,40
f5ca27b0cef7902203035319887fbe792fe36459,828,14,0,842
4fe18c5386af73952c7c4d090ea4c5c8b9bcf85d,345,6,0,351
b4d1c7149f861377e8b776f0d82a6b0a86dfd7d0,642,12,0,654
07e54a534ab872191a247270f281de7bdc3f803a,4,1,0,5
1ada3d2b48778378763985124fe66c759e288b92,496,12,3,508
ebf76d4dfca1e1bf6d69f0f6c64e4860452c866e,3277,20,2,3297
126da3cad286d441f6638ba94ba9d201c4081231,131,7,0,138
910e7cd962f2a516e353214a32cc1e5ceb910d0a,42,1,0,43
7f534d5259ff71d8c77b9fbeb4c381b4007b188b,37,1,0,38
6c219a5f1c5a18f1d7391db20245a1981c5587c6,12,2,0,14
bd826ec880bc2ecda69b2bfb0b89d8dbe3c08845,130,1,1,131
33e0131ff0cd7c282b6af17bc82f74155eb761a8,828,11,6,839
1dc42f0bf123219d03107ff64954705fe1b104d8,152,6,2,158
74be52851bbb1d0bed6af746eb7a83d8113bb555,153,12,0,165
d6157297fb3533139b98d5ceaf0ab6311c5ed724,265,2,2,267
f2d9e81bf69d3c0f4bbf3ff2b148ff04c1187289,21,3,1,24
41981533138c845508fe05253f81c78d90083b03,38,2,2,40
cc6754ceb89421859afa0e9ab8e7bc9d9ad7dd10,46,1,0,47
cee774c357a4af5f404249eaf1681efa0f5e085e,59,1,0,60
174c26ae4648ca2554942008905c303be851d5b3,57,1,0,58
3ee49a5e6c52b374431dfdeeb7b01546625bbfdd,1200,23,5,1223
8234945c40078a911ba7a9e83fc5fd534126182b,13,1,0,14
543cdc2c1027a858f6d431293a496014adf53bbe,128,8,0,136
bb6e2ff89644690e363a31078e94b17e76b590a9,150,7,3,157
0ec089dcaa6246e08b069a1770484e52b1e05357,252,7,2,259
82fff8c856abc84159c09aff4670fc7c76489be5,77,5,2,82
3089e834ae9bfbd212a77e12c9f9b9cf8917d63d,24,1,0,25
21b0d9787694f3d87e4068cfce01b51749854495,65,4,1,69
eccbba1c124d1b22553cb3ef64a883f23e7dbe84,58,3,0,61
bf7263b03783653a9d3899ea30e805bbe24de6bf,8,1,0,9
26360f35ee52811ea5cb320813848a79aa4b8047,30,6,0,36
2525587f8290908229c4582a2c3b0ea54067428d,33,1,0,34
4cf6ae1b5de1293eaed6e409a7a69c1ce2aac316,274,12,3,286
ed9eec87295e66a7bdf4575726034573b767b908,12,1,0,13
a2ec5cb9d5a11ba59356b66f3b7bc4e3ee3a14a4,12,1,0,13
61f226020e1b5e8b55d4c1d347ea1722ae67b28f,132,1,0,133
92c450a9783cfed62bc1b7bf1f99a6d641ec72a4,3711,28,0,3739
273ecd40b48f8013851edf5f07f3a60e85f8ce95,2,1,0,3
67b8423a653fbd4c191b2c886b5c5b71143698a3,217,5,1,222
be49204476dbf293cadc35528d3eaec5ce384678,78,8,0,86
0fbd026714e3f2f3e0ab8e5a2080af4da3329f84,217,5,0,222
b7fe532ff5e4e8f56fffd9d18e04d105d92c8a1f,217,5,0,222
8a62bb35a5aac83340f968467c438a01563c6d79,10,1,0,11
b8576b9c06f1322603ba974394d6c9673ae93935,4,1,0,5
4bc24334231a0565fcd6bc1126c6f1f7e16c3f3f,3,1,0,4
265ef240e67029fe94dcfffd3393344c0601dc1c,4062,34,0,4096
0e8f1f7a6d33a2141c5b45a4f0518b7747678f2e,74,9,0,83
eac5aecfa40273edab7645ba81eb4816ceac9d98,42,3,0,45
c4e8d261c322aca17c8789c61b4e4289dfd3b675,18,2,0,20
7a4b5626cbdfad9b4429e47fc4b6da37516a09b9,15,1,0,16
a7c42f93d0a2278970beaddaec26071efc4436ad,241,3,0,244
504833e34a16b58c60fd1e43e771c258b2bebeb9,330,4,0,334
7d1fe7846a7973cccb683ecb8201c2b03fbc7e60,13,2,0,15
82579c96a03a3c97812d621087f3a44e69e4ea0d,51,3,0,54
09ba2fb2fdccbd7f79b2b5d3fa42f80d46546581,15,1,0,16
3c55f589708eb25a870c6669806b7e465446c0ae,567,6,0,573
a6e3fe7ef9af4f017fd030b311d096861ab40196,2,1,0,3
228914103e4559f3c4f11e2b64617ea25c91ef02,2,1,0,3
46aa59c9db0308725120c0b924f00bf33a067182,2,1,0,3
32dbb4a1087dc28656b565720d42485c27162aa4,2,1,0,3
97cf75f87b6df20a92de70f44c567d755fac4eb3,2,1,0,3
62180722e038c81f7e460e4f39d61a4b1c79b268,101,1,0,102
bb74d3d13fd246c9769ff4e8b97ba22e935c1d49,1,1,0,2
6eec81d8abab0644e8c2df00544f73828ee0e219,70,13,0,83
78481ad03d3d830f5b18b16441ebade435764175,26,13,0,39
aca5615695e56be9af627f48b0fad8212fc4cd78,35,1,0,36
ac0caa0f4fae463886676d3a4212009c9648eb22,7,1,0,8
ecb2daca5bd6e2828e2a5079d0f2f326737415c9,370,20,9,390
f8dd20889316262aaf2d8c73eeca092e27faad0e,9,1,0,10
aa530c19c2b1c7253b1dec3d29fd7abc1762dde8,1143,33,0,1176
26932a5498ad3d66614563b4024c2f81c4ffbd20,1,1,0,2
c126179781821c1aba1140184be1e28b3d1924c9,7,2,0,9
2a32f349586e6d224b13089a74bdf46f36ee48ac,7,2,0,9
86ae4f87c4254a74006f807aed8199d3138cc4ad,48,2,1,50
a54414c908d68125994c9d3199f95000dc53db02,22,2,1,24
5a259265afa62b5117cfa969c735b5e36e416050,54,3,0,57
6232dafaeeea874433a1a735c96f856293514f20,7,1,0,8
1fc0698ed64514c9e30de7892c3a1d142f3f5469,45,5,2,50
a9e2c7d5fc862fe422624e29b7bcb6a8dafdb2da,81,2,0,83
35c6dc69bc7dc3338723d2614b45088aa42dc09a,5,1,0,6
8ffe30de1e89f04bcbfbe0bf197f3e214d2f104e,26,13,0,39
05c73c484c8a5c61a5d665427102fbebf786de9a,26,13,0,39
f17b83c6a6a84a5462263593bdf106804390c648,125,4,3,129
7e16d31a2729e06c9c9f753af2bbe47b3751fa44,67,2,2,69
f327ecff9dceb2013237a89a0b0740ffea558a0c,13,2,2,15
e4269e64a18f18c9fa83e39d9ca3a9c7479a8245,3,1,1,4
3a3b73a68d3c50e86e4d2372511b9ee99d9b9fe3,108,3,0,111
3c869369c31f7b5111144e20eada313877fdf78e,45,5,0,50
8d6661106c2511b0b9525016278d5f2ec3947956,1113,8,1,1121
28da58cd571f5c23397f3865333c24d434e7aa89,177,7,1,184
393485573a6fa08ee5737b61542299c6d010eb75,12,5,0,17
3fad4bd1d80da4ca7da5ef532ea5f60b4d898c6a,12,5,0,17
87228ebd3a778ec4abacd9288a4872d7ec2c95f0,932,5,1,937
12bc29a405b6e0bcf25c7412f1b3b6649c6819c6,79,2,1,81
99673f2fa7b36ad2fae41cbb2eb2cd27424e9883,1383,8,0,1391
ce8c1a42849e3022b38807d3c597615925bf8544,459,20,0,479
af45d9cc20d31f5fd103dac3de8b850d00b18f17,4,1,0,5
3fb938b9e09271c5e8919e4cdff671ba7d6a0593,4,1,0,5
6ff02643a66b1e25ac3edca94433ac7c7e781f7d,5,1,0,6
c9b213cfce3d7d24fdd23471ce5b9dd970f7fc3d,177,7,0,184
a274684f2257aecb27404130a938758cd36504e9,193,6,1,199
43ad5e5257e03e8fb6ad738d61bf1e4ae132b6fc,2,1,1,3
2cc9321b41806955d55358e361d454d31f4f0627,24,1,1,25
ccf32c7ce4cd85556336fe769389f3f257668ecb,3,1,0,4
ea62ffe142871844b605d5300bd2a07dff785f17,47,1,1,48
9394c097b9c19070fffd8143dcdcb4c60765be2d,29,1,1,30
c2697261fdd7ebc10badaf89563ec4c2ed0c4804,2,1,1,3
4288aa65dc642c23dd90110209653c4033f9dbe1,3,1,1,4
d4ef8d958c1a0dfbda0334d183ed5843e2fb9496,52,2,0,54
1323e4f80184c79dc5bd7cee642bbf8c398c8cf0,224,8,0,232
397b4c9b59855db9ef4e27f3c72df1e043340cb4,78,2,1,80
f8e2658581d8291281969aac53793b921ba49476,25,2,0,27
3bebb9a160a3e181445f425a0b04f01f7818c649,10,3,1,13
35c419cd8346b7db368bf1dbcfa7836ed32a9544,46,2,1,48
cb6d3d2347762f50c277d3fcfef236af7b2cee52,235,6,0,241
9ef85a0e14279e30775f7f77754952740306bda9,42,2,0,44
42ad7014390491ace28ac2fc3a36ed6959ee4dbc,2,1,1,3
4d1b3e06819eb3e2cde75b915115ce22a6580729,1,1,1,2
09bfe990ea6951a7a03e42b825ab6734c89c4c58,81,2,0,83
92ce68dd021242974417c385a7e7288684f5dab7,1,1,0,2
77bede5537e89d83291f90f1a181d3342bd6b463,11,1,1,12
fb670693ff737e2914f47943181f97ad11a12d5f,2,1,0,3
37bd05d266c9dc06b4c0a6e808eed256f7f2fa09,7,3,0,10
f61a123dbbe21d060f7fa21342cc402b83a81805,83,3,0,86
d2878f8b134f64afe6c6179d56e1f30df36ea958,12,2,0,14
8f93adfd0020939b9a58f092b88a5f62fd14b834,459,23,3,482
9adb8e24baa3909d91691de2ee7faf2a41e6d7d6,169,4,0,173
c22a357252cdbac4b92af8ebb72f224d6f686508,560,25,0,585
b500681226f4a87bed01cdbd99d69e603836cd6d,16,1,0,17
e5b767ab75e8cb09fe18d2e83d061a0a285f54c8,204,8,5,212
8cc147b37b85f22cd6a79d5d8508a1b34e91d679,188,4,4,192
c76880d8d94a7666ab5456be370928e3500efa5c,336,8,0,344
808a90d9a11a3f17caf3dcdbd461d5b6bfda15e7,6,3,0,9
4202efbe7bf5373539f18a8b7c08ebefeda7f755,6,3,0,9
aab7b4b672915fd587bf47640b3a82873ef7aef9,15,1,0,16
4b4fb0e59ad2d804d8e0344a7ef695aeb2c9a175,21,1,0,22
bee8378a90bee9657526cd872c9173309b0bafc2,26,13,0,39
62cc2c291c88e4385071cbb943f24ff6c68a611b,26,13,0,39
bbae83da5eb41fb1dd97aff0852b10d386e4c6a7,31,1,0,32
7b2ef26003ab455bb03a696ea6583bcf73c8a9ad,136,6,2,142
8a8354b73f61e1aad5a04ced61be5d7fcb26caf5,88,1,0,89
71a6d880fb98903240b4bf996ac9d51f9c11a663,6,1,0,7
c8ba085bffbe0a4a9f56fdd249e0b5945cf4c832,228,6,0,234
945d1bd5a91a873dbe63c7d6cd720bc680aeae73,26,13,0,39
0784dc9c555147cdb3673fce2fefa6f5d9bd25dd,26,13,0,39
91c17112f18ecae914c7f670439a81dcd4041456,162,3,2,165
69ef1f447b4fbebcc528eab9cb782272eff9cb30,2,1,1,3
413418e36a517f7c811ea6eebe8fffa743cf2fe6,3,1,0,4
c023d63eaf92b4a9f35c134c81f0fee31de1f6d0,49,2,1,51
bde6493d920178d1966c11d7ae5a97e4413d9feb,160,3,0,163
ec4632917549fe10e4cc26c2d6b9064a9b06e5cd,838,11,3,849
17e251145f9e388de73b112694fb966a2d964ee7,257,20,0,277
30359b46fd6873defd71d5d3a224cb8675b67339,29,3,1,32
3553c0255f86c5e303c200415e96d15d6ac4677e,7,1,0,8
874e4702731ffc4f256268dee8b7bd999fb9e313,10,1,0,11
57b1e0faa736477a0d7dac3c28f3342caed61f6a,7,1,0,8
459a8a193f8a61e92f6fbc5dbc079b194f25ae3c,576,13,1,589
d20e5f2c01cd770babbca030f9bec5b2549c78b2,10,4,2,14
00065cd7c76df68e0c85476880476f44e5e5e36c,26,3,1,29
bb06859085679798bca20b8c54f20f2e9e006082,36,2,1,38
e371fbb247bdfe462e3b7ad2fd0fb4b788e23ce4,2,1,0,3
6dfd97551fc1b8606704dcf656b185b34ceffcd4,580,14,0,594
6b96924e855e8b74a43c0170185cafd4a81d4df8,873,11,0,884
b045ac18d613e226bf14ff9e3e1b6a0f93c26bae,47,1,0,48
848fa8e1cca99ddf38b6f9827ffa73fefcdc1929,752,21,5,773
c32be9e4ef2169be9267dc4ef17c0b7f06db4927,197,7,1,204
f369a13e0500604a7cd7276e6290fbae70ecb08c,21,1,1,22
f0d30dfb2274ef430d805d900f53ba8252f496ad,259,3,0,262
8faaaf087ceb7c3827e1e4d0c4ff7eefd9935ed0,28,3,1,31
2043741be98735aeea75c2f6eb04c78220811c0a,20,1,0,21
7f08eeed1ee16d2bec0b1caa7eee8cd664f3675b,138,10,3,148
1a711f05d5ba1f8579efeac5b0652b3efecf27d4,14,1,0,15
eb156658b9514548a005561b0c4d3642be3034fa,77,3,1,80
50feb3363f202dabde35e749367e00348b3af3ee,12,1,1,13
0cedaf25e758c223ad54429c1e7bc991eb846c0a,10,1,0,11
9594bba425ecd16e7a65021a4c5b0ec08921bd82,98,6,2,104
6f25a0f2e68adc13d8c2caaf87a864bba8fd8be5,62,1,0,63
26d09f4b150c49d36d7933c92651689622828f7c,157,7,0,164
8c51a420a73241036ed28563c6a0ec5f905d133d,5,1,0,6
8fa09f0f74af3834ddceae3d36b8f2f286085d6d,10,1,0,11
80c3a2a7c3fb4c691cbd2b66a467b6383d175e88,10,1,0,11
60a3468f8266eeca965c4dd3906afca7f3001300,2,1,1,3
cfc91fc79e13bd640dcb6b6605750c92d11ccb64,174,5,2,179
00a5d5b55eac3c869291a5f6359af97a880ddfd4,397,4,1,401
7387a615dd3b9ae89a63e052f11e36e91244728e,65,2,1,67
147a3f023f68a321dad8fb55bc8b09d4f9b088ae,10,2,1,12
55c14bf93275371dbd4f4c3368dce00389be25cc,170,8,0,178
e5cb3c8fec0991942a12d3d97ef9e60329a5eba3,2,1,1,3
e9f2550a40a51ff383283a88e1f8e847ad091d8c,347,13,6,360
12d1ac423bc3ae4b8270c4732601262f5296c553,4,1,0,5
47116ad7ac86c001c2e68bca0e3f75f51488c462,52,2,1,54
d4dbf0b254c19d8af81fca680ed41f7df61fe8e2,47,1,0,48
05a01060ffd72fca1b96e7e342cdedecc4889987,1494,35,0,1529
5b36d9c5d89fac4b346ad0ee4fe49805c8d9b748,2,1,0,3
2de256778d396bec5fe4fbe73a072f72a71f6642,51,3,0,54
4170539b9a9bca97e4f3159113606855a41c3b0f,26,13,0,39
c4515dbd1534bd4d74a4704e46a5a40b5970ff11,26,13,0,39
b3efce20048307c7b7dd6aec2dcb08529c62320f,10,5,4,15
3c274d179ac08da51e89b0db5aecd80928031041,1628,53,0,1681
70226b9a97dd2ade359cb76a320727e20892b881,17,1,0,18
68fa6cd26b473d8d1592fbd51b31d5a0c5af53ad,719,6,1,725
7dfa864c3382f3223a9331672b0f77ef874e6ca0,329,5,0,334
1bf9d5f350bba42490e40d2312f2879ee0caf82e,277,4,0,281
c59e82f53fde512934a3fa37bccdfa12f915c349,82,2,0,84
9a1e2953b3234395b211481644d17857f52b803e,2600,64,0,2664
6f374b74e3766da468e1b481247070cd7c7593d1,6,1,0,7
3e160d9c95ac9cdb058f9f917dae1276f462c82f,140,6,0,146
b4a8eb1e95ca30db1c14eb17e08bf2ca8fd200cf,4,1,1,5
3060f85cd096bd75c25cad72f27f65b239c95e14,205,3,1,208
8aadc0ac6ef8e229baee584385002c488c042207,8,3,0,11
b81238938165d7179357041bad40ca510cb9c687,87,6,0,93
f702fdfb5b8b46e90ef14daa58d80cb59f1d26a4,16,3,0,19
133b2528a56c06ea5c3bd16fa50963edaf76f644,32,1,0,33
073e20295c0620c3cb7374bc822c267e34296300,2,1,1,3
eff7237c798a1057c9be4148dbd555a790bea3bb,162,3,0,165
d7b00834098a7f3b705656e9c0e12b077084e8c0,128,2,1,130
365d84ef8706aae8aaabeb6062dd24357ececbd5,128,1,0,129
5ca767137557e8a54040f35481a3041245783417,80,3,1,83
ffbdf6dd649775eff7a26ce78244395a934902a0,415,2,0,417
2b2837f55ad92211c1da450195672ae02230b82c,100,2,0,102
079e295072516c46fff087d3d38ee3310f6a1b5b,14,2,0,16
7b68b4738d50f1ca12f9ebf048d28db20682b984,404,5,2,409
5393833758daf1bc67e759f03de3507fca0aca65,382,4,1,386
d9ce72660790484784897905f34ebbd2a6a278d9,53,1,1,54
0570f46ce688f9361f4264c36cc3723074e459e8,134,2,1,136
015ed30d5b681a8a082166d4692f0a813dd31fa0,17,1,0,18
1e472d2d8dcacdca52fdda81443703484974ca93,17,1,0,18
92f58ac1a61a0d974b4159b1535a4464c52b1c0e,26,13,0,39
dae37cf2d95ccffc89357777e7f0d1fb1b62f066,26,13,0,39
1d928046faec8f83fd0ed112e602eefbca396d31,65,4,0,69
a7ba48ba7caf2ef58868dca8bc710f66eac199f5,236,8,2,244
e2d3bb299a29b7df44cef06a555bd1e5c5b775f5,63,1,0,64
64e6d82f69249c0e3a2747b3f6b59d39cd2df873,6,2,0,8
99b6dfcc7c82c09e098fa8583442bafc1d8a3151,5,1,0,6
bbc0aa71677b4d9f3c20c41b710b0f55250025a1,1364,14,0,1378
9d84697a0b1759b7b4dccaa3278c4836bad011ef,129,17,0,146
f6f3eaa01e0a503d78eb028be64554ca0a0f85c3,83,3,1,86
3803d2d478ef73e1bccc2d887daad4b30647d854,49,3,0,52
b4c45d3a5fa2972a0fbb214179350c55a7051927,6,2,0,8
dcc0d81849c4064fee779844b2b39737c75fd230,1407,28,0,1435
04784c2e024cd3db1165150448f19ef4532793d6,226,1,1,227
ceef971637184db5079499d3cefc2e1035822a30,13,1,0,14
2a2696dcee58fb7fd6d9072b97f0411b5ceb9470,62,1,1,63
78b3f86774685d5d8beb1b12880fd127de9a6222,266,3,1,269
249581dd38d82e5b36f39a25e45e84f109c12e69,15,1,1,16
c1f3512b1e78137f01cdc11221ab64242a6fe1b6,125,1,0,126
ce6bfcc103e94a3c2f9f62eea588805ffe59bc2c,94,1,0,95
7adc26426d67cb3046a4db4c5f265f02ea2d420a,6,1,0,7
9ae1d88da88554b643e201c04484c4b5177157ad,52,3,1,55
a00fd5e21b94692d4e3daf59946589fe1f6b16b4,20,1,1,21
521d08127d3355273fa00d2d0a4819069813f0c8,31,1,0,32
93d6770be153472c0da28dd2b9b3fc8797604703,106,1,1,107
34bbb9072b93e1770dc3bf6369a7312d476d8bb0,15,1,0,16
bba977549ca72f92b89cb0a72d16d93fe46621cb,3,1,0,4
3c65205c5056c51d912dd7297be90eb3feb7165e,6,1,0,7
e2fec1c3c1840645a26943c918292a621e91f3f1,24,2,0,26
234a1cbfcfd2dc0af57be4091f82b28acee4d0db,34,1,0,35
9a5eea0cbaf1083412b2a057c6190814f196292c,11,1,0,12
d32e65e72ad7bb47dfb37c1e2ba592181d93a6e8,4,1,0,5
dd02df03c3ed08d03a0333af68f43c7f2b59df6d,26,3,1,29
8b84a9eca1ec63c6e187c770071f4090043877af,2,1,0,3
5aa7a682910bd138511aac0191b13fed9716f1e0,2,1,0,3
b11e2a005014ecd827855dde9ce4d50b1f58aa4b,187,14,1,201
4e82ab632d39b236d302ff4283cae0a94f7cdbc0,78,11,1,89
1f630137267fed0b81871bd8eb0b315a6f009a35,114,2,0,116
58051d0629121332a8f96e00d2e9603583cbd564,59,1,0,60
232d521dc0860e0e657970d5bbab241d7a58d283,2,1,1,3
038a40022a2184cb2c406d3bf6773bcdbb8db0e8,4,1,0,5
0f9e39b7fc3743ed641c9c28dbc0f0f26493f476,53,3,0,56
f8ac0f01deb15cf7b54ec9355dd57f6b96471b0d,15,4,0,19
4f1493b0aa663111871404b026064ea35a5234e2,24,2,2,26
08b45b0c1c5a8b7766544ba01dd9861d8b0fbfb4,22,1,1,23
201d80c57a711c232539732df1c109f045ec09a1,39,6,0,45
e8c2a399a79cfd2905dd8d8e7c0e58bec68ece7b,7,1,0,8
562e8111552be8fbbe701c02dddfa3a3496a5f47,458,2,1,460
f98cd399f6c1f416835814fb17ec6a3d3080a389,26,1,0,27
1c9c19cf08dc6aae5e82dc96a6b945f0b140eec3,266,3,0,269
bce04ebcb32180813bd1de7d300c1fc79a9fccb8,14,1,0,15
8305bdb1937a24bc7e778ec497ceafb8b883be42,215,20,1,235
a48f56f85ab758796ba072b8140fed6f712dd8fb,124,8,1,132
1c99a117f1d4860891d4ad04242cf71581ef7137,75,1,0,76
108509fc30a01c1e52a9a02f44a00f5be1398622,7,1,0,8
bbf34480888124fd875150e15ac4064067675600,29,1,0,30
310e55170d1cea2846fcdc5ecd56c394b70c799c,7,1,0,8
20f3f46cbd9c6fe3e162690802a6696a64ca7232,40,1,0,41
6da759455251c47813202cfac29056a8e3f6e834,127,3,1,130
cc59cb82675499870e9b0433c350f01a3522c2c9,464,27,1,491
3e02a841bb37f17d6218c23255e254db990846bd,340,8,0,348
e37cd2b70fcc8471451f134e37d2b25a5b36464f,20,2,1,22
ebe07c6fb3f3ea3a50511fac4bd71ba683043b73,5,1,0,6
a73e73c8c0f5314aed0bc7f8ccd9454f461e28be,4,1,1,5
469400156f8e85bad333f48730b9160cecba7df0,126,3,0,129
51d33328b3d6b503d1366b7a683b5a4520d814d2,87,1,0,88
b7a39c54915e9e5b72056439bd7c2f88363d1881,26,13,0,39
0688404494696eb59ad8598326edbfa648f60436,26,13,0,39
3b5d32bcab01886a5a4b3c1378809fc5af9cc434,2,1,1,3
e6ebda9524f909072548b0da0903f0cc6415603c,9,1,0,10
bc31bdab2d85ea7bff3d76ea57da5f9b067f5baf,2,1,0,3
e6fab0681a31aa60af07136aba65b3e69c8f45e3,70,4,2,74
e242085ac3f79d377ed62fd2620fbeaf9a61c969,16,1,0,17
3105009fe85cb78922e9f70ac52297cccc9101c9,167,2,1,169
458dd70f1820f5bac10bda10f9b47cb14d31246f,39,1,1,40
3b7359b347edb1d3ed780e7872f6bdf3efc2e2c7,34,4,2,38
8e4278b4c11e333b853120b1a2df860be006ecdc,9,2,0,11
1b326b7fee6616cb63016dbce2a07daf2b0213b1,34,6,2,40
12d41ac61f6d3a18c9f00634cc3fde0a7a295cf9,16,9,0,25
e31d46c428a332d7aec53f35029a5774d039676d,330,24,0,354
a79eab750d002eb91efbe4cc02abb009b9db1ee9,49,3,1,52
24d72673d1ae3cba9cf90312550b32f954e343ec,11,4,0,15
976c68acb31b590bb8b2b509da05164b23c529ad,246,18,0,264
5e0dba75cb58e6cecf6b5aeafb4f32cd19600aec,4,1,0,5
ca7da658ca18ef6775557ebba9776ece5a21554f,55,2,1,57
6a6613fc746bf409eff1372fa7d92cb556db9f44,7,2,1,9
49f3ad17a066dde80e9d7f84fc859a1afb791c02,239,4,3,243
5ab6cccf9fcd280680f8ffdb74a17a5a71a327a7,161,5,0,166
0822e32631e50c751f4b1a8b33111d6f2a50a56f,26,2,1,28
9cd67375d2d64eaf9e1ae4021885f9130881a325,10,2,0,12
d9ced33ef44c87b11b1bee0808de2e2362bd5323,182,2,1,184
f45b384e7d0d2d9d501f0dfd278c247dec31a369,146,5,1,151
5410381c14187990675c62b6627eb0adcc45193c,29,3,1,32
d0fc6a0d16d89f903859f69be3d08666f2fa50ed,5,1,1,6
6ffc1b9fe17309b409b54c7b053bf511768a29e4,194,4,1,198
bfcb120889ce52409093536f24000d75da0594d3,69,3,1,72
835f12eae78c762322dd6b77481a5aca47637ec7,230,3,0,233
4b2cb26341eefb679cd599c75952509aa76af55a,76,4,1,80
1ee42327bbde2513edb48a22a207da36623d000d,171,6,0,177
52c32a3a296892a4fa94a040f242313620518258,59,1,0,60
b49018bb7908610533a6d3f60140d884a891c3a9,747,29,0,776
2c5e07f02fd8edbfcabfab5813e486f9a192ba6b,34,2,1,36
3778e45fcc084f0559ea1d43deb36cf4c6a1527b,132,2,1,134
a2895bfe6ea0f3289739d63d3715b775108a607c,1,1,0,2
0ad94f9583d1ca47b39363510cf294396706f74d,1,1,0,2
6ec199d4333a5aea8db5777c3d35da36a922f93c,2,1,1,3
7802a9ab00a81853cbc95e04a46cc2eb721046e2,103,4,1,107
bb52d33b3ebcd2c4df30b790c82db17879c97e63,152,3,0,155
a258aae65d402560cabd2f0213327081b148f718,1,1,0,2
a146ebb1885f11a47c613d2be9001a545e659829,2,1,0,3
e20c490b6949bf1451c6da79472691d8b72a625c,103,4,0,107
753473cdc63a4105e0f74cd8b747a1a705710dff,20,4,2,24
9aad6416a4c7448727bcb71db739d7a1bc8a392f,21,1,0,22
a8d99d9be812e17e86cfad2a13966c754ce7c287,5,1,1,6
2ffde6adbd5588d98838e3fd12ca8c4dcab3e367,644,9,0,653
d24f4a7add1855675a3c2d19f7c9ab435ccfb028,35,2,1,37
4e6863aaeb765f62322ed79bb7e82c930cb6e364,7,1,0,8
6d9d2b334db9db4896599f07e9a545961422db5f,28,1,1,29
f325418daa9ebb103eda6a08e8f16522267f56a7,39,3,1,42
5bd87b1c579017ebd76382335bf258f51598bae8,44,2,0,46
8856e45178a8ed73a7f7ac1aab5fe45e367bf4be,1,1,0,2
bd311f54b0c7b043a4164413e35d014e3cc41683,94,2,1,96
001e3deef9c2f3f8e6f257b3e497da2934e6b1bf,48,1,0,49
5bf612787838361fa2922d07aaa6833a4ee595a3,8,1,0,9
5427f4434ee24062c83f35fe154b071491a322be,5,1,0,6
2fb1f7d79693fea18933092c8993be60b476f265,16,1,0,17
64b2f7268878cc19d246383f62900c8c2a275e27,1,1,0,2
0d39e1ce31a0a0d6e94032bcd4f07ef2fae2fd48,83,2,1,85
6f0f23627674edcef5cd4d816dbe2816a5ce0edf,8,2,1,10
2b62da3e29716295d87a31bbc497a9a8217e4fc2,165,3,1,168
2731c0fe26ebae217f8616d4e1cedf9e3b765d78,48,2,1,50
2ed9b5037a1a4b9e5ad704d9d0b5c783b9882ec1,55,3,1,58
fdb07254ca5ab8698653a7adb9ea2a74e2b09c06,109,3,1,112
9652d97f63a05d410fae941f14d684b8dfcedd44,370,13,0,383
e3292ed203d2e5a1b7aa4643a3c628cc76745e3f,1595,42,0,1637
ff4d13a771565d307a803098fe0c7e9a5b91e820,2,1,0,3
5adf79f33884b3564360c0cf431160e86984c712,34,2,0,36
7247538c6bb70f608eb408e02f196211f65bef5b,12,2,0,14
b3b0bbb67490d9a2a15c5307fec60c831e94de60,3,1,0,4
1e61b401455f71053be9b52454916d07d8912a92,2,1,0,3
7c6ba3e752bcda02a13a1f85d904e583ae936655,938,20,0,958
989e9dc13556213acf92758caaa7093679b4d52d,54,1,0,55
e40dcfb9ffaab5735097a5cc71a6ec79aa36e46f,933,30,0,963
5303197f00a46d5d6bd133e330dbbc6af0897126,936,30,0,966
c1ac1af425fe7c2ef69adf018d58af57811b0252,371,13,0,384
1ae67725f669beeba2fb867a3c2ef4f5722c0c64,0,1,0,1
b168fd1c1b0b79bac4dd5fe9b23fa618b711bd72,28,14,0,42
1326c003369e95da80e9e11b19e31d440e4e503b,28,14,0,42
fd3b05cf4d62cd098f85510fd6ed05469911cba2,13,1,0,14
cfd63fd61cb8b05a61b65fbd8021f19d6d19a493,12,1,1,13
308c1b41960e5c430a60b02db74ad4f03567b855,114,2,0,116
eb35ba800654231865401503f971d19183257f30,59,1,0,60
c6a4d18717ca05c9cc4f169a3c2a3098f0e0a967,76,4,1,80
8be341f6bc9e7a64ceee86a570bc84c0e6787d76,59,1,0,60
64921da05fb28a28d1c25c5e850b1954aa2ba71f,0,0,0,0
3edf60dcbd90968d3b94f7f2669b485da649ee0d,130,2,0,132
0a36e35cf6c52a9e79fdfbbb8584a8adc3a17b6c,2,1,0,3
fd2935b02c89cbb9b55b9b411b1159f578b7f915,410,16,0,426
714335de4ba559645408adf692a6a90aceb8adae,57,2,1,59
0d2597965153c164eed55129596a06344ec74705,1375,47,0,1422
820fb75108627f93af56e4d62b47730a12af27ba,22,2,1,24
dc425e481b3a833d83317258b7d00f04a9afe3b0,2,1,0,3
5cad37ba0be6dcbc6ede9ee31007022a9e0ff362,198,3,1,201
82052b89de0816b36713f281b2861549e7562e74,490,4,0,494
09bcb1bf6d860cbbc0153861597a4e0df6a24ff4,2,1,0,3
eff1e5f915f4714c32fae1ff7d0e9e540344d803,2,1,0,3
da05b136daf4a74f4cdcc1b6742b8fb3182a03c4,28,14,0,42
6dc4732ce461d29f488b81687bc3b93090f732ff,28,14,0,42
ff55567cf448df98bafe3a3512349bf7d9f4d78a,3,1,0,4
04ad0c4461f75fec456e2e61fa4b68d960a088b5,2,1,0,3
20201427905781726ebf946a0840b19cddf88bbb,384,10,2,394
50bd1448a7b9df63c0fe6dbe0a60e97989fc2daa,384,10,0,394
763dfde36cd67c9f539cbd0db54b4dcdf3d15b77,62,1,0,63
26605981a09ef95864293af202c123a5e40fc913,1,1,0,2
422dfe05d5583318cc5116a688fc7e5676cafd89,59,2,1,61
82f882f14c5815a809428e950c4c94a04221e9e3,908,31,0,939
10f266aef9faf78fb8cd07f488674c67f3bbf3a3,4,1,0,5
73c86295a70e6ce98ed22ab213aafb105365e475,3,1,0,4
cf0ee72e21df7afa17edea77d6894d40b73da4de,162,2,0,164
256a3a1eb328e6f02eebc82eb37d91ad69e475d5,34,5,2,39
d4eeeccfa3f85155b0ca2892a30cba990c22a25e,34,5,0,39
d9e5f0bc2d7482062db72bddcb3eeefda05b2143,286,3,0,289
c5f68c51cb72503e7f9c483e009d94ed66aac335,374,5,0,379
4bdaec06595f35d4b7bb4c1baf35ca0d16b25619,23,1,0,24
90645004606cfbb33c79a385bc594854edce138e,24,7,0,31
22cf7fe9d8ef12e33b3fa43fae86fc7e8680271f,226,4,0,230
c9146a6eaa854499a5d099edf48d0b961d3a60a3,1003,11,0,1014
a991eff830f3c384396c1eba152462c6e6d1e6c6,7951,142,0,8093
0a76cc29b703fc95949736910a5a63ce9c1c0814,50,5,3,55
f52d35ba6c33efe824fc59dc1fa33d23bfec85bb,825,18,0,843
5601394e85387a69f171884792ad683a39c7eec1,2,1,0,3
a905704ee5dcaed9d42af0598782e96172ab45c1,50,5,0,55
a736c62888e59783efc68bb480de3b8cf61fedf8,2056,39,0,2095
943591829c87898788558ec323a38c6946b7eb6e,2,1,0,3
005bc68b000ad37cff5c0f0400d4ef18fe8af80f,9,1,0,10
8edc893e60e584a03369b6ac71800232bc13f7d6,5,2,0,7
5c46f055890eb86652e9b573c686190769599c29,1957,28,5,1985
dfa27b41bf80000fccb881467c8e992491ffd89d,5,2,0,7
dd536a421b53f78550ed0c33a7927b813d391677,93,1,0,94
ab4cb69e09b109f82e92de8ed21925d75751eef0,4,1,0,5
5f29f4374ee0b4925b7fdc36945a9a104389e964,4,1,0,5
93780e026d08c7541ca7af703aebc9d26e52e68f,4,1,0,5
cf1f44268d802922b0a1b26d6cdcf5edf8e45f0e,4,1,0,5
21efc9beb1e6dd0c9177b88f15934884478add9e,2,1,0,3
8edc1029818ab9b5e3b712eae3546e54eda6a1a6,4,1,0,5
a148e1608fd18467101496fdcf05e353492dde0b,2,1,0,3
be83477f361d90d5b78d10affe13f173b85192cc,9,1,0,10
3b63d13250862534a1ae6532750e3a343987ce36,4,1,0,5
c5ce1fa1ee49419f0e809596a272ed369d93cfc7,2,1,0,3
a34df077d0607ad80b2a3977321d7c2a3fdf3fa8,8,1,0,9
464945308c70beb14373ac5987cd38d0c9478cfc,19,3,0,22
e337bd2f9c54b58245e3e050372a32c555b2417f,23,1,0,24
a6aa8f766154bceab65aa97bc8092aa4d30420ee,28,14,0,42
9c5bdb695eb0c03b0a4f7fb07a0d45aa97a08d12,28,14,0,42
170797fa974add3e7dd9cc204b4f46b099817eb6,37,1,0,38
9a91418bdead533d0201207e12288294481da7e7,37,1,0,38
05c0f060641829827ffa3554e7d9b6bff867e2ee,37,1,0,38
6f1e8126c2a375b05a361677a4f549bb8a606b51,36,1,0,37
75a610229d905f74b4f844c9875b9e4bb6a956da,8,1,0,9
12a1cd7697fdef011503936d81a7904516a8151e,4,1,0,5
70a433b59282340471482bdc6602fa92f1c684ce,2,1,0,3
81a1af0c47219598a6ebf4c86a2e0d43d028706d,44,2,1,46
1a4bb6a372cbd702e0e48fb44fc82c33570e86ed,25,1,0,26
11f30faffbc095068d23e8173fb3387e99b1a341,19,1,0,20
be6a4aeed809a0a78cbf0c156ace3ed8c1a12af9,16,1,0,17
4d55b59776ff9be7a97c8bff605204f9c625747a,48,2,1,50
1afdf14faa875b268aca616e323957040a9695f8,2,1,0,3
d942b454af8bf930394744311a523a76802cb7c5,2,1,0,3
55a451c7478ba836e63e19c8bc3284a4a7187adf,93,1,0,94
3c99aa31c350d4b87e31c5d1dfd740f6938b5b47,55,2,1,57
b84e2726bed4ec02a896e5142c363a9426c3295e,2,1,0,3
245d43ea7eb45f11d0c3822eb3704eccf429dc04,41,1,0,42
c9b768f4d2a942dd29cecfd3871549794d337b25,45,2,1,47
bee675509d8fc7f927d410b4815e95f457ee1fa2,46,2,1,48
d33aa40c7e9e9f577bfe05f0a15eb9687ad22cba,39,1,0,40
1278cde66ac37c94e2e0c602282ff6d0d13a4700,3,1,0,4
65ca5ed89db94a8217e8300b3222abd2918f1848,176,11,0,187
492da11c61dfc6d58a8b093affa2b8b6e7054df1,65,1,0,66
edfd7d96f939f5602d9338575d6fa5ad243b8b2e,7,1,0,8
66900aada51693bd977cb54cb96e7078001231d1,1,1,0,2
7427a895ef33a8b8703e8c7af9a17ffb15fe2bb2,9,1,0,10
198f5540fdbca63bbd73943a30be79dd9761af4a,7,1,0,8
a7de264ff2fa559ca5d5e6b8a33e3a5d2590952f,38,2,0,40
2e78704e82f62822f1183131340cbd59c7b7831f,19,1,0,20
090a2a41e5e7ef8c409fbfc8f872707d3e1907c4,14,1,0,15
1bec97fa188a450a52289a4836b71edfa607e017,13,1,0,14
40ae3fbe969a484318ecaf33960ae26c68677c45,33,1,0,34
0d47734c372a5322e17feea56bf426226b6bebb5,147,3,2,150
f479aeee14eb7373b8e1daf9e94e1b6a56530736,265,2,0,267
7c2785f95170ca95a786bf33b8427a44b53aeb27,149,3,0,152
6e9004190ee16ff5e338fd6dbddc1dd56ca2911f,469,21,0,490
59bd08b9a98483dec17ca10f9dd3d9eaae1ce774,2,1,0,3
484915554e374b1322bc5e5cdf47442077133d55,2,1,0,3
402e96dfb58077cdf3e6bf2e496bdca6bad11743,1,1,0,2
4daff70016010a5baa881c7353304713e5e4bbaa,7,4,0,11
8af5a22fd64699fe6c7063870a82704c81dd8bff,3,1,0,4
0b3400add17a2920ca96b757cd45d361c5022cf0,3,1,0,4
31aaa530b55a458fc0227717f93c40a4a1b6d878,7,4,0,11
f4d6e17d027eeadc379ffab9498e1f392b82f514,12,6,0,18
0334948eadddfac9891277d673117e6b4bec0d7e,84,6,0,90
bbfa4ac952cdf4656a8f957a9db7b916ac709779,7,2,0,9
700c223954d9d9508812a985b39f8542845635e9,85,7,0,92
1028fb9dc35cbde49e6735020d5065163cccc522,37,8,0,45
e54735a988f331dced9317dbccdd317c72e16f66,85,7,0,92
61af0b959d02829918f5cfcd47dbc894a6b4e1fd,37,8,0,45
014f583366d1aa4fe6860b6c444db755b07ff4a6,30,15,0,45
94240182fd59639f815af42f95cfe87adc305242,30,15,0,45
de81ee89049c264c244a377e7cdb614abf2b00ef,23,1,0,24
6b5d2d1399c62c5d58436befd72a09491e29904b,23,2,1,25
8e1110b1433199d6fd638d04b013ec806c52f729,23,2,0,25
f4ad9dfc394f1336e68444944e41772d6d435744,130,2,1,132
e0c5ac84285e4aaa6f684f45249bb7f0245480ac,130,2,0,132
ab7959d9ac4a61c13220f53484bdce9ad6c3c67f,30,15,0,45
f58747157f3b5e8b4dc8b527fabba8fa676bc826,30,15,0,45
493bb9fd70a008e7c083509d93a419c99fd7bc26,9,1,0,10
d2ccc72cb739ada1ce3d5ae9af7032952908352c,1085,44,6,1129
f18bc49046d51e1700d419e401ad49093322771d,208,4,1,212
d7c8467f4614483f3d2aa5f872f9a603c3725ad3,9,1,0,10
d7994dca3ce076aacddec8dd9d4a25c4999699ad,26,1,0,27
60c651262e87540bd06f884b25c66ede491c34b7,1380,17,3,1397
4d13df5a42a3212914e2da6c9e479607aeff5ddc,14,1,0,15
c31a6be5e50a303ab8d12f810a1f3a44c3326272,214,4,0,218
c2499daebfb3aeb0342ebc032451cde65531ccf3,30,15,0,45
e1d335b4fdf5f9562a2f9348e6565de6fbaa5da6,30,15,0,45
842500e713232761d93fa27ec42430cce7ce616e,30,15,0,45
6cb038c7b8ffef2538ebe43a757a3c603b61c92f,30,15,0,45
3b4ae5eb775d386473aefe2c31538422d682dd86,0,0,0,0
b297c73c1082728ad9626d17ce0f7abe6abaa36b,48,2,0,50
476b8ea875c653fee292b8fa4291cf2834102442,539,27,0,566
e1ce0632157706beed11f3ecf12590cd33bc711a,17,1,0,18
7dfd436245c4ff9ced2bf9ab07cb0fe4289734a0,2,1,0,3
7fa1b6a0450e6129f080d2120f20592ee9a923a1,1,1,0,2
3b829a21759d3a2e47f95a2cb880e4abfc4ba6fe,131,2,0,133
70f29c7f51e2f086c4e4b30ba436f77c99734f27,13,3,0,16
6fa653b0ab784d7c04647c684f308b3febfbfb9d,14,3,0,17
8b0d05c592f00aef470aef93b59675664fb25a44,26,1,0,27
407a52d538c31f65e3ba313c1d7be4fb5f9831b8,365,10,1,375
7641febd3373d5703596dfafaaf8e304a716856c,1397,46,0,1443
716a030d9cd05b47dd0e78dadb5311ab0594adf6,75,3,1,78
0b61cd9df927e2657712739ba3dd1b7e602f0b25,17,1,0,18
5a04096a4a09f8ad26ff01be05d20836643f54b9,30,2,1,32
491481e96db9eae8a139466cd6a2a2b6b2fdffe3,17,1,0,18
d920ce2127426c62dbf4ccaa7cd08375dfc39ff7,25,1,0,26
f7b2cd78fc1b8f0c22edf1d5537fe37dc6c28d50,225,7,1,232
2e3a37018bf9b92224975fab5e2708d6c2c5328b,11,2,0,13
dbf495cb352474b4904ba795138c0f58be45b27f,2,1,0,3
0b49e8ad5c4d9ac807043e6ba205ca1419c77fb7,27,1,0,28
0810736201b3c29044f44b48aa1192288a22f372,14,7,0,21
73e3d08ba098febea60840b62c6eeb5b79d96a04,2,1,0,3
3db0d58db01b1e6b44eb48d6ad38384812f3d09f,14,7,0,21
8958626f6453e828b3fb27a14159f0ef810d6e56,1437,50,0,1487
e8796802ad20acc562e77a08a7114f6eb57e9396,349,7,0,356
92a47b2d9eb76ca3ee0756a934e807b8aa72b49a,418,8,4,426
a39ad4cdf231adaf7ce18c10bce406eea529fc16,20,1,0,21
ca01d15d79f8c6197e38c24fa6543f591f6efdc7,8,1,0,9
090d5429b346df529993cd4b9bdef051632da764,8,1,0,9
aca1d8b895fb6f47e1e97e1f0133148ccbe4ab17,48,2,0,50
c95cb214f7821a9beb2a065e7c237ea3da67ac4a,418,8,0,426
760367b9fe669ca1a7e75c850a1f455ab1bbbc2c,10,2,0,12
54308f7fa8ecbfd12de053a4bfb3c2619bff9f9a,10,2,0,12
c73754b5dba84452affa8bce9a65a9598d2a20cb,2,1,0,3
3f75f0e171be461eda66b2260e45c54df768ce5f,2,1,0,3
bb9d898021d53d879c3b5d6e4d5af3a030f10d0d,22,1,0,23
22282a979ecbaad21d54887954d011d269b05493,14,1,0,15
600e7c989fec70f04d619aea16de355c3d3d0e64,14,1,0,15
7436d8f44914a8a87e2528990cdc3e7afb070da0,0,1,0,1
eb4966f0b0c82683d91ae07a29ecba98e8153313,44,22,0,66
a6f140cf076f787afc50c081f2da9cfc0e2f538e,44,22,0,66
e5ed117a3ead25dca2cd17275d675baae9b7f5a3,12,1,0,13
8e23c246a641f6cd5a5e89a23317111c8178cf60,110,1,0,111
9df136c5b134b0012a34d741506519924b463e3d,8,1,0,9
99798b5915cc45b3db7cd274f22ee0a3405bb54d,2,1,0,3
955cd7eb3a83b78640a36ea441d1001e01fe5b22,4,1,0,5
847df8f37ba983dd2cb26683023f2f8c324bfa80,18,2,0,20
59601d78ff6546225e3b2c1a590c410e8a87ab55,24,1,0,25
a3474811fbed4ee4b87ee03d296a6077f8eca64a,2,1,0,3
17146c31cefd81b5b13eaede7b36296e580546b8,2369,77,0,2446
e2d819c2ae6ab5573606e32f325c0743c6ec0c2f,9,1,0,10
08a204ddb8cfda6b41309af911c5a4511fd426df,9,1,0,10
83f06463cd68732d282c16bffc0a32e21555d066,9,1,0,10
051725362f48c5b6490a15ae5241967a81b523f9,16,2,2,18
c590038425156af6a99f5424d8ccecd4526f071f,352,4,4,356
aa442465c481d4b599ce11cbe520ccbebd6e0671,2,1,0,3
891cc3ae0809dabad4c4ca32eef5a4431f0cf53e,2,1,0,3
5bb9e8d9a5aa6dbb459e2d7243cfda40f095bb9e,37,3,0,40
314ac2b98a8119ee028417f8045ae3c50e488a95,37,3,0,40
652b0fe0521c5b57c3a61cecf9889d7eac054981,37,3,0,40
e36b2f0b4c724cdc610eb3b6879b795fe301f24c,136,2,1,138
8269a6f5bd54a80328d77b2c42443c709b373953,435,4,1,439
3d4513f0073de5026e75643a725f9a22bf2f677f,81,3,1,84
564f370e84e3ac920a5f5d2bb160293d64609e73,168,3,1,171
da4b7fd73b9c6179b2b521dfce40c96490cf4ec4,182,1,0,183
bdf5d6b57203e2c7b494bd34babcdf8849963185,57,1,0,58
f5eb89d45ccbe373534e249d711155d98a0a49de,742,5,0,747
e29c2dfa1b92c4daacf242f7003ca5e0bd583aad,57,5,1,62
e94b392ede6bb50a158a8df161da88b54f92ff61,1,1,0,2
cd00dc8944f768753522ca10930919ba1d8b7161,56,5,0,61
aad047a8d8a133dbd5ac4970887481b61c4e173e,44,22,0,66
5f13c8c20f82eda9229e1b245b9d43f415c14be5,44,22,0,66
0743b60507fe0933dc2d6cfdfb4f769ec3875e60,6,1,0,7
0a01dae77c560e3309766ddf1a0cae4600d4cc39,37,8,7,45
0df24f071e70b19aad5e9c45f16a14b379313f5d,6,1,0,7
ea9fd2049243400cd8b75943b3fda56a95295367,2,1,1,3
e83778a2588dfb14e1b225ad5c5cae817291a655,135,3,0,138
f21fb3158a92837ea33187335d0c1029f0890cbe,45,10,0,55
884a5e5f93aeae33ed35d5c7ff556962ee0d9be1,110,1,0,111
a34507d54550a794e55cee68d39b483793954561,2,1,0,3
18012a0db7e6fac06a36670fc1c2b4050d903e07,2,1,0,3
da066e78b8e1dc4e25746f9c12a8445bf28f76b4,44,22,0,66
313c300578fd79be6ec60c92ea0c9963dd52c127,44,22,0,66
392a801878836e50d992353910dceb802393a6f5,220,6,1,226
0888bdeacf422a6def35239abd69f0ad8b580abc,63,2,0,65
67a7a9d242a4831e8e79a1606c0f7304a802ed6e,285,16,8,301
d185966b8a3ef3cb096e57a8e10c6860b9eabac2,44,22,0,66
cf9a3677ac749ed0789be77eb7de70f80b203a2d,220,6,0,226
f2e7baae6817aae3440edef23f6379d7270f998f,45,2,1,47
956ad0770b644153317d45c276ec1615c509da5b,45,2,0,47
4a18684068266d8f8130e7f1ecf098fc039a672e,81,16,8,97
f61331e122101a34e5d02fcec0b95d46e3be664a,66,4,0,70
a68c8fc97685eab6e1c916f47badedd70a1c0670,304,16,0,320
c81778533dd1c963f0cf7b8e704afd7c6259907e,1219,14,4,1233
d617084a4552621c887b078447de3ab725e47f63,137,8,4,145
290385c888b05797e5663acbd8f1ce10bc6fb8a6,3,3,2,6
74269e42bca92c8fd531d81b5f3eecf386883ff3,1171,14,0,1185
978e396663297338a186bac466f5ee7319943c6e,164,3,2,167
ffcc0b851f7e8b31f7ce7253e4bb369f133d8f91,66,4,0,70
273728238acad7800a074b11ad3ef0beb3a4af4d,310,1,0,311
a4aef0d55338b1f0b6487e40e7de87170e6a8e26,85,2,0,87
861016bc72b36074ac35c7c8b9f5eea7df87f2ad,6,1,0,7
dba65be43fd824266f947570ac310775187cef83,200,3,2,203
16b2f7362bfcf64eb23a28933098d32ce19cddaf,92,1,1,93
13942364d47d493fe10c66c17644d8284a84cbc7,146,6,3,152
c1b616132a7625ffb0b7b3230e0738b06b49a1a3,972,27,3,999
5051acc8d2ba103a7b544383f275c18ad913df7f,3,1,0,4
017d08860a816203d7c4cd92600bb99792327631,4,1,0,5
82b889c0af816ba7be2d59f84d2fac6918304037,9527,157,0,9684
1f75813a03305c30da1d2f9326affc92e541443a,15,3,2,18
51ca71a63e332e8976649f0631664de808529a25,89,1,0,90
52ffcfe6eea65f54b4d06ee5a6680497f4905b2a,3,1,0,4
f2e607efe4683f5a111dafe602951206b6ce4726,64,1,1,65
7def49cdd57d670a87abdf264aef5a461de9610a,113,6,0,119
3013b9f1ec57db26d9b09ee1981e3881fd65641f,232,4,0,236
124f2ed8314083d0c2c642e9efdf1a08cba6f9c1,2027,54,0,2081
3c91e46cb37600a78532233e888c7f27a42d9fea,14,1,0,15
dc7addc32651005e67e7d50b70247ec1127e3304,28,8,6,36
30adb12691698730c23247d4218f75ab2e0687ac,1,1,0,2
9af41250a6852df1a0705c23b3655f0e504f3b6f,21,2,1,23
e91cda90fabda87d82a14708422933e2f9b44ab7,1014,34,0,1048
2b80e47b6346d4f34dacd0d6314ab6bea80fe6d7,3175,85,0,3260
cc8375c1c708dfbcfbd02207129bbd9a8b5756a4,310,1,0,311
1e69167860dc5bd80e4a3939e64a3a364acd6b91,6,2,0,8
8926033d70d6b87b06398a8f7b705997901b8f8d,14,4,0,18
1ef3e9fdca48af35e868a2b88a5619f1e57f0240,23,1,0,24
ee6d882274e81a433b0a7d0f45e571cde46107ea,2,1,0,3
87864cbd1f0ce52d4e357c02ca522f5309061caa,46,23,0,69
a609147c8ab1544400c79a103ef44e6907b7470b,46,23,0,69
f7a90232cab0da9121c327ad0b43c2d39811fb53,22,2,0,24
5997bf5ce0f588c7ea8ad0e6786d7dc3105908b5,312,4,1,316
96f230019ae8e91f0eacf1490481a73161b4d8a2,110,2,0,112
985002ee33ffe6c199ff6471b3df89394bb22f14,24,4,0,28
b273684b5a4efdd49a5bc3e0e5aa70ad3abbb155,151,4,4,155
99b7e52a58d55d894dc244c93e5a4c4d183e411e,137,40,5,177
94b2ec0b93c826b39a881f5e0653719ae78889ce,137,11,0,148
a717bbf2fc28f26e84f8374f6ffce4d30d8c618c,2233,30,0,2263
d708c7dafa6ac39ee5d3d8a5d8091ae380ada2e6,1,1,0,2
919db0ba56e7bce8d22c9a5a69d2b29e674a24ec,91,16,5,107
c8188f32b8761f0bb6ceb564333e166f5a91a321,2,1,0,3
1f4a9db0b7216e5d7d5444aa86ae56ecdfda1b71,36,5,1,41
c7c39c3f5a12d3b823813bd6307d2e0e2ed98fce,47,3,2,50
47cd5723c39fd87c4aac676bebf67a6d6c931e43,46,5,1,51
565638f859d07256bc9f22218a54c04ae48f162f,588,6,2,594
1d1dd2fa7832a51133c8003451334c1f4068cfe8,364,8,3,372
ebc87de72be2249ce749b6893021b9c48f6a93c8,7,3,1,10
0fb0173132b27a3077d0faefc0a70888f5b49baf,13366,219,0,13585
b9e272aecbcbfb500245720eec41566fd918a18a,1,1,1,2
36c3b66f327c823ee3a68fafb3744bc23321dea4,13,3,0,16
7c0d29037f59ec37c1f652df9cc4fc1bef76ea82,32,4,2,36
63b710dad7aa9e87cab013d701b100aa0178ec38,112,3,0,115
8ed45d07603a354f4e05a454a841995f5d558eb1,8,1,0,9
31e4b068e66b77cdd6c31983f7b019a5ad4a2306,2,1,0,3
e4e9fc271d201eaf0a26894c4567ec489d32e0c4,15,1,0,16
0261cd6a7525fa37229d6c4f8df1d6409332646d,92,4,3,96
622a4000f69dcc87947e1566835fc51b3be46aaf,150,6,1,156
2e43df55e0d8dd60b05349b26c84958e5ee55841,308,11,0,319
7dac815773821154f76b38adc0e6ca75fcbdc4fa,92,4,0,96
79cc35df33325166d24b68be6f13e19d24370c91,150,6,0,156
5f57e46305f329e3355d934424f380284fdc1d8d,26,11,0,37
9199f3e6ab5ab88d4c0f02f6a5201b9382097a06,46,23,0,69
a906f0fe02aa849dc854890df4b60b57e44d7dd4,46,23,0,69
954f39b8234ddeaa64f495724f6cc4926a786096,25,1,0,26
b752260ccd27b8decd6080dc54cce0d255e0140b,8,1,0,9
063edb4feb4c74b4d8b3e48256becfa2a5320c44,164,7,0,171
55ebcac5b738a302ba888405371542a8794ea7ab,2,1,0,3
283293fa830858e33999880e27892b1754e6120a,2,1,0,3
da9642074fe1eefcaababfc79cee6cb73065d2a1,452,34,0,486
4dae164fe36075b8470a1cd9d7ac365982a48e29,8,2,2,10
bc610e51fdb6517dccaa08b864bb69e55af6b6ef,2,1,0,3
880da33d81a6f600064d26b53a17ed23f370469e,14,4,0,18
3830a1545ad1ef824db0d721c4da71a7a3c60c88,9,1,0,10
c1e86d80f372f1a1f33064a063661d114c3a5230,3,1,0,4
81ab42663de1c0976fea942374227808443662ed,31,14,1,45
2207cb95ba17bfabdd9e03ef035aa1349f162fd6,100,2,0,102
09914752a40cc7f950695b66395d1fe783a97224,17,3,0,20
f232e7793f85d1cd4c2121c8d14df73a217e4df3,88,3,0,91
5c6876accde093e56efb244345f1b77e3bce7144,88,3,0,91
af880ec55c070b9239f073b36e6b95e888b4a684,86,2,0,88
6664165962e47903e3facb289e617d0b323a0acf,10,1,0,11
c1298b7a75e438ddfe9138876ab6be1580830785,18,12,0,30
8c8cbde707f5d5708c55303e56db4b7fb8c911e3,336,12,0,348
46b1ad00a8169943d9d8b4096cdd21260a55b73a,53,5,1,58
40f9b24c036733e2d02afcb1b8c78c3feb28a5f9,4,1,0,5
ff6219464d65dcf6376c0155b5c8d89e03f2bfd4,53,5,0,58
b2184b8468268cc2d99211693b827fd78fd1bfae,4,1,0,5
8fb0b022b52325b5c033ecdad3c1553dbd50f10b,2,1,0,3
0dfb067a348d8e13d216857613fe1c52c7a4de6b,48,24,0,72
f012db02f1e3b0f683ad6ae88bc2e50b5fe994be,48,24,0,72
9bdaff93041368a5c03c1bf71d1c093242cd5d67,6,1,0,7
ac8968ec23bc59937f56394648a2797fcbf486e4,4,1,0,5
471a693e39850eaa30931b765a6c99d21d656c90,6,1,0,7
d40381aff0c1eb7c88190f83ae57f32bde877645,2,1,0,3
4b517aec78cbe542939a9c0f03f9723cdc641217,0,0,0,0
81f33a66055ee9ba23ccc6d9422f0c27304e12ad,872,39,0,911
c00409aeca05566cf884f35249c4d0e922f44370,3,1,0,4
21faa3d82f4f4c10713b07544a0650b896f67ef8,101,4,0,105
a8be812545907cd7dc2c51832c1c02a9767aa2be,2,1,0,3
a2691a742379c023acb2e7a3d6ae7bd08f92a8be,4,1,0,5
6763f71bdb48cc3f955825ed5e2090ca10688d54,255,6,2,261
bbacdf0aa67dd74351e04310b0b383021c2aa2c3,5,1,1,6
b25de9814b5d20afe380a0fe1e59d3329102e1d0,16,8,8,24
da17462e59a01b01017b0a90a2e850e2743ce663,59,1,0,60
3c0ab7a908e7e503660781c94f463c8f3f314ec3,12,1,0,13
942cfe26cceb69cc420e5019f854213c654ec844,45,1,0,46
d00eb4e682599300d9b1f5a1e22594da6700cf80,107,5,0,112
e4329cde9f32e8f3cea88d82420d0ab920348d02,46,5,5,51
6edfa7e6ee517536dbde935c0c6cfc68e7155b44,151,2,2,153
8cc4cecd580438643c3423bf147c476c8ad606e0,413,4,1,417
496e3fd019ad524b165242ee6fc914d9cdcbf174,941,13,1,954
5b1b79c7cca8df23c0bb387e19a14e4c55645998,6,2,0,8
02f7707e13755b6ab9e4c5a5bd8cf98152488631,41,1,0,42
2d9cf95dfa0cbc2c969ff4c61f6cdae16cac87d6,18,4,4,22
b929d196fc3190d705096362e76cd9878fbf35cf,70,8,0,78
c8b7ba82e630f1813a8a1d29c9dd8585767d39bc,2595,88,0,2683
5ffaba99e7b10e55df9b49e3401396660e3262a7,28,1,0,29
b1a67742ec0c79f4f7143d94bbc1a848fe2b741b,14,1,0,15
024d5abf6a2c96f13c733d04501fcdaed66aa860,1,1,0,2
8ecb0b22d80cae8f962b0de573fd276bbcac3385,6,1,0,7
a1b7a315726ebf3038ef4160aede0fe8e91024f6,7,1,0,8
83bb4b89b433df79049411a7642b615821c03654,42,1,0,43
f2f8e42e95f4d1851f5bcc6dc82e03a159f8abd1,234,6,2,240
be43f8847748bf810142f1c9df500b085e87b21c,152,8,2,160
01bba92984f12d111042cb54332d906d3d8add4c,32,2,0,34
e29d26bebca603e00c8f437ef46befd9ef0d7a02,426,4,1,430
ab54b702f1039d827a1a0a04299368338e2554ac,306,5,2,311
0185b491c9e0264a591611259a4233e068390f0c,4,1,0,5
aadaae5be5d207f73b54b89e11d73ea06fa45171,2,1,0,3
644bf006a2fb19cde2cebdf3e4f47a7eee42a118,1016,13,0,1029
3d7d9ad11bedb4772aca271b73bc952f2542c6bc,42,1,0,43
137b1e292eacbccb06c9723e9b86d2259045b860,3,1,0,4
68b531441eb4fc19d00d2a18ff61bef140fd25ee,68,5,2,73
045343dd5153c879cb35e55da28232e4cd436a8a,1061,15,0,1076
38241cc7e85e943d404f186fe684bf2ceb855de6,3319,44,12,3363
083c51317f4cde839c2a948e6fa5c2b62221be31,4,1,0,5
3f37ca2a19783dee35c41c3a66e56cee194c9138,11,1,0,12
c54e6d5f9092eb5d5beb98aa41c515949be58a2e,11,1,0,12
1be4d6c9ac35c133d5e257839c65aa83155a4455,121,4,2,125
02f50f7ea0b417a8b963b8b2b081b16190ffc9ef,6,1,0,7
94d703c7cad93228ddee626622841953eae665b1,26,3,1,29
0d111b1defc6cc5100470dd1162b6eece86fdbd8,12,1,0,13
5dccd0cdf5d1384bcc46b738c27cf4c7f42a2d6c,3,2,2,5
6496bcc8e1ed9150614fdca9ad8ec46294336ed2,112,4,0,116
76bbf4a88645abc657ba6e4c2dc636712f03b944,151,3,0,154
cc59a4077dc880bb5de5555954906bda64369678,16,1,0,17
808de5d963b4186d69b2ae39c00ed5f5bb08b2cc,26,4,1,30
de7ae6be9d550bc7d387bdfc986111387923eb32,6,2,0,8
3151b2f76eaf0c43f1b321ab7480d5c4a3288622,40,3,0,43
29fe0e0e42b24a8155084375acc1d99fa484830e,32,6,0,38
cad7f56b655599fe663b1bd7632c3afc3e40d5f2,10,4,0,14
c48e8c1324562937cdca552657afb4e090f119f2,3,1,0,4
555837ad2df87cf19d269919e6dbb809c3b060bb,26,4,1,30
7593e65aa1c7d5ab3beeba7a39b751ec8604511f,6,2,0,8
81028366038e22cff7a3f62e8eab6d00758f978e,2956,26,0,2982
8cc8bdc05260d0f5f60b3435da7d0f0edef6a786,2956,26,0,2982
588f868a26b792e49954b9957e1083f8b43be293,0,0,0,0
712e6d796c41a44a751dcf441f0db4dae87eb693,3,1,0,4
7b0778c490e6782a83663bd5b1ec9d8a7dd7c2ae,3317,44,0,3361
ed08077daa9c780a8dfea360a638bcab50269bbc,5,2,0,7
e237fc4938ef2c5a499c723c8e738df0a01319f0,4,1,0,5
c7e892cbd3c8fa5f03dadda55c9d529517c8c74c,5473,108,0,5581
b07b16013482fe8af9333727814f9e6ff1d3ca7a,980,15,0,995
70eada470f069ea27c5e2d47d1004fec56f7dcca,4,1,0,5
000659a2d80ca4584e0e39fae4164009944d3549,4,1,0,5
509e26883b30a2d505c64b28633be2e628cd1f56,14,1,0,15
7043a64617eb25608498f502feb6c76c58b15242,378,27,1,405
77a355af4b7828daeffcdf312108ad9f1fa738d7,88,9,1,97
34b90d7b86c600804038048e905f0f3587aba687,365,33,1,398
56387e33db7df5f50b5754b756d1551af2735fe3,105,12,0,117
6b2eef9d99600f4fc48a9ba40e15fea3e5e748ad,36,1,0,37
d7c7395b44144d05ff4dcb464bdcc4e90056c3c6,107,2,0,109
3fc099fd7b315a2daecf2f832071f8b91006ecf8,74,1,0,75
2403257ff4c412465e4bfc4af5f0e745b5d96565,2,1,0,3
af2380fbcf5d440315d0a5335975197586ebf929,82,4,1,86
a5d2de14fda5215cece2b25ab2dd1e73396ec25e,51,2,0,53
603c0dc927c2b1aa46dba6675b24a375cfb3fc1c,41,2,1,43
5e74bbed3698e94a2b7d3e3353880bdf5f5d3205,7,1,0,8
8cc3e29cc28896cfd47c90abec97f1aa866832c1,58,3,0,61
132f75d8d4a43772d7ae99a809345542a8c2fb83,363,20,0,383
d35657890c351e2945711e712f9a784cf8a9fbd6,2428,24,0,2452
6063921a37a77d9cd29eab64be3f91146ac52a15,151,3,0,154
f93c9cff515f1d676e104470a54b8d5713a2d2a5,6,1,0,7
e3923592020fb27332b9c3f68f399cbd900bf0b2,10,4,0,14
2d5563b5296f60a053ea2fb84fee33db5c67fc76,9,3,0,12
b722e7bd77ead0676c253bd9bdbd30cd263864f1,41,2,0,43
3cfea0a6b817a43cb9ac4fbcfb3fdb9d66b1ab30,2956,26,0,2982
deb5e5d0aef6f082b650a3d539f118cba22a80fd,25,1,0,26
459b29b2734c81a4b21bbf11175a582423613e4b,25,1,0,26
a08d2570f55bf2161b7c2981ce76bfb59c0ed22e,2,1,1,3
eb77222fd964301909ab9cef7b522c38601d37d8,2,1,0,3
9899e5ba66d3c9d0a8611b9dc914ed79ca7d70f0,2,1,0,3
0b5116a6d694b99e7b460ac32fd02810162f49f9,2,1,0,3
1920abc2b5c2c4007e44b2c452870e24f7a0e17a,156,5,1,161
d0e548feae5d16d8901385d158929a363b4da780,4,1,0,5
4246d18a5fd8d87b29740a56ec3616f14320f07c,15,1,0,16
9fdafc0e255e086d849b0738117d1e01f47208fd,167,5,0,172
737a5d5d8447ef410819f71c8ed112c3af694a3c,5,2,0,7
3d4311fd2d4ab7a2ae3ee326a974bbdc6c62b538,29,3,1,32
ba9411990eaed723b3208216496afb3b59a5289e,8,1,0,9
ee00e61b156001e157538ebd2bf93edfd293d2d6,5,1,0,6
05dea98103d8115a50302be4bda7c957c0dd9d9e,21,3,0,24
621cf4e92be3dd3f2dd1a92a8dd12f244a7d7be3,1765,31,6,1796
860e123b8b8df55eaa81c0e4192373bdd7fd2497,31,3,1,34
5ba0ff1ebf8a46a9589cc7476559da1266525cec,4,1,0,5
7b5e2ecf2cbc54ed9e53445ba52e2fc6efd3745e,159,7,0,166
73d66174032ebba5274a7faa172542b4d70b093a,62,26,0,88
db13f1942dcc7b5add45f5e5917ec1e792046ad0,52,26,0,78
670c94065a21d639f5b5dc41690fb9352ffbe06f,225,29,0,254
594c47ea97bde54cccdd60cae2389509bfd85d2a,124,10,1,134
616f7783fb7fc527c4bbf559071e2b068ea916a9,25,1,0,26
44f31c53c5116932401d5b759e9be07ff5bdb9e4,1,1,0,2
125529bbb0a8e49d6b78d60472121eb20d53a9f8,19,3,0,22
e8d9763c40ba5b8b01cc2160f3b806b31a5c9e5b,86,27,0,113
9f43945682e73992bb3958ec8d478873b20b5b0e,404,8,0,412
7345536789597b798332bc49d0e2e8b3836ae7c0,9,1,0,10
07c54722a2ebf6edb45a1765c8fc6a5d7bc02795,9,1,0,10
82ec5842372645535e1602df8c51ec05d683d5bd,2,1,0,3
47ff4ab39a22094968b2868b2f0138c5ccbeec08,0,0,0,0
156b186bac66598c1eb6f81c2507fe4f116575d8,7,1,0,8
c54cad5e4a54dbbae417bc1561c623b1267f2079,8,1,0,9
5207422b349f30ec26958be86dc7390b46d63990,8,1,0,9
253eb6a182b1abe746aa792eae9ddf9389d99b61,38,1,0,39
e1b480032bd1b37a9cd7c144ea28c64899806dd1,2,1,0,3
6aeaa526abe22e4c49fe39bc1c3a88448230855e,2,1,0,3
f9a867689a18e33cb95fbd21b10fcd5b648739be,101,3,1,104
ce2301e2c663a2944d9ca1ea6349d55074bf70f9,101,3,0,104
5b8af1f8097e7729c41cd86562b6706cefe2c56d,14,1,0,15
f5edd0a74598f951310e9014ae552f89c60a5853,14,1,0,15
3f5de7612fdcfa5a8d6e0c81477cf297d6006316,38,1,0,39
30810ff61f5bd033b0bf90bbccd574c331b62d2f,21,1,0,22
05327c1cacd598106b8d8228927a5a8884faaec9,8,1,0,9
16d38e2d32f1d09bd10a8455bdcf11905f8cdd72,2,1,0,3
27f71a18579ebac6db2b0e9ac758d64288b6dbff,52,26,0,78
bad0012aa4e0a6d695793644045e655bbd5b4034,52,26,0,78
93359c0f2cac705cc7b2fbf3c057d74142025b37,2,1,0,3
f98de7588149bba0d731f38232b4a8fdde14b94a,10,1,0,11
41df19051825d724626e91425c8e690c04a39998,27,1,0,28
b8149e92dd283d98132319d506248c3204718302,217,3,1,220
a13ae411677847137c93aec573abe6b0601079ff,19,2,0,21
0943978a7e37f960db6ee280096cac8a2e7ee38b,30,2,1,32
67c1e11364455dfa8b48dcc013398657d080376e,11,1,1,12
6417baede9f9e9b4cb711d7120ee31499a19b5ea,14,4,1,18
ddca03c2754bd67b3aa9f37a5d404814ed79b4bd,58,3,3,61
de0bfe3a7b9cddf4e949e6ebfd97d9c16bd143fc,14,1,1,15
9ef1be6697ed432e5de5d5d7aa2f5810e134350a,10,1,1,11
f5c3151d057708a7377430b6c51621071656d10e,4,1,0,5
f8877f1648b607a288af159c810b32049a49e086,3,1,0,4
110fe216e493ebe52eea32275a7fc0896552ab3c,11,2,1,13
d093f497007e140c9ee0350b88d5b93b00ab9382,7,2,1,9
3fad81609562f2819639f4fdb02d6d6481a7165b,2,1,0,3
79a4ac84c969d1dbe14644d6d01f705883a36b6d,332,8,0,340
5d06526d49451135bd5c3befc06a64624431de02,374,2,1,376
796b7dd3d6fa9ec70e36d9502c0f79bbd94550fb,9,1,0,10
3321b67329a895171d47e321279901d0dc346aad,2,1,0,3
f4a0900ba9fecfa81b2fb15eb1b562b0beff6371,1,1,0,2
b55eea04135d41a67b8c5d321f993ccf35a17c99,18,1,0,19
eeae127a20759116200070ac154748ad3709d2ab,18,1,0,19
6b7bc5411deb24a50025577b4384f8626cd273e5,10,1,0,11
0a96b2c66c1367a88d750357c6d6527b2efbbb08,3,1,0,4
dd8c32a41670e831a09558bf3f2697f54fb5fcfa,2,1,0,3
23958b8fde926368176dd8ade908938e17f713c0,8,1,0,9
83493c59396479659d3d260d53498faf2d7518ac,28,2,1,30
2056bfab8080ff013905268fbccbde835b9ae63e,52,1,0,53
fca4cc9fcb3dbfd622e11861e0b7a8f2a3ac26d1,3,1,0,4
7845cc76fb72aef6908ae16a89df92e60b171f66,15,2,1,17
9814332cc3fed776eab8ebd03bbbc241ec562c15,107,1,1,108
ac816d91e2c30f7bceacb8601ae13a0ab0107277,2,1,0,3
83e34bec54298265c50e366fae364c02a9e2dfe3,4,1,0,5
a85b7fddbbdd381378a7075741be74c19c681ed0,2,1,1,3
4c870b0f2ff514d31f5933f29973ddbc56ccaa58,2,1,0,3
8e348e60b822d86a7e0862902c315beb56388725,55,4,1,59
00d631c15d147e7e7a07d65fe50999c878a921a8,37,1,0,38
9705f4905a5077ec7208a0fa3e230668157fe471,19,2,0,21
70707e4bd2f5b41a08d4b5a306d5876473532e01,9,1,0,10
05c3e2706a356ea878177faf93ed108a348bc7ae,3,1,0,4
9f672d69432e6339fc69c6848b384bd6bb744051,127,3,1,130
bba221d789909dcce126b9875c9859b4359ce911,4,1,0,5
72dbbdc4d14e9fb7479cdb8921394fea30b27745,14,4,0,18
ac2b15ebb0d4d5140587e11a0e7a71f898293668,10,1,0,11
93d11c5316e494cb42d646e58d9f7ac98e942266,587,5,0,592
8aeea149f7c78090cf3a63ff9f21188553ee8b94,28,2,0,30
c0b96220312ab371f05ad721c4dcf6bde3fefa1f,5,1,0,6
c9445a3d01743704ebbd2e548a84db477478a830,52,26,0,78
10a0af6be18173b3a862db279da05d9ffdc8f67e,52,26,0,78
76d05fa79ad7c866800abbff07bc4aa0425c44dc,18,1,0,19
7640224b3fee25e3c347f1ffdabdf5392212256b,80,4,0,84
3e90b41aa06a04af2873fc6fcf68530e4a4976e9,1269,52,0,1321
78491a40c3413064bec0b66702c3499dcffc43a0,2,1,0,3
f6a2218a50d948061915223d971bf05e02d60ae8,365,13,0,378
9a38aecccf96ceee20779d838aa395262270ea36,106,4,0,110
6aed5288fd4a1398063a5a219b2ae4a9f71b02cf,106,4,0,110
3f25ad97f209e7653e9f816508252f850abd635f,52,26,0,78
00e794a1109635166621885ce9318759a5c8fd8f,52,26,0,78
0e334ca38b9f76b5b5df6a56510400b7b151f5af,21,1,1,22
5d1a66a9b8777c701a6fa376b941f12531e96e8f,12,1,0,13
636457c03dccbfd66570dd9d6653c901dbb51ef9,8,1,0,9
af74b795119af777961cc9604457def59c8c804b,3,1,0,4
51065930beca75f029323f4f658662a55e09f837,4,1,0,5
cb3e51466b5c9d6146e1b8cae8a4f7082cbd0821,1,1,0,2
346b387ae779e2eda2d4ef9b3bff361fac2d753d,19,3,0,22
70a00125132600c9071fa6627a033262046e0278,2,1,0,3
31df4fa3afbf209f0e0928eb16838697d4905c7a,2,1,0,3
57b0131513366863198f320caa9d9f053a9a78a7,17,2,0,19
50701e7d2af0aab49b77518c2fb4c4b8c931f855,194,34,0,228
163bf6bd3436ee8d558524b09d7cc9e4df8a0275,896,13,3,909
a1d7260a4ace24a8d6f514149271ad998019eb5e,12,2,1,14
3af02db83a4b18f814a400bfe8569c31de4932b7,199,1,1,200
63ffdce40355d8c75dae6a6888ca315889737f1c,18,1,1,19
299e0ca760ccc0608ba7b0ebd3461f4ec5e606f8,289,2,1,291
73d7558bdaf966a9fbfae7fc1c8f0ba727a98de9,73,5,1,78
5c807055aa1959737c2b2a1d2256e5769c9a7f25,42,1,0,43
9ef22e630907eeb85600ab3ef53257fb575a0f8e,10,2,1,12
86501c2352413feb8a4128362d862c89e6cbb1f7,203,2,1,205
acaac8bb700debdec66d0a633a60be503b7a20b4,319,9,1,328
c825e89c84fa78222baae7a35c4843b2ef199869,59,1,0,60
0189ff1757a3b3f0c9c268ed68cee6387d3e5187,25,3,0,28
db31a49a94ada2484690ac81909e2baabfff09d9,3,1,0,4
638c0446c7debe135a4d9a088a46ffb1ba607f52,52,26,0,78
9f75dd1f59236f22e199bd5561f511dc5e45d66a,1523,11,0,1534
0c740e0178f079591c951485f72cd094c3dcd583,1,1,0,2
bcd2ec5db4d479cd66c561ea696d8d7510afebc4,1,1,0,2
d08313cbae60faecdca09d7eeb286f999bfbb42d,3,1,0,4
7d335d8bfd121068adb391dcfe3e98201d372967,418,26,0,444
96b94e1b7e61c8c9b17c9c08ce059a9d4015052e,23,2,0,25
ff830a95aef80460dbca996036fef736b38ab1d0,2,1,0,3
2678e39483965083c3604e10b9dd143a2c89dd7b,2114,47,0,2161
c98d8af5c26a5622b2b830fc3410e8f8ae1f83e7,95,3,0,98
041146e6b0eb0dca699cf66991a19d3991bfe3e6,12,1,0,13
882740f032fb57b48a5bc775da609532084c7fe4,11,1,0,12
05b4e7c6be490255f89f4beaddd5cbfa84560e38,2057,31,0,2088
cc28822843f97a6c791dfc2cb1c860c2e731d22a,29,1,0,30
70bb0ea0009f25f7ff432c177f94aa40dbd0ebe4,187,9,1,196
4d42afbaa5f1e67250bf00806c1e3e84088d101b,187,9,0,196
10dc714bdbb9f7209538d412dc1fcf2219cc9afb,45,1,1,46
d5a8f9fa4a34bfc6dfa7369cb7b786634914698c,74,2,0,76
24076a4a44ab08534e4528ff4b08e8eec60ddcb7,38,2,1,40
fb7dba1ad4bef40ffe6dbe59f6f9ace9ecd1c131,14,2,1,16
b70509ddc393a51332977bd9c67c4de0073173c7,48,2,0,50
8091a1b511aa66ff3775644a757bd30a8c869faf,7,1,0,8
7e4346b2120d13a958aa93df26dfc265a8756b2b,97,5,3,102
e4991ffe47aec9ed991b269d3cbe6fa9c9665627,114,3,0,117
4fee0a7cb53e37d6866f5dc52c51b09ccea330a9,218,4,2,222
54f9b1044d23c53a153743441b44bfbd631ff0e6,97,2,2,99
fd8d18f26af9ad7813dda71352b5dcb0080306eb,287,6,0,293
79977453b8cd65e6244f16316fac3a510aa87aa8,52,26,0,78
b2f0fae0511e1d471ff223912f1b231101b31a19,52,26,0,78
01d5157a0031c3da393abe766c42fd1f2f2989f4,12,1,0,13
a05afe2682ce33e401e9fdf87a4c8b147f6daa3a,12,1,0,13
ee0b98ceaec86f94ca6ef2f9292510b92c5a073c,11,1,0,12
dd98249ab204669425e6e0e9b1425c8ed58ee0bb,2,1,0,3
402749f0aea57e7dc2ef37cdbb424079f8f761ad,0,0,0,0
b767ac4e3964f0b8aac50b3cec3b11e9068b101f,5,1,0,6
859b6b4b9485186fdfd3dd0cd0439d2a48b56aa5,405,2,0,407
9ad5485c3310a8c51510ea50e24834b6cf98c45c,328,10,1,338
4ad7303dc25c998fbb23dacb5bcf950f89ef6a6f,12,2,0,14
9c2fab441bb9f615e8d4c275016a54e9d2f03462,11,1,0,12
2d8ebdbe00786823658bcdd2817e6b5afee15b25,66,2,1,68
5dffe3521588016cf3519792953b0879054c3bfd,526,5,2,531
f6c02e2c95a5c031ea3735737515e7e76b173ab2,6,1,0,7
fb0104896815d55183f61c24b78c277dbae3987e,33,2,1,35
f284238631cb1026b4977f6f0b7ef342260d35c5,31,1,0,32
4a07b3f545aaf60f0b1d6bba91ee22d214dfaff8,12,1,0,13
17864dfc0711d52d5af330469a1c2bd76128d46e,360,10,2,370
fc2c29df71c8455346a00b43dd1c4f118c335d2c,6,1,0,7
ad32bf0fd111ab473ad1080cde11de39e3c5a67f,6167,103,16,6270
b0e26ee6f20a00a0d0769408575744c51a016018,5,1,0,6
21d871b54940ad8e552fac54808fe0b31872ade8,11,2,0,13
0793e49b85d34135fee9f55030997d95f62af97b,15,2,0,17
0148455170be07f89bd6b9230960a6cd510c7ca6,1,1,0,2
3a396d3a4000bd2575e5314cdea0ba1e2367804c,4,1,1,5
b86b01b1e4f20b41a10dc77d7d5326890fc27867,54,27,0,81
08a3c6a7dd41f02bb0c876829c01392e6f2d09a2,54,27,0,81
0d497c4547934485f2aa9e2e9ead46f26fab7bd2,136,5,0,141
7af955a0ac0182deca139e4a15352ce702691dd4,60,27,0,87
7b415faaed09eba1103ea30577ef1a32fba7048c,35,1,0,36
45e581028ab60949b0303d4a0cfe4eee077bcce8,89,14,0,103
54bb983271adcbcc1519ab9e2288871d69093708,41,2,1,43
792b1490db122e953c9120279ddc86407ffae3c0,237,6,1,243
84ebe4c82405895706552ccf1becf6647886663f,2,1,0,3
02abe096f293608906d0f06708bfece92156b49a,228,2,0,230
8474f6d8142c7d509fa1a459956c6284c0cb3ff2,2,1,0,3
d3cd97a8ad7f1c1df48bf42080d993b861158786,4,1,0,5
7a105068e60b7dd6e9f28dd0ccdb9b696a9bc941,4,2,0,6
97964f357e9e6e6eb37fbb83acebf434cd2d7d45,712,7,1,719
78de104a807504a3597d8c00f0771b42c1a8b810,94,3,0,97
f6608e6d64e1fdb2bff7b3957dc06c7aad58b5f0,90,5,1,95
f8bc8d1ceb76fc43535ef1fac35ba604d315abf8,65,1,0,66
149ef7a4d229a5c7b51af98ed14e836bb75ad722,2,1,0,3
f2d88f210d21f7363173c1e555a19ccc9561659f,2,1,0,3
f8b06df7a56f92f4bc7dd564ad7ec026e3b4f3da,37,1,0,38
647b8a70f9b7c94cabf9a7ec7bce2e7cbbb4c05b,49,6,1,55
5dafd127f3de7c516ce9c1b7329087a01ab2fc57,2085,22,6,2107
5f39948b2414ea2582892f6447566d7fe4909b4f,18,4,0,22
24119cc8e41fa07f6ec0a1a33428419f5c99a829,2,1,0,3
f637c4458a3b1dc4ecaa35957adf13ecfbe7d12d,236,5,1,241
fbe458f8407210b20aaa2d60de9359ff88bc05c4,2,1,0,3
8d878afb497810ceb34a0b8a4788914d9debf74b,26,1,0,27
316b5682e52cacc1d4eb7641da3066fd7a691aed,54,27,0,81
501e8feac3fb60e794979e8445cf2ceebce94b04,54,27,0,81
29633178d85af1fe2ba591d576585c16f4fa4fa6,15,1,0,16
9cdcf3bbdf8f772d3fadf388b2db048598c155e9,46,3,0,49
3dc223cc85022e11dc6cd954784e715e3a49fe5c,7,1,0,8
0eb96379518db4f84f7a95b651c6dc9a639cc9ac,285,13,3,298
59c58d0b829aa156f038cc900b803508f8849765,20,1,0,21
0c4f13a846b458e31cfcaafd8e83f0f4c1d04237,20,1,0,21
3a082e8e390898646c094d20f4ec1eeba45b79ac,998,16,5,1014
bf20abbf4825fa5892d8e15c066e768671a39289,35,3,0,38
0b17cbee9541998df66d33c8a99b675ced80d9aa,64,1,0,65
da9129927bce90feb6d2860745263f4d74d0dfa8,395,6,3,401
be1222ef4a3260ddcf516d73c6ceecd144a134cb,31,2,0,33
3633dee0c36e84ed728871a923bbcbc34425fa96,2,1,0,3
31fb4dfef212791f86f052ce8a3adeabaf830cf2,145,6,0,151
ccfca8f714055cd9fbd00cf7e847b880132cae69,12,1,0,13
a29815abf4f0e51b332a8af1b83ad344104c14d9,37,2,1,39
f1da5e927ed18aeec1610bec67f88facd6a470e1,80,6,3,86
92e6d716069686583b852a6dcf12af986d6dc694,15,1,0,16
251a495d2a72de7e892ade7f64980f51f2fcc0dd,7,2,1,9
d105819a0e72765ff5ba4efa5622d727360ee2b8,2,1,0,3
3aa6f11785a2f1b3b09df328a02a2c28dfa0bb57,9,1,0,10
ad06e61143d6ad3d883907e75100014b9554c357,1100,12,4,1112
b5f6a3bd86bfe0f186b07eb69480564d5fc854dc,151,6,0,157
ccc29e4dde24584118211f27c71bb01bacc39326,2414,43,12,2457
b7a82a918f0a595a96047f7eef2672fd95d5626c,4,1,0,5
8e2ea92ee6ed83f74619681fd1158dd081c4dd4e,2,1,0,3
0fcfe617859603a31fac471255cf5bef7190714b,176,8,1,184
23db4eb88aa018da25563586bab322e7c1867ad5,400,7,2,407
52f3240d90f2397cd1850ab11674ba08a0ecb2a0,223,6,1,229
d70fdbc40195077057a1edb14ccd16a26435d007,4,1,0,5
4bf9be34a87b51d07e0b0c9e74831bbcdbce0f74,199,11,2,210
0751f97bf6677c3d55aa71542d572dc8fcb9e79a,2,1,1,3
d7dd228d01518f82cf1e81b6ad1f2d393ee063c5,2,1,0,3
e505e1fea57e0ab9f1d5edab92546d778a5f41e0,98,2,1,100
b4380f20059dc9e4ccfe2b709587e8069ac0fa34,8,1,0,9
32a9c6d42a3a48314d3f9fe2956bfc8bf49ac5d5,22,2,0,24
a635f214af8f4e4e24bbd36934e58b1decf628cc,2,1,0,3
3df3372a1ee7b6ea74af89f53a614895b8078609,17933,572,103,18505
80417356f04c5ee1cd6f636e9b043db3f2de24f2,10,2,1,12
668d031d7213d5e76cf39770ffce7f030c9bf056,509,13,1,522
05adc21b15dbe30d9bded0cde56f482f1c932d6f,25,3,0,28
ce65dfb394623c34dd7919aba5c0687f1bcf39f2,572,9,1,581
ec9612fe4eb0b6a7cd8edb0a548d3e799900245b,8,1,0,9
fc5f1f88c0c859193c86dbb8e8c83f2996af15ba,3,1,0,4
6827f850730288b8d1789e46d85b558eee033cb1,3,1,0,4
bf8c7fd3887b8bc4aac0cac9a1d7a9955b9ac67f,3,1,0,4
e9f2b904bffd09069d798cc47b8dbcb60696a4ad,4,1,0,5
89f9a7a2359d1bbd993a1f757008d4f7a904f288,4,1,0,5
2c23ff7eec03a40922147cb503b1316364e36de2,4,1,0,5
807915b4cacede6a8de49630469b673b7c248a6f,243,8,3,251
f48bca0510703b0673709b10a806a9d54894a999,4,1,0,5
2726dc5de491520c321887f8ff3e7d37277b30a7,10,1,0,11
db35a4ce4de4edf9a8bf356fc2061cd1b7c166f2,4,1,0,5
23fd7368311fecf30d9be1dea8eac93237d2c053,4,1,0,5
4f87e0f483ed76a885c228c6ab75249f25041081,4,1,0,5
f1b54876ab8893a5d9c0e3d7c1a9c884e683dc8a,54,3,1,57
c82f703768eb8a122546de23e412a037aa1770b2,102,3,1,105
36a02dc549f32433d7329444455dbb1be2e67f20,80,2,1,82
fa8957d7939b59e8d391fa17000b34e865de015d,2,1,0,3
d084ad29e0a2f456407f655c99999e070bf529f9,748,44,19,792
ea81e9aac328b2a89226417e58d4d8366891a9f4,141,3,1,144
998d6507ecabf025188d9f3e8c8367f810895a17,97,3,1,100
258349426eecfbe5c135f91809bae80e60c6db6a,211,6,2,217
5851e6da7a05b5d53a01803ccabc0f685fc36d52,63,7,1,70
2d1eaefb0f9ec2d81ea7a89defbaa506c0ed55f5,2,1,0,3
b2623f12a6c1946b12e5ea55d483e0acd351edb6,54,26,0,80
a7155a8d7a980b4b1122961a05e8c42a0f26540e,52,26,0,78
12ee6b442bbf6557c06ecd7c1f7ae2fceeae55d6,63,7,1,70
3fc28541f001ce6e4a7afa91fec8d21bfeaa17db,1300,6,2,1306
ba4314241536554c6d886cd7a8f752d1f5ac7079,52,26,0,78
cd89c8885d4c1004c615a3a9d60028635409a9d0,52,26,0,78
a0c77b6a442e2c4a355a4b145898bed976f23bb4,701,25,0,726
5acc6a5502bffaa66be7e859849856de0ea27acb,2,1,0,3
031a762d105bceda2049204ba54b8f8737f359b4,202,5,3,207
b58789c5badc4f9680ec5724568af05a84670e22,13,1,0,14
77826fda8751bd5c0acbca5d0c3887e9a6b10f65,218,7,2,225
9ee3a16179cb65f5fe4170257ab7cde558f1dbeb,10,1,0,11
2e3c05359a0e21be44d307104eea3134afcef5f0,82,7,1,89
ec6f200b4943cfcbc8be5a8e53fdebf07a8e16f7,52,26,0,78
cb7f6a8cb956b2503f04a5308f6a461672df1301,52,26,0,78
fd3085ed31d920e8ca6bba391e75d1423ed8b607,98,7,1,105
b8f5d89e0f4347ce54cf680bd7dffc9bc02f876a,13,2,0,15
4fea3ea6997c8135bc18a2bff31dc0a54e7bd82d,720,10,0,730
9a92f39783c01ba36d32d6e9cb2631ac589b9ac8,2,1,0,3
0ab0013522df1dc03a68bce6e7539bbfd0ea67d9,231,7,0,238
4ed0bdf1c73fd82d3080d15085675de96d5be0aa,60,3,1,63
27ba68133faf92d92b395829a6b6dff97e53e2c6,39,1,0,40
bfb314505469afcd5ea7b5bd15121acd50425318,44,5,0,49
ff7a4863152a4d3873ea038af73024e9999426ac,44,5,0,49
4950ad86a16e63fa26d51cd709e39666008c5fbc,45,2,1,47
f272a6e96f0fe80b0c2b4643836006d840d5aa8a,50,1,0,51
920192a542ab9e9dd2fbf090e1efd3c4ec99977d,49,23,5,72
b61362933f7a564d2ae0b7d6b9723f79f4948769,2,1,0,3
828ff75c002ed63f1fe186c51f616fc913d369d3,198,2,0,200
4f660778f89d4164c72676f6b15bbc74c0d09373,54,27,0,81
e1019172573297dfa1efef4a5b4cdca748308e6c,54,27,0,81
f28aa71041181867a720134e26b64b03cbccb6ec,560,3,1,563
720b988fd8d7a50fbe922e6c73a3681b1c566331,560,3,1,563
b10870e4ee7d4168a7a1530494e0a8acd8e6cb3f,151005,1056,209,152061
7c42398332bf1522b7fcc952110471c86cd7ec28,56,28,0,84
4f7c704d47e11f8faf015169c6e158b1f4e0326d,2,1,0,3
9d744f7136f23da9a5f9324432b300b5a68e3b39,5,2,1,7
1be38782d00a061476b9fc6fa2475699008db2f6,18,1,0,19
b287d35fe6c3814f38db44e31cf52d978e659960,10,1,0,11
9993450ad1f023e0e2b59291361d0b3b9f0e1c8d,700,15,4,715
98f54c158acb12a26fa6f335b1665accd2aed347,75,3,2,78
22c6d087012fd55bc65e578a27f2edb66f4d3808,5,2,1,7
7fc7998398373a14b4cdc0ce18abdeb221b1ccf9,2118,24,7,2142
890b387d713d04c22406db6d5a5fc9b51bec2df5,562,4,1,566
b8aae90d333094da4afd65ad5f5eb13854811f28,4,1,0,5
9500c773ed121c963cdfc57fb239410a81458147,6,1,0,7
c7d56cffbb4668d0955ef00196e08f42f2efe363,26,1,0,27
e5d9c6c7982b16840eb9ea95f8e087a2abfd1027,120,28,0,148
7680fae14c9f544d0585a7b150004a1e48fff53a,2,1,0,3
136c5ffe80e558a87cde01baebf823b06e3cbe75,18,1,0,19
1dbcdf2e36043706957ed514f0f6e47452f3f841,36,3,0,39
60edcf9df1bbe271b1414b04e914641937395d8a,63,6,2,69
a458e1a2f3cd1ccd692f1530b64d3143c9beda51,2757,21,5,2778
181affd5c937755f54ff31ef056a6ec091e95f51,72,3,1,75
ded56ffd598e41e32817f6c1b091595fe7122e8b,1768,16,4,1784
8769d0f2cc4b7555dc025b7c0e49a81346a1e2dd,30,3,0,33
dd92a9db6b288def8159f30336f6793239882c9d,1647,2,1,1649
213e952df6677b44690dccfb8b2cf4d790a2551d,54,27,0,81
33a2202603e27132fdfff21c902cf07b0ff12073,54,27,0,81
4b5cda5a2c6ca613db5129d50ffffce2604ad9eb,5,1,0,6
d6f082b9be5d507ff60c6bc83a179cc44015ab97,1486,12,3,1498
918609f2cc4e4de95445ce4fdd7dc952b9625017,725,9,5,734
2e62764c0c386632e87ee8d12d0505848df1015e,42,2,1,44
75f07158a6ac5684f9fde79532d738eb4d2a7599,24,1,0,25
3052d4ebf75495d33867ff2327bebdb4f41c61a6,3,1,0,4
4590f14e97beb6d10ffb7b5dd312c632af155ed3,40,2,1,42
faf542134df2bec8f0334c819d44464f1aab6696,134,4,0,138
5f48f19ec460a05e4eddc841e5eb436f0a8dc97e,21,2,0,23
1c160685840dc2082d94839a41b800821d934f5d,156,4,0,160
ad443210312d2420efef6d03a0296d71e71feb22,282,7,0,289
079bcd0339f30343c01c5fd3d5521be4b822d30f,69,3,1,72
29283b775291bf03cd9a7e1aaa496faaa5757578,24,2,0,26
89321a2dee438328e75a11954e972175c78f0a2a,35,2,1,37
412ab9669810921d04f9feabfbeafa906d4de506,769,6,2,775
46448e934250705b6ebd6f21caa09698d611dbfd,195,5,2,200
5c2ba72f9b4897d4441eff34ff0591e74a1d94bb,227,5,1,232
cb04562742688f8a444a52c90b2183c4be528be6,328,2,0,330
1f3e72fa069536ae20f37b29575288ff65e66803,29,2,1,31
e6ee42e9bca274b59c42f134f4c71d14ab6ed8a6,8,2,0,10
e3b95020f777eb5e0651977f654c1662e3ea1f29,1165,42,13,1207
9fde65345e677256975bcecdc027649f31450a57,344,11,2,355
c7720ca4c232d317cfc800a04eda4a1d5a44a944,4,1,0,5
a747456bfe077da467ff036172968a37f3b1e893,16,2,0,18
2f2c8b1cc6e6e731f7bc52b0988ea8316f475004,19,1,0,20
c334a1bca8338c92e76f0f1cf2ef4884e3eb5dbd,66,4,0,70
013b445ede8d9e7aad4915859d0c869b9b712f8d,5,1,0,6
f4e754e66e3661274df624bc328991cd88dd03d6,2,1,0,3
043fcde300267e183972056a007bcf406e5c484a,680,21,6,701
4c7d7523088373be3c7ff203ea895d5a6d84083e,21,5,1,26
8f898dad262a835d6366bf108b61272139601793,61,1,0,62
0fda28af84b9746396014ad6a415b90592a98b3b,55,27,0,82
abfe3559f2469537be0c955dbb2518da5795bbbb,56,27,0,83
fcd568282b2a150f9f42953f12268dc88d09da89,201,6,1,207
be9f3cb2a8095c89b5a11c33a498532f3c6413a3,18,1,0,19
8a2c6186628da556504dfde803ad660f5280d640,2,1,0,3
f79c9365d0ee89cb407b90cc084eece8fcf9a8a2,25,3,1,28
8714dd031647be34d0d27f461894e7b194f25cd7,75,2,1,77
8da9456357dea61c1dba5a19483920fe91ae2b09,67,1,0,68
07cefb82189e9d2236036fadec19a9436652c090,17,1,0,18
4aba4dae7bb0d4edbcf7923ae1339f28fd3f7fcf,56,27,0,83
1dd5cec0871b20e85892f4e8d2757af41d0ba250,56,27,0,83
83406b73e70a251eec5daae34f1bd8d554cdddec,4,2,1,6
454fc3655509f1f4f47ce44acaff7c1566ede108,87,4,2,91
b86f68e39dc7b6a7c2bff1e4fea3bb7c28d103f0,362,16,6,378
2f956f46580e5b4752173e885d37a20fe31a78d8,42,2,0,44
3f36b7b50bdda3eeca632ad5440bb82b8e34cb40,54,3,1,57
01fbf81e34a36cedf505f20b1c52306afceedc3e,186,8,3,194
2c90a9dad1c9a7cdab6af48c4bd7f7dcecf3fbb7,200,2,0,202
04f524d5ad91b1cdda66dfde4089f2f83f4528aa,236,4,2,240
9962a0fd02fe2ef06765271605b06729af8b2e59,21,2,1,23
f203d809d7b94501a2e5409c667ba86206480f90,357,11,5,368
d24ecb32ff58d13c178991f0c8618980ff123080,13,1,0,14
415761dc0d7c86bc455608f6b12184ae7ff296ce,13,1,0,14
66e39fc7d5a6fb29a5ff04b23132468dc6adbde6,11,1,0,12
0637e2fbcd401f47bb062d5c2d1cceddabf372b7,120,6,1,126
c3819688c48480ec75a9563c71f18ea755e34620,726,3,1,729
b1ea059a66c7d6d6bb4cb53d2005a9b7bb599ada,507,9,3,516
5294c64b342818e021800b38413f36f426e35b3c,167,1,1,168
d5eb86348347aacb152665ece8ab6c4e1a03b2f1,11,1,0,12
5a45ae3b1deb5117cb9e9a13141eeab1e9ad3d71,108,2,1,110
6b605a4ea05b66e1a6bf843353abcb4834a4ced8,2859,104,26,2963
440882c659967572311402c7fe534cf13d501cf4,294,5,2,299
09129877daf6f3b4b9cdb32432084dcbeb2fdde0,51,3,0,54
efafa61992658eab64c893e9eef49f545d75673c,521,3,0,524
630830476a6270e317e84229996a6bf92bd903ca,2,1,0,3
f4918bb0b1ba95c2bfc8585f015a2e8de0a6f35d,1,1,0,2
e32aa6fe0d5260c21b35c34075eb5b69afbca464,1,1,0,2
14097c64d243794610788d3ebb2e81ba8fd867c0,42,2,1,44
f2615d9a611db401cdedc022112c87ad938b5680,23,2,1,25
dcd1c33f0dba247b43418b922c1c3a2fc432dc11,76,15,1,91
a24d624aaabc14a455d18450d9127f88d1b4f8be,228,15,0,243
56326400fcb5df7bd9336f143f7a3b7d601e5f58,651,18,9,669
b45c4bdb496381b5f90df6872edca12e0a2e68ca,479,3,1,482
49169033546d893dae3db903a2fa6af712f125c0,68,3,0,71
fa7588c4c0f8d403e4815fa72e3b8a3bc98d73ec,56,1,0,57
367fe13b46a0b4dda56b7f12273d6c9afb1da23f,31,2,1,33
fbb2c9e7230cc84c9458c9bf313d7cec7af310f3,2,1,0,3
368588b5c5c4140f39ea8b9a8ceb3d1af0708804,3,1,0,4
37f72dc079c4cd69b2de16f3532b55f8108d3ac8,1307,13,3,1320
84b2b74179da8e279e2fafdafd031748c285e1b7,33,7,0,40
30ee10d2740fe1f28595989c6b21f22b75a147fc,10,1,0,11
c38386d6b5622915a2d42d989c56d37f17c673d6,19,5,1,24
af9fd052d1c208f191fbdf85873f965552465598,58,2,1,60
57694790f8ca0e1a4f3ac76fbd25a6dd13041e03,953,24,4,977
63d5ae78ac00d710c9bf631f8cb9ed6d07e6a2c9,6,1,0,7
06a4689959e361729c405e78b8a5964228cb521f,4,1,0,5
0a711ebcec7d32b66ab3c90b2a1f48681201e557,29,2,1,31
a4acf53336a482f50335d33b4f650a70c9243b7b,4,1,0,5
c26fa78817f30cc3eb91165b783e07fb80d80f59,71,2,1,73
6c9ca4d4c0de4dff29b79f28ac5c51b4f6fed0da,24,5,0,29
944291b748bcfec4e2f3c17623884db7a17b9f21,12,1,0,13
c44f982e89b63a97190638cd12bd8bee2bafb883,20,1,0,21
fb46b941f7763314d667c437c06b1675e61c3d38,247,3,1,250
1f91c79de5e2d852c6e7d0cf7a4255087ef618ef,34,6,0,40
4b1ff8f4b9dfa0ccb064ef286cf2953bfb2c492d,1430,11,1,1441
e9928c94ce1385ec72028336417f19f30ac38ac0,13,1,0,14
d4021487539b0f7758ec644f2e0d83df95c66bba,4,1,0,5
ac62c1c29f319a97a2552c39f32c8e6acd70c9e1,21,1,0,22
dc08bb8ea6cdf01188f6699559e779e6cc296287,7,1,0,8
82b8ecc3275d7c3578a6531ac3f1da3ffada9dcc,9,1,0,10
6b24a1d1b5e2792a7821ad172a45e38d2b04f9b8,2746,22,8,2768
36ce032b612fc0a1156d28bca7327e06337c8815,148,2,1,150
741944332d5bd90112b610a8b5f2eeefe51e08bc,13,1,0,14
8bcfe6c55e2588c1047368b4edbf733d1c1d5381,1393,21,5,1414
3dd2210e79a8eb84378c370b32652f9a53f87a93,671,9,2,680
2f22533ef41533e2b839a6b41b262dca59e6dbf9,67,2,1,69
39a3cd0f4210dbec1ae8ef39a87d34b76eac91a3,3,2,0,5
c3f3830f771f26a537d2930b00b270451bbc5627,234,10,2,244
da69d4b764f4d13d38a4f7fe7462ef0c7d17c619,373,4,1,377
1f470253c46471033048383c027192e757480492,21,1,0,22
9c40a7bb3c9aca51d17490960c988dfb7b5acebb,18,2,1,20
7f8e952abc4d2fc4b96c97a51aa25fcf6ed8af02,75,2,0,77
bd0b5af025fab9cad8f94260138741c252f45fc8,116,2,0,118
e036d60d8a210d5ac28b2e5c51a45ceb82b58f09,36,3,0,39
02ce9b094c0229cdd5430d9931d7407e72e6f453,4,1,0,5
42662f8750a2c33ee169f17f4b4e4586db98d869,585,6,3,591
a421d952efd85ec581131069a5b132934ee286d3,49,5,0,54
626014eaf093fc2e3b53f5ad00c425bc209e1428,186,3,1,189
6a62646bfcecec9c0806a216b17e1a4ccb4609aa,766,10,1,776
60b6d5aa3feeb31c03baa9f06e2de32172724d78,36,2,0,38
5c85b8dda5f3047732a17b818256b9289274d071,8,2,0,10
ea402becca436dc1a8e47ac9385a3db475b49355,78,2,0,80
76a2ac814caa194c46be1cf7a3f5dc129546b1c1,28,1,0,29
b301d12700acf5313de33785857f88f60bcb053a,35,2,0,37
30aa91012cf6019bb9720609c1d03b5386a87ffb,939,16,1,955
c8d78b21b3dde3bfb36fed7cb33bd4ec3f01b8da,4,1,0,5
898f3d0f652f313473c67fef32e22d94d8294d4f,1900,12,2,1912
255f10834a67cf13518316de0e2c8a345677ebbf,186,3,0,189
6dad1e3bd0e277f5b5e5e2a0720f474271c1648d,4,2,0,6
044de16c14076019f87763b7b58c45664ee57c11,22,2,1,24
e54ca615f213f5db6d34d9163c97eec98920d7a7,69,4,2,73
b59be86597cfcd805c24fa406af46071400e24c8,141,3,0,144
07a42d3ffd034e467e49b5c449d4f5f81c471cc5,7,1,1,8
e6da0f682436e1387ad68e86edf7418c0f7cb368,8,2,1,10
a0e6cc32c79ea725c72bc80335884635fe570ce1,48,1,0,49
06768d91b5fe9eb98f5872efcbe87c3ea447f61e,43,1,0,44
de99127d77dabfc6c8134b3c58e0b9a0b74e5f37,248,6,3,254
59ec4f018963eb55e32fafc2b924826c39c09682,23,2,1,25
31d0d4d6d787246843dde4fb7d415565c8411945,120,1,0,121
2a99abf784cb6e76160d49506ea87581a2256021,60,28,0,88
27b9934c18a882917397efcd36ba0acb9bd1e3b5,58,28,0,86
0116aa788e2b3b85859c1aa9b998d6ed32b16401,2,1,0,3
1058b7d98f83c47d5f400c3c758f1cc898540988,2,1,0,3
ece4b70cce24b89483236b4cff079c10597d680a,189,3,1,192
38262e2c80015d0935dad20f8e18f2d6f9fbd03c,58,28,0,86
aa416b5e2cb3cd28eae161d53b1a32f482533510,58,28,0,86
df9d8e415436292ae33e1ca0b8da256640de9710,1316,100,21,1416
e5cd652aeb3305ef2b82a7925cce3a132bf6f5ae,98,4,3,102
0ed977ab4574b8fb8f7b978804582bd7ba7d7221,57,1,0,58
cf991604d75d446d02baddc536c7c05b43cd8dea,1371,7,1,1378
4453aa3bffb632886d2c1406c6547e655dba2bb7,4,2,0,6
09d28fe7995db1a4da2c651d362007d2082c663c,5,1,0,6
7987a544cce59537467621114b400f670c71d722,6,1,0,7
4fd34e6517f2c400a06e3c1d43ec56df2ff5c392,78,6,1,84
98c27699cbcf65c3d9d655ecbcd67adcd8b45b05,8,2,0,10
71cff7c5940b7101ff098601850d46b7a4698180,97,2,1,99
89e0607cf6470dda1a6a47b46abf37468df4e50f,150,2,1,152
f68dbc3ea20230cb14ed3364539ad16e114bcdd9,167,8,0,175
6fb60857be1fed21bdacc4ce830bbf99103b6fdd,64,13,1,77
3634821fa515365618209f0452443728e7290fca,2,1,0,3
2fd62ee4d524c270764e9b91dca72e5cf1a005b7,4,1,1,5
70f28810a5547219e18ffc3465f519c454fee6e5,589,7,5,596
a703ee75c40e0207f6831c4d48e1c7e62f160305,78,2,1,80
fd7cfed070c2aab60521afb7dcc633a0b7abea80,295,5,0,300
1de41ef4baeee1c95e245837299f8be265294445,48,2,1,50
9491d7a61681f7acc7103a6d1d45efe96f7981d2,4,1,0,5
9d58b6a83aa79dcad01c3bcc2ec0a7db74ba83b1,179,4,1,183
2d3203b10cc8edf71a6e3e0822f0d742c9516aa3,20,3,0,23
352b906996f392030bfd53b93e3cf4adb78d1a55,40,3,2,43
df9f8d869fe47a116e9e78fb59ab55d84ffa13d1,4,1,0,5
ddbeb4dd17d9c219b99b1e66d8be28efe37e3aa6,7909,44,3,7953
d55a572e5867832f6d5755fcd46101da51a38aa4,33,2,1,35
328c5deb015ee5bc0a24623bc29225f6ec1ae23d,94,13,0,107
170cfa758547b4d9be50058ad93cf60ce0da5564,22,1,0,23
c532b0e637f28eb934f28f7f1d7c0889b1e5c811,36,8,0,44
ba7b8ba69984bd2c91c41eeab9a2f030661e5a49,2,1,0,3
132b2a8c553bdcfd445e88680beac6f225c50ac4,167,13,1,180
81f480149054399d28b0609482c978788d9f5895,51,1,0,52
8bfd9b4d8f4fb0a2b522c9328f67eb642066306b,2355,45,4,2400
da3e8eb7e5a8cdc28ab0e36651bd7eceed35c2fe,47,4,1,51
9191fbd202cd76d03fc23057c5a16cac547d90df,40,3,0,43
2adb657ae83c4ad8cef0c142ead7c9916e10915a,270,1,0,271
3783ca4476fec8186c867e4e57084e649c318c6b,4,1,1,5
4d996d1bac1bb1886cd9c473ba00e53e3c19cf3e,7,1,0,8
c6764c4a0848abf1d581e22df8b33e28ee9f2ced,2897,42,10,2939
b80b1844edf0074ecfc915b506eb60b4f0b8704d,2,1,0,3
878ebcd0bc2592fa9d5dda01117c07bc3c40bb33,32,5,2,37
89aeec028b6f56be96b9c56c2fdbb931f80853ad,889,14,2,903
6e0cc729d06f70a674edb8272b855062b6bda7b3,1,1,0,2
6a4bbe94ab482e56d35e6614cf5d05eceb449714,4,1,0,5
445cb9dc2f07553f8e1e5f7c1150f00fbb05c63f,23,3,0,26
ad80bfe559e7380fedd7998daea5f27393ab643b,4,1,1,5
8bbc6cb95fd9b4b9e86c924ca1e40fd555ecac1d,2293,43,14,2336
b82d96218bfd37f6df95a2e8d7675d091ab61970,295,10,5,305
3d2d4fd1588c8eb3f67f34d75b66967d0c7b06b6,57,4,0,61
0a86429939075984edce5e3b8195dfb7f9e3ab6b,242,6,4,248
a7ca605e155a697795a8be90f083f8e9ca42bae3,2,1,0,3
d54fad867da7f762ac4c0d947adffdc1f8f356f1,23,2,0,25
12bbaf3550d56bc945b50f538b5f18af93bd316a,14,1,0,15
9261c28b2b61403cbd6ee335ada98c02b3b60332,63,1,0,64
d61d221c9e752ce2cc0da65ede8b55653b3ae21f,379,49,0,428
150c578edb161bdb2e8c039f0914984f570ef8f0,2,1,0,3
0d55abd05b0e5027c18e60d1ac3b22998dd00951,1596,252,11,1848
ce4d1c96a9c7e5a08ebd69943249ccd6b01a3f6d,2,1,0,3
031a6654009e3b82020012a18434c582bd74c73a,62,30,0,92
f93711241d528e1026916617d562d010b8e740f5,62,30,0,92
af977adc43a071a09652fea4ce3deba2d5b8d171,573,3,1,576
f84938441be49c665595c936ac631c3e5f171bf9,1415,9,5,1424
e021734b62ea5ac273e516b4ac83727cbb99ec08,103,2,1,105
9fa86cca1af7dabc21701247efd89f6085945bd2,4,1,0,5
b635beb6efc07a97c143775c78a32d42b3b73c8e,80,2,1,82
cab63690283db8b25e9d17141369a8735d11c511,3,1,0,4
a287522ad677e8453ff931a2811b48a05d34072f,3,1,0,4
94a8bf6d304d08e8a1fc181e7a06a545103e8ddb,1594,13,4,1607
345e2d541128471641e76aaa44dd5046f199197d,393,16,6,409
aed9097640c7adffe1151b32e86b5efc3702c657,90,2,0,92
3fd2492fcce073f0c36e4d7e23e34881557e6e5e,4,1,0,5
a918c493296c88da94b36600213c7c188f2589b4,16,1,1,17
9181e1d536bafedcb3587ca30e5b6e2d66f06bf0,4,1,0,5
74d650be63d9632b379d6621dfaecafe52e18f1b,6,1,0,7
f2d58718a5c7759d0f46d68ac954bd1d8064d7be,306,2,0,308
cc8bdf1d13639d12d02170d40cc4890180bbabc5,53,2,1,55
33ee5497490cbc97f3eabe9ef7a6391e4dbee8bc,34,2,1,36
dc61e510126aaa1a95a46fe39bf1529f394147e9,4,1,0,5
d320a457a9de67be25a03f79e1695d549a0145f3,14,2,1,16
94ae6c84d22ed33e158b3cc822ca4a0484c829c9,41,2,1,43
e9e36cdc44a68662885e35773187cca00d20239e,28,1,1,29
55e94974e0547085a66c6242336e56230f996d52,76,2,1,78
45e3ce5fd218e4f7ec645c3f2947aa2459fe9c7b,9,1,0,10
d692ce3a4205a4274e97dce6add93c687e12a9c2,12,2,0,14
f6cd4cc2c2070470567f9dcdf2f63e5bf95da98b,4,1,0,5
43f122f815f88ef958881db6431689cac888df7e,4,1,0,5
5008c5a26f36a103f0ce62ec2be2060d7be69709,2,1,0,3
73e936cf659c413660e2d32df031dcc98ece1d66,2,1,0,3
ae52b4da4c96cb7abfeb81fec10f07d738b0a96e,19,1,0,20
c48cbb1228671be280b82124aa7d365336f696f3,51,1,0,52
e281913d0b033faaa0d41ec484fd00dee9610afe,55,1,0,56
56c4fcd1a0832effa08d4315d31efb714cf954dd,4,1,0,5
1b8292ad7865134c612345841a34e73d2141060c,4,1,0,5
6cc4110a61a009e5cb949d70c2aa2006f848f5fa,5,1,0,6
3df27ee1186dc3366cf8e424f37011e59c776ddf,4,1,0,5
9eae3e8747d0c8e9ecd786f23f3d6988d747acf8,4,1,0,5
40d263ffad47897fd0d61e559748ef08651e6b89,2,1,0,3
8293207fddbae56f1c8d876a2fea9849ca757cf7,2,1,0,3
75f0e42f11030707878a78399552cd282280f66a,16,1,0,17
ad3a8d4e044fe88b0857313f330f621ec4fe2a6d,2,1,0,3
ba5ad4261c1f4c6c8ce21b5919938c820bfeeeb4,2,1,0,3
06ffe24c5b72120d177c5fb91d1ac91b36c4b100,4,1,0,5
e846f7aa8d082b1cb894259a804071ed9356488b,4,1,0,5
59f5c72b442e36bccf8f633e17b3aaeabb14ad1d,4,1,0,5
3d8426e9905352e20e76dc1499fc8d97832bb8bf,4,1,0,5
344b56803fea37af84b9c01c9b6dcff586779683,0,9,1,9
863a081850e56bbbb38d7b68b478a3bd40779723,676,7,1,683
b4198be200e7e2df82bc9a18d54c8cd16aa156ac,1953,33,4,1986
1f79f9bd0ba61b8ec0bae1dec71ef7249d41eacd,7,1,0,8
93767ca512524cbf51548430782f061773600971,25,2,1,27
411e672401a3cdec7e724fef354257f6f8119a58,4,1,0,5
797fc6f568757e7142b8d01e9dceae2d5518e4ab,2,1,0,3
412685f5814672a490b3a64ccfc1500a0100c378,1460,9,0,1469
a150f245f0783fbd7d52da04320d256c60087bdb,288,15,0,303
0569f5128d5e529b5114ba05db9b853625918b43,7,1,0,8
0d541fc6cfdc0de9f45d2d2d7606afdef1415750,578,11,5,589
63003ac204369c077f8e7148799b22c2aa10d2d6,65,2,1,67
716fb6b3514b05e7b5ad87dea2c3b2ccad4cef60,10,1,0,11
cded3e57fc7f1eaba1dfb312a873a9f30705d14f,255,3,1,258
e7db9e20f52c925a207ea62d6dda6dc4e870294e,11989,83,19,12072
1e0760a1f9c138e3cb66143f1c9fdf8ee2e8eef7,133,5,1,138
b6fd45ee08e08b490c35825953b51cfd8fb1b072,48,3,2,51
ca294f94a9908d25174648cd1c325a994af6a56d,69,5,0,74
7f561b6053e6808b5b2c2482d1aa61c22c7a90cc,2,1,0,3
3201bd1915bc6adee45fec59e5eb58cde3793e32,438,2,0,440
a69f2b30cd3c581588977ea4c93a53989e9c031c,57,4,1,61
5250dac71600d42edfa324786593a7d56135aa26,264,2,1,266
542ab3e2b321d5f755f3e9c6b997a458f8cf0f5e,95,2,1,97
a7b5a4b24a3e17edce9273a0654e799075c86dbe,8,3,0,11
97a880cfc4fc3c2c74ff1302bc6e4aab1582b6df,181,4,0,185
4d9a2fd01f33858bd5eb392a5f7bd0967fbec3f8,181,4,0,185
b60b36a6c57f95d3cc366c235d016c17ca2d5f0d,57,1,0,58
b873a0ab31da570bb615ab2253cf90a2f451b0e4,64,31,0,95
ca9a125ed70ba6d28b3218eb7c90e6b51738fbf3,64,31,0,95
44c167ead46fe430c9e21871c4c7f993153a88cb,162,2,1,164
fafc4fc85409f4f2e3b55cd6515b9b72ae16422e,1,1,0,2
0098e48ba33fefcfd0dce434dfc0214b84546fd4,2,1,0,3
10e63437cd69a8bb98edf30f5b299ab9b1a98fe7,64,31,0,95
7ccbe2841e3cdb070460913955114d25f7061258,64,31,0,95
5881701d730cf74440b8e4df68b9777db3b2ca27,18,1,0,19
63b45f7244f0dcf1a05c94a30a7f860973e307d2,226,2,1,228
94555e1f1dcd91bf371fd44dff8494385b699e09,4,1,0,5
3cb529cc23289a302588cf840825953e1aa1e618,6,1,0,7
1c2bb3264b4e437a43f19a4fd80db5cb4e7fd01f,4,1,0,5
a01a4dbbee892cbe920657e75f7750d33e277fbb,64,31,0,95
e7835e023a73ea6605908510707113ae447d4b9f,64,31,0,95
58edbd78ca93b360daee791376e4b1bcf01c5f61,34,4,1,38
514083f43f5dffbc7ff8393b808f165c01c3a28a,5,1,0,6
797e32aca0eadd1d460e5f5cd477e37bc828b67d,92,3,1,95
19ad9611ab8557f16154ee0fda40f1313533ec15,4,1,0,5
8be767d12cca295cf9858a521725fc440b0c6f93,64,31,0,95
63a9fa17eacf49e06063ecb733e29b91272d0037,64,31,0,95
3d8eae78291ace9d9a12839a932c52a785b0b308,135,3,0,138
6eb99bdb914274a5905f11b8560b458162031d78,28,1,0,29
87646359966f9708b040e97e228af4ef8c32a151,6,2,0,8
794d55ee2e7e874a9d387c8df05003bd01e98baf,2,1,0,3
e9c283728cfd634677975affa367e13c4bef6c2a,29,2,0,31
ee97f23bb683c324309857f87d93ff997c0c09c0,7,1,0,8
4b40d96a13f3e9bf75f8b2aaa0bef901491f2789,32,2,1,34
354fcc2aeafa6c782ee893203de96c159327463c,6,1,0,7
f36dd08505b5dc799d2e4e92328901796f7b3cb8,54,2,0,56
1e62e2e2ca903d4109480bc87ceec1dc954b6c92,32,7,0,39
d1e9f15d1e94956f38880fec2cf9491b8f9711e4,8,1,0,9
00a7a470dbf73d6ae3bdd0774706abcda353b178,38,2,1,40
ddc77471e595f5335540c2385c9ab900510d485e,4,1,0,5
d9a19621370608f4431394cc36bddc063d59cc5a,22,2,1,24
9d1006f853c99387834b10fc37e2c3548b2034d9,24,3,0,27
1b103da225d67bb8796e064fdf334ef363e0faa9,2,1,0,3
51c4cc30f5df1f070a211cfed652aefdc096de69,82,5,2,87
3537c88f7f7af8bdddaadd6d49ac920d6ad4d68b,5,1,0,6
82935e6da8c9f2801d77afba998d3de622e3e7f3,4,1,0,5
5bd126557cdbfccef9d0b282230cdd671c003c4f,6,1,0,7
714bb450856dc951bd361e0cf4a732775eb3cefd,74,7,3,81
6901a2040848c6b37fa61f4b0a76246445f396db,2,1,0,3
7dcdcdcf0eb5e91618c443d4a84973bf7883d79b,128,3,0,131
9461845576fd762e6a9b8d17c551f38c351b017d,140,2,1,142
dcfd53ae1e6c3cc47eec319f2a3394e4fd1ce403,30,3,0,33
f2c5b9a616383d990b37a0114e569e1bc7e3bd61,36,1,0,37
22a9f54d0a537bc6153cc485a3ed6fab9204b337,64,31,0,95
4cc22ddac29cf808b7a29d7747951a1bc69d1d09,64,31,0,95
f7998934020ea6f4949e347616431219343d8a15,52,2,0,54
ab42fe5180366120336fb3f8b9e6540aadb5da1b,683,7,1,690
892dedb23591bb4e38a061d5ea607637fd4e210f,237,7,1,244
acaf9e64a7a158e5cf2514b041473ba452e0d4d0,3,1,0,4
e85dbd3774038d7f42d69c14fcd9884ff5a3cb48,64,31,0,95
ac650407f7023fb3ded180ebb471386f4d011118,64,31,0,95
3e3049d042ffe033544e49ccac18a5edfc24adf0,21,1,0,22
9bf25176133051d2f987f0c2bb56dfbd5a7fec2d,1,1,0,2
9756b0e2b35437a09716707a81e2ac0c187112ed,64,31,0,95
811310d01bfe3dcb4ca95aa8eed9ed6d806bf7c1,64,31,0,95
c5561becfbc17bb1643e24faed87424a612ea7f1,2,1,0,3
62dcc68acaf64012bf731e103be780956f1f446d,14,5,3,19
12f3fd2c3e8349f54ffc8814f083c8b001701f25,790,8,8,798
2c257f055f0ef30b2a200a7a2e471425534a7010,10,2,0,12
63cfb5624c012187b57fbf29a464bd587ad60c33,2,1,0,3
222b0918b80b72cb6e750adebb19e6da45547492,14,6,0,20
96a01489e0eba6304d1b029ec715a6d20b9d3308,18,1,1,19
c3e1a849d02042b324e4f72e1e4bba6c2a8da5bc,669,15,15,684
f1a719b264cec72e17db463aaa413d3871d068a6,115,2,1,117
882cbf8a9ae347b321c2edb5902af544d9fb6242,27,2,0,29
1e5fda5310687b0856e74f00a4ea420b6b1ab34d,177,5,3,182
54777b46da768df3ff88548c6b6b70bd52fba0dd,262,4,4,266
9d6fb45e54da65cbd407bb3e7bff0981aa9f8f9f,68,5,4,73
47398be76cfb6634000532e9432430c4676442dd,186,24,2,210
0b909ab3ed9fd9411092de359d4217aa6c9abc21,123,4,0,127
f7e74ba94be0516ccc8f1178b44a9aaa6bbb10f0,2,1,0,3
8ff867a2e183f50b7b2f2c6e51d07c5314577ce0,21,1,0,22
1487456830bcad1ec1bef25539cf2e5bd10ddf67,2,1,0,3
0861ddff9572fef8b9002d7ebaba3bf62455cee2,2,1,0,3
b34b077486473c46ff5199421c79cd2e797e5817,41,7,1,48
54d3703b0a460499d24f52b06dbc3ec8269c094a,3,1,0,4
14958d40c0c3d9590d24158c48a2a37106df36a9,2,1,0,3
fcc5d1a5a669570de3daeafd3f3b7788aa618536,1461,23,3,1484
347178e135e821673107739bf3894a8306f57a47,14,2,0,16
93af6b4e8db84c813530cda763f378858e8c7700,46,3,2,49
8ab68bcaafe8c6f08fabbeb40d1cfa2f3d5cb84e,14,2,0,16
0d9bad5fd1b3d79da530dcfba414877d737e5717,1,1,0,2
340d157bda4c33b7d126cad82e222a2cfb1b2953,65,8,0,73
14c1e815dfcac7f2aa7bcebf24a7fa9c14cbf961,37,4,3,41
be004864d5b243577fd9b650c3818d7105b2fffc,24,1,0,25
e0ab7af5d2867544ce9d694d4968c473596e50dd,4,2,0,6
e10a645230c633feae8bb533fa31c77d244e442e,15,6,0,21
e9d87163c50bf91e7ae8c4382095fa641877fa07,36,5,2,41
56f164fedbd47b5b2da0f39c820a55f32f944cf3,2,1,0,3
76c40e7039069a71448f6f30e3de4e86302d17e7,10,1,0,11
0cb5ead05a2acdb6b492c370b72970764cb7f8d0,4,1,0,5
6e072cfa9ff47d45c7ebcac3d03ce5877e33bb4a,2,1,0,3
7c4d1ec859d46bead9f8ed9446d2d5875082211d,335,10,0,345
600ffba714552e2e8a29ffa4e2eec40a15060a4b,4,2,0,6
6db728711491e3ce214d11358d0769bf4075ff33,2,1,0,3
7772644c555f5c86af07c6906b66a99c9330c098,2,1,0,3
59ae0346cdda2c2fa00698276d9cba82a73c6856,1844,16,12,1860
10f57a3779264ba222288defd1472d66ac2ae135,72,5,1,77
52a502ebbf8a5525ea09d98fd75be7ccff08501c,2,1,0,3
57bd24350663161b8a25c9f3385a2dc179039044,4,1,0,5
0c6a650a01d4075775af8aecdca14af78c5e7157,959,3,1,962
2117abcbd0ae316169e7f66655e0d202553bd290,20,3,1,23
2122a8a8e0fcc08307a5e1926b234bcfe3286ec1,5,1,0,6
4648b0609189e270c5b3bbf114b6057b943fc3be,6,1,0,7
10b926f021a6a441685c01d3dfe32c7ef07b1900,20,3,0,23
ca7d0e26fe69ca6044e7e801c00e5b0797d1497a,43,4,0,47
19b10acaba799098f374b32f405cd63ea7076f51,37,5,0,42
d1190abee3ff1f1183757f7e400d7b9b4025d95b,14,2,0,16
e60f5f1659df9d97499bc87c9a3bd3a4fc7c9a69,60,3,0,63
76f90101376d2589fe6071c96ae9d0203b245c0d,210,8,1,218
7d474c740bb274585a8fb87493d085289c8e9bc1,64,1,0,65
18519eb8e059865652eee3ff0e8593f126701da4,64,31,0,95
7bd38d170cdb07ba728a95696242fda6fa56a7ff,64,31,0,95
475b44646c00d3128e0dd6a896b48f5e2d0eef1a,62,31,0,93
4ca29c7114237d4bb039b7291fa2c8c182170109,19,3,1,22
2c9ccf9cdf67b460ffbd97ed547963b81fb11a69,23,1,0,24
3b4ecf2c7029d12265b3e97a1f8ea98da1c1e5c2,37,5,0,42
b9f16e50244a4c7df9ea81baef5843a17d55d91c,67,1,0,68
1e15f604302ab96904eaa1c3d435d2a5b3632d3f,209,24,0,233
3d8ce063986ad623d6ade4b55f1bbb1eb39f7641,5,1,0,6
cce6fdb3304894e23231b10e1c758631e52df2d8,25,9,0,34
a7447f698e5d8a1fff5b1542a70e42273b1b6373,34,1,0,35
c697d80ec1f10b381d634a01b6dd9eda2ba125e2,49,1,0,50
ce55c9b2c3db49bdf0c7c4f4450a00ba51dfcc7b,107,5,0,112
e430527cdab5d0f5019c2ef665bea6283b5787b4,16,1,0,17
ac7840ced22902e3880089fb4c5a533535aae256,28,7,2,35
72738f59920cb8a875757d5fbb0a70bd7115fdcf,515,63,16,578
65eba5547a5a63a318eb8b5d3974e8980055b8c7,2,1,0,3
f0fc29fd3341046f7d46a4a02a7c9ec3d7cd3e46,194,3,2,197
616e35f9e164a24104da148f713b2e8258a4f54f,11,1,0,12
d85a8f5dcfc1381655fcccaa81a2e83ba812f6a4,65,2,1,67
e083fbb53cfd7514183fb2cd59521307a5420a94,10,1,0,11
ad07d836e6da9a8ca8e5e1f19af42ad75ece2bb7,3,2,2,5
8c1bc9bcdeeac8178fecf61d18dc56913907fd46,66,3,1,69
d3e3118150d3fa5d2831443ddc944d7416b9a9f6,427,51,0,478
438cb3c761daf8d916a85c8742fb321905a07df8,13,1,0,14
184965087fb320d4a5f5849d27b365420a3ef1a0,69,3,0,72
1577037f172ce73050f466d714e3b1f24ed84082,6,2,2,8
17bef40022cb9830101cff4893c9054d2d7ddce6,68,1,0,69
3bbf66c2551bb9cc36b6a41d4b3820cd9fc72c77,1004,14,4,1018
57f6b46dde5926cc602c583940dd6424f10b9a17,157,2,1,159
474a2bedb167cc7ad1c438b630a6ab8d45c7ca23,2,1,0,3
1eaf16df379c7f1951a50360d09af3b12eb16815,120,5,3,125
583063b47c2495ebcd4d87c9234faf5e3838dec5,8,1,0,9
a0c9e696d424d4289653cba5d6b1e70b25ae96be,424,3,1,427
e3afb24a235bcfa6f8cb1335ed4ca34c46c38e96,7,1,0,8
7469e87dc63c0f672be7175946dc7af1219ec732,445,7,1,452
806037c080dc477798d157cd4a54a81240a85d37,2156,36,5,2192
d69192809d0d5ec36c0d8c126c8bed09ee3cee35,8,1,0,9
ab65823ae0fd6c3afae94c7fa0670cf9b46b5b85,78,4,1,82
8e7dfde10cd9d71dd1bd79ccd25824cd58ec9809,1,1,0,2
7ddfb4d9d89fc7ae1d9ea0ef86aaa6dd5e81aa59,206,7,2,213
5d2bf2789041fc8ff6de48a590775aafe4457db3,43,3,1,46
d00b2f105f9f732e310ed43c7bfb318213e1ac81,455,7,3,462
49e862704e7da7149493a953ccc18515d1eada88,122,6,3,128
2d7b63bc0ca6a8224d3a9d9a61bd4c12b0edb66d,45,8,1,53
2affb3661c383bc816357141360d19e265909c90,2,1,0,3
70d7f5249042bcc02bd6d9a4c8748f38823bd8a9,45,7,1,52
3db93ea7b1e2a806bcbf395bc6b74754cb676c44,340,3,0,343
60e1cdab36d62ad175471a161df399911f7f71d6,2,1,0,3
783c3b78aac41fc69e29ae5679dd8cdb1b38b568,6,1,1,7
1456c34e33251b808e8c14a155ea3d5e3327111d,7,1,0,8
b835df9cba406c1b2f765c54b21025f7e604c167,1,1,0,2
94f89aad513521d4f15df034ec054dbde49c5ede,44,1,0,45
a2459b68941cd1eefb3169e80004e1af434b2a80,40,1,0,41
c6c553b412ac2fb9ad641803e918ddf5220cc757,8,1,0,9
b2d366a83f293914195f9de86d918f8ddd944374,22,1,0,23
0acade062893cc0ac6e8cb7ed01470c38ea4bdb5,94,2,1,96
1c63c9392db49ec7922b459677e51196178fac8e,2,1,0,3
958ed6fa8aeb4bfbb10b98c3cd6117473c69f30e,455,5,3,460
dc40b598a003dc8da38cadd576c9a36ece1eea1f,413,9,2,422
84c954d8a4feef2d9bdad7a236a7268ef71a1c25,738,19,8,757
e4988f3489663b99ff35a8573bab5522d5e6dcf8,782,6,1,788
00b42d5000499244c8403ca536821b19d5d216ae,3,2,0,5
2589cc821d2d470be1e79b86f511eb1f5fee4e5c,310,15,11,325
fadbe6ef326faa5984d4d8d6df581a91c8c6cca2,39,1,0,40
9a1fbc4ee3f63284a675eeac6c62e96ffc973575,78,2,1,80
65b95fb72be8f5a8a193a6f7bc4560fdcd742fc7,8705,74,6,8779
5a7c0fe15869f1a3da9790851b988cfd743a8004,42,3,0,45
4bf67a4ee7199a317a36b3ad1207408c5f8a12f4,34,3,2,37
64b79404efdfdf954bb7d80fb8f0d66d736b8638,5,1,0,6
3d45fd5480b1b58074c5b53d0738774cf355d11e,479,12,5,491
0a4e3eea991f7588c9c5e056e9d7b32a76eed5da,649,14,3,663
0d09be68c289a56e9e547949a3d1ee6df10ef794,27,2,0,29
e49b83f151082170bad33a57d7c5a2aace2916f6,4,1,0,5
fe9ab5d22c602776f44b027ad3cc05609eddba54,2,1,0,3
bc4c97253b51811de4e1c18a3f4113172f37e7f3,4,1,0,5
05605840dc6f45bbdb9ff9d730d5cbf996747454,89,3,2,92
0dc3fbcae56e467f143848ea6ef31ed75bda88f2,35,1,0,36
bebd309db3d4014eadbc9f0d9f6be87c0aec6ded,2,1,0,3
14b7a8be8ac98c7f96fc3fd2d5c21cbddf736b64,78,3,2,81
472eebb09d035e5073c384c319ba549f74d79691,43,2,1,45
a2c6ff0775fe9862fad197faa5aee7e80af52827,20,3,0,23
f8393a3489830397da29af02ecc3cf4a32722417,2,1,0,3
55a36b023ea445d6d6f0d03e34a62a102899a78a,2,1,0,3
358f1eb44b45795fccf1990255209867db0272b1,2,1,0,3
1e5242004da1441f8c540ba67e03ca9838881e6e,7,1,0,8
c6187e8d50a241ff83bb364526658d5ddce34b34,27,3,0,30
f737105ca8cbc750f9bc7585461cf74750aafeb3,2,1,0,3
2908cffca9a91d5a5d12c25755ff4b8bcf51ac89,295,7,1,302
d291d05f1c9e3ee5ab87403d94cf13a5ab9cb04d,85,4,0,89
89c5c25d44f8959d1a66493c06630ab0060cf346,731,13,2,744
5c6916c23cb2b9c225ea80328550ee0e11aee225,415,8,2,423
bea6b669d8ff66d938efbefcd7efd5a3d0d8801c,41,3,1,44
a6fde11fd11aeb19c4e23a83ee2922b9acec3251,160,2,1,162
10df92187a02180bbc2f7134ba8c83a13063ee3a,352,5,1,357
f01a1e5dc327ab5f2cffe0528aa67883c88f938c,2,1,0,3
74af3a8a5404e3a56d3d8d6bf3ebc8c09ff5fa1d,91,1,0,92
02170613d12b5122b07149136382a71505fa39d8,348,7,1,355
2d0742ea586db444b30dd3a682e1dee9351954b0,4,2,0,6
7f5ff1b13b37ccb0528598a7a58420173f4949f7,5974,146,21,6120
e465c73d87f0b6ad190d494eea48394950fae759,151,3,1,154
fdde49a847e0fa465a2988b13979391ee84524b8,2,1,0,3
358a60d17ffd49b718633d505fdb6b77ce64f7a0,12,2,1,14
ee30b13bb5c3f6848c76641d3b93c9858e6746cb,55,4,1,59
217561a99f2b4b4382f1f2c69fbcd03fd9bbc3ff,223,6,4,229
6262dec970c64f2b6d72f4839cca46d12b16d043,46,22,0,68
c71717758cb77b4ba10aa50a2995ffc9d5a1f813,46,22,0,68
64169af637813e9795c7d8971ead1f0f7373e4f6,139,1,0,140
ad59c33e53276572c105b4ccac71293e988adc30,46,22,0,68
5ee1e3b3bb596b666ec9da7acd09aa2c25d0e353,46,22,0,68
a187fc757b7dc885423407e527f50cc4ffc4c542,2,1,0,3
27448d822e294cdd274d2289ed737f2b9178f011,34,2,0,36
e6bca6f72db5b450c074676ac20dae9e33e93695,27,1,0,28
e7f9a666f1c55bd4084d49f027eecb745f8fe5ff,12,1,1,13
2b73ce3790bcbbc2126751c1e25c839838fd2534,2,1,0,3
279255df0c050aa95b5f5eb5963cf7eae5b8d180,59,5,1,64
d9185703bfe0a1d7063f0dc338161eed82e39a5f,62,6,0,68
3be6273156247a52e295e002bc38217373b68b22,20,5,0,25
646985d5fd28102e5638267415441cf4f43b480b,19,1,0,20
2a23dcaa27adc643a199808773a0feb580b7d8a5,39,4,1,43
ab402f84e956d17ab67b63f91d01c63a92e7ae1e,2,1,0,3
434667566e140d7ca7e30b568156c43a06cc719f,112,8,8,120
286b078c0a205e1064e61c2efd5598795d2d8bc9,150,4,1,154
3c023e027d663ce8758ff13f5889c152b9908baf,9,1,0,10
d859b4435d139f1979f46cf63d2afdf32935ad51,46,22,0,68
df63933531bcf260084b944582cddd31844b7757,46,22,0,68
ecac528dd4848c0a75d198b37f48c4a3f4c76507,46,22,0,68
548215e0c574643faca2a945cd0328b7b527466a,46,22,0,68
862bac97bf62eb68e2ab3d2911d3b5f95fb6979e,34,2,1,36
2c6ceb330bbfd282715730b478714b84418c0749,2,1,0,3
154d8f16842727a8d888b50ea05f36686153f43b,46,1,0,47
342b46223a78efb8233e2419f6b360460b398021,2,1,0,3
66ac28ce232c586626f53b72110276ea45ec5fa2,2,1,0,3
d81b815fadc252bddb583d400e6097e56aa6708b,148,5,2,153
184dbbee8317fbc40fb733b8183820b8413fd515,7,1,0,8
5f2055c30674df8be55eabe7a03d935af1e45e8e,46,22,0,68
bdf935a43bd377c8052840a4328cf5b7603aa70a,46,22,0,68
0efbfaa9a7b02bbd2a5912313ca77a9550da8ea1,4,1,0,5
616c3d681c5506ebad83a7d3724e85da2154eac9,52,2,1,54
27053b07b91e605e48d17e539ec9dd811770e2f8,2,1,0,3
db75a6815f2ba1d1ee89d1a90aeb296f1f3a8f20,46,22,0,68
86dd62bd3eaeb1b23fd80c8dd6aba9b466fe35a8,46,22,0,68
d96b19bb97caf6f358579c9e22626553e8dc986d,2,1,0,3
09845051b5ed97feef8cc0cd9b6c0c07d421fa6a,2,1,0,3
5608695f5777de1eb0899d9075ec9411cfdf31d3,244,4,1,248
8464284cc4fa790fdc66a8d2721572c2ec472d6a,56,23,0,79
24d581038f082039249b7874825c6ed4c05a961f,43,3,0,46
86240813839f3e15d5c4a0ea56215c616841b6c1,32,2,1,34
d23a9a79927a03ce6b8e192436c64ad34c36d67b,57,10,1,67
1075e22e10b4e80c7d6e34267b2d3a192755b043,492,1,0,493
60c09f8549952cea31af5f175885687b88449c29,8,1,0,9
3f54ba09c36fec835d91d0ba1abfc4fd6e7fef3f,689,5,2,694
8c0840365ab76070da0efc8bfe0559bc4e525e49,18,2,1,20
095c78fec3378189296d38fede1255b0a4d05fd4,2,1,0,3
907314ce317e59e25bbf572e891f7ce2a7c70a54,10239,87,12,10326
5d8fe214f16829fe258400d0c68ddaacc979b03a,51,1,0,52
89a9000e030f38c5da1d61d65b3ca560fa629d07,2,1,0,3
8e40e69ce3e02cf4f8f0c624ff9e6173509961ee,69,2,1,71
48f5195cfb2662f021e928211687192249752818,34,3,2,37
2ce35c73746cf091ed223da150daefd323a9ad3a,71,4,1,75
10fd78252ea2f7beff8e5af5c6ee2917c9dceca2,34,3,2,37
709fce1b72ef894febb1722d746f085b3d1050f8,27,5,0,32
a3a1ad4e58518a469970b45ccef2fb64695c1894,4,2,0,6
c72862b61399ff516e968fbd02885e573d4be81c,183,5,1,188
19348dc36bd2429fe7b4c34268ab9706bd9a08ca,11,2,0,13
1007b053cceab0db7ed0b3d44b70d5882276eec4,7,1,0,8
8465ac60302702192733fb51369e0cd60c10f9db,51,5,0,56
875a4bbd82bd47f1d4d68a7e79c80941d8a76f7c,10,1,0,11
10794e63326606fe4abf5c726b8fff8683ca6c20,10,1,0,11
8ae7f31e36a298804435565e0cae584aac90f6d5,2,1,0,3
819443bc195b58735c7a2489795a219ca662c65e,25,3,1,28
45864ff1bb3f0762b1895c1245d7ace9a60191d1,2,1,0,3
98ddadf0b8f283dec7c45937e01233869eac4467,175,4,1,179
bab3d53bff84a74743b2f62f5e394cbd9410b31f,431,8,3,439
c3009c1da0060257554df727ed0c0d448781ce14,88,3,1,91
18df2ca255ccafa189dc70fa194214cab926a919,11,2,0,13
d5924226007031b6aee8c94c577f9b9eaa037554,10,1,0,11
b2fdd888133ddd82bddf82aa0836697506e24f55,11,1,0,12
7bb1663b434e069f2b5f2832fccc15e14d41b034,71,4,1,75
e210d9fd4c8ebcd21cca0f57f646c4ac96a4b812,444,18,1,462
cc1ae9f857920cf6982a59b3fd389277877fbb9e,72,3,2,75
5154d04f1ccc21811c0668bf68cfd19f91100907,3,1,0,4
5f403501e9de05b6aa48f028191b4e78bb97fb12,207,4,1,211
cac8d5a7732c768b814f448413d5ac58e13a4ac3,2,1,0,3
b8d7019585b462e9950c98542e59c5ed5c6b0d13,14,3,0,17
455ebe40090af65294c12aa3ef3b3be9f6d143ef,14,3,0,17
98e3e1a770993903fbe37c8ac61321c8832d833f,1180,22,9,1202
1695d92cc07288713a9f2230f3aac61e2dc6a8e4,96,4,1,100
1adc22804a700d78f8480667d083e91d6147339f,1062,13,3,1075
59e9f78b8b3a30073db202eb6432071ff71df0ec,12,3,0,15
89102ca80ca6ab20919a55bfd10d9c389112dcb3,2,1,0,3
23a217a21ce4aaac8a92dca057e9352c51719f8f,135,5,1,140
01a5d074829ad4cf4de1f662d54fe7bceb4bef63,4,1,0,5
1318a58b8ca9b1ecc8b17e9d3d7b3adb3d98b7c9,4,1,0,5
06bb358bcf8a0855c54f20122a57a88d9fde16c1,160,2,0,162
7398d9b522733c669d497c25495c9efa1c860994,518,5,4,523
300200eb72b9f16df36d9a68cf762683234aeb08,22,1,0,23
ef35a5cf6aece9978034e7f704bf460d3cd68b10,14,3,0,17
2431c5c1333855c9efd532324dee5b771b0780bf,86,2,1,88
c00479d538353348726cf78da835078024161e55,15,1,0,16
4d062dc37577e719dcecc666f8e837843e44a9be,182,5,0,187
c7bff519094920a8609df6cbd98821a43ed779e3,390,13,3,403
4d7df6421179ede777d724f005ff66841b03e658,2,1,0,3
fb3a9051a62acc65b20ec58f383a67566d76cc3d,62,2,0,64
f2f7c3ec8b22cbd119689ab321cafb659ccc59ec,122,3,2,125
0f88f6d87bab82483e7cc8233de2029b560ab1ff,2,1,0,3
e27983782d203ac6421bdce352623273e960c193,2,1,0,3
3ba9da6ad95ce6b2b5afa34107134cbd6569c85e,2,1,0,3
8c8dd230f88f094c995d28a925f742fe02641207,2,1,0,3
dd43e6f8e1a8c1ef95ac1bb47ddc411435abeb58,2,1,0,3
a2da156b251d13bce1fa81eb95b555da04880bc1,59,3,1,62
c797a85b37ced716efe36597344eb2f3fa06a1cf,27,1,0,28
e06384455567c56d5906fc3a152ab00fd8dfdf33,117,7,1,124
5290bd5e0ee5dc30db0576e2bfc6eea335c465cf,31,3,1,34
e990eb3f14c39273e46a9fce07ec85d2edf7fccb,176,3,1,179
19300bfbb416ae38378891868b714daa50d8769d,83,3,1,86
1e1c383bda874e1722e001afa6116dc337ec0452,25,4,1,29
019361e0da0677360788f0ad96c520fb8c296d7d,2,1,0,3
3ed2dbb9ba40d93caaa5aa3149581f2108ac2bc0,125,3,1,128
0b5aaeaa4a10da487949d30d3d89e16c621a12c0,2,1,0,3
0819356a9dafd2ca07c5eab68e2bffeddc3bd3d9,37,5,2,42
438686c2ac8bbd576b3593bdc73d68df11612bd3,2,1,0,3
6add62754b3d53e30376360f8d215da004fa8096,1,1,0,2
34a55060ed94215f7070c5615dc5f140fe604737,2,1,0,3
e0e66b4e61a42cdabc68403152f46a0b9c131001,28,3,0,31
203120642dc501c83175a86739df722748dbbfc0,2,1,0,3
53f65a81dc5c2067aa258dfe8d832a6ff9fd0e9c,13,1,0,14
3e74d30d44089f9faffb331bd6862e48d672af72,10,1,0,11
704ef93ff6db938f6f693f8d662380de91b94a65,155,3,1,158
44dc3a4aef8e7746408381a7b11ff7ab8e888c3f,38,1,0,39
62b774cd0f0c60cfbe540bbfa60bee15929af5d4,13,1,0,14
d75596beaa5d6d0b07ff3004310dcd2be2469b07,1422,12,3,1434
dd553305321fe90b375ace5c9a5ce661763a623d,1164,12,2,1176
d057b39d93014fe40f5067ee4a33621e65c91552,147,4,1,151
c8c6386f836587cf527a56ff5741a48d40a979cb,33,3,0,36
8206384a0b0ac66fdca689b0d3ff4fbd81e8b718,4,1,0,5
433de8df33fcf31927f7b51456be9f53e64d48b9,18,2,0,20
eb2122d4fc1234677b9651351938982f873cdfe3,13,1,0,14
2fa8f94baeef538b460be38e3c933249d8a27675,232,6,1,238
e763aca676d4154ef9dcd2cc1f6ac1c6d88db9ad,91,3,1,94
d6417dfad59c1423e358a5e859c332abd1244d2f,2142,9,2,2151
fd1326a8a56174320ea2f36d7c6c4e78105ab108,19,1,0,20
c36be7b990f4e74d5560f494b53bb99c3c701749,116,3,1,119
261f7d2679407c833545b56f4c85a4ae8b5c9ed4,20,2,1,22
720aa3d3c1ce1ce5c5e2b7715cd8c5f11bdc8ede,519,3,1,522
bf38e0fe549460936b310764a762749cb351ae6c,141,2,1,143
d1f59a03361c263de2302e0e77bd47184ad86df3,14,2,0,16
65f540779d9117f578e9ad2eb99bb64007c1da85,150,3,1,153
c9cfe821448a2f99797fda7f46c70a16cc1250a9,14,1,0,15
79e29d44b7994bf817e4ef272dcfd54bf1c89618,178,5,1,183
4e9e79c895e61775066e11240729b574e2264b8b,153,3,2,156
9fcf4cea0505aab216d5cd9528f51b083d5e761d,60,3,0,63
40bffcfddb929a8e8470a176e078c0782808534c,1,1,0,2
43ce92862d0a1371f55a7ee663de5b08703d502a,21,5,0,26
d730fa7466f9fa15e1e4a4254f22af9c6783acdc,3925,14,2,3939
cc145b3f4d82c7d4c67d45907163990c4bf084d6,69,3,0,72
72442b5c5cbf4bf20258dd22432a5c39081193fc,9,1,0,10
d38044f5395494e1543581a4b763f624305d3022,446,22,1,468
1235003e742e6a76bf6cb8f7ed33e942fa12d0d5,32,1,0,33
8cbbaefd83eec126b6bb2388f038c7b6ca6cf435,1,1,0,2
a06afc9e05b97d489b693c7071d3a5ae73558176,167,21,0,188
e9313638f765899555f748da211064363ae5978c,86,3,1,89
a1fdcfaa60100ed6e176ecfd864922988b3c1efa,4,1,0,5
ba68a3de26b6dbfd2a8f70fe0e6359e8eac3fd3c,14,3,0,17
9c312d654f9eb8ac38e9ea59644f156ccac58e6b,2,1,0,3
370fb1426b04b74e6e917e168f8023e773128954,2,1,0,3
62f2bb61e32549dacc5a389de625f75fd774358a,71,2,0,73
a533490dc8b86a1c01221c9e6a786a39de625c72,87,2,1,89
8461a8e9c0e4d7ccea82956ab8e55474c9479bac,50,1,0,51
cfa05406780de4df2a32da387bfe9c34de7b6a7b,87,2,1,89
2c5ffa6e90105e3ee2cb3b18b60ef0fe62df9d0e,32,1,0,33
53ea34ac7eb98432a72e3c37cd48e4f02baf65ea,2,1,0,3
3c36aa6b42f04bd00eabff295b59f717348db607,2,1,0,3
31d5250964c27e8e3cb26c251e929c61b7ec482d,2,1,0,3
b5aa47ce6a5e93153adb3e3448ed1e263a83237c,2,1,0,3
93ae1d886f6ae1f2fab9f1df0d137ef4cb1cd8a5,1,1,0,2
2ffe65145ee0d9da07870686a300e3a7ab6b34f9,2,1,0,3
7a426c4062e9b0f2cbaf0ebeede90969e0242bb7,2,1,0,3
c12b174703aa7796b61e952c463a729d2929cba9,6,1,0,7
5e115b1fb4581cbd0a90aa4a8970eb1694082075,25,1,0,26
8544a8a13d0d6a08935fa90949567d94d51fdcf7,11,3,0,14
11aea6bea692dded85fc8142444785aa7d7a70c2,8,1,0,9
f70c5292f555a8a45baa4ac788e84a5bf31daa21,83,4,0,87
47f1cf870389fe2778b32afbc7ee6575aca60162,1,1,0,2
e365cd732f0e9f8ee6a853d725d33c794530c9de,2,1,0,3
7ac7391c90cb98c2f71bd0f84061d4d1e5aea3c6,5,1,0,6
ca51a21efa00575dbc8dc91c31ee1ba41c59ace7,410,8,2,418
dededb6b0e4b271794134ef948c15ff8e54aa902,64,2,0,66
9d9ac68706140f54b3f827f38a3c08725a4b9db2,5,1,0,6
db2efeafa91426c63e13e69a947fd599f445cdd3,2,1,0,3
cac8f7cf55b390c2ac5ef5d14a6aa72597b99284,2,1,0,3
9c502dccd87f2f8903c521fcd5357a4439e74d4c,16,1,0,17
9b54b51f564df0e2f25a6265d37d88f566c49a34,2,1,0,3
3ca98301b4fe76407f07bf19a90e1688796f091b,10,5,0,15
3dd45e5e20efbe7d4528c7454a8f91b933babcfb,2,1,0,3
10e62a8a559c62eac55bc88e5a7792df259ef6a4,326,16,2,342
97cf0b8cff8c4e2e829660f71e750f8d8f21d0a6,698,10,3,708
d5a4ce05643e6709312e3060838cb9236e882014,3,1,0,4
30234f825a04954f09554b617be2d4510005c6da,4,2,0,6
4cdde5bf76a54421a8a96e8dfccd4549e11c92b8,2,1,0,3
f15b9c42997e3e0af991462529942e044ace6651,2,1,0,3
c4977579ab3b149ea045a177b039f055b5408e8f,2,1,0,3
9d80330ae4948787ac0bf4e4b0d990917f106440,2,1,0,3
ac29db4611f86a07cc6877b416aa4b183e09b353,2,1,0,3
67bfa9188264edd530cf45ebf8e880056125364e,249,6,3,255
141823a3c8d9151a837a986bb83adad3c92b26c5,2,1,0,3
89260617326aa630284d7a88ed255954a1bc6dfb,2,1,0,3
e8c0959ea157ca4f06df818f6eab03cb103b4283,78,2,1,80
7dbd2c6f8c23340e4c366aee7d9baf55f9334d33,328,6,0,334
7c4cb42a1c6f4fb2e4a00f208bc9d073e5f7a340,398,5,2,403
a59f77c479a5dd3beefd108ab576deebbf025890,5,2,0,7
3a4eb2aabae6d1d6e6971073eee318c72d1ca28d,2,1,0,3
03097eff2e00ebf186deb72ed441f774cfee76c1,2,1,0,3
1bdb3c6caf1bc45d66719ce6f77d25461216d697,2,1,0,3
25539781fce23216b7b3c64f78e3b03a4d190858,11,2,1,13
2cf7951ca686e5b602661079a05acd1b27ac95db,10,2,0,12
d2c3c6d2e761a17b75d56fd356a37a2f754072f7,452,5,1,457
169c62461e890780b010375495782f55b1167c79,8,2,0,10
928d35bdc30fcdf49f6edb8fa8d1e9da96361d71,53,2,1,55
515734c373f69b5250e8b63eb3d1c973da893b63,1,1,0,2
61420289f7d300e9dc661819b112a22abeef37b0,112,3,2,115
62e888bc953fbee2acf7ca4fe6aaec1f71877ab1,3,2,2,5
d25e0009803d7a57801f3c828180ff1b3acdb90b,5,1,0,6
d8aaf93b960693a7dab52b0dc33c786f33938a54,84,2,1,86
ef9929c130f8f2e24fca1c7b42b0742a4d9d5e61,77,2,1,79
f8465a274b42e0a96996c76f3be0b50cf85ecf15,51,4,1,55
910bcc4edc2d707670e02e9ceadd98dacd9f08d2,62,6,1,68
9b5a962df3007009a227ef421600197531f970a5,55,3,2,58
4de3d938966da2b5d6ec043b77bbbec56123277c,83,2,1,85
175145043f36c53203a3942285fd892b4871f6bf,4,2,0,6
fa8794493efe825ddc91ba3e1a29d75d9890ac4b,6,1,0,7
344e0b04ee9f9e0299c49f3d5cd9648387360c22,1,1,0,2
9782d636bb9ca18ee822fec357e3aac3f3fad412,29,1,0,30
7fe035dd6d8e25075063bd58f2676c3a1e7fef99,2,1,0,3
4295e13ee1401b326a95c98eaee4db950cdedf7b,2,1,0,3
b8c91192b414e71127af7e5cdefcdb092fff1b15,2,1,0,3
3d03770f166dcf47405716edbae7cfdea7ca0493,2,1,0,3
c844d2682f0f603c68f985a068beec0871fcc386,8,1,0,9
a1bacf88d33c4ddbb5a131e13b6a1b01bf6d63e9,6,1,0,7
c78c95306bda3d1e77a93d53de6c6106dfd85e97,4,1,0,5
9e1b4d32b5cf1e90c7fea170aee152425a2b01dc,2,1,0,3
0a878e5b9fa02335f7b1368a77b1559d9b85eed3,73,11,3,84
f6b6cf1d46e1389b4e779d3bc25bd741f8d676ad,15,1,0,16
4857fa2ed114455ac2a6bde65e2e1d6c0fe9aa48,2,1,0,3
de08d8d49d6e566928bfe2846fe3f757951b78ab,134,4,2,138
04246b92634d87315eeed18070cae83ea3048002,50,2,1,52
5ee513341158bc3962df80260c345b80076dbf3e,235,3,1,238
354ddebe2f82229b1dbcd73cecc9b5af4fe816d8,41,1,1,42
7df2a4f0e5731f8b379d521495f92012e9ad5f71,4,1,0,5
efb7554faa1e1d7649916fa175430e21a266153e,75,2,1,77
69eaefa54ff1392b8a72878fb7e439933ca45754,2,1,0,3
4949e06be00e8ae32c5af4a00a6557e6bfc3a0ed,2,1,0,3
1b08469cf9287bac218210abd76ed696682c257d,1339,57,8,1396
514cc6c257fe8e618b100a19d86d304f6442cb94,665,7,2,672
7c6758b7162016a2913320d93a919d02b50e958b,58,2,0,60
ff36d6bca13e0c626dd3c7932d94fad2ee2c9214,201,5,2,206
9a9312a6c0fff927f7e1d40459689432925d3f11,2,1,0,3
2c233f2fd4a6c4bc4d7d5a9f4707c6bdce84273b,45,3,1,48
56f40e466e6bbe2cd3a9f4e4fc45cea5bd1d5a36,158,7,0,165
0a066d8a5c71386e56dee7bd7a21170b27e4283a,22,1,0,23
9506aad00430011280097a063325ba3abfac90c1,4,2,0,6
ab85e221512d8f5713c3ffa982b67b5f2db9d70b,2,1,0,3
2b60ffa02fdf2bb73e2ad97c38fc1de0d326fb48,2,1,0,3
65bc51846010360f3dd4304103ec3c637776d7c9,248,3,1,251
18eedab47d5f1b23e4781abcf58ea0e4d5529adb,439,8,1,447
45e14a5509d1f141042122c7b6e47be4c7491698,48,1,0,49
c4bd35b53028d4015795d93a762ba52653263424,2,1,0,3
9e2b57a1f92af18047349b105297bc863a04b724,2,1,0,3
d15defc3fbf1285dd639aea4c50ce90aa34232de,2,1,0,3
9796be4c0b48184cadd5211a844520eb540d8c17,2,1,0,3
1a78a0166c748d81b7f19c922023be1e7dffc7b6,261,5,1,266
452c94d20abda0a83101d00f3b697e110d744942,2,1,0,3
c8487c762c08cfdb3c713538784e868cd47a7ac8,917,8,4,925
e482f2c85c39008d963e4dd32999273dac731ff8,2,1,0,3
e4be67d3193549fb05b87e00749d6bd41b9798a9,2,1,0,3
00e68948b0bb689f8f1a7b35c07ac766168256ce,10,5,0,15
4ca813a8cb0166156ad5ded53244d381012c00de,45,1,0,46
697875381fb483fbbb546fed11905228e8486b4c,44,18,3,62
945836c79b5bd3003512ace9e2d30d4cd03422f3,62806,807,222,63613
97e6ba8e8343a7274e530a83496a7933cc5ffc01,2,1,0,3
999dcbc23215b3aa94227d29ab9eeda8931b9a6c,48,4,0,52
30e6ee665e6459a3913a17d29db9e5311a316b64,2,1,0,3
f0339a0a424679898b89de017a5e09d776a04f4f,6,3,0,9
4874bb94f47f78b8a69574a3e0ca19cf4061b957,8,2,0,10
ffa1d3d12a40a0b64e7f05ab57b4522e037b1223,1,1,0,2
1c484e69db1e56f05dfff00db85504b84cd57f21,2,1,0,3
a308f218a37fce1e2a5defe4a45699ee81f48129,123,2,0,125
238b9a2d9dd7adf1b026b86110657e5c3268c9a3,176,2,1,178
2de893ffd2b4b2ed55f8edb68458f01b1b0a1028,6,2,0,8
7de479c2f096241a642e586719a2f5638752acd9,10,1,0,11
44b56225be6fe7b74667f4f2430326ef1f076cc5,14,4,0,18
3df625e4cc2d147e704bdefe8a91621add19e43d,7,1,0,8
f657b4302b981b4e5ecf716b6d696ce7294ac53f,37,1,0,38
84b84e9b4d313da6d0a3687bf0486c98ff598b41,2,1,0,3
44fa76b0b3732326e42c41887b6e39ac600d00ff,4,2,1,6
3f1102600036fd488d301016734f14ced5e3eb1c,36,1,0,37
2d10c282f14b6b34a7f3d0a6bf227b881bef5ad5,23,1,0,24
efd6dab350823c717923d97436b291486cc3ce60,2,1,0,3
20d43639b5a380335953742ad6c9b3dd98e09f29,50,14,1,64
f31dafab3ffa3c3b8688671b0281a7d73c10188f,2,1,0,3
89e222f6bbd7b04b774702a9679573b3f9c4011c,6,1,0,7
