hash,lines,files,num_test_files,commit_size
7c309bcab781615c83ab7a02a61f5f181feaf51c,209,3,0,212
936bf02296cebab85b80cb1b4da64999a4c4cc53,3255,26,4,3281
729e5d71b0f670e7268db0f3435e6c0d1b87418e,222,2,2,224
cb85d55e6864976ee3f78db46654c8e18e14ba9b,419,14,1,433
0a7bca717b87d3a9c28cf9a45c19573999afca77,590,16,1,606
056776dd0ad5f30db268575978cd5a6ebd78bf4a,61,3,0,64
21725e6b91d4ff2c6b623607b0a5b4620d45cb4c,23,1,0,24
f1572fe4280739e3e752c0d3a7a3388a6b155212,517,9,0,526
e1b21699367e45c319d9438684108b8c587ca87c,13,2,0,15
865f7c6710f895a50ce2bbbe5c6d881b62eb63e1,9,2,0,11
d3a931db27baaf50198e6f5a717de163c99110ce,42,2,0,44
6f1ffd83a586ffb8e06ec65de37cd3ceeef6c3ed,50,2,0,52
385a85c82ed4759f92cbec871fe0decb3306e45d,70,3,0,73
5cdd40945d38e3d5b51667d31b014f5d10f56bd7,98,1,0,99
8e60491d59709d8f0d1d2a01597888b38c66391a,70,3,0,73
416bd9be521c2ecc142e9124eb77ca6472cc2277,347,15,4,362
98c5ea2aa27b645032a3c49bbe3295dfe2508842,1,1,0,2
48733f582be8ada68c6feb80992825730d8c1b99,21,4,0,25
64e08090b91cbd4c5b393b28632547a84623434f,3,1,0,4
7a6ca6aaec1cbf57cdc982f11dc8c22339e6b891,92,1,0,93
089659a6dfcf6276776e204a1478f957ff58d96b,2,1,0,3
2188f292a931059b613c4f3c403ca10da44c73d3,48,1,0,49
d2611947e6e18ea6bf0ee60f361253550b45ff2f,26,3,0,29
059e50c96898a40fedf70eef30eb34f4d58c5324,138,1,0,139
d6be10fd9e23f2fc4cb3a33f56c6fa415da6299b,15,1,0,16
f9730ffbc998e0af85f682f82382d50b5722fa97,27,1,0,28
b1c81dcd40513eb587c17fab2df900e9468fa8e9,2,1,0,3
774486012d4c8669a3bb2a3f8d7e73e4ed704d5a,2,1,0,3
4c69da96cb7e60ad9284d61e54614fdafa8cd095,6,1,0,7
85f7001223a299c994d8266faa7a1bc36921e759,1,1,0,2
2346b0fe8749dd9b678278323692cb67821324d5,6,1,0,7
5a6b3aebea9dc0b9f9b4aa90c45b012c58cf8d95,251,7,2,258
4b9e51137401e0b60753e00e4171896ee5c7f2a4,127,4,0,131
ecf46ba68208304e79899f170ae4e7918e225014,28,1,0,29
c9584a333fd2a06b08f6655b1da2c17b216dc4da,502,5,1,507
b27098ad28af6d9c66d747552149d690e3164b15,57,2,1,59
9907cb72b9d021ae72ae8ead3609ce0ed059cbbc,140,2,1,142
5df69c3b26423f44b0e253735a04191543cd20b3,27,1,0,28
faefffdd2857a2f494a121d1b78f2083ed33f098,80,2,1,82
6984e90ee0f7a9ef1d8e0bbe648553bfeebe8ba0,20,2,1,22
5ce06ce766c8a74cebedb8a9818401bf2066b064,96,2,1,98
970405cb23500f35bd395e1aa7635b1dc32ed025,119,5,0,124
818345f17d19fe00ad877f6112c5410a5c2f01dd,30,1,0,31
4d358dd6857c7e99c69dd195e2d64ed3f52be01c,162,3,0,165
40df03ab0c7268dd66e8230e699650e5e0defcd2,184,2,0,186
817d07e62a16ed88dd5661a2ab1ebbda0b169db5,15,1,0,16
f783b2ea565d014275afd9a2dfb627712ca1f044,4,1,0,5
217efcb2858f4ffb6d2fbd57bbcd6d0ef61c3826,189,2,0,191
bed2772a5508439313a46ea1cc99eab49dbf6d8f,106,1,0,107
9d583066da5b3d32a49a19e582c97b3bf728e64c,20,2,0,22
7df795145c78f4ed21778da39dea165629cddb97,4,1,0,5
2da830906b18f9f322fc62f838595172c1daac23,264,10,1,274
15b6434e93ed5d60744a08ff4699257f1a741211,18,3,0,21
2c61853e00a403060d791d40504960740a27e603,83,2,0,85
2d15960225a3b0f8c8587ce30aaccfb3b2dff986,55,4,0,59
63af9c4388657c39b24ddbd330c81a2807af07fe,5,1,0,6
8069ad294fa1a0c0df86f3bef5ed9c758049834b,69,1,0,70
352c3a78dcab1e2ce8766d3ad07b10a0bdebec49,386,1,0,387
ae5ab4065e366d83c520043190d7968c2d463f45,4,2,0,6
16f9ed875d48b206d84e3fe2c29e418d7b410799,167,2,1,169
268d011c8b039a8ffafe6f4ab447657b63fdebcf,182,2,1,184
401dfb0a0dd9e6fa7617af2167b756f01a8b6d74,38,1,0,39
0b1517fca235ef8bcd494bfa363cee98429ac4c3,131,3,0,134
d5a841ab8b7a1b3db14c7b08bb41e4d2906f5ad9,2,1,0,3
7d725bf69af473e6b589e08ee30a33b75f40021d,141,5,0,146
8ed6e236e055db07ae09139b0110fcaf30a81a6b,228,4,0,232
5daa8145c8f313f7102be0ff96c00a98ca8a421e,171,1,0,172
91f3bd08f4bb65d7c1eadc0f3beac5c026a76588,46,1,0,47
bdac272fbe110ba920762a57f78fc4ddc394689b,6,1,0,7
8220705fde0168f1cffc09943a3eacba53cffe22,4,1,0,5
554adaa6035a53ee21ba024ba7c33c323b675f4b,486,2,0,488
72f7fbbdee476f8bdbd874d50a8bdab843d56f6c,125,1,0,126
a7e0502a5d61f0d75643cc294a922d5166ec4954,153,1,0,154
0d7d7ae6dfbd050e91f4119f1c5a4079425fa5a7,65,1,0,66
4054df59670d4fafb09d997a11ac44ad5dd44c73,40,5,1,45
3dbf48162d2fd3f3a5580a690ff6aeb838dc65c3,289,2,1,291
e74445630a4b81a2c62f5622f28319fbd7ddb9c1,23,2,1,25
23a64f2ff1d2261eef3273e0bc588f116eda6a8d,73,1,0,74
aa6298d5dfa72d59c380882c6bf467dadf36bc7d,46,1,1,47
2b5eeb501a1c7c38168961b5d96cea5246b9d878,1459,7,1,1466
7fa66433e66baba2391372cdd426a0aead261127,85,3,1,88
f774b88ed074d6b12b9b7da837d99d4071e8645d,13,2,1,15
e1235c8a3dc655a7e69157b5cc076c3d6a91c692,2,1,0,3
fa8df675d8a5d9f0dfa6070ac84f3badd531a997,4,1,0,5
445882942bd3fab734cb086516a90e024740d914,7,1,0,8
79d3229382318837cba05fc4e2c6cd77b2f8526d,39,2,1,41
a4af4682caa745549a7c48f89a331e3cb90a2cfa,25,1,1,26
a218ae8de5f6f38020193b93b9dfce29b6632e19,41,3,1,44
c6b94567e9b4baabd55832d6716ed7cdc75eb020,11,1,0,12
b9ffc7c108bf3f023d4e024d00fff04f47c27af2,8,6,0,14
301239d14a142b8d559989abc52c6a27f610ff4d,15,1,0,16
20712dc45265f66cb6942548c7a54f017e980d79,93,8,0,101
abd3212251dc26b8249d40953fc1aa9ed6e13c29,47,3,0,50
68125e0ca643dc88d7eec17b4e5531381ed0b83a,68,1,0,69
231ab1aff27db19ebe17ffc8f26569c252ca0806,65,2,0,67
54230ba7aa830404f24557b095fb12be4f46cae2,7,1,0,8
b27ea4f214b785b8ed28ff99b89fd27a2920554f,146,1,0,147
b98c3e97c77280f39b015b009b50a71c46e541dd,169,7,0,176
5c7bebe4920f8b7983116d6d44397ea74bbf1a76,287,6,0,293
60ebe09bb6936077ce05908d354138721f1be4df,125,5,2,130
8a9664d026d174bac48c1b013a80e1b548607cc0,135,1,0,136
1201459bb9aa22a3868744e6b8d56ef17401b45d,43,1,0,44
0a25822def3a86765b8aa372874b8a684b534a5b,4,1,0,5
ea5ee5faf9e1c7601f5e157a70bfaa73a2d33cdf,212,6,1,218
50430351007ac683d9651e34e8edb41c9c89de47,131,4,0,135
a0e197cb8d6464d23946c3c874d0cc741d166a2f,2,1,0,3
bab3e584d45f5c00225199e5b46e0dabc3a4a8a5,39,1,0,40
8f38df3fcccffbd0f28dae724dfd3b9ff72b10e1,157,1,0,158
7f34604a28eb20d1190163a67e045b069d339473,13,2,0,15
13e5418d2c4f5a7428dadcaafe14f2715398e72f,8,2,0,10
e21a1a8fa255b7ef42cca1b161fdf958e2d83b6a,126,7,3,133
86f0868970e7c26e4968a7a0d06468dcd3186165,61,2,0,63
f24f5d869625098f22582ee611b0755adc8fb070,144,5,1,149
645a012ac9018f4c2489ac15a33ccd34f2ff4423,458,5,0,463
d44713b27acfe1e2fdf0837abc13b8c3fcf162b4,22,2,0,24
4dad02b525e606d2d92741661f5ee88a887879eb,109,4,0,113
d9e94d717295f32cc27f7b674ea4d39bfd1b1c1c,11,3,0,14
d1c0c0fc915f1b7ee114c588ac286176b9b7e56b,221,1,0,222
c556dd5b3bb8f1eb320eb6584b897ffbf8a37bbd,70,4,1,74
6f9b53799f8cb5f6dd0c877fa76d3bdcfffc8962,341,1,0,342
156ec45ce17c05f2a8d7c592127a0925439179e7,1,1,0,2
5a64945f177ff102b107e289e81bb59520d807cc,94,5,1,99
cfae07a06393c5a8981c41425d4f7bfafbd3e611,106,8,0,114
1eef2979fa3a25bcaeb464ba7dd879580128fb3c,3,1,0,4
9f482fc6efb482f87f0ca5270fa502a2dbe8e6b1,534,2,0,536
923c8b18e21a7f68bdb0031e81cd7a9d4a27319e,11,2,0,13
eb53519fde35bdd5a2c1602d98123a5591963caf,47,2,0,49
fe7c851fe40bd1613572eca8cb9915ad8607344b,6,1,0,7
5a50352953fa22dbea1ac143d9cbe45fc938d4b4,34,3,0,37
595f0dafcf9d402928dd380ab5cca6df64c5ffb5,9,2,0,11
57fab67c607e2bec0b9b5d3d32c019be545b04db,4,1,0,5
30bc82d204892046be0be2b38be54236054d36a4,18,2,0,20
b76a129d3e6348eda5d86feedde642b6aa537b30,123,1,0,124
bb3c6d7152d4bc04eb93bc6d1ea71ff1c9ef44a3,2,1,0,3
e79ea9297db2cd387c5f7a97cec00610e072cbd6,54,1,0,55
683a07b36c94c5f483cd4a70f358626456512a2d,10,1,0,11
abb9c20e7f9abde7992005b44d0a85ad83de3f13,193,4,0,197
20655d5451b2c9e5e755cf139c282bcc45d05374,244,23,8,267
54db7ec80fb5378b18fdd65b4e1f8272a4eeddb9,157,2,0,159
6c5d18d228dee9ea866a57aa2e171023631157ef,464,2,0,466
c9a3e95a80b6a4c445d215b4b0802693ce1f9476,51,1,0,52
fe0c2c553d3d7a93535eb9f16b4a8b792a09643c,186,1,0,187
74e2c1cab1c1e66717515f70492acdcef116f25f,94,1,0,95
11e6fb0a7d54ab18232fd7fad113d4dcfd73f9e4,24,1,0,25
121b63dd7d76bf2962f5979ed8e6c7b6ff006fc1,9,1,0,10
99fa99f4639b100832b2fe389e94dc16bd9f9d0f,46,1,0,47
84ee00a718aff9e742f014e4d2d04746a54c7ff5,10,1,0,11
f1a49bfe10945d799a15113a85479e27ae2a775f,29,1,0,30
6137614ad032da3c2276c653984b4d1f2d1be9e2,6,1,0,7
4c903e42d93670cd71374ef5f2250b6560825e52,38,1,0,39
1489878907ae14c3993eff8d8aeca6e0f4276b74,56,1,0,57
437496f247c017863fa4180c280779dd90ac5b6d,92,1,0,93
29b3b95209a17d9dd899f39834b7b0effca1794d,20,1,0,21
16b3e591609a16f4abd76bd7d520a11d27adf64f,20,1,0,21
31d7b4a22be1d1b6e1f3f1718ac8a6e192c8f9fe,29,1,0,30
ed4e412d059885c80fb22178539217bbfd2018a9,29,1,0,30
1936e9531c7cefa48a7ce7ef079b6176627e4c66,22,1,0,23
da2de85f5c6c663b3d12633fd7ac78db7cdd52f2,166,7,0,173
eb6ae648b7d5b710d5d9440528c43b8ffd61aef7,43,3,0,46
531f862f9724e4a2864db9201ff7016101bc18a0,29,2,0,31
b74b9f8cbbce047e2ac403489d22fe209503ef30,153,9,0,162
d401dea5e2b3dff25ff2da6db9aadc618547c081,1,1,0,2
8181da583e400830435b5e8636ac6751a5ceda47,318,16,0,334
4c36d17df6285230d276cc701081540f13e275ab,110,5,0,115
d13685f2530043c3d04aad42dbfb1b21f53f2741,29,1,0,30
a242623ccb5643c652de4be84b1254856a1ece2d,67,4,0,71
8df8b5979ab6ee1b34b6beee0b57369b6c801e59,22,4,1,26
f93a260bedb7801007531d10e936ac8137f5b320,10,4,1,14
58d92d75e779addcab02b25603579849a66e019c,8,1,0,9
163a0588d7de03146680754d631811fd903a1338,4,1,0,5
2bf1aaf1b86abee3c874e13e7327260db6d6766e,8,1,0,9
010723d716ef965d10f15bb59b410d7c4dfcece8,111,5,0,116
972ccd33c291118f6a99c1696c96bdd41b8d1ab5,4,1,0,5
8bfdc8dd5c10a5e27d51ff2f036705b09012799e,2,1,0,3
ed531179f38fd487f2724b5d6536138cd7eb303e,7,2,0,9
50f50a1be3182db84d8612b972c5d87234112ef2,7,1,0,8
6a4e3b81923919a00f629e5353e4a52de693266a,1,1,0,2
d200f8b242e25e8f7d746ce12792e05ec367f047,7,1,0,8
91d7b5827b7801e3c996fbccd41896c68875de71,79,5,0,84
14b0b8f6938c48cd33c81cb512ec9f7d371a7a23,16,2,0,18
c2eb6eee0c4d8f4e65d00f2c1eca70fe3070ce86,2,1,0,3
bd85ae21c4d6fb698733d8b41f8ba8e49238f44f,32,3,1,35
4f598b73be11760b26671dc227fb366a606f4201,1,1,0,2
b762ce99b2ff8f0b77cb6a106b5dff7e8c3d058a,9,1,0,10
370353c9a027cf2002f4980246adf85bc1c37944,6,1,0,7
ba02062da4218b289eb617b97539b6f3d14aca6c,41,1,0,42
4f70b618007a2e11f6f308fe44e36935b627fb3e,13,1,0,14
821a6197b8a1e790a0335f2ab9ae9095ff26122b,59,10,2,69
82d2a20aef54ada94eee06a4daadab3ad4c32cc7,354,9,2,363
a3cb0d1f1efb8f6bf2eac19eac3181ea0c4ca50e,161,2,0,163
8ed699fa15b73f5d99040a80a4a9b4ed324fefdc,1,1,0,2
8b5bc2d55d4ab9e3f3f8980d5c779a2ffa4c38da,60,2,0,62
38ec3eae204c0b364576f418e9e188b02d474982,20,4,0,24
1b47658754b85637b09412188fce970f9751904c,135,6,1,141
9f71f8639d4285b1c99314ac2eb1d90111115f68,1,1,0,2
f51026343ed925489ad455600d37eb8c7d12ef3a,45,3,0,48
15659d1583ecac4d21862f780d9cbf6db8342f71,160,1,0,161
271f18d74f33c74a657cacb5ed329d7b2e1d97fa,37421,73,0,37494
2c721dce0f3c3522127fe7092e0123f600933718,47,6,0,53
725f22f39b99abdfbbaba2ea329975ca6fa733f4,22,4,0,26
ace7ce379cf2829db53a2c64f4e18fed57426d51,24,3,0,27
7929355fea78cd7dbf7f10bac892e5521a2f4a8a,2,1,0,3
10f9ea99a344a81ed7678af097d88530070ec224,9,1,0,10
5c56befc3404fd72302ea1ca0a01fb336992b264,8,1,0,9
97c44e8870ad01b7d409ef866c8edbb8e8c2f01a,44,3,0,47
72a960a1fa22dc37810df1a1d0e35767171e720e,2,1,0,3
fd3075d7de8370be5989fef16c1ef0ad108d8543,4,2,0,6
fdaad1abd640a514d5b74e69f57a4b305a9114f9,20,1,0,21
92e092453c32171d2f0ac0a63156cf9d12a360af,25,1,0,26
4fd3fc55bed1623ef802b6df08bf378c3cb8164b,93,3,0,96
cde83e7d6955b6595a76f570a7b63310da0115c3,30,1,0,31
f6df0cf2992dd11355918dbd114e814b93ca845e,2,1,0,3
7c5f601ceb20511cdaa9336b61cf1405a7b5acbf,10,1,0,11
7146ff964a3c1c531b300c005e45512c27323226,188,3,0,191
e8693aaf9d722870847f004265ecd7cd9d5ad927,8,1,0,9
5b22a22429ccf6b993cc59642b05e484a6e70563,20,3,0,23
e50861282aa98a0b232f4cd5d9de3e26156477ff,123,2,0,125
d5cfc95ef334a269e89e2390cc625e323ce3819b,7,1,0,8
45d568675249b57255487dc017c197e076dfce3b,1,1,0,2
706208ef2f8cdaabe84b6c4c0266dd9f5e57e11f,10,4,0,14
e080bd32e63d893d9bc1c55f251a31d50fe383b8,2,1,0,3
6d16d4b44458e92dcfba181dedbe9c608cf07078,23,1,0,24
09e39383b125f5c4677e417c83bacf7e12640c0e,43,3,0,46
82d0e5576036c6122dd6629dfa10b26fc0e430e3,14,2,0,16
02e2454619e14c9b46b558199f6b1ce2dcf7f66c,1,1,0,2
0aac89128cb4100efb6376decb5616cf6f1ce121,10,1,0,11
6ec7c2b99b2d5aea396f9529a50d56a9ff7269bd,548,11,0,559
17e5907d956d0d2e099c1b2d9bbd390fc306a111,505,2,0,507
e67ce33b15fe79bc2ab86ab0d27c3696a693cbcb,19,2,0,21
bba5650f424271c1521bfa197c00349030fa5054,9,1,0,10
765b65c4f0427f17d53f4c4884c878b5fc7bedd6,224,2,0,226
58ebb677ec7a5672340d3df0f1079f6e120be542,2,1,0,3
b64862c88d148ec2a9aabd59d8b3dbc4f9702a96,364,4,0,368
78757cae7c245977f2c6a949e08e980699308ed3,23,3,0,26
3aee99859bb1850b1b2d9f8b81da3fce0b36241c,23,3,0,26
230347b92c9931cf6229d986564e479b8b53e43c,397,6,0,403
cff2b4ddb903f1087eea7ce14b7ebdb77efe72f2,113,5,0,118
5d0137f9e59152fa9b97164ce89d2cd73fc0e29a,56,2,0,58
32f0c84f17d3f0c83f533253313fb8528f9e9458,16,2,0,18
53fb9d65a2a3037ce27cda8621593142ccf4f54d,112,1,0,113
44436a200f8700839543290d0e9a1017ca2cf37b,4,6,0,10
9bccfb72f8ca625dcf8a47bbdad8f8ee267a496d,7,1,0,8
d1fe68e008811fb0f3376dc21bac1341af66fb3a,107,2,0,109
6c3157ac4dcb97ec27fd3e631f78a01d2c0f25ef,2,1,0,3
53ed5183a6c4671e67a8b808047dea476771beae,70,2,0,72
e1131e767e2af26d3394b4881f9cdc9c7a16a39f,2,1,0,3
cd96652c1e7f833be4e7584c7f44821dc3db172d,13,1,0,14
e2dc0ed0aa73f6f2297230c49c0a5a752200668d,10,1,0,11
5c9c8809fc698b444e795df64d51d72df4f57f16,14,3,0,17
618e64698e16478fca9eb94b3d66e82ccadf1972,193,2,0,195
d7ac54916657997ca0116797e9d8eeafac6e9e3a,1129,15,2,1144
d3275b6e537171e7fa8b46392ba7163d3265639c,22,3,0,25
7a30f2d3a3f2d9686c1b30c7375ec5abbfdf821c,10,2,0,12
59851d5466f5d1c53d212e6c98f6fcc223a77477,593,8,1,601
33f63710d73d509858f9e723aa926da150fc1fe2,6,1,0,7
6181828fb687b8ee0e5e07b9461e036339af64fc,512,26,1,538
e2176611ac8cc2d91a68a00b226f9aa3126232f2,1213,26,0,1239
ce50d18c52ca0b43df116f3f41097f705a9549e3,2,1,0,3
41a52fb185c13836deb6c3c43b7c0679d94298a0,6,1,0,7
2af1b4b71441fd7aca2e8eda706eb947e6d32e5a,131,4,2,135
5ee363f8ce9aebab0f2a50d1b82f6ac5cb462b35,80,2,1,82
d4374e5a67ab998b5909bbe88740fd717f1d39d5,119,1,1,120
538b0df118d3265592689300bf070b729226d489,40,2,1,42
aa55c95268cee44ff4c5a822f477c1d4e378d862,191,5,3,196
e4a63acc4f60cae0eb568618f85f5a9dfb218336,186,2,1,188
818bea3fadcfc068d73f63712b730d8c4d317b2c,134,1,1,135
da14631ac54dfb2644f68ed80948a9ada1de999d,65,1,1,66
9769c1b1bb6480a9207402ae04dada7ad3d0787f,26,1,1,27
ce3aed515c34f4e7a7c29fb28873479a1231f16d,41,2,1,43
a50fc44c9679af7db71a4aaec9861694572aa47b,35,3,1,38
329a246b4da9d90f7a6cfcc16107b0923c21ec64,70,2,0,72
86f1831942ec4ca4c746c138d5e95782ddbe815c,22,3,1,25
fa3a12bfb5080f3bb7a446852000c6e79e24efb7,1122,22,0,1144
69f5fb5162fb93ca52de2ceeef7c958bcd066814,133,1,0,134
0bf21187bbb80893fd594204577c87b0bdbf622e,4,2,0,6
78ad70ae0893d246d75e225b18f906bdd9af2a70,16,2,0,18
25e42ca04db68cb9f3e27b4d8d3c77e1d22ef939,566,9,1,575
33d5ed13524675de25a9fda0e28aceb595a8f51a,2,1,0,3
8368f1685d93608b8ccc55c210c25f61ecfa52a6,318,2,0,320
fdd2de2243aedc423118c9538547ab9b6a0d0de8,54,1,0,55
009bb9a5b5cf81d6208613bfc604812cbb0ec2da,74,2,0,76
776c2a937faafbd320d58c6da454bce072b448c7,50,4,0,54
4b84d01927892e9a313c60e89eb80e57cb7f60fe,28,1,0,29
71b6fddd12faa2c021c3267b62de3c80a60cec84,162,3,0,165
ea15f22335cbcb930237ffff59d729a3c6ed3659,77,8,1,85
13b73fefb5f0ca2b81a11c16a82084984ad2d1e4,18,1,0,19
4c90e3eac191f67eaf3d715acb1b843d01925b57,47,1,0,48
6374919b997a34ecdd84da96289ec1660a2862ce,241,5,1,246
eea1db814b817c0814ad5670211f9c8345825e48,8,1,0,9
354cf6457550f86cee985437132061cfca132d98,142,6,0,148
49935ebe028ed053acb898e4fca258963988fb6f,52,3,0,55
72af3783c797ef5073aa5309d81fc8e06209b0d8,20,1,0,21
10fd0c4b7c504ab5b62b5c8243fa13aa7919d4cb,94,4,0,98
90eeed0bbb741c7692a49abe6c5136beb61c7492,145,6,0,151
c29750f3939d93bb2329595430edaadffef329b0,48,1,0,49
d129d0a146a86f0b686bf218bf8902a68d8af55e,451,3,0,454
48e51f883493c200d4a39a7e6abd6e2bd200cfd8,6,1,0,7
740e2e78f48df47368ad963c933c47b83791bd8f,920,22,2,942
369106ac197759b44c9abee33bd271c34df445d2,2192,14,3,2206
71389ec02f0190dde7a89c06bbd00cf383ce1d1b,356,5,0,361
d63744435a3bf8e8305ebee1a374e9ca2c84aab0,1915,1,0,1916
e98497ccf75deccf58e74989e05591b63cb5d84a,282,11,0,293
f873d2fe0ad2d2c1a8f749d318e25415077dd8dd,13,1,0,14
b9b48a68cdb62852180d0b4ccaf85ca6e045de08,1,1,0,2
92916e2479a7be6f93388db10a4fc95e13f2ee22,781,8,0,789
a86ae21cfcb53e13c212f9fc3c20873a3acdc5c5,188,10,1,198
62bd5bbc58d8851b765dea826cd513131cce7bae,233,6,0,239
cf731c07d3c058ee85e257b827e288b31e5a1f79,42,3,1,45
830479d28c118a5e3ecd67828eec470b0b78eea2,1199,12,0,1211
967371ff973604a7b5690667c5dc681219d3b8a0,5,2,0,7
ac3526c54fb25ad31596f14349dc4c6198fad37b,88,1,0,89
6bace801258b80cab5c9a0a295f1847dee89b1d1,5,2,0,7
a49c4338397cd526d9d03e60b0484383853365a9,67,1,0,68
4161e22d209e13a7570dee968ce31329897326e9,2,1,0,3
ec9206cc0f6066cb8fa0b76666111d0e079404b6,28,1,0,29
9e6789a414a8cfb862d186c6d8dad102fdb17e9d,770,19,3,789
391f307c9065982f402173d84bdc79bdcc40ed8f,3936,52,0,3988
4a119589d92c77cca9b406f15991c8f511cb6256,19,3,1,22
dd43a6b7f11344545d823705aa8ce14b60f4a5ff,9379,102,0,9481
e59c4413fc554177d693b187aa3ce895cdb961b5,57,2,1,59
eecf56c3e5e0151faf3108b2414ca2908984b421,2452,21,1,2473
4be4808277a6f116458935119f79777e845a49f8,9379,102,0,9481
22c2308baee195fed4b77629f36540194812d0a7,1799,14,0,1813
bfd6e45d0046b4aec777f3af49fbc98b06184ad7,1080,8,0,1088
fe3038145ce1a61983204c1803876e6f018dbf24,28,4,0,32
3a3c2955252584be0b09df0e523b3785cf8ad871,283,11,0,294
31dc4dd5453a2db0857073e5b09cd621a821c2e0,405,16,0,421
278705c51dd9febf36f74a1b7a777bdb1a7ec44c,2282,15,0,2297
8ba5aed3af5d466c2ab3c63dde4ebf90051c9f9e,45778,202,43,45980
3ce437431e4b29e4f74bde394f1886dd727638f5,2687,31,0,2718
917e7228772e8b0746f2ae500666ea9010990c18,1122,12,3,1134
45280d6d36c6405fccac8ef1111e5c3a7ec4b2e3,2473,23,3,2496
3830d2a3a474fbc943a24364dddd79830f592d0d,1,1,0,2
b1db004317b3cdc268ecc4cb83b68602a802d0b4,1740,17,0,1757
532a17c3cd8ed2809e706b19121d36ee14d57d90,12096,70,12,12166
88ed9fe742f4ba23557bcfcfca2ae20a57b28b5e,35091,181,9,35272
cb31bdf4ba8f12706e9d9a04a6db0d14f7e85a6f,35091,181,9,35272
0204ae13500e05d5cd1c25cc3caa7af36d5b92d8,16798,54,2,16852
bca53e7b9288c1d6084a0a2e8ac89a2d9bc031c3,2,1,0,3
a54328652997b63935dee23694889c822851725e,0,1,0,1
82f94a305e4bfee184f810359dd65faca9ac27d4,0,1,0,1
b831f1ba5daad8a5d4887170c7c823753c65361b,440,12,0,452
88710ec6d52976c280d31d051a87feb2427a0d2a,156,2,1,158
4f8a02869635bca1fb3848e8477955cbbfa3c709,306,14,13,320
0d8c7c3f54fbdbbefe29b72c30f9ea31d584a1dc,1,1,0,2
7f2be0273d8cf1274059da96332b8e472efc5bf1,15,1,0,16
d8d6706a384be31a57acba77c6067233ac64e358,968,14,1,982
7a9755484b2ff4e847e621fca83ec8b2d301b762,1419,7,0,1426
0a58d324b540b62b0b7eeef75ba10303d3ab6ab7,96,2,0,98
f1c2259d573745ac044b3ee93b743a4a29f2a52a,22,3,0,25
7b37cb0d6a2f7392b9782fc363e22901e7dc7c7b,185,6,0,191
f6884643e1219317f4347c41e887dd6cff955a6f,915,21,5,936
652d3c3474aadc8e0fd3a3e4c55494318e2d0aeb,283,8,1,291
00135672e3375f78600514aa70ed583f8dbb6422,413,28,19,441
7d966fecc6ee4b0d2ce326081986e783929e20fc,2267,21,0,2288
c2274eb1e80a90ec735298dd270e21ac33dc2b16,6,1,0,7
434a0972552d5d5c3467d0cc2e74821aeade82f1,1080,14,0,1094
95e0679339ab855479dbe6800ea231ab6e2d9598,4,1,0,5
405eb20802fc7fdb038f3c93ec88ab27000eb633,737,29,4,766
19c43112d411188bf788a50c44bdb1443565a02e,427,40,13,467
51d1dccf461de11b067dfbefc3f3f868833a51ac,4,2,0,6
836989e8b1063ae05392a253532a1ebd133b8936,107,1,0,108
0c57a118bf0efd46168c7e0e6e35dbf16753ab1e,176,12,0,188
8a52c33c8d28a6e5b36d23ae0f47676b1226396a,18,2,0,20
6be048b8833ef280abdcd9f50223da7885ff5fe1,1,1,0,2
8277b64f0b97cd00a7938019e0433360e9a5de93,215,10,1,225
6a8080a150aa9a36c192e62ec89043d9a5d37ad5,66,1,0,67
f8d0d84e64cf5541b4914d08d3718409a90edc1f,13,1,0,14
2f0e6322e913c78219cac09efd5713d09ce32fe6,2,1,0,3
5088bcd312e476d0c0e088bc8726026bce971a3e,243,7,0,250
7a4dce060ceba0327a0939c2acdaae35cab7e400,120,5,0,125
ea5c6ec9daa4f14a3824b716aa3d3b88a007de5b,10,1,0,11
b9e6a76274e52dbdb96de91e517ce7731a2c6af6,349,11,5,360
0c2061b3339e74afd6f73a91943d9456580ee439,246,35,5,281
cef3b7012b1876a1c3248036a1664046d0a82a11,69,2,1,71
2df07984392d483247fe33225059ee144f53db90,97,7,1,104
0a98c41b53c6c7d3173875198a4fba220444b0d0,1,1,0,2
523523058fc742da9baf8f0d07697f4478cd99e7,452,26,5,478
fffb6c2116d3e012aa1c2c4d00f5c33d8f6a19ae,1697,56,8,1753
b5e251ff50fb90fa2f32233c7f0c3052d802ccf2,1,1,0,2
1fb258b110c2859773ac84e0e0845b1b98df99b8,42,3,0,45
ee51a0bf851dba0c14fecb8fbaf5846d2a8b1170,98,3,0,101
755992e61fba7cc327ca759f1d7951e0e8383910,92,2,0,94
c45cc00d4601ea95820d97cfe05bc72a2cb40898,588,7,1,595
88f9d6564f084c5ea1bb2e9182a26f5c2fb04695,6,1,0,7
224aa70699bfe23c8718f84dadaf8d8ebcbec20d,32,2,0,34
260d24073f1e8b227d8bbe4ce7c7e54b4e341577,32,2,0,34
ab0f8194cc98d0d6647b2a83aae7059aa322442a,337,9,3,346
54993d22aed68df0ce05dc30f1378a97195c6b55,1940,71,14,2011
ac18d6765d024efeeef6fdb4890d8b909f7919cb,6,1,0,7
8bbb9ef3762c635c71d64fd894ce4fe8a16439d4,69,1,0,70
57658ebd74d867dfde875d5e7cef3ac011d1c1a7,2,1,0,3
c2b8a3e0daaff078bf4341269caf9969dd872f1d,131,5,0,136
9af5868aab5b19df8f64c3105254ad0653f96e7a,86,2,0,88
899d000aafb0c68cd42b492af9a519b74f2d066c,88,2,0,90
4a01385b763d97ead10c26ea722cb89d5775b9a8,11,3,0,14
0b486f784de2612247cd5cbb6dfedaee9c1d4b6b,7,1,0,8
0d1028f8ba713c4e0cd497deaecf13389ee8e412,20,2,0,22
d04704e82081c5f1eb4c061ebb59ddb532e84a48,793,17,1,810
d15986132b305b1e150a40861682b22c8b12e097,7575,84,21,7659
90ea271f0f1919de59eec73f6a20a42117e37afd,2302,24,2,2326
d66f432e3e768ecfdfd364b061f192336df7faff,1,1,0,2
cb9a4073c8e2b0940e57cc97af67ae022310bb99,12,2,0,14
dfc1783a42e64688107efd8a1e78a1d79b1a4907,48,2,1,50
5552d2b78286a58050745c607d291681825a3201,40059,114,0,40173
6fbd5c3e09d10f249927993ebcdb0c316b3f42d1,628,7,0,635
b52c46d96102512a55ea1e586490afb1549f71e0,54,2,0,56
0530688c443b12033656e15c25cfacf10430180a,626,53,3,679
4b5b153d36442949fb478890437f6ef1b7a99f84,38,17,0,55
ad22bc1455a367aaf2a1e03892dba0a5411d751b,158,2,0,160
00fcc3f03eeeba240f99bd0e9940ac195605f27f,68,3,0,71
e180c530853b0e5e1f4f4cbe4343a249c27928b6,445,8,0,453
43975ac62310e680eaa273c2d20af97ecc848d12,409,1,0,410
83101aa2e679acb02076ab67f8bc253306e0554c,305,2,0,307
c4fc04c6eecfacbcb260d8912830e56d68fef0bb,1296,18,0,1314
9444acde2b6136eea25929063d20b39b4eb96951,36,7,0,43
e327e9d50af556d6cfbada62b086c84fc08517f6,47,5,3,52
d493819458aa6af3e8b07cb0f6a547ada17c4566,35,2,1,37
6a0f57fadc881815d9b3a81d1cbc3186390d7179,80,7,0,87
ef0d2ecbb360b438f10e4e42fa521f37ee8b2dcd,16277,49,0,16326
8e3b1b3dd5f6695bdaccf569afe9b424857fa0b0,1586,1,0,1587
13ba7da74a8cf5f59bd29dab53325d9a68cf7c42,38027,79,0,38106
966f1ba84a385f4a9eb811ef6a917c9a6aa485c1,23,4,0,27
2ef037c0b380cef50575388ec61675d571a377b6,162,7,1,169
a0661cc3f0286384cd1648b2941404cbbc0f6f41,185,7,1,192
cc47786beec01178f3fcfaae893be20fb42c4677,2,1,0,3
3c423b2592a1021efcb974b0549eb97a26ed8319,299,5,3,304
8cd4a7038a08e696eb261d5cc274f15a86e8f96c,2,1,0,3
33a03c3e5824b646136987288985479c640a1c08,899,51,13,950
5adda6c17e2b2bab539c46eb9b3cb31c7df1f231,224,21,10,245
a127009699529481e6522d3b5921b7187d7ad842,275,7,0,282
b1fecda898b1d8d895bbe7783293cf7efb264ed6,8,1,0,9
54192674f769b350462d5d80bcc45b0ddf3153fa,44,2,0,46
5bf83e91ed525caad5ffe054ae6ae3e695ff789d,70,8,1,78
f685883e08b57bcf0efee6ac78af8a67a50e1ab9,46,3,0,49
32e95a313fb02fde4b08b161746f3b30975416a0,61,2,0,63
7397c7bb7c4495681dbf4387a433ae446f1fea7b,572,7,6,579
27994c25a377b41923fa50beb20498075b772201,1689,31,1,1720
2124804b7c20f7b52ec8e099ed67fe3dfa4f10b2,814,18,7,832
0e82e71f3f883dccd94c83b1d95c26c028dc545b,265,12,0,277
337a7ee0a383fd6e29c76e8b61ae27d79caaabf8,129,5,0,134
08520ecb37d344e6463a4cfde78af3cc11403f52,23,4,0,27
87589628a7d5edab393ddf60b8759212d9c3e671,42,3,0,45
7f18a5637ae3810f9fbc3a93b0e2e2faeaa6ef0f,7,1,0,8
fa4692dfd7015f5dc3b80a5361abc230933c495b,3,1,0,4
ac7488ad7a76c5dc28429d5dc73098ef5db35618,7,2,0,9
05668a966099983a0392327f521eb715cfe723d8,27,4,2,31
754079e4f00f1a5d3b4fccdcd85280d90e983f08,17,2,0,19
c971d9b12d12f69251acf3674f11c085f283a037,210,5,0,215
83bec56d42e2b3baa92580a8f24642a1e1e0344b,46,4,0,50
b904ec604e3f69d16ee74a80a34ebd1dc1a3f7c5,54,6,2,60
7580bea2ab125cdf09fa73d3d9a1986962117ca3,12,5,2,17
c292a5ae49213c56e2bb8f25e95ad6e9146e0783,25,2,0,27
f6a457e1eb5d6f7f7fdda6b40a5b9046ca4c6ba6,8,1,0,9
2d342cb50833d845c713de6f73a8c38494bd0744,55598,167,0,55765
93be86778496a3d4d05741c3507becdc10bd1ad9,10,1,0,11
9533eb93fa04bc54309883b16878cc1794ba3ea1,5,2,0,7
68f5d78d0f7a39116eea2e8cf4504c9e0758299f,844,18,0,862
212b86984145fd94603ae32aad5321f0f892221a,175,7,3,182
134e31a24c3cc696e12561c3a1bdd3411d011c54,4,1,0,5
de4e72d07492f9925f228f0472fb9f0d395ab318,188,6,2,194
de1c66e5a247bf5946e844be302e5b6ad07cf181,96,3,0,99
8cce8cbcc90166ac688c50c1282e5c9b3cafe44c,109,2,0,111
acbdce590bf2accdf84577f56b6954b83c6356f0,80,3,0,83
74fe70018d195eeea95c5b4fd64eca290d5d0ef6,107,5,0,112
a4dbc31e9ccdbb0832661876e62873699b8c327f,1161,7,3,1168
478d42e9d56ae078833108aedb127c52282b604f,2057,10,5,2067
8ae48b07e788abc06ce21a1f7a0ad0ea72acad7e,4,1,0,5
21f722c6c99ab68afa6ff98432c81ad01eb36d6a,78,4,2,82
9c5e2abb52c7c4cd225005fea1cdaaa26834de04,105,20,20,125
5782dd2e5105e76122551cbfa5290b1931314240,93,2,0,95
6f5cf67599ae9935143557bddc8fc33363e60012,72,3,0,75
07a72997b8c2c28fa7e1b9db68f54e08133a3049,74,1,0,75
ecdc7346ab4d3e49912b589de9f260b879b5a2d5,20,1,0,21
603656783308be3802d0ea83ff678a2513ebe4f3,32,7,0,39
f4eeb196165072ed5a6c2b6cf710f9bfb2feda6d,69,15,2,84
5db33da1a9691d0e03905d2bde487a281e5c918d,4,1,0,5
c2a9cd5a98b5790805f38decead48cd7aef54c35,9,1,0,10
d5e2081b169819999aedaa7249cc781588d81b97,14,1,0,15
b75f2541ba5134444804e59ecbe513a00c7d0c92,17,2,0,19
b343dc7f5da739f0929fd26347f19252972e42ea,40,3,0,43
1b925ff1b847865a9a3ed37c3b6071cffa1456e1,20,4,0,24
bb01ffb32afb66fe1bccb663e81a7403fdae8581,216,5,2,221
07649e1e41ef135b76c9f55d4a24f40efcd4497b,6,1,0,7
1846ce89c9287c9bfd03c49f85222f20e4a2c4fb,34,2,1,36
dfd1a602244605a7e60758b4f7915b8e2f05d120,57,6,0,63
9f0a658a22953c9ca8e5bfa00d8d396a98d7f7bc,685,17,0,702
8e4f6c4b6413f151b4679ef01ee8c087925597b1,2,1,0,3
9a3d38bf39685c191788e99a332c42165c4a2325,2,1,0,3
6cc6f5f5da100ec0134fb507d71a89d7eba0f3ac,667,26,5,693
7292b759e40fb94cc740abbec976661f1e7c9155,46,1,0,47
8dcdac4111137988408c477eb1da33dca7115755,1,1,0,2
8df88f72272f59003322f22aeadf52e620a41d57,10,2,0,12
1293245020aa6d72026ecd396fc5f90c97880f6d,673,22,3,695
6a43682da34585e7b02142fa49aef4546ae91305,344,6,0,350
74cf3ba1ea77caa0655e24099108cd7dc42f3dc8,4155,87,18,4242
f5d9937b3acb708286804a408072e90c6b1f7b87,219,21,4,240
77b76656395465febf3fa9f63267fe827dad3a36,2,1,0,3
9bc8265114b5ef5275182e2683334b90f2f2515f,93,5,1,98
cfc60e62fc9d1f88bb44af38c204bd47c24df2b4,65232,285,0,65517
7289d33a3763591b9ce86d885ae2a7e4d404d23d,36,1,0,37
8a4574873e524d108b76459c469482128da6321a,133,3,1,136
b1029fb9b3f2c61b2cb425025eb36eea860af6e0,65,2,0,67
63150a4899d1d05908c1553adcb8bd7fb49a82da,430,3,0,433
e618be558ef6ddc7de760538343be4e18f7b6979,85,9,3,94
0afcdd632d720f5029739aa1913b19a90e015696,419,25,7,444
09897d3f00c3d52210af264789f6b8f83675066c,20,2,1,22
9561fd64a9df3e275f6a3e73397440515c3f7239,66042,322,0,66364
3a2f7b4a753c91d23c63aec2166db96d2a60b371,262,5,0,267
068a81c7d0b5f4951d0636946ae85668c89ac7a7,308,17,17,325
20772f331ea2266282935e7304f794f721e8c595,18,2,2,20
9649979d088d9a09e14a0de4cdd98a2aa580f0d3,262,5,0,267
1fcb7a556c5df417d8df3df2e6576fd0cce2a729,125,1,0,126
31dcc17b79dd560f075debedc96a52f002c96d3e,22,3,1,25
5f39282089d256636d90cf1ea73e25d791c7a504,52,5,4,57
27ee21319b4e098c7497677432fe5adb70233c79,106,2,2,108
5a0b7172cec3534d28f45a93f7b6df634b6d5bf9,75,3,1,78
bfe3329b9b2fcdf7ab219228ef2923fbf8ac72cb,45167,235,0,45402
571de787e6023412f594d028a7afda8499e8dc90,17,2,0,19
afbef8a0e98b5d8b0dfa0d808fc20d5b8efb8a11,33,4,0,37
ffdae882ee37ee3cd15221d3e6ad523dc02a4ed4,307,11,2,318
b748aaccfe26feb5e702e960181d5f9e727e2114,90,1,1,91
6e27023366bf62d9f582d159f483769ca244337b,127,1,0,128
0e8bf4f6dca6167f67ddf03234f62197e9b4f937,23,1,0,24
39b83987385cb2d19b035cdae5f442f57611393e,325,13,0,338
f3a4da856ef509abc977131bbd0f7f66fa000b55,392,4,1,396
5be3bfd398a7f8375a0b6cb573faf78f20353e1a,410,9,1,419
be59d43c4d1576d31501ec766d376fe5896aec25,90,5,1,95
25fa17e370f1a08881129f2dbbffdb39f874ade7,646,15,1,661
3e9bd4c04704f4cfa342a464f4e696af67a619b1,856,11,6,867
8de47fa866a7f1b76df32ab80c3d0b83325069ee,34604,98,0,34702
1b0a7edc3cf36308e496ed578dc1e777784d84a9,510,18,2,528
cf4772b4f09ee74de8ed96696c00188def7264cc,36118,124,0,36242
8e79eb719bf4592bd99dfcd8a162d05e0c6080ed,73,8,2,81
39acde70c4fa8bb62b5cc69554d133d094d363d0,171,3,1,174
df08325fa0ecdfa69fd21c98cd99a55296d7998b,42,1,0,43
3a6fcf4a65c3067f77aa00ea0a08cebc800b8007,0,1,0,1
c4e91fe3543207d03bf56bed1785204070635765,2,1,0,3
387988a54db2bc2f97656f09838c88bc29c73799,213,5,0,218
e5bd6ca12969c6de287c28a2c75df4ef191205d6,12,2,0,14
794efdaee04a110984e20d98aaf087e99490527c,97,1,0,98
b91d0dcc0de48266dcc366e134143b157eaf1e46,429,7,0,436
f256099a021a9cf5a407ba97338e9187b4f6b06d,2,1,0,3
8a4358fcc016142428cb3e83a91a5b64a7ac9c8e,3,1,0,4
998c33fec4d6af952d12f2fd2404a439beffe32d,531,10,0,541
fcd7b6d0344925f4244614fdc91c3e380edd0a38,54,1,0,55
e8384d314ef1ada278f809a4f808e12cef914dc6,5,1,0,6
100a91118537a1656d46991d1ed7d0e850da9bf4,2,1,0,3
26944e81f2aa2113c149b5fd09373df616ee2e00,6,1,0,7
6ed882331f73f16295d17ba9faffce4ce621613c,26,7,0,33
02a097e9554b337f3264563673db95ef45ba88e1,873,12,1,885
313091ed1f3b4ecec2061cec9ec67b7ef9ef27dc,73,9,5,82
aec97aeb822cc60a8c13769457b738f99a1895a3,102,1,0,103
6a610f20bd5b4c030876f2194826157133f5412d,8600,566,79,9166
83e4ce7e8d9c514187e2ba3a8ccca2343fea64a6,106,6,0,112
d3e77db470067052ed00cefee72362bc83a590ae,29,3,0,32
1d096e93362fb5edc0293d70b6fe780d4a09b781,3113,43,11,3156
a45d5330c7741feb12aadff008d9f5c954398d35,76,3,1,79
5eda2e4b131b2323d24e8b0f2de010d9ce484691,11920,597,0,12517
6363aca724c90ea3d002e18de15daea174f1e501,6,1,0,7
0ea8c418332dd1a5da87113ef048d01608d4bdc9,8,2,0,10
b13a92332ab1566c1e7a8f952e4ac4aa91bdbc84,15,1,0,16
7a8dda3bdde275e08df3850911515e547783267d,3515,20,0,3535
9abdf0e4a552aada27d0ef2807f6f9dd1525ebb5,4130,233,16,4363
ef1ce5c036dd7f651adda216c478cd3bf2e4a972,255,17,5,272
aa37613b793ccddd90451ec4111c4aabead985da,78,5,0,83
41901fa07207c5de8a0e70b8a6959960d22aa4c2,105,9,0,114
1756a93b0238bfd2fc89077ed4a5c875666631c6,8005,275,0,8280
555326bda59429087f0ba93ec09c3d71f180c056,1040,29,5,1069
fc65f010b980f6ecf41df67023900655be0bcef2,60,4,0,64
54e49f2127a79d1612c4f40525767359f4f58804,13,1,0,14
b42044841be3a76683b55ec61e76d1ef323dbc1f,3,1,0,4
98e31610ce1d7f465d4637605bb3d698ba721993,3134,5,0,3139
6920c5b56f2d80f3134f8811e0500937f0f94bd7,429,8,2,437
7a18bd5fcafad479c93e61c3017a0c1c0f77ac88,410,17,3,427
abc719b9d9348244a67819d3f6be54d024be33d7,95,8,0,103
9e294cc480305ba310459eae6d8fc1e65c80f1e3,429,7,0,436
df339d1c5ceddcd469cd3fa1e13462dd30b64d4e,28,1,0,29
ecb33998920a83f70b8c78177e3e13ab9edafcb1,1,1,0,2
43d60d215b5d7f6e50d82ea3232d37982c2142e3,12,3,0,15
19cefa3798adffbfb399fd5caa646623e1fcb3eb,30,4,0,34
7738c123b15dd1de47531244128d1d0015697158,30,2,0,32
eaec333ced73edcfd939209fb9f515dbc5195112,363,16,1,379
3f2246ed3bc51228156c4f14c23a80d4b71d5eec,4,1,0,5
ee65cb700c25f467911da767cf3c64c9be1aee9e,116,5,0,121
a1ca23b21bc94c2faff04e26b513e580c441a859,401,8,2,409
27a498d8423f76a82139301f35d5872bedbe00dd,3,1,0,4
ebce4c816bfb3e3370bf4116cf552adbea3e0246,49,3,0,52
465b14f6fac41e386f9d9268c51564cad131cbbe,15,1,0,16
bf75ff81c8da6a74d6d616116ed3821c20e2d597,2,1,0,3
a73ab5f69e8962bb86487df1ebaf9367203b0ed1,2,1,0,3
806a7cbc60c4494c8074543bccd5181d157855fc,139,4,1,143
76985af65f405351d45733b65b3c0b17298cd543,6,2,0,8
003dbf2d4103ddbbdd35f0559b715b0f57be0a3a,30,1,1,31
67bf81ed5f85ea7770b857108694d1777d1d52ba,106,2,0,108
8f4a2e5d52b6e0e444a36489d8ac127ad2b82d45,8,1,0,9
f8c7fc150ae8b097ae3a74732d6d5486cf3720d0,29,3,0,32
803aa65a5571f71266dee6fa68d12ae269e54eeb,2,1,0,3
ef3c53a1263c77af8e5fe2fc8f57fb2aaaea7ea4,119,2,0,121
6280c190b33136db52ebe585597b3ff5f8d3e9d2,2,1,0,3
65e9e85533cc4998f632a9373ed54983a9faceb1,6,1,0,7
1b1d57d4e3e7ebbdef8fc3002f8d8d51cd3bc95e,21,1,1,22
8b0e274b245ec3d64b79d25d4dff74c3902ed4a1,552,23,6,575
65ebe313eac2b279caa2d473c038e8464c879b92,304,4,0,308
c2f4573a9e663f7a357084d857f7fa6f36981307,31,3,0,34
13f08b5ca454b8ec47eec49ac65a4df74671a561,136,7,1,143
24fb654c5de161508e0c2ab3a0bcddf4d60865d5,21,2,1,23
befa30f594a7648d465a3c6316e2b6986e01ac04,604,13,6,617
0f5d7ca09e918b0ec13034295cbe89f15d3b1f7b,22,5,3,27
378a1292e73ed05b96e4a1cd9fd21f0a44793022,249,10,4,259
3b67709d703d66376aaa17ed8249df172571ab71,0,1,0,1
e4e0dde9cabf168061ea2f43b0cce9036493551b,32,2,1,34
4c78ee3de23dc2a35d2a1169cc6ad5112e3d7e28,39,3,0,42
ab970cb12bd897432e47fcac264cf75543431ede,2,1,0,3
f4cb4fc92416799e9b7b20e72667cdee62b03d99,5,1,0,6
012966847ca9f75828f1ce844a59d430420cc7fa,364,10,9,374
81c2cee3293a939fa6fec2c46cb065427b729360,45,3,3,48
15e2c497df46dba620db481298f61b40ddb44f3d,57,2,1,59
690a857062d634ae69c2c3ef10f3ae8d7c6f9695,12,2,2,14
37c6972cc435a553f34df2f56f01a69772e58673,5,2,0,7
8bb171065c61dcfdae203aca64aca7b8235c26d5,12,1,0,13
5c98ff6a3049119fc976375dd549c8ede155a15e,8,1,0,9
2d977e8cc7c68fd10a9e5ddb8e2e8370458b7b04,23,1,0,24
9c15691ea82d4c9370495cdfcd5d89b22dd17d8f,2,1,0,3
3c8e272e67a757a76474c742565de88c98a9932f,56,2,1,58
c1c49f1fc67a32c5b4dd32e4c687d2935b194be7,55,16,16,71
0f2f76ec6f0fb1b9e4ef83518b35377501d91c1a,17,1,0,18
6f5a9393908b7db71bd6ecc1189a59f5138ca829,72,6,6,78
2fbec414beeb8a5bd0996de6232f75014675dd73,17,3,2,20
6b35e5853db8a9eab0232b954ffb1860bbb23dd4,10,1,0,11
16cfad8c2065e3a09ff0e135ec6166f43c792f36,4,1,0,5
72618b3281fa94cd3c2314754e37ec24d31a29ce,133,8,0,141
605e23ef3f744e5696915063c133a554a60c2522,174,5,0,179
b98fcd1c3eb3afd7055e06d0606791a2be492134,2,1,0,3
2cbbdd18ca78c991e301182c3f05a1fff425a14b,288,4,1,292
9ffedc1ed3138c12022ef6ad9eaaa8b2285217a6,12,2,0,14
39a6f27f33e4b241b764eb0ad7d5b441f044ecd4,18,1,0,19
b802522fb531ce08b253dce9f4c6b429ffdf5d23,2,1,0,3
9170ceac0b918ca7ec21490d2f3efd2920b77f97,2,1,0,3
6b5f30b0a7f4e889fbfdc701f943524a67953952,170,3,1,173
1835614a021538be34a98fee6fe07216f5cbda2e,29,3,1,32
e041d42d5851354c371579d433cfaced5c91ea3a,1,1,0,2
a4366312c1dc8030448dc3f5776c436a5ef79395,157,1,1,158
4a2684b310ee261f6a41a3495299202587e30546,7,1,0,8
ed70da10d5d1352e8bbf4e3562faeb84ed1d1cae,2,1,0,3
b6ef718b066553a5a14b879a9f6a9a046809cebf,660,30,12,690
a380bb50dad020c8524926829907b982d8dfa70f,30,2,0,32
0aa7c83bac723a7dfd5b182a2f14c1e0bb73515a,226,18,7,244
74bdefafc99ce47569bda712b2b5ed6e80a534bf,22,1,0,23
5cf30d411d76261d2734769371e9f33b0840a0ee,139,9,0,148
179d2296e5a1b9863dddae450a5910a5c61e8d80,122,8,0,130
d83ea4ce5b88c5b37e288757026bf1396e650f59,482,1,0,483
cbb0963c1c71bbb71bbbbdd7c1506765373e0bb5,2,1,0,3
9afb776a984bba5889074cc371962814ceb77494,6,1,1,7
82f146ef443fcd5fca2b314ab495d2f8ed5a7a42,271,1,1,272
e7df4476a4205076bdbf5abba1d015899bb1bfe4,6,1,0,7
f03de55f47324087d5480c171012fa89f4153f88,16,3,0,19
87c35601e9b00fede6fcd5667a4413bbc528de08,266,5,0,271
0d463d77ce7e3cec88825600f51e7ff81aa06b6d,12,2,0,14
974cdd2bd14ee5803557d1b93a5e92bb9967f572,640,7,4,647
9fd90799603c105e22111e0874915d44503105fd,19,2,0,21
1696da4c6e7226349e9bcea36097a1ab5c256537,7,1,0,8
8e62a5cc11a68c1c9d89112090f1e7737b94bfbc,6,1,0,7
5ce17ca2e1a47976156ac70ddd126f8d125a4aac,3,1,0,4
faa827ac1a0f2ae7dfbb180323962782240fbf1e,6,1,0,7
702f991ba60a101114304cf4a0e54783ac978efb,177,7,0,184
5d8aacccac4d17197decb77992c4379e7282d68a,16,2,0,18
42f92e22d40fd6fd2e8690b23a0b0cd0b79f5aa4,16,2,0,18
3f8941192a2ccd91bea65f8d92457fcd8956ae97,25,1,0,26
1c9cd28d50d66309c156120028bbc8161b236569,18,1,0,19
5460b281b69bf46c5550acf77a8a29ebb60f795d,58,2,0,60
7ef7947ca3b1a2f76b02d33202d10515617a38a9,107,4,0,111
09eb333652fc3ff2b4c903899985780da9b449c5,3020,45,6,3065
831d9610403d32374c8aac40dda55eafbaa06a5d,153,11,2,164
11d62f176f3fbc308476127f6f9745123fcf7476,382,2,1,384
2a3cfbb468cd58ca23fc6aebab5f7d8bcab31663,109,5,1,114
e29933810a701e2e8c4690465ccb8774a0324180,110,7,0,117
c641c1462b4d2765466914a3b7604d318ce49326,11,2,0,13
428afc6fbafc065e4bf4f9ac18c3870b2d74f1ad,556,6,2,562
247badcb5d5d733569a97efdd41296d38e7c97a9,5,1,0,6
9e87bb3c5df372c1b94d38f0c0a1f9bcfd2b7e15,100,3,0,103
5da171419b0f3b0ad3fa59fce3c36b1cf4b494f7,14,1,0,15
ff02a23fa6989416b49d8d5a6ccce7a218c0124a,1286,20,2,1306
f7aaaf830736efa80d4146983dd443342588dda6,44,1,0,45
b9b2f7369b03e0f564c76a1d55d5cf4e3dbedef4,2,1,0,3
65c5c746dd37150e87b1ba75adb252ec1bf08aa9,47,3,0,50
1d9a1b7d5cefc1e2b3a17f8ca269fcf593a5c004,127,3,0,130
63c2f267e661408c9fa28c301212db4c33064381,41,1,0,42
c5d838d86124222d8ae88871ca2e2a7cf4d4a7c3,159,3,3,162
b84128102e2100db06db4f78d82d3a4f5524de57,61,3,1,64
f136bfc87b1a951a739ff029bae58afddcb820cd,10,1,0,11
2720fdbb600e1b92070a0aadaa1f5befdd28ca9d,7,1,1,8
8192064beff63b11a8adc03ea460a34f96e882d8,232,1,0,233
20569c5e40f38c3d51f71ea7ab2e2f1082e4302d,58,4,0,62
eb77b497570d2985ca254a93e82df07e08a318d0,14,2,0,16
87158872d74a4d4c204c32488d24cec433e040f0,107,2,1,109
8d6cc337de8a65006a6eb0c202712cc2fda59740,86,5,0,91
690c46c4060c7f1ae7911fae82f9f2d56a64cd6b,73,9,0,82
3a81f50d49a54d4f20c9a82694f77e059283e54b,94,1,1,95
3a8e34d557a54d828e5ec435e4b3fbaffe0b1861,152,1,0,153
531373db30b88acc327551267b04b3351295437e,1,1,0,2
312ecda3790c3daba8fb715050007031f1df005d,23,1,0,24
0d5f238edc35a80f7f46aa6a589736d93b6b8ad2,23,1,0,24
7d2461f604cd2257def160d00822874200e0ef3b,141,11,2,152
f4d73daca698a08aa05beff8b1650f808ea29ba3,15,1,0,16
a31a85b6ba40314221a59e6d9c6f4400167fc009,52,5,1,57
651188b57bbf80ecc0418be132be4309594482a4,29,1,0,30
3f9861735b0c40b2478d7d00c5362ddc412ae9dc,10,5,0,15
fe86a795139f2bdf38b3411e400765e79ca5711c,4,2,1,6
d294cdde2a43bcc5399ebe16b880e82eed7fabdd,19,2,0,21
fdfe62f933239fa427710651fa80747e3a204f28,6,1,0,7
04b3406f2badb72f7359f67f252d884e7670320d,107,2,0,109
6e8178cb7756e6f3409ebeee0a897ae344bae416,238,10,2,248
31fbdfe1f0960cb1443c5eb0ee436e56b11248a5,24,4,0,28
aa0217e8b6a885073c193d99c908d42f4f81edd2,46,2,0,48
d0e6416e000d6c0ec40b105ccf015511cae76742,17,1,0,18
eb98e5dfc35aa03638c6b6bb08636d631eac7d76,1,1,0,2
75063b91d6eb1450afe481998343028ddbc947cf,14,1,0,15
3dcfe6f99f9cbb7d8590136705503c13d3f0bd0a,63,4,1,67
388e507d0c8405bb668410fcdf924f50d12413fd,120,2,0,122
8079d8ca375617afd9ad232ceabfeb367b09855d,6,1,0,7
4efd9f7f8d0dab342d40ebff75858e84ca1e4ef1,27,1,0,28
1ccfceec67432506477d854c0ec474a3879b1469,25,2,0,27
81f0aaf1dcc8a51bf2edc6be030ac330a6bef737,33,3,0,36
a64285145a4ca3a923f09ff97b3ee4a0bc0c93d7,14,1,0,15
d73701f1560fec1a39988146986a31ee5ccb6237,41,1,0,42
9c97c8d06a2ac5caa7b95691ac598ed70603f66f,4,1,1,5
a4db2b02847c9f90efab4481fc44da63632d012d,9,1,1,10
3abad548fc0269f9391696953a75604f30d92521,9,2,2,11
63c2519649aba1810bc1ea07aacb9cc818130f7c,17,1,0,18
f72569c7a62559ad0b635442eade1be4c3b5f4ee,3,1,0,4
abbcf7c84e518a26cfecaeceb1a9d92d5acd2e1d,224,11,1,235
23612bea965c75df508280744ea04aa1ca0ee5c2,403,12,2,415
f693746c4209bb9287ee02016ee09ea75ed5c801,75,1,0,76
63531053cb5bbfda1307a7b48e6262286254a453,68,3,1,71
d557cfb02f40ce43ae0e93e0c73639e0231b4869,1,1,0,2
599d18263edf2536101fbc6e23f1413c996ed215,79,3,0,82
240a2aafc6b5f7b86bf8ec7fca810dedfff5a36e,61,1,0,62
8f37e20ad39f1b8f69387e547baf68209c11a2fd,2,1,0,3
676ee02314d9d4e521aaa0b133a9c9a160ba09dc,24,2,1,26
73ba0844c045a7fe16ac61cddddf8ddb2e04a872,2,1,0,3
f695ec7ea41f928c6a7dec9ae4616537d6e8c8d7,3319,60,3,3379
eed0e54c5e4a031bd28625c3bd0abc873f0b0cde,31371,75,0,31446
699024cdb24d5da4102768001654af4a76e92260,8464,78,0,8542
9309762ffde932ca71fbb8d983304ce5a6ed3979,38,5,0,43
e0e3a11eb7cc538c4982b92cf408dc88a32a1179,865,29,3,894
6ce29e31c1f82699ef33afaf330f0a7b3e9da12e,47,2,0,49
5454e00505adce6ff737152189175dad143c82ac,87,59,0,146
e8e6aa8ba24806d5a493d4f2b84fa04d42a766e5,1029,13,1,1042
c1cf2e1655afe79dc8947320df906b7afd2cebdb,2,1,0,3
f3b75c14a15c343413ad84c47135b6063bad4eac,196,3,2,199
66bd443d3ddf5b6b5c1cef40783701c18568e411,437,3,2,440
84cb4462073234ada88327470933a465c4d04010,285,2,1,287
a68757848796bedc0c09206c3430428b4170a8ec,8,1,0,9
1ada48bab3ac8eeb58929ff7753d25624b7224c9,52,4,0,56
dd81c742d19f5c416f8ab9745c4590c98cac6abb,8,1,0,9
9f16989d0a41282fff402fa46ec01a27e902dfae,57,8,0,65
bd2ac2082bceb8498d016161b578bf7ed35d5714,152,7,0,159
67eaf621e68270ea4a4f3bc816c83a7d4d02c2aa,4,1,0,5
eb5e1578a087553f3017d9e08ddd8c5d0a5b6b5d,458,3,2,461
6cd65b382951a9aec8d69f3bb152ebcd38dec692,1700,22,5,1722
18e7dfca1ce97adf0d3898f2f63b31781eaf3c74,152,5,1,157
484934cf5187d4a8251bf5b141b8944d2b012a3c,1829,20,0,1849
f44037d503f98a934846f54db74196d50cc920c8,97,16,0,113
a87779955394e8d384bca6113e2779c307157f5a,153,1,0,154
22c99c8b1c34870107a97fb17ce989b28d6fe166,194,10,0,204
9d81e31cf9729d129ff233d7e2b139e99c6f5aa8,69,1,0,70
3c055235ab74410fff03ba6c1c3c221b58a5638c,196,14,0,210
4d5ea8d3aaecc242fbb8b8d2a9f61326cd91542e,2,1,0,3
d8da0e83608abc4d90835993e8df903df5593b87,287,3,0,290
7a761ca614ab7b1db148b050374f1e2b967a998e,24,2,0,26
933b201bf9b1db4e33b16758b63506d135943896,40,7,1,47
30a09d75dd1e3171ea34aa5b3cc17c5bbc7c6d91,526,18,11,544
4f13ac7b588ec8baf353a7f5495aa07b8fd9147e,15,1,0,16
8c6fd1ccfd615c0f4848186a63aa12df579d4846,123,11,0,134
058d5bae4a17ac59fa4238e3cce5d6705ec46dd1,521,13,6,534
1a51b1aede374dda91c725ea4d8e2f14151b0f84,1,1,0,2
136f7e6732ed8c7cc1c8f70873869d25ab1fe63d,271,22,0,293
67ab98b58b3f48f4cadf0c17c36054e89c0ad0df,138,8,0,146
3e9bb8915f876c500d252f7396b615a9e6564182,46,1,0,47
e5933446019d522ac52e9839bffea6d94059a2c9,7,1,1,8
ca07c81c013c525af0aa897f07749fce0999bc3b,622,29,4,651
8e5687f4d9e5b7a005bf69d0bee6392184a728d3,105,3,3,108
3a4e5f1b4a2a32e410f6f78aa9c1244546d78993,4,1,0,5
468bcfb685f8654a1cf5fd5d6369c0ea32ed90e3,174,9,3,183
08a8266c33cdd3649025b2626c7cb5b70997c379,409,14,8,423
da1417f127a06c97f45c6d506e866bd01482524f,297,4,1,301
ba6e81a65c5fd9bbef0cd95c610f52c3e8a91759,5,1,0,6
75ac4e40e72e19540625a9e68a00f95e4eef905a,61687,312,1,61999
7387ba0780e5a2f02a40e96e8acb6561df52aa30,417,6,5,423
84e1ed00852ba4e51bdfa253725d0e341b4208fd,24,2,2,26
5a3e0389e86c0f0e7036592ba7a5c7c3832685a0,115,2,0,117
cead35bf11d016b1d4a9d05da02e7ea26850bee3,224,5,1,229
899ab7b4a73f4ff92344bfa3948da41f5e578a74,22,2,0,24
6e1f095e3d48a4d7afba5db39b248ffdcd3990e5,2,1,0,3
9d02e92e0965a9fcf2ef63cfc701934d4faba9e1,14,2,0,16
ffc1bfd6254123872fc9f467cf07ab0aba1755bc,6,1,0,7
72b1ed0158e1bb39d72f68f932ef1365350e2acc,6,2,0,8
222fc9d82eb276555a24243048a14601adbf6309,32,5,0,37
149ea7e54e5ff8bd64fd0b9940a5367af32df83a,26,2,2,28
c923543d8f688ab60c573dda01e135449c50a534,44,3,0,47
e96b6013eba66f0c1faa29efa01aa7bc8f45430b,4,2,0,6
d2be51364b4f269d6f64d923a310d34353005472,137,7,2,144
9145c2c1b5d38b707553fe68c67f11591deeffd2,10355,12,1,10367
50560650e2804ebce9361915428c00e314a07207,19763,18,0,19781
a8c5c491f164265b9d0f1b646bba689f8bae7b1e,187,5,2,192
3e9996b9f8e6b6db1597200084f95220b7174c76,202,6,1,208
555ac3bb50e9d28abe58c18166e5aed30452b5db,157,7,0,164
488c6a8c4c972209fe5a300d56d3cd51e0ed6869,9,1,0,10
671e39818b67f687e6b007414415e52243d152c6,220,2,0,222
273c30ca40d91ba2c170461b94b30c5a3ab11937,192,3,0,195
7d4303f74311d09459189a1795d3663e04fa8a3d,18,1,0,19
48c488f3a45d32f7a9527d907eca1dbbd3054ce7,152,6,1,158
d16e44cf587668e044e096e91801f7599784ef55,334,5,0,339
13d94e9161e6c117628f5d513a23233666a323d4,332,13,2,345
5a31474c17bb729dd18112f1468914e793cb14e9,6,1,1,7
c0cc92f3abdb798a3ea2f6f8e0749a1b1fc7a174,997,13,3,1010
6cb692d52f456a4a1e9e36c6540c97823eb592bf,106,8,2,114
4500698fb9f107f875c374172ada1dcc4da26b28,885,11,4,896
2658c300d42630ee2ff336e275c458093dc3c759,529,2,0,531
9179509cd35313ca48201ff9e9e602893d175782,24,1,0,25
bf180e1e2aa72f54af7cc4d7f313c9f1a40dbf74,23,1,0,24
7deb925d9cc2eae11c53cd781b9a9e4f114d91c5,711,10,0,721
9a9833e7f798e8ea2478d2dd8f7a4df3014dcfe6,100,5,3,105
7405617147a7ef14477bdf964a07244f989eb965,281,14,1,295
0d769d91dbc5d71c6390a7487dfbb5b973f821bd,270,7,1,277
2f59b4fa256a0a2895a74cbc31b64bef2dea3d7b,19640,1,0,19641
9137561b649ec87866599d80416e836daed2cafb,88,7,2,95
d8082fdc41126aff4aa510571fae41ae3b27229f,30,2,1,32
44f2c154c67375121632eff884f533badfe5937d,25,2,1,27
9f28b4503bd06a044d6c9edc312f38ba665048a3,70,5,3,75
3e45f310f6a6f47f6fce2a6404cd8c6a1b0f5553,2,1,0,3
f24872913f498cd21f3bf9a5a809f4d5ca74696a,28,2,2,30
c895923abdea8721b3eb65bd8ab42bbb7a175ea8,11,1,0,12
b2279f34cf3bf960ebe9de2ed4a6ea0d4795178f,24,2,0,26
e43ed833d7dbf46da5b340546ebb9a12d749c907,13,2,2,15
ece347ed53f37bf8654112ce384c4185212728d5,10,1,0,11
01f188bdae2dda9aae55994edfe380752fb5312f,485,13,2,498
3f72bd579ac849f2028550b45692f2a94b6936e4,450,18,4,468
03e2f2a9e2744ee36137d7d78fe0edbf66acd93b,17,1,0,18
9cc533dcb41027f2bc50abfe141c7d706670b3cd,529,17,2,546
2a09a0596686a53dd8d1da07546314f3835c0322,121,4,0,125
f95657831129b3cb9f0daaad670d6ad990b6b4a4,6,2,0,8
f70c106010175490dfb5951245c5bf0d29d8a2b2,106,8,3,114
4d135922888c9ebdc6ea5a7ff3a2ecc49b2fb8ce,121,4,4,125
e476d9b0d671bc4e8368e6c3f9f7d96d079ff178,73,7,0,80
a5709393ae3f3424bb02aecb1b301b8cbbbf9dad,290,8,1,298
6219b34e54c809f00c2fc83d5c47cce8b212df7a,146,5,1,151
4dec6a9681b8509d64d9879e30d12999e7784e6b,15,1,0,16
d9734abddb1ad89677780ac025402eb2c94adb33,109,10,1,119
b1a96b102fedb1320e3b5a9ac0ff9005cffa22cc,20,2,0,22
59102d4a61f3e10cabddcd095338d2c6c31c918d,100,3,3,103
df1dcd63f7f643a5d991557947862ad2e9ab169e,3423,25,4,3448
d0d4a8b1b43de5e8b1147923a02799a6e37d6bde,5,1,0,6
f7784d58cd6224ad663ee19610e960e9d7487620,3,1,1,4
1942330438539c79237cccb9d6afabe67c1225c4,1623,34,1,1657
f6f40f5da85af38b9996f1a69d9b295d549b98f0,104,2,0,106
37d06307c49ce6674872511c3125edbc806616e8,3,1,0,4
abeb8304d3baf254a90381c2d0191035d815c334,224,13,4,237
05ba487d43ea015fddd1d903257da9118264983e,49,11,0,60
1b8be226b0084cbd6ae246a1e86df9aad5f95045,6,1,0,7
57d0c78bbd5f68c2b2101af079d1914a7729a247,2,1,1,3
5b02f6e2b52dc0851abf6c6500a5b67f91f66dfb,720,9,2,729
7df2e5064cfe2c30d017156cdd7b795abb6c454d,37,3,0,40
4208e2a353297a18e1fab93a9b6d57074e532f42,714,8,3,722
5db84fa4c4d165a1fdc71e9875575e415b404731,152,4,0,156
f180c13647ac3384d8d51b314d55aa2d34fe9f7e,6,1,0,7
f7248a8032d3907481923fc81f534767971bccf0,240,9,1,249
eecd8989139eb7131cc812ed327a21a63aad73d4,1,1,0,2
c3458c61fd069adb3087708fca0aae65ae429c33,11,1,0,12
e13ac0e3613dabcfd51a7313144e2d553732f803,26,7,6,33
98c11274a6c19e281e8fd256564c479b3c2589aa,2,1,0,3
1decce897260902fd54e4e7601d56cf6e06e2f4c,11,2,0,13
f533ef7e0d3835a660127c483d40d54f60ab38cf,196,9,0,205
c24181cf49785e9297b5ec63a2aadc52a249f006,24,5,0,29
8d8b29992e2ef774c761148739abd93e81f8a9f2,2416,16,7,2432
b3794de082c2ead1bd95d0aceeeaca07259671a9,156,1,0,157
524c0b942dc399337b6dea753722a7112c60c5aa,4,1,0,5
6c4ec80ad3c5a7d54662f3cdba834f7f6d9a148a,17,3,0,20
7843a551b2f74e329675ff54a5051ce9445936e4,25,3,0,28
41c21cc13ff907f9c7edd62a85771c2640878014,60,5,4,65
cecbd5753ecf49e011a14435be7e1969a770c56d,26,1,0,27
4de59cd11c15701923d00eca6405d422ff46315b,1,1,0,2
2d4f6015b09f296d429f414fe5e72261a79a55d7,59,1,0,60
f26f8c3a040ddac3721bd0a49c3a94529aca0717,5094,81,11,5175
8ef319807a6b9c63fc66e865c1e133a7f247e387,18,2,0,20
b35e582fec5de8d840be6d7c4a6416329e77dcd2,79,5,0,84
42e01ec17cccc2af80795b6507070041c90d3c79,208,6,0,214
427e4f550e37cda413549008ae727b4faf86a3ac,88,6,0,94
c97907169be57318d0b17c1559020b4568c77e14,20,2,0,22
a7c2de8db85b9f14c04dbb54cc4bdee465bc472f,389,8,2,397
8a5a9d391aa1908666ab97b0c281d78f57a56437,2,1,0,3
1e38d1802a94fd4c89e87fc52c225d5bb4c4e22f,2,1,1,3
e45ae0734acead389dc7989568016284b4461611,18,1,0,19
e14f81f2ff0398a563ac75dbf3adbdf349256e7f,30,1,0,31
ede24044e8cee7540d40a6de17247049a36b3fd3,368,10,3,378
d44790581e062392211b2b7fec821d868ae7fb52,458,82,16,540
ed55988e5a02ad50a011856e94d1bd33d559c63c,694,19,0,713
5856cbc0aa9fc964380f9a0c1963261c48c308aa,4,2,0,6
6ec95821253329a6f86a686cce46216ad3aa405a,5,1,0,6
12fed8d43745d3749b453747977f4203a275fe35,1487,161,22,1648
9318505f39248e7082d32741bd418a61a9b26f5e,36,11,0,47
0c17e1e1668b4f1da115057c1554ea017d5cf678,10,1,0,11
f6fc9b81f888adc5b96af8d0ea34c6dd4b5b1f63,8,2,0,10
6a4f5feb4677c588097ee275ed004b9884c1edc5,62,12,0,74
082d9abd976ac0776f125279e37c86e3922e716e,229,12,2,241
84689bbe26d03863157b37a669698c18911af049,30,2,0,32
97392f5fc01c3f777fac28a2e5c4fdf481a10ea9,77,3,0,80
62c058d9a289a981b747ad390e5812f244e24818,832,14,3,846
3a37ba732bcae07c4cc9ae4107d7f5bdefd39e8f,415,15,2,430
3c1eea2fd8e92356db71fd42a0bf82d6e957ece5,1138,28,12,1166
94876d3b6fc1c67aa8a39bd2b3454c408849b76a,11,1,0,12
26527d2017652e815cfb438dd9f5b59b87cd2d0b,521,15,2,536
f076305ee9f315a152a91f5993c724f3f2f65d8c,742,29,5,771
8730e268e595783ed4a019dd48535e1eaa33403d,43,4,0,47
1cb42d582ae6b692acf671e90157bb75a4d0ca69,122,10,4,132
66242baa66255c65af163610a19fac7b7be3d3dc,52,3,1,55
4884ccc3a24c4319c01b961615477d47c3d3d63f,60,4,0,64
7b310148d293ba49643404347c77aed69802ea00,398,17,6,415
f2c9706abce65a7eb7d4b7f9b01ac4011a756bd8,26,1,0,27
9ef95f320abe9814abbda7a2e9e4fc7e4c61e547,123,14,0,137
a23aa9700948449675ef9bafd715206b747d3cdd,96,4,4,100
1e798cd11ab5fef073a23bae838dc7a1ba84b062,15,1,1,16
34d59a60cef6332c0358f207349b7cd8709741d1,634,27,0,661
56a09070a4f857c0b17625e663dcc47dba811510,25,2,0,27
02aa2a47dc32f5adcff3c4a4bbd25957e06b886c,10,1,0,11
7de03783cd7ed60ce77e6b97d41fab7eb5e48cc4,51,3,0,54
10db28a151a8bf7286ece35c7b09eb023a9bea2b,61,3,0,64
38884de0fbeef9687b60c4a5214d9946e986d513,225,5,1,230
ad451a124bcfe152727e6424506c238d2c5de1a0,608,3,0,611
8b287cb75996daf13eae2d8864846a62f89897fd,10,1,0,11
4d7f7ce260915b071c35e4a32a1e59eb0beccca8,321,10,0,331
9bcac65f01b6708c8bfcc3367f5e675e5d705dd3,492,6,0,498
2eabbc411da90daa18e9af588ee0c16d45f385ad,30,2,0,32
a0742a68b83d5555a7c70922e9f4a097218efb83,135,9,0,144
a9b71395d62bc7bafb535212a9ba36d2a27494f9,36,5,0,41
78674fe3c9b8f8a8aa42714bc274b01c9aec14a5,28,3,0,31
26ef88cbc4020c8fd643cae45ee04fadae690f43,59,4,0,63
69a7ad04c3dbd78f23bd42bc2b33537f324b96c1,4,2,0,6
b02cc238036b9cadc7c6df80a1004d61fa2349a6,1088,16,4,1104
69b8a9d2dc35a0f4d76e4f23a707dbe51646b13c,1667,21,14,1688
18125327c12447cbad5494f3d907c7ac03fa977f,64,5,2,69
d5ca514b3102e78592a10b10e45fe551140fce45,22,1,0,23
e0a488f81f98ab031c23129904d9e57e9c9ab098,130,16,2,146
4085079a13e3d2da676b9921000157ce206fcb57,193,10,0,203
fab6dbfce9abef1fd78b82b0ceef6f183467da0c,190,5,1,195
a7f55ea07e7b3ec527fdcbde469d2e7d8e243ba0,2,1,0,3
0941a449a1abf3259821bdd7adf583a2667e0215,35,1,0,36
75a0380f6e54a8aa9a54d49ebc274babb7805214,35,4,0,39
8ae99b41883e0b38d107d87325b3f2f1f094b0f4,391,6,4,397
c4409c182f018cd4744284aca01f8bd5c1322c0b,214,1,1,215
f12308877d7b290273ec6646ae884ed3e3edcd51,20,1,0,21
7654a19ca16a65bc578ccd3aa2316d5550bc1da6,2103,24,1,2127
40320da8f8a47ffe95b93da61793b138cbae5c93,107,7,4,114
3abaf44349ba715d9372db74f5995af695c2323a,66,3,0,69
2ef1674d1a453f5b4f748a299c29d1b4caa113d6,5,1,0,6
7dd6a93236d5215b461ddd3c84522996d8b2773a,7,1,0,8
183b96255ca6cf2aa06b96297c10512f336e8807,60,3,1,63
c379ac2635ec34e6206f4e08fb8ea135c7439fee,2,1,0,3
be00ebf3398d5da1e93765e66ab6483ae28220ab,109,5,2,114
a18c751c9b1d0d94507b840b570406d515a4bb4f,84,3,1,87
f437d617e587c3b21a5771ac151cf978353a32ee,678,3,1,681
61486efbd25d12a60ac5f24eea0c1a36b863f503,60,2,1,62
a4204e5794bf9f815526ed6d5f17c90e1afd0adc,817,27,8,844
50109cee0f226b54595c43069bff111f459177a7,735,13,13,748
1eb328754d8f9d1fc0da50ac34e7c72c98bece5a,33,4,0,37
0a06c5dc0ddb0f76ddfbbe1ad62aa39c6d9a3c78,197,11,11,208
e6055ab301a9e085127bf99225869946ed8ce3d1,265,14,5,279
ad89fa74548efeb229835350e8891febd86bbb05,15,2,0,17
d7d83fe92f4a4059ada2d66c874f7a0cc0ebf1b3,24,1,0,25
b6aca046ec3e018a5a17a524169202ef956835ce,319,10,2,329
f942cd6763029b83013928fa501cfb39b82a9ac0,52,4,4,56
c8db5391edd15e8d427ff26311228c48ad0cd9db,8,1,0,9
b8a9ab2ddfa4ed5ce4920af17f644b82ec3f42d2,29,12,6,41
cabd6b6ddc41d9044882e405df5d7b917ecf1039,232,2,1,234
4fd37bd66a68d175476ac90261e471d753c00586,4,1,0,5
13bcd244c3c7d1025e64d3aa9f789b793b5f5c97,22216,106,51,22322
3e8e1d963106d182be721d1dd76503bc0f358c60,1355,34,3,1389
878899e7117f7a7f67f025d7e995d99bd3d39ce1,192,54,54,246
3a3fc45d4164a2b80db756d95e96e942d43d6979,1299,12,1,1311
6dec3c4bb8397411889152d940cd7e8e50137070,629,8,2,637
14f7f4f5178b38042e924747057755ad4c0c2d97,811,12,0,823
1d247cbb4e37b0879a4894cd7efe5d870624fba7,623,12,0,635
103234f78f3e98da0be151a0954ff2014c48060a,238,24,6,262
7595719d95ce9c00171c791cb88149432ff555f6,150,10,2,160
b6c198ad373677c5ca278c93c1f219ca30b8e44b,311,7,0,318
23439d6852267ef9013825a8ab8cb43ae6bb1238,50,2,0,52
d85d2b888036adb45db797f2a5bd50cf442c26cb,255,4,0,259
374675d45d54a1600209d2f50dda6bb49db63a93,27,2,0,29
adeb1f51459e882a6a3e8ec7fcc91fb327147479,12,1,0,13
503e6ea047926028447a076c53c98a7e2fbde333,958,21,6,979
d4196633b1d291bd6dde41e62729f67382d2ad0e,397,5,1,402
bbbadb6bcdf7edb63d6716efbd69a23246e817cb,161,5,2,166
9261db1b572c75a45d39718b848a6556393f7a60,1170,38,12,1208
fe208d68b81597f46eefb5d2d05f8404b5101e26,301,8,0,309
9652e3b6eac212fe60b9eb9fd8e1d18df9627fac,4,1,0,5
f4519928d8279a0dd57d1ed79b6920534f160f37,13,1,0,14
2aa7046269b2b5e63bef94948b28abcfc0c844f9,170,13,1,183
f997507d17c2b7e212fd1d8176133f9a33f1d3be,317,14,1,331
156b7916839e734c3c0b1121997a3ff129efdc69,86,3,0,89
6c52c8cfa1c113130199d01824389bd902679f20,22,3,0,25
d4c1bbbaf386cf8873004ba62375a3dc0cd9d7c6,1217,24,5,1241
2d37836e9ba9a3300bb6ab30bc3d5be5d3b7eb34,2,1,1,3
e97750fa354054803527ce73aa3db48de17303f3,343,4,4,347
f84e19a1a607110acaa683adf4a09def8c5eb0dc,290,3,0,293
ca57f5df828ed9649c3ac5f1c30f0f32d0cc6750,42,3,0,45
eb4698f4f83459cd098b10a21299f21c53883e55,11,1,0,12
9582d39386cba1c1ce141bdf22bccc24f81f5d29,160,5,0,165
3847f13264d714d782792ce59d88fd1c0da76376,57,6,1,63
7289e57b58ce5037df16fecc51a6835aa2a2994b,825,12,6,837
e5d235c1a8c01bb8a3bc03384e1cb4e18d301d68,231,4,0,235
b7685f0488c471a137cc9ff287a55f41f9f42b70,233,8,0,241
66c00fedf984610dffc00bfebef250bac1110896,411,6,0,417
9abf0a3f05782f227210a0d620e87fb6441a6c44,4,1,0,5
955cf22ed54440987e6a6ab24d4617eb547b0cf4,282,12,0,294
f97936e86dc135ec69f1fc3abeeaad025e70169d,203,6,0,209
1ad763e7b8824e3a2efb45649286b55597e184a2,4259,45,11,4304
42a905c939055a86fb0f7bccc842f34b4cc8853b,22783,125,26,22908
5084cd5ff836143fc08e1f6ce6a70548f18a5693,17,2,0,19
1e381cae56bc27451376affeb9cbb5bc5ce8877b,263,5,1,268
c13aea245bd7a1d529480f53488d680a503713ec,5,1,0,6
09a1d135113c6bc13b6a51c9bdbd56a0c51f3d6c,362,277,27,639
cc8f47858cbe0b1e0583839cf86957e991f03b28,347,8,1,355
01a65c16998db4bdc1af7bc07a8a8e865bc83cc8,98,2,0,100
5bead1a93bdc7c9aa88a26eeac75da3b7db6f5eb,74,2,0,76
b8983ddf5b1fc129dd4937783ed55db113acd822,3,1,0,4
f95348df5f83779c66277fd17e64957df6cca980,102,7,0,109
d6591a474d1f63d0c76a936095da9a6c45c476d1,286,10,1,296
4223ed665ac1cf512496cde4a81ceb2fcdfb8fd7,1532,25,4,1557
3bc076c9b93e51392a0e751bf2516e81dbbe1f81,102,7,1,109
31fc05b3421455f4b3b2bd0cb94e894698df8453,73,5,0,78
9e2243aecf65e3a4bdb10c1d2b3d6ac30ababc95,1552,4,1,1556
ccbf00b5a70b4fabd9ad6e52d64fbfda18861530,557,24,13,581
666f4def2b6a05c398721e8bd045a16e63f74397,194,9,0,203
e3029ef3b4c6a0fb0e72643b78b19560a9e39568,10,2,0,12
b60c3d313529e6a9b39d2b61ec28ffbfc83aa1c1,42,3,0,45
6ed14d63da8778e88ec6a0d48a25fd7f0dfcd7fb,242,48,0,290
989c577d471416b45d725dc7e22eca1304553f7d,18,18,3,36
32e4b247046f94aba8f5d2287b18dd31455f4b47,6,1,0,7
73ee15e16a25f693f0f99cb01095426ffb04c23d,4,1,1,5
a699a293905cbfff80a37b66d4949c2c838f660b,69,7,0,76
7c70b577a586c184d8cd635d2850c3946f1de149,9,1,0,10
2bfef9a41012ee7f8f71106d6f9e5c13d0e4c05f,16,1,0,17
46d7d0fd84185a21c5cb540f28aa0643ca5e631c,121,2,0,123
69e86082cc0641f10252028eb963f18a298cf588,37,1,0,38
a30f52dfc06a71f085bd4070dddc6a6984324bdb,232,8,0,240
16815040f0be6217e8245e8e8e7c4f9ed5d6f53d,64,4,0,68
c64d844869d6b3821a3f0e9963401e4d7d13c98c,65,4,0,69
1a67a1a74e7335005deee446bbbffb67f031c970,53,4,0,57
3e49def26c172be961ca3f2d49d547e0a6c8fcd0,6,1,0,7
e24727e445c8beaf33765114813cce98ee9510c8,6,1,1,7
9bd2f4e3916a0a930d61239b537e406d1626cac2,6,1,0,7
c292bc197322f120459e53deae98445c48d22343,1,1,0,2
ae9a965050deb4345bd407cb340d2c9c257edcc9,6,1,0,7
321764025fd64641ff48fa2d0d0471636ae66f5b,460,19,0,479
143c4aaa1f4abcd2aca8846830ecd28201e6af56,6,2,0,8
6ba84aef4b91e7ec059c22f5ee9a355024c0fc06,81,4,0,85
b551ed816c9c7ea04f677dbaa06d935ccc171ba4,19,1,0,20
92af59369be9096aa7237de1e7f3dc6ec164984d,4,1,0,5
3b52e9022b236755309ec06fcb6624d7281f6983,29,3,2,32
97163167b302f4cd630691f3b8a5018db7064048,55,2,1,57
979e4c389f1c6971e33b3779f19ee5016e99a4a7,58,2,0,60
ef516c9ef597fc357b2c194da7fa096b90c738f6,15,1,0,16
5f41978dc0664dbbfb92edbaa60620280469bc99,10035,36,27,10071
4d7029b25563d718461445e7bed98e0f1ebd8a49,329,3,1,332
dd2e6c5f55cfe03b2378103258c239ac8d6ccb27,8,2,0,10
1d35219edaf281ef81dd518cd3a08f2c365edb9c,0,4,0,4
620e5bf626f7354af42cc86ad1e5f098406f0a3c,17,2,0,19
0b4a5088fbc60abc2cc8677adf3a1fba706954ea,0,6,0,6
893718ce7271c7c51c37938b929c54177b9d833d,232,8,0,240
41477e70bcda274a06c79d1087962f9f44d2cc28,460,19,0,479
006490e6910bba47f9e7f41f5adba568474bd45e,6,2,0,8
468814e917db233852aa86e2afe34e3e6afee4b8,79,5,0,84
af047c127bb33205b944fdc4a127682b9002daf2,0,0,0,0
4ee94d4193d470b4461f438512d637d69350f1f6,144,4,0,148
36e96eb87dd1a25c186556f02d9368ccf190854b,20307,6,5,20313
c7f7fce1f583b11c298edd9882ac48d2a1ae3e21,121,6,0,127
d12d914dda1f58650461d8fbb28dedce96861381,948,22,0,970
157a644e2c0cdef81e20e4bd2b6683a7a489aeda,360,5,1,365
03edade6f607ed84a9853925c45f06adedc5c3ab,21,2,0,23
b74be5d97775d9f58e698e7732c42ce14fc46650,71,3,0,74
cb7b5ffb78207a00ba6f839b4d2bc31341178ddd,674,15,1,689
e7047c2949e6acee6ef8809333ae87bf3a36f452,140,2,2,142
73eccf659f7df41b426f76f2711d7a848f836a7f,22,1,0,23
51a1dbc439144a9b09519d33360a1d741a906161,19,4,0,23
9bc5d1b700a8342223dd90813d005e8609c27220,15,1,0,16
3a71e17a149d1d44968aab699322bdb27833a320,6,1,0,7
a9b5a21679e4941b98950ce843e1d3a5c1f320ad,55,7,0,62
23e03f161e295105f48fa6f69e6f6d78e3bd0609,207,4,0,211
d8e4ca524f28b1c8269ed13671c26fca2fc800ec,6,1,0,7
f3c7385a29cc3409bf8ea2bfb15e0f546d92fd3a,100,1,1,101
ac44f1417eb06bb4087a9f5ab56b56bd07c3b71c,16,1,1,17
a3779d4c32d75163dfe3e42c7313cd17ed34e18f,24,1,1,25
49fa1b8c4453f2cb5d35d25a0a9cdd03665a16ca,123,3,3,126
3844e844f733fc7cef6a3350569f01e9691dfab7,32,2,2,34
24eb76a00146b752cb6bd66ab44b47033e8b0a07,17,7,0,24
bb4479caedd25afa9d2f1b082d1475db5aa49918,34,1,0,35
46cad3c9eb29aaa4081e342e4d15968d1a67cf44,111,11,1,122
b269443b2ed98798ac2bb738a228f5171064aee8,10,2,0,12
3c5c361f8a9a3263459a3f2a93af48142fa7861a,89,3,0,92
22f1581293067f4e3b9f8116e0168d4d7a500e04,245,2,2,247
3f70b311cf5fbac31e89e63ddeea1fd831f3d9e3,187,2,2,189
4e6fc7f102d4be861651a5f71613eed46c7b5d10,140,2,2,142
e6e35d8957a94d95cbaf3e896742970802924438,562,70,13,632
f95faaa678a241f1361c9ab6de70afc8cd3c7e67,59,1,0,60
a6819a065d57698bb54d1f6e7243d6c34feb9804,33,1,0,34
a56195edb2739982f955f8dd60811ba45274f34e,30,2,0,32
39841ad474ca7c63359b48881c14d431857440d8,37,2,0,39
8a4f6e4ee4c6ea59f1b8a2c60f448822adf409f3,4,1,0,5
7d7d361c687688eed71063cae7eb0e3aa8e40414,6,1,0,7
bff94327d3da21744cdee3596179d5bba3b52f34,10000,6,0,10006
5d696d60cfc8481f382fc5225c784e3cdc2ca993,0,1,0,1
5996f77e7e4809421a8682a8faf1891f82682e95,21,2,2,23
c48e1142cb01d701d753d652f625c9d638642279,13,2,0,15
5dfb59ed7bd4c12a8f29a2214b386e9e0771b6f4,21,2,0,23
6579497552fcf957400bd790263d6a43944f1958,1271,16,3,1287
2f5c88ca75541f8115667238a11703625560fd7d,285,20,1,305
99d8d6e82a6440062ee05e4b1a46d91a56a92a0d,107,2,0,109
2079039e0cae88dcefd5f372790aa78f6924a503,880,24,13,904
525dd87707163e2d7dd20b8e6692bfcd34e30289,4,1,1,5
eff560383a34e51845fda88fdfa2d3888c7f55e4,21,1,0,22
ef7c8035c352b73c4337ad626169e5fced0eae28,6,1,0,7
aad717eb4050a375ef586d7f638204fc5079902d,22,1,0,23
08a29193b546f652002f3f80ca7046fa41405953,2,1,0,3
a668ebdc28c95a1a4d9322a57bba085573fb4cc9,63,2,0,65
7f68be571b6f281864ec38849a37fa77a9e37ddf,24,1,0,25
6755a6ee58c8e20627bc119bd62c86d47f7e2b7b,51,1,0,52
c4bb0ddb9b89817e536a0a1eb57329cd1c59417c,194,6,1,200
e59fbca4e1fb04eee874a53d2d6fd2aadeb31998,131,1,0,132
7812a6c0ad389f59b145a06dbae0f255147a8ed0,23,2,0,25
a7e1614d147d60bf681dd64ac5632515eff8d9b0,64735,275,1,65010
ba8aafe041d08bc655ab7bc8943cef4a2cf22727,354,3,0,357
32f2c276693318a1c7a2f533bcba97c5c9f805a7,154,3,0,157
375159aa5fb729aaf5857b052492266047070023,25,2,0,27
031d3b19e61ac0cb3799ee1024207f665590e30a,14,2,0,16
6aac09487235a240c85a39e8c58ed88bd1b594ce,49,5,0,54
c51c075937e1481c9e558fffd846c2c6324059e9,86,6,0,92
c17cbce707c98951fdfe22972d94d8696d29de21,141577,129,16,141706
389b8c372599cda64eeeab0d479c27e5d5acf521,301,16,0,317
050b52b24839a7c2c1f407835af97084a4fcdf1d,89,18,0,107
7c571551ad4863985da1049a48b948b8857a7d99,70,4,1,74
f90617852b4afb83c5c72a92888080eb07161a43,89,6,0,95
03307be9685f21b07e0c461447745ff282c1a948,172,14,0,186
bbf6538f0c5410f941e4d8230f57d9d1448f9835,175,4,0,179
dbced7c9fe4f82518bb4325fe316059895e508bb,1075,19,1,1094
4750b2e90a5c147533576e43b19a197edb470b96,3,1,0,4
12d42c7ade8dc874c8979ab5c3562238192089ad,8,1,1,9
86aa4e650b9a9de59d3629248a039bb0b3882ff5,478,7,0,485
75150f7d7135ee17b58013575731061e3a124a0d,105,9,2,114
ceab4bcd058e7c161a608f7ee007e736207ce429,5,1,0,6
c5a5eca7eb69f00a89b6a0160f261741d40b463b,105,8,7,113
c2e1582b565a5a5d3ee3d3977b61ffde50ae7951,82,7,7,89
d927e5ef18f7304a0d4a7778059d6506eab1d9b0,112,8,2,120
35bbb23f5efd861bfa6b44bbc8929fde3aa3d111,43,1,0,44
d330f0afdae6933d1bd8f75d3afba085958f281b,154,22,1,176
cd38b8452100cd1206d8ecbf3ab40c36a844a537,15,1,0,16
564122fc36b2e488aea355ea7747b4b784395317,17,2,1,19
63b476386263c48e75d8ef01f93426d2560e50ab,64,14,0,78
22dad8274b415968efc35cc5f17df358aea11938,287,10,0,297
50b10b1e7d181efa46026c84764044465224780b,7,1,0,8
f359610d260d43af37f45c2e14d75f8888c618c5,45,5,2,50
3137ea2ac8cec56a213d43c40cb532e38596cb0f,341,12,2,353
003fe53ba742d775960966336b84c853b3e41bff,11,3,0,14
24017707565751f447414171ca52151254d35c20,3,2,0,5
96dde84ac2abd34d81f5f306e62af6b34bbdca75,19,1,0,20
ba34619d95ba15bd86bf8e4cd5c34c3f55c150e6,26,2,0,28
59ba73ac356e303be3466fcd4586ae2fc05af69b,11,1,0,12
36e3307b98c17772333d052ff5cb5996505afb57,2,1,0,3
f662b9acb5fbd15c167334d26ef2dffd8ae4cab6,4,1,0,5
5f98d3e60c9d22d52baaa7074a28a8b1b62196f6,4,1,0,5
d79872916c770b35fcd7459753cbefbc5f4299d1,2,1,0,3
1a46b316f7baf64bdcf42827f405394ea3c2260d,42,1,0,43
a23ac74c0b14ce5afa65a76be45fde2aaa260862,90,2,0,92
9572730ed3e34ebeb24a77540bb5e03f747daa6d,8,1,0,9
a266bafa5236807a9a0c252eb2329037e945ba49,81,5,0,86
ab6259b952687ba6490de7c6d7962848660fb1c1,25,7,0,32
dec0ed4019b87b9c3624f5c1e79b3e9d2f216641,790,14,0,804
1d4a3b133b904312599a982a5d33f6e23ecfd7fb,13,1,0,14
94fa46606481017dcdb273f2e74a6ed60a7a8f38,112,4,0,116
80dbdce49f22285d4117c67214a9a5698eb1ad76,17,2,1,19
51c6b35d3c57ff475bb8bf8605113162e5a4bdfc,205,4,0,209
8e56be529171bdd7426d99739957b89ce48678d4,47,4,0,51
8ec41264df0d9c6e4c5529411afa58437adcc484,60,3,0,63
831a271f8bd3abfdfa193056d3a17e637b3dc42a,10,3,0,13
8845715d59081ccfa41cc478bae9d563a2a3f430,4,1,0,5
0ad53112ebdc25971d9863a652fb2d80ab0f9043,202,1,0,203
7a245eaa15b9f4cb04ef44db1555e8ca10438755,202,1,0,203
8786511db2d4fdac4184927ba8b945a0255b6dc9,0,1,0,1
b565c3d1cbebc03d0c1e97750a19fb617344675b,41,1,0,42
93e03162e92951e59f0939fbad731d7d0f2a8c87,2,1,0,3
8a2c725e485b7dc1aee33cd61a6b775fadf39b9c,2,1,0,3
9c1368e4545e15ace575778a754a2bb8003964ca,837,13,1,850
ea8289f03ea19533a676a6db4425884402932bb8,17,6,0,23
425cf00a071786a531b02dc0c97b386cecb2f4c9,2,1,0,3
b760dc07b67bd9ef129e3f775f8becb872c8d268,64,5,0,69
44a119f97ac1a63cb9b1009b65ed6bf5eb056154,64,5,0,69
997ea5c2e0238c930deaca570f836afcb966cc95,4,1,0,5
22d30be69d1e7a6e7c013c625d36c324a71ae6b2,2,1,0,3
29a94807c8c7b4f0b3df751f8946b2a979677560,2,1,0,3
9b1b0ccf93db2b1d80c6d782ecd0968b2b215ee1,137,8,2,145
0de912800ed9cc4990dbce8cbb59836f1468d7af,11,2,0,13
e77dc5a6fd2a3401a52bcfe367fbbe6cad928a10,286,6,1,292
c62d3e953b12512f5a26e0cf744b2ef69011b80a,13,3,1,16
5410bb1d64bfc0d164bcade201569c270059bc62,18,2,0,20
faddb7367477142d06094f33efb0a6c48469d8b2,70,6,0,76
1446923afb4e5af9734b41c346d71bf9c91045fc,284,9,1,293
14d1eed5d43aef73412f6f3d4550a9bf6fd8e475,167,4,0,171
a6d4d5fc802819360f63b8efdfc447a1ec84d7fb,13,3,0,16
5185f7af8aec47763f2af1ccb657a23161dd4bb6,64,1,0,65
92f4551649bfec097c2a3cbd6530a936fa82db08,28,1,0,29
01d6af98389120cbe34fa591f2808140301dd02b,51,2,0,53
1477aa28736290f4d4b4253d057a77e4a4de5164,3,1,0,4
548de8214fc3f928d20ff4064ef428283266858d,6,1,0,7
d5472985c13121d218ecaff2a340aebb0a2af77e,80,6,1,86
2434545c4dde5362db8a78c1f5a22156cb428700,12,3,0,15
59cd26ae248154b82a0928a6b379addd9bd864cd,274,5,0,279
0122c1c350587416eef58cf5092ecc8ee5acfa81,5,1,0,6
25aba5a302c602fe8e5558eafcfba21def01da4d,38,4,0,42
3494074e27ae4000a4e9362329df87ec994a7a66,28,14,0,42
77ec5a2f0fa7b154aa9b210d61a0fe049fa2aba9,18,2,0,20
794578cf767fcdfcfe22baa667e5bd9726f0c2a7,2,1,0,3
72a3b62fbae38654331b9602234746da19ef3b8d,2,1,0,3
c875cc0a91046c21f5cfd53fbb98a24c13ce34b1,175,13,0,188
319e1aa8d6e1ed3b1a129606df6731d662204520,2,1,0,3
1166c845de5cf0fa02a8927de02e851ceacf1505,2,1,0,3
e63051c7812062f1449763dcd0d0b550355c1922,9,1,0,10
5057423170002be8c0d65aa1e335d48d30c2ff00,8,1,0,9
d7cec1adfe83367038c34910080b520c30de830f,8,1,0,9
ff393b72cfed5125b4484a8f829552d74429c37e,90,6,1,96
c26f5efa2385ade1233b627612edf8309bbee605,38,2,0,40
f8954ac4c9f972c4ac9f3c9d0ca9ceef16f5a537,17,2,0,19
26b4c616c2d4e17ebf2563d76a43d992ce0d27b8,103,5,0,108
0559a8ab0ae17605f007b4f9a7c87cbddc56eeae,10,1,0,11
f5f495b2cecbb7e4ca99a1adf1a95043b2e26e41,17,2,0,19
f0be3a51e855d9c4532a8861f54ce4518e29b907,47,3,0,50
232618e4fb86fecbd9ad27678401bf5d029bf59c,35,6,0,41
bd881b92f4a9d3ed25fa9c188dbe444d8d2e8f27,2,1,0,3
224f48c9e1ea4d9ad5202f76b98618130d9c5d22,2,1,0,3
b9ad13f05b352178c49cd839b82c842b3575d149,44,2,0,46
a27fc1269cb5c6f10b549e780ce78fa86e2bf63e,11,1,0,12
50fe04a50d46be131924ef7ea24d902d0da39c7c,80,1,0,81
3d9b393d65fd3de83703f1156450f44e6fd036c7,3,1,0,4
b19ba11cfa47b2eb0c4b34d2c6e1933ace90487b,20,1,0,21
9938e7d493cf4636d1dbafb161642fe821eb4e31,150,2,1,152
a0c2eaa331f2a92b39653739ae4af5ff26058092,6,1,0,7
911afea15b3f6f9dcff6614ec029c35775b9f97f,25,1,1,26
90075ce06fc7df495e4af8efacbecbf3395fcf80,161,3,0,164
86c65ba60d3c28fae6fda2342a762f91fb721d98,59,4,0,63
8540a0ad510105c8f53a836876ce444cd1d59618,8,1,0,9
f54e3f12f8e323eaddfd4ddc54766f4bc75a6431,9,1,0,10
ec6a937277455f3ae5db98f2c5343900f95b03fd,117,2,0,119
8165caf5dba5d0be4a65049cef13bd7e9403682f,333,8,0,341
35251d567708f29d1face6bbccea47c868f0f542,14,2,0,16
937be42b087d6b2390684fbcf4ae3147f8131884,166,3,0,169
c614b0931ae3abac12291df00a03dcfba410dfe0,4,1,1,5
16088293519ebb45eb07afa4436a09f1a48cbbe3,4,1,1,5
17ec935c4760abce2379f6ff3c8ba7499f631f04,2,1,0,3
78aa23eed5822610a6eb5d3348924c75fc74d743,32,1,0,33
88532e133c4923830987d09e8fe7e7321a3f80b4,258,1,0,259
c17fa2a385345004ad2202b2f9db942848c84490,155,1,0,156
fe812b8e57012842c0e6c241a60ec13b63582f4f,254,22,1,276
1200e5ad5005a696cfcc1e4a9a3abdcff50e9e87,42,1,0,43
32a674cda7395136d67517c106afb81d53c52315,4,1,0,5
67963694fb02ab68484dc6784e3fb3c55e00c775,1,1,0,2
01a8ebf4c82564d9b9fa2b5ba1b8a0fe4a282254,4,1,0,5
ab02225e72b8c48c6134f25af9d12df96a5eae5c,1876,23,0,1899
d574c6ee5315d72a23f7e7b89d5ab1fec52a528f,10,1,0,11
a0cae5d3ccc16e6d80eec5affd02088a68eb852b,4,1,0,5
d4f52aea22819426a4dab6db117e4d7ed8a4f947,4,1,0,5
75798e461c8fedc3f54f1577932bf87739842db2,2,1,0,3
35a4e6f640201f885c11b10d8814884664f2756b,349,4,0,353
36d07e151bf9040bc346804d08de62a854fecc1b,63,9,0,72
2fd4dcade876dc11a65da6f4f873d235c4037a49,9,1,0,10
e66c953ee90e9485665b21af92f84325f56751f7,28,1,1,29
727202be62919299854a7c3bf0d931d50b6516ef,1,1,1,2
a1f0073a8fd2ce7185217845319aff1926bc515f,2,1,1,3
c42c6337c49e9bde8946c13f842b660162c0de3b,4,1,0,5
8ddb291ea8351f7f83682070df763112b658973a,53,3,0,56
ac467f8ce20cb4d4e4a32abf88ca3b98c1e697f3,38,2,0,40
a26c9adc7bbb75217ea4abfb3c36b7ae6e674a87,278,10,1,288
0b33742453430bde730fac4f6185ba7970c60991,18,2,0,20
0d5e219f4518481cdf18e641e3eed3ec2e1eb76a,7,1,0,8
2b9a8b58818ca4bb8d47e05cfbed487281bffda7,2,1,0,3
9b218d96b0fb8f4f382fefd9aa1f40f7dc027954,6,1,0,7
dfd78e885dd2bcd4c27cb5d04acb56784ffa9bb9,4,1,0,5
8333ab9b4f9e04f10457ac6106fd159b37f0daec,12,1,0,13
a230d1ffb7be3897db0ae7cc546a9501e2457950,94,1,0,95
e159ef83561072c7ab865d8cc97e65d3760dbc54,94,3,0,97
c56cc15dd39c4c755887acc2d61dbe90e1acb0c3,34,4,0,38
d173e7f5a2d55dd3fd350c4043fa15f2f9a69574,6,1,0,7
6b5e83833d7d778b9460cc5820b2fe9349f6bfdf,2,1,0,3
c76bad562cc8ea679f4991ff66a4031be7410c35,11,2,0,13
d1f76b2f9bf75ce88939252a9a838ad982d4bcd0,1,1,0,2
e2233732990074312ee07a11a6b4c02b12986892,14,1,0,15
5b36e767fe40b5611baf9fbb668d0f9c6c63b0bc,16,1,0,17
34ca1b8378d57a789dc6af0fb43a186a7b4aa600,10,2,0,12
bab1b9f5b4d8eef9df6c95be6a2e1a5d7ec0af6e,185,7,0,192
aa1db3e57cf096f4c6db6236a5ac7687514fb6d6,10,1,0,11
6982e89851ac31bdee0f34f76278b297d212454b,2,1,0,3
59c129bd95b3f7313437c869b8925d13058b201f,14,1,0,15
f2f7ad083ffcc6375494cabeeb4657151d9747e8,6633,91,3,6724
ea37ac39da8f83dc7c9a26b2e6c6d704825c179f,123,2,0,125
c901443da1daee5ad1806e9b02dd7a29db271347,123,2,0,125
fa3393b2721c7848a0ebb931d797685daec9c49a,6633,91,3,6724
af7527f25a3c93d150485bc578755bf70bc4781a,263,14,4,277
2ceb4171a176887abf10d09e4fed20cb73629754,6422,88,3,6510
71a4a6d9b8073c0f8528d580fe0645cf5380525f,34,5,0,39
1b7cec8ba81de3e69dd855f185fbb0a905afc967,24,3,0,27
85e453bbcfcb85a80c0a7c292ca90c28fc111ec6,3,1,0,4
b3399b6820c1cf81ce7ebe0e9a70416368c5b7a1,8,1,0,9
e95d15534d67140a29928bd97a3c2a97c10270ee,63,7,0,70
c1804eafee16aca3f9d7d408408e9d9cbd091523,78,5,1,83
533876101e643c8a1e3e53c1f1229afe3396b07f,13,2,0,15
674d80cd97ef636276f7899cf91c987408f250f3,12,1,1,13
b3bfed3c1c0f6c952bbe068111bd6865e83c1d0f,14,1,0,15
b4b15e2ca7e7959eb674ede372829f8e65836432,4,1,0,5
f5c9953408a3a3e68f07d2fcd942c5a39dc68ee9,17,1,0,18
0e4d8aea735950a46a7ed78e77ae11027d8eedf7,109,6,0,115
bb404a6473fca3f323a28ce2d12de65d4c6d025f,8,1,0,9
b68f1a044864a9a17edde61b0c5e957475a269b5,240,11,0,251
48ad970c0908326429b0c8e5f2f8307bbadb1a81,6,2,0,8
4a131e55c8cc3879145ec357051d4b0781d3a9ac,1640,20,0,1660
41f1c4685e59bd44f120c408770be3e7f5778a66,5,1,0,6
a659cdbbcf310d59b89a8880f6144f6a0d9d25bd,577,29,1,606
6cf7efbc5df6932159fe0dcc4ac110239e0ba5d4,156,1,0,157
7fb0ec438bd38db4a86a099a2f1c90595fa81600,449,7,1,456
fb9be7aa6b1b1d5f4683b35d507f8f3b48352226,8,1,0,9
713ad0685d2a9a9574ff3c13c3057c05aef751c7,38,6,0,44
a8bcd0bb7108a5e4e442219a83423da732812f8e,10,2,1,12
0bc52d6eecca170a044f6c96ed1304be65dbabe7,4,1,0,5
2769e2221803047992be9ed9daf0a33eff7236cc,18,2,0,20
f77ea6939c0846dc36af8693ce8f8807b624576a,66,6,2,72
e95cf11ac4a24acebd3df76d05e82ef76d434a08,178,10,0,188
fcdbfe455422dedf63d4479ff0b5bd3962f76209,10,2,0,12
d5518f32482cf57580af2ec3b476d2bf2da5981a,6,1,0,7
6eb85e80b9e4cf7e7728fe54a4159181fd587cd4,2,1,0,3
702c76343d81eb6485d1a50deb771c408cc94bc7,168,2,0,170
b0ed4dede87e955a00c96683dfc9a2e2f311e415,16,2,0,18
24a73f433ba1d84c9ed903d9d780add24a45ca59,187,9,0,196
e913a6edb9ea5add7e6fc10006fba6a4679df160,23,2,0,25
08ad0a79a84096b5a479e930643fe94e78ac11a9,5,1,0,6
87c56951ae6cc515e3948fa3d13d6ecbb7d3c668,222,2,0,224
7b8d62cf74d66484a3128ed3b3283f4594a8b122,594,5,5,599
64d9af1692b913c554781e7da57a837ddc4e26ed,76,1,0,77
d8527924fd7f7ad1c9558114520281aec1532737,2169,14,3,2183
21cc3bfd88ddb89e85da524cabee2ff97da569d6,71,1,1,72
93fced766b2c9be5ccee6fcb2abb8ec9a5a1743e,41,2,0,43
140cd65da631b6959a4bff13c3abef0432f1d291,289,14,1,303
b64c9f7e08b3ed915a625f904750982e14a31ec6,19,2,2,21
9e612dd98330669eaca1ceac8220454faae22a15,80,13,3,93
9fdafbed778f965e220f8d980514299de5a8c2a4,16,2,2,18
acda38a56a96315182b5dc4b4d6c706269732ca2,892,20,0,912
7549f00a0b92c1d38018fa080929e4c3348c62cb,60,10,0,70
9deb7fd3bf607f68b9a47d81e808b0b3d9c32b99,8,4,0,12
e14afb850256453e713aadfe5c3e273925a17c25,434,11,0,445
b4e0945553dadddda0683843e1b2be6230af6d49,10,1,0,11
14e888d355bc1839d69403c37f4b778c64d0e551,9,2,0,11
ffab151f233daaf307a3dd383022d35492515f9f,83,6,0,89
665508d6fef54d3b8d629887ef3e68f14ccaf66d,38,1,0,39
1e67b7ad0632cdf597c677b6534058b4e11ebe64,5,1,0,6
74774fd4955ce5e6c4d45259008a583c9b498b5a,642,9,1,651
44239733ba29dba6e923fa5d9c9a8da2f5c2b792,44,4,0,48
0219217d7ed8cd6243a295069772d4f68ce10305,7,4,0,11
b10b5d46d56f33b297d592c19453d87b9fe2063d,47,1,0,48
44db8707f6bf70d4a6f77e27beb38345cfefc884,2,1,0,3
2e9468d955778afc9a136781395bfaaafb949733,8,1,0,9
b2e5538edb2cfa96826b2bf4bb344d9f1a4452af,2,1,0,3
0659fcc6ac6115d6fa26d6772b94637bbaed1a6c,42,3,0,45
c0fd5ce019831644b8d0532dc8412ace21fc6818,3,1,0,4
983c6aecc33eb55d0bf51bd5732f9663e53d5d0c,78,2,0,80
470ab2f287d0b58891404d529e67696b22caa1ec,19,1,0,20
d2414ec0e4ed6a23438066840957bc064952c91a,165,2,0,167
24f8f7ee1dd1f8dd83b528703e77abb978fed21c,6,1,0,7
df6bd684774e62f5e67b48183a26fd8241837f64,7,1,1,8
6878126ee524c72a36ab00fd70d0e803c8d6937b,6,1,1,7
49724d4fecc641b4fcf541c879b0342873d91cae,1041,25,1,1066
f0f420e33744fe14f9b3405128af0ff1d1573a18,14,1,0,15
99a6b80c6a53ff6032e14b83417592da94a7cb47,2,1,0,3
c25ce8364654ede7d364c94c2c6a4f7d30d2a9b4,96,1,0,97
89368b6e91471845b25603e30fede23390f8cb9f,1477,23,4,1500
17b4bcdb5d4f5bae3c50c8bb6812c539a70616d5,2,1,0,3
a2315923ae7b38bcb85588bf26a39b3fe728035d,1319,14,0,1333
b938dabef6e715745c89d9e62de9e4b8808ca8af,20,1,0,21
2e3690a6049263af70653e543b179f01f4ac7406,26,1,0,27
f994d5401fb8e99b54dc1a6d4ae29858c889e20c,8,1,0,9
68b156c672f4677296a5f546f119fe561170d568,62,6,0,68
182ac8bad18284acc3b928475b6cd0bff607968e,7,2,0,9
5e39e302736adcc81a94da9707dc05b6c5f88875,23,2,0,25
287d1a65ff8eef90bbe43c052dde9968e8b2979f,53,2,0,55
e89b10e9960a577e3e8206d48922882c66295b0c,22,1,0,23
d58ca7e69e448858378e305d3b16cb50905d4176,2,1,0,3
9802b2c467bac73931f5717320a6658207261d4a,10,2,0,12
89cde81d7b5b6d732cd302daafabc5dad849539e,5,1,0,6
5fa2e3924124184a5882a643901f57d76e0d8d96,1241,36,1,1277
73bbae56925d7b9aa370a6a413a4be02b68a2685,27,1,0,28
1657c4fa1c2778739cdc8366b11f64aa618f2025,3,1,0,4
3f10743b8b059037eb03bfe9653116fdda3f8a0d,2,1,0,3
bd1485a0f63d2f0ae400cc40221ab0db43bf90e5,24,1,0,25
87c536580c8afa141e500d098daed00f72b0e206,181,12,4,193
3733f7873697e6cce04337970d8d4184baf0dda2,162,6,0,168
39f072165ddee84844c61ef8803d60989e594e07,53,4,0,57
5f42501e856a41f7b901b4d2469a3b153564d5be,86,6,0,92
4096a3ac8a697b2a103ee94a4381a887f84def7c,29,2,0,31
a455f4ca0d257fc927d469454575c4d3a9e6576c,28,3,0,31
4e053d003f6b24b7a8dc638763b3be8fda2bdc7a,1903,35,1,1938
55517522a76025cb095b756bc8f019b3a2dcaa2f,236,3,0,239
979d45e7154ca6e6b8144f529f37130ad1480715,396,14,0,410
0c1727d3b15e24e23d0ac4b89c133341768b316a,24,2,0,26
0422ef61b9229de3b9f0c59fcc47038d1fe767d9,24,3,1,27
ff729c3982adb954621c86fe219840ee1a0c27fc,5,1,0,6
0ac3587c9eab58df8c5a19b62faa03fd94b65cb3,18,3,3,21
dfbdea450c81f9516d1b8f20bd4d2276abb0010f,18,3,2,21
eba1d7af4f8897aac94e4b0322f55885bef64499,52,3,3,55
5691e2bfa86c474ab9f57e8bf3c2542d29070125,37,4,3,41
fe43153b409286ac41fcb0b38648815aaa39039d,7,2,0,9
0a27123982fef44601c9924bfd8648dc1c64160d,10,2,0,12
d7cd950a5b007c87e7ec463fa0e3d0d689e14630,7,2,0,9
30e87afac5deeb13e724cba38fd11f488796c1f0,4,1,0,5
a946d8df75d13822d5ba6fb5ba25392561a8625e,4,1,0,5
eceba1d61a97e62a7467a9f9768d7ceac1a05f86,6,1,0,7
6663ce4eaf16682c36cab6562db63c82f6aa25d3,12,1,0,13
ef4e7746bbe9e74d9df2b88b2cf91081b00b9412,940,29,1,969
d10fe429eec123baf9ae96fa8eddc1286ea687cf,96,7,0,103
df465277bed4428083bf312099e5e490a2bccd6b,854,5,1,859
819e15d6b4ca950029fda0308d58a3be74959dbc,96,3,1,99
a82af16699b1100b5c12c1dfe106849f9f87599a,256,9,6,265
2c6dc456e735d06e20ec45374fbd0a465cb29321,2,1,0,3
ded1446d2c7895b5007ad5a8976ad9f720086a00,7,2,1,9
ee9dd17118a0c88a2ffb4a302769ead10a6ff2d5,93,3,0,96
a61aa7064ff0d236ce62be0bb6964189e9b59e41,89,2,0,91
a710f3804b936c77ee0dd2f2361baa3bca38835d,52,2,1,54
3a533fc9625b85de2b816d92fc5b3954abf01417,5,1,0,6
30722d3429fee28f5cba7ef6cc992338c362c68a,6,1,0,7
60302ae66b682fe21eb6a2fdc0255c874c0028a1,783,34,0,817
71d040c391d3cd714ded89979d1aab6c69801abc,231,6,0,237
b5f25269b6c66792ff854067dd5ea1e40c7cbbab,125,7,0,132
d3a936e0f6dc993fa25412ff864353915c024600,49,1,0,50
873481e62da3b13b32a1cf766fd3ed15ccba62ed,247,2,0,249
1061ba9de96573c4a2dfac651998dec34a8f69cf,853,6,1,859
a29932954acdfe3a018d6247db7b2b198ad07647,261,17,0,278
3567d822998efca49e70ad9d856a24b2f91e6949,4,2,0,6
b2e68b217b4fba83bdc0d34060e4685413eb203a,23,1,1,24
aae68a0e4ddc72d2a2e1c9c103b5697ce68bd2d8,68,8,2,76
26f06a2a80d968cd0768b21ba5b129cf8471571a,39,5,1,44
032c807c5d6e47b9c3f4b1689b1a6f1f7ebd5de1,185,6,1,191
5b8c3a913d8c55f55f7c4193790708e284408d5d,22,3,0,25
a6fa3d1d40e1ed187329a687abf2dbe16f0258c9,30,2,0,32
f3320a0fb19359871788c69328f71ca843ff7318,12,2,0,14
482433effe32648657975ed9a9dd670319ffbfdb,2731,21,3,2752
4a291c011389b4529240cf364295790db779799e,12,1,0,13
5786da150bb8f4ade79f2ad4836a839769ff1de4,5,1,0,6
f77f66805e7c91f4dd4a981c8d2e713f6658dafa,362,4,1,366
c3d8918c12f77a666a51b2effdf8f66a8d45533b,6,3,1,9
e6aee993544fbdff6e5f80954886bf1e435ca4cd,54,4,0,58
7d044f585ef2361f4b77eff09fead50f752449dc,18,3,0,21
120d5b7ce9f0ef7e525011fb81ea893634868e59,4,1,0,5
65a1651eb3b8dbddaae09466cb389a8a27010818,0,1,0,1
aef7db88ff8563cbe59189ccda4eeefab55cffd4,0,1,0,1
55faf779594eaebfb5edceb47eeed0d2818cf32f,2,1,0,3
5a502a2e19e4ac37e04f719549330326d4e60728,126,13,0,139
c1f8f0923f93f6f22886c9df4ec208875dffe0f9,2780,25,5,2805
e1e277f5cc052e2f3c4db6581acbe3a085c67a27,2,1,1,3
f6065030946fe9fa66019a2a26a600f77967123a,17,1,1,18
5c61d385e67702fe4343b432ab5756cabcec9c76,2691,44,4,2735
908b5e1bba7341dd7a5ecbfd06241e39f52ebe19,2306,43,3,2349
a365190dfbfe6adc7836bf8f33ed100f2674e58a,48,1,0,49
936cbdaa9ad6c4ac8ca1e2fcf7fe6e810e533b0d,2,1,1,3
09e01f2f5e7f2e6ed0f602c6e8d006a36d73a703,13,1,0,14
b802c9e4f5df6a1cf438c21396e33076054a54c8,7,1,0,8
d636ee967c8c772e1902665fff8d7706fa07e755,12,2,0,14
25b639aafa1daca217969da45eb001ed4b4eef47,232,4,0,236
79ffd6a704cb31019af77df7737ce7c1686e25ae,2,1,0,3
7793edb82b3a17ee2da90fe19a628a5cdb226c5a,11,2,0,13
4e2e130f5a4a2a7203aeea6eb58456ba631a0613,386,9,0,395
b72609efa122a4c42b47d8e14c2a433164bb9313,257,11,0,268
21cd31bc6ab92f9f0b59458a9100b02fbaba32eb,30,1,1,31
68876ff7998e241d4c73011f5d80f114fd772b19,28,1,0,29
5fce8f8947a7ecb72254266ddf82063be2051b66,12,3,0,15
91b05b97e95fe6fef22a41cf779f0d7a5d7fce6f,14,2,0,16
e4e7ec7c89d0f04885d42ef2e82e64f1b88f892b,2,1,0,3
7dd4ad99c7340e636435f5054bc81669408432b9,35,3,0,38
166b95190af71e786961b41436c3df9d99b803a6,28,3,0,31
953114b7150b9e720282b728ee85d3aa91cbc1a6,1845,33,0,1878
594ca3cda71765a4582557987d59a86b586f7bba,14,1,0,15
10bb930752a741e55e069efbd9cc849798bbb439,142,2,0,144
08855e26589acf2e26132647e804399e28fdab37,1248,22,0,1270
6309f5a4054c94b03d9bc7857d4b2e6685ad6726,15,1,0,16
df08fb9296e9c335413021bb3d926148e84651bc,775,11,3,786
d150ea556769f3cfc7c3d822de22d23bd71c5cfd,2316,20,0,2336
1c7c535c915215eb04fdebc79bef9fc1a662f6e3,246,3,0,249
7b1eaf1ac176eaf626c65de704744a48fa419e93,642,16,0,658
48f8c7ed998c3628619a89fc83af926d67dfad53,24,2,0,26
816a57af79ce0052203f692d9743089e0201d967,12,3,2,15
356b4081941e6ff74ceea1fecab5417e9db420a2,541,13,0,554
6313b7518f394d1a9ac23f268d71d0e3725a7edb,91,5,0,96
ea72b62ab5a8a289ec8c91869a659b56e1ea2074,386,6,0,392
d0acc64b3b45c86659313b99874f610df21d6268,695,33,0,728
718cbda669695e6e4389e3cd8004a30183183cab,8,2,0,10
5308cd2f086317519fabae6efe2f631e9610a1a0,484,12,0,496
eb1d4589524389249d338ce1b3c032cc802911b3,81,3,0,84
5d49dbb6c9a9adc578f370a78badffc0c10a109a,50,3,0,53
8c1055045dbb6b0d2d7a8467c97af5e9adfbff6f,24,2,0,26
e3cd68075472fbeab533b75a41d363392c51b4a5,18,1,0,19
db88788f808ea62ff563be367506f84652856138,122,4,0,126
b68c48649ea35db68c9ed1840e7bac13a617ea26,54,5,0,59
5ab5c234ef03d0ceb81098c08d76cbfb49fc73d0,54,5,0,59
e73b3c72d1c3c0ab42ab70ad071edf0c3a5754dd,29,2,0,31
6b9d59996f520d610578d9ce8bbb2a4ce8567aff,42,1,0,43
4e7013da3a2a0f443ec74d16cc2bbc1b11b52707,20,1,0,21
da135c9a99beb0206c9d1fe49cadc43e1e7d69d4,99,13,0,112
5adcf26b420e9d5022b74def1fd5bd7bb305eafd,67,9,0,76
bc2ce317ed85ce7108de6d13b706b0b2298348a3,54,5,0,59
deeffd958cd40b276621f2cff464982666c7b9a2,4,1,0,5
b9805afafa8792a66b498dbbc4853d73df4be339,142,5,0,147
47fc09bf1c3ae55f6640372a5bb382ae1ab07283,222,14,0,236
afe41acd2ddad8c311964d3ca1160853a6cf6358,169,6,0,175
c6d0528ebde91e88a990688c5564729ba8e8f98f,2,1,0,3
3b7211bde829b33adbb508ee64e8852c8e33bc5d,477,6,0,483
3401c1661c3feabbbe021d9d3912ce69fd4cf75c,2,1,0,3
7a2ae2e63c63bdee1a51896071481e66d7da9a39,380,6,0,386
686c4afd2b72222044542744fadf3b186748b9e1,11,1,0,12
83fa8f511b91919c67402cba2e62e9f57d885a92,12,1,0,13
fc1d646365c49061724ecf61b7712222235145cb,6,1,0,7
3b51f0558459a7982bcafbdf97a4c21320b567ec,5,1,0,6
3b7f3552975ad7faad37820df3e752f9adae8aa9,2,1,0,3
9e9c63ebd793736bcffa7e2e4d24d5599d408933,10,28,0,38
6994d15b804bba2fee1f8f8c3b7b93f8b57cb5ce,2405,4,1,2409
6e18a153b4196683669f68f488cd9e3fc01c1a0b,53,4,2,57
5ed09b500a9bf696ce45ce3ae24fde545e380924,13,1,0,14
c57460e734293dacbd42afc62bc7f32fb36c1a12,195,3,0,198
eaa242ecde0624e88e36ca42f53f4a23f65be630,288,3,0,291
c693764ca1aecb85888767cab32adac26407da78,38,4,1,42
1c7882c50b225747afbba97b7cd1bd1afafc4f65,818,47,0,865
07b1414373198331f7284725122a52df984d72ba,248,3,0,251
e403f8be61c26e8dab065da90dc50ab608676d4e,58,3,0,61
d1611b1afd6d85a24ed8a6b5b76afbc90242231d,30,1,0,31
93e656a2651b74ad53ba1eaa764564756f8988dd,207,6,0,213
a42b79e0708fbf24c8968e0632e4692970cb5f31,70,7,1,77
6434d8beb153b0c43f38bbe30790aa5014974654,98437,325,3,98762
ce11d9474c652740c97b39397dd869bb7d0f58cd,9,1,1,10
79be76d76a2a9ccea6189e2f3d9b7c664dfb3320,171,6,0,177
29b2d19e511c8a264d6688eaedd6fbb57c99506e,4,1,0,5
151c4b32b3ea476a5f308cc1b1dd823ac70e9281,21,2,0,23
d5205cd7ade0c5223c5d6dbbffde5f51f13a056d,19,2,2,21
e8e693ead6610ceafcfe7eaa17438310099bc9d7,262,22,0,284
1b3e8f8737cc8ee898fb3e0c13d92e74bd3ea14f,58,1,0,59
b7831ec633f5d29f76dcfe093c4650b948356ae3,15,5,0,20
22e743090c3d0139d5e20f6c01a702b3beb5c98a,6,1,0,7
2510c06ea35a9fd0a3aeeacf60600be78d2ee747,209,15,1,224
197301affd4567b8a7f5a65babbd70fe42ed69ec,266,3,1,269
1b3515bc7e560d39928e46abbb70e301a3123be0,232,4,0,236
9519d2f14cb689431e03e0ea89311ee2160a8972,79,5,0,84
edc233dcbc6c6f11c21391f19d123a19510745ba,101,2,0,103
5385cdd826112fffd63fdabcff34c13f4738c37d,44,1,0,45
99a1a413319a5549d7624144bc77e05d9fbb8f4e,256,8,0,264
329a7deb33cf34f4beaf8af8a99ff420bc80bdef,37,3,0,40
42f81d4d93fc187526dabe028e8f74b3ea16e397,956,10,0,966
7eee10bafadf8c65771858914daeb342688eeed2,7,1,0,8
fb351ca6ba4c7e8ec9a159f6c5f7172906465a8e,2038,52,8,2090
2df6aa5774c5290772a89b7d37b5d27e60afc63c,20,2,0,22
e703aa71add34fc51017789e37297ccf6ceeeff3,32,3,0,35
5de19836b51f84c223b19dc194b34ec16bc1628b,294,5,0,299
871cb7d1e980f07eb09ab2fcdc064135abd0f884,509,12,0,521
075d88ae5328d59fc054d57bf62b68ea0e425c25,403,4,2,407
bcf6dc5f34dfd13c1a2e2b1ae5750b4b07b9f254,14,2,2,16
5c7923ccd7bd94c83fac355f32f9e67598ab3ce9,10,2,0,12
533bb75bdf4aa73604ab33dfdaf0fa00aca78be3,43,2,0,45
97ca474c1d52234a9e106173e83770e8e75f96f0,2,1,0,3
242da2825c5eb0ee44c8c00f0a548bfb8ad77b5f,3,1,0,4
19957e9e9e83eff08d3739a80c1c94d1dda81111,21,1,0,22
10dccc2d1b9b46d17a556e941529d18ecec5f2f0,22,3,0,25
b67cf7076aad11be3a710cd981cbd02a6dd2fe74,4,2,0,6
efd24d2c3d9bfd5336d4c540235aa59558b50961,6,1,0,7
7735c7ae592c0847955e7fa1678f368a4536f5e8,33,1,0,34
29d0ec0e74b59dab2e2d1b0aae282a29d6f03224,194,2,0,196
1207139748e5e1db16be5634f9d9be6e05ecb5ad,60,4,0,64
750f0be0e56b44b743964ecd7757b75c60bf9237,54,2,0,56
96d08cb35c06baff82307e49d3e59f542bd61797,79,4,0,83
601c37b26ad235d95daba4b689dc36a87472e2ff,121,2,0,123
b3d962b0e1ee9db4abd946672b2a4ae188257e7b,16,1,0,17
09837f1ab4d25ed7ac73fe723daabf1b052b8e74,17,1,1,18
a4d378ada8befe38a1bec2086f96c7307a18d719,66,1,1,67
3781c47b1ace8e0b3fa511fab6b68fbb2b283b9e,11,2,0,13
05a846c72c3d393def4249dc484aa1971cf8d4e4,611,8,0,619
6896439f2fa7a07b97f47f4c41b46ed968980720,3517,6,2,3523
5e04c8931c5dfbadc776969e1b87f9ccbf5b5ab8,6386,148,0,6534
4ee8d10c778971871718264cc2519bbe1d88fc42,140,10,0,150
1722ec9dbdd6b421cf397c8231c7d21e8c8a4535,78,4,0,82
55fb0badc606254fc65fb6f68093bc3f913a245d,211,2,0,213
b2a483b684fbf4f85dd6152b3ff66789558b6b65,22,2,0,24
9d984a0048f81a4da14b2059ca1912d0924688df,1079,15,0,1094
f1fc531d54a95209991adb10bf2ab62f31b19c8f,254,6,0,260
8fcd709c6c50f79b982ec49b293729fe069ab843,24,3,0,27
92e3af99981ad4e7e92aadec34456ea9b17cde87,1032,2,1,1034
24ba3cd99c8b79a2a26326605e9482fe5b148b34,1762,35,0,1797
06e809f940aadc001b739bcbaf3e346d15850014,33,2,0,35
042696ac139b135b186ce15f6325b793385473af,782,12,1,794
59ef9780262388b3f56669c84f93269f73014f3c,105,7,0,112
aeb0d6de27ee62a4cd9afbe982779411719b0013,71,4,0,75
42ae0bc021fcfe5ee5d334741105b6abafa2dfc6,8,2,0,10
30a53da6501f4d50fffd74e9cb8e3d4cde1ab344,77,4,0,81
4a2ec213b1a12573e8c00c631c4577007c5d040a,23,1,0,24
4d83e1bcb6233900f780227e2563cb2ffa8fe756,2,1,0,3
637688b87c3f91d8b264d4d11c6fd24b7a603c6c,275,9,0,284
e5e93a48468710c075b645e18b850fbd15428b32,2,1,0,3
ab00b5707d889974e3689f4e044020f2b9fb6f36,23,3,0,26
c13fd5ba4332061fc2a8554eeabaf96a20e27a72,82,2,0,84
e0adb2d0f035120ce0e10f262a5560df225c9d5f,4,1,0,5
fcdd16efb1d1ca4f14b90146258b30d575eacfe5,16,4,0,20
78138db010a56fa966011b27979394a5fa70a7a3,5,1,0,6
26bf0a083d0d1933158556bb1b965b5d33485842,1,1,0,2
cfebf8ea7dae3797040df3de0d08b4c3bd96ec77,734,13,0,747
6eb7f5dc53e541403e1c94588d20a908f7410f04,268,7,0,275
ff46132574a1213f75bc67920c26f2e961d23791,227,9,0,236
daaac78eda1db8a3553a24923110445d6eb3329b,661,8,0,669
faa4e336e067d8c5363ac1c625dde64e51bbccba,9,2,0,11
32f405ce19845b11bd3ef336cfe1fb384a1346d4,6,1,0,7
e75e0dd392b8bd73704ffa2e0f11f7509284f42b,27,3,0,30
e414e54d2dceaec51e9fc497d2732f8e0f148390,118,7,0,125
84881a4545cfe94f9df7df80f9121fdfdd3da762,100,3,0,103
73493bd0c6dba3b4133dc8ed3d584e94ee6853c7,3,1,0,4
3b2a14bbc28d6471747fa6bafc8e674d42513cb6,67,5,0,72
f2378aa9e34a6dd4bb612ac6bc4c3226d30d560c,137,4,0,141
8e7ba342104ae6050e45d6f7e9bfe01526fe8a82,167,4,0,171
9bdbbb11d8d8ba247fc2206f67065cc91889800d,147,10,0,157
d4a6103352dea39e520b20a3612e63540a01b69f,109,3,0,112
2bf6cef01eb2557509ccfd6c97eb9f2b0661a2f2,158,5,0,163
45a0e4b2ede124b59e9ea797494fa7bcacadac44,57,6,0,63
67dab3b9498d898541cb094539e7d0d739a63e73,33,2,0,35
d1245e761410a1c8cf621736c1564015329e7289,3,2,0,5
f24f5b15e93970819d375209580f2149392fb56d,115,1,0,116
1d1b9b276de276137c4f2c94a30f31fa7f4c8827,115,1,0,116
3b34a12f4671168c07dc155b325ef52a60fcf723,4,1,0,5
ff18768e57f354ddeab1ef0b6aeaea8769ae3a22,115,1,0,116
8ca0cbbb801ecfba9936fd621b54c246eb4ea0cc,128,3,0,131
4b1e0991c2a2cf253c61d21e0eb042ab636f6da1,112,6,0,118
d991a360e710276ae64090c671d4a55969bd8229,261,10,0,271
e54c76d21a5a5252bff7efb9a334cfeec9b5e189,58,1,0,59
2ac15cade4c4e7072bbe3ac2be82e12626764529,63,6,0,69
36eb2b89137248deedf9b7b8f037d8b856776c7a,16,4,0,20
e76293d3b9d6ee019c1ba005356ca9c9d6a551a4,251,2,0,253
7f9577f34e136cd9bdeacb5a9a73722b7c5a2b9a,187,4,0,191
8570b0b4d02499b704b778df62fba5adc498140b,465,4,0,469
242746cf72538420036a8a4c3db338d9516be9c8,381,12,0,393
42a88a129beb73a818dac1979aedd1fcf27dc624,69,2,0,71
6f23a7c8ecbdfbd47c6f4201368f570b06f68508,698,3,0,701
79c2963211e6c82b16c10340b02a1270345bc68d,468,7,1,475
cb4281e7f8694000ee1694b1ec3aa4f0d739b78b,468,7,1,475
e5b94ee29c6b15d2dfa1ae523438778bbffa0c79,698,3,0,701
d8a6e45829726356bc7e8a1418946517364caa22,125,3,0,128
a0a0a7aebb70ff9a09626afd2522c9e889854f61,47,4,0,51
b4d3579897b5c1ce03bd65b31522c28454f89984,660,12,0,672
3ef3c47782b7f0244611215d2a9eb7c64c4fd93b,5,1,0,6
6b9bfe41d6b867c46a09ce593c22a77e8c85a121,4,1,0,5
d23fe2b16eadf87668fa8ed7808c3f2db2288602,3,1,0,4
45894a720f46b7db1dcf5d062663096325725471,100,3,0,103
206c2be05624242846f55694342bbcf4f96ed4cc,232,8,0,240
8676698ede28e8a50d7e2bdf3761630c9eea0a42,36,1,0,37
f54ef07e96bbdf56057858a693ee62717881a1c1,4,2,0,6
0098f04b9b087a78fccec509ada1c0ea5349e912,178,3,0,181
1848adf7a72e9e1bbb795df8f852c2161b86e4e2,85,1,0,86
2cb57cea1d7292dd09a31e361120edc0db7c9c47,56,8,0,64
69b2e7b0483dd697014d381dcc99a3fdb78282c9,167,24,7,191
5c1121947ef77d608613d274b02df376c62e0c87,15,4,0,19
0cecf464aef4d6f340abc7a3e51002d2d86d496e,9,2,0,11
ecd4af745267aa1f774599fbea5c19465cb58d01,39,1,0,40
b8db15ecf9a56206701f87e5f3d28ecd1d6bddd3,6,2,0,8
45e08d6936e3414b1437a7590cbefe1d27a1be33,100,3,0,103
1dca47712571e7774ae4e8c2f177e74cb4622417,83,3,1,86
c393c8e2f3806729e43f9f5dd00bb0b4d16cfe45,10,1,0,11
42d5e69ead91d2d1ab2a226dad49055f4bc37ac4,8,1,0,9
43e565365215a00d6e5beb7323a33a62be613f2d,131,3,1,134
f39f127884df88e042cf36fcffecfa649cd084d2,24,4,1,28
af94bcedf98e210e65fcffd1635408eb7016246a,347,3,0,350
210bc923c4c025b617eef2ea182862a14caeae2d,4,1,0,5
0cde03672f4adab370fba03f5a75013c534de8b9,74,2,1,76
3372640426921e9ba21aad349b28eca71f4891f3,16,4,0,20
dd3b058bc10d04f61374fd050b467440b756e7f2,9,1,0,10
56826f131d83fd8aa7086f6ccd8e2d301093fcba,36,2,0,38
4735cee7a8a49eedbcfc15e3ac5ec4a737916d3d,70,1,0,71
c4a0bb13114efaf6d9bbd23cc31ca7957a6b6119,554,6,0,560
942db4397244002e6622447ccc4489dcc9b88190,2,1,0,3
78f7b6e51f71f7e52dbffbd5ed36038a228000cf,5,2,0,7
6c3a369e571e41016f2795bdbb4a61df60d84c71,314,9,0,323
24a4a17d80f3fd00d40cd62fec964cb17a27c245,99,10,0,109
9e2d87cd0e4231c2211defc4f331e33498a9f39c,521,12,0,533
0ffeb05e19ad2c105081f3062ba179011b82949d,228,4,0,232
d1f6e0c248795aa3e4e07825992586e6f246eb0b,106,3,0,109
6a7fa27901da4a95d922890af808cc14db2f57d4,142,2,0,144
ec92aff6b15c6c691a3f2a5a2b1c0fb0955afd12,16,1,0,17
bfcc56eba5240cf05e4d438d4d5c5b2aca624be6,52,1,0,53
1af35d54d1347eda6b7f459daac0e5de6f39ec15,212,4,0,216
62c9381e5ef4652402a60dae22c276efecb22aae,559,11,0,570
6aebc8acf5367c0b3fb62340b5ddcfeb818caa2c,35,3,0,38
0ba5f9e766f8ac9298c2bc159562532238ac88d5,4,1,0,5
9459f8530b960cc387f7d7b304497f30bc6eb897,68,1,0,69
c34d98856d07cefac555018c615de40e88811031,72,2,0,74
d360e6c1b3ffc85446877c616aebec9084f6e1d4,10,1,0,11
7988ebe3eab51841e5f5d5ba992ccdac8777004c,258,5,0,263
c1519a7aa74605da1ca5ed33d4fa46a5c35a9f2b,247,5,0,252
0132574ba3deae2223ee38a11add4b6fa02fdd78,81,9,0,90
0ffd7bc0d87511b744a68563918835b6c08f0e26,14,1,0,15
4f8ba9847112c443329c8a47045a722d74783f40,276,7,0,283
3e2b07f912842bbf56d22cb13716931e2ccab1d6,90,4,0,94
7a401cc226846c882a00b11828959f0351babf9d,11,2,0,13
51b6a3b688b46b54fe3724a477b14a107ea26c29,385,8,0,393
b8fc8f3c7659ee2ed09ff1cb814686402eaa4725,256,5,0,261
8935953d8f9a01902445e2566c17632c848fd8d3,1718,25,2,1743
82f9e709019deb4eea3e54f79887fab8cd9c2f09,74,3,0,77
33d6aa1479843224a896feac456c594b8f2cd3d5,97,4,0,101
982f169874f4c51ce068c71e2ed1e5d3e21ac0e7,2,1,0,3
4738d8177fb4e3c8b0a3a41c0cbbb0caf4c6b022,2,1,0,3
15c056237e8fbd104fd32136269f021ce9116fa6,41,1,0,42
c0b05074875b36945ef91f99a07f79f6f819f54d,62,4,1,66
4e69b1cf7fcb05531acaf67ded15d21152fefd62,15,1,0,16
85204d140c34470a948e000a8562b87c0cc3f1d7,19,1,0,20
641364419ae7bb667c6b9d7aa1b52168516f7e64,3,1,0,4
ddd72a82365a62ae232e72076d4db63fb5cbfc60,2,1,0,3
6572acf67f7b3eb576bee0dd5762eb70dd4530c7,382,13,0,395
72278d73fd6aaf839aef558d0b706299c86b5f5f,16,2,0,18
d053be7a5fb27c3c0657cc45a93874eb304ceeb8,41,6,0,47
99f54346380a23f88de949655561d3dfb26a650d,20,6,1,26
e0fcfda1574ddcbba0d7a6ebcdbde4ac1e067ef8,3543,41,0,3584
3bb638d4feccb9ef2582fa62552811005c333345,101,3,1,104
8be13eb7da81527051e1d65d137047346a14dd0a,508,5,0,513
9be545b13e1cd2149cb4fe6ec0d758f46fea1cca,6,3,0,9
fed12631c032130c3d2aa535b6ef48b904a1a013,14,4,0,18
d3cc857dc611791ff0b96dc65ac32ca2666104a6,27,1,0,28
844273766729ebf7e54db5ce3fbe02e8a5ff16cd,44,3,0,47
fff70b781b87e004ee6aa9eebba5847fdf356bc1,247,4,0,251
78d67db01c24c5717857d16be98dbfe12cb24ce9,89,1,0,90
dd7b09dab1dccd4c66111e68519980d84a4a354f,139,3,0,142
e428cd764ed13cdb2631c9cffa7420c1428bdd08,2,1,0,3
69d073d3caeb1b754f6a88fc558f143a796f59f8,11,4,0,15
8d071f363a5399b155a8dffbb27edc8d7565e285,941,20,0,961
a7acda84279766c230906569fae70d60a4a4ee31,503,10,1,513
265304e328d57865c5514126912a452c6e0ce5ed,107,10,0,117
938364d52dcda8b1cd88ac3683e0268883736ba7,2,1,1,3
28b548453c96e9d67dcae01953657464e992c32f,7,3,0,10
9c88c8b4c2945633d52871717447f0dfd503a8b0,216,1,1,217
5be3455a297e55d8a3ab186d0d644ea96d33355a,98,1,0,99
d11f23d149e49abd9f5d14c754219e52930cf986,21,1,0,22
933295514d8acb585077e78d84ef626e7126d02e,78,35,0,113
aa865c35226e176ad6914117f2ae7d030f7503a2,9,2,0,11
58298064adc4ad65deefaa6f07bc31a0e24b079e,1,1,0,2
80c59ec1c0bab6631ef796d5d82c4ca90f1921a6,6,1,0,7
5e01780304363f134760de3faff703fc37cbabab,23,4,0,27
ba62975b4c1076e4620d35dc834392b8a49141b6,41,6,0,47
17dad96b19862c4ef000cf319a1c4ed7cdf95a26,5,1,1,6
d93255881ef53a5eff09b2821581885bf9c47ecd,166,11,0,177
53de3f7575ce4fa139e5e7e2df0c3ac8a700b137,21,1,0,22
b05cbf261d5d701dfc6ca31ed92103a1a0615e45,38,3,0,41
ca8087f053f5086a201f6f57f8e06c65942a7f77,49,18,0,67
acc7f1c5fb0ee8e5c2a8a9c379f7981dece8acfa,10,1,0,11
b4c06028e78270e29c8deffd20a2eb714c81a90a,683,6,0,689
a4c43003940c4175c9bc382096342bd7066af2be,4,1,1,5
eac3a94af861b8a3886fdea0d838dff058e439ca,27,1,1,28
d3e1fc1b841364028d70d38bff4d59cbd2490dbc,11,1,0,12
d9184bae34645391462e2015df90280c73c07297,40,4,0,44
31754fb989acb4af2b06df4b546e1d39632dae87,42,2,0,44
e47a4abc81226a140fcd298ecf2af03a817b1a3c,17,2,0,19
d9dada47bbc07784e09b6af0b7d95e0659b5bb10,1,1,0,2
6aba3e2c5825c9086c02e156fa46dbd461133043,46,1,0,47
dbc1f981a2df981795e5199515b2c1a1f362cb3d,108,12,0,120
73e514c6f91563cd5c9286633f150a41024a99f9,186,5,0,191
47426b68807a8abb48b668e277beadd74638b79d,2,1,0,3
9ba397553a65d05857a5a523a9e04f1545e05981,5,1,0,6
a3f10c6cf5ef1da67f7aa1d88dc77a6249fa5d77,193,3,0,196
e61ff20881ea0bbf851d493b69c40806b49b0896,431,7,0,438
232be52f57030b03e615f635989c056d6b9ddcd2,109,5,1,114
be279f0bdd70b0c539b77abcd7143d06009d8b7e,11,1,0,12
df90d44d05bbe2ed4f6191b5f74f8c342efc183c,180,9,1,189
97c8df85359a4e3f4b3004b29fae8bda19ebaa72,236,7,0,243
81bfaa48458b300e700d320317579be7303606e1,48,1,0,49
a617462e19e377c8e30c3aaa3a7810de25bf5c50,11,1,0,12
181d19dc456b85db0ce6e24ca9d27fba8ef60075,104,3,1,107
963a1f08b39998d8cd0ed146cef29bdc81c2d5df,2,1,0,3
fda697934a51525d95c86569b7ef42fda1b39fb3,2,1,0,3
b199563a1f77bffdf3116c16eb37207d50752222,350,5,0,355
ad56f0022982a920a4dfb29e5e9729487dc5615e,297,10,0,307
a41a5f170d14526c3c3d7f74d859d789791c10d0,4,1,0,5
3067beb9d87d729e4c57b95f99fe640ed67bd847,20,2,0,22
2d385d77db12cff8b8a85727227326324f381ed6,136,1,0,137
fe341428dccf070f2fcc485462c3ffe0c90f1e8c,24,1,0,25
5cbc246081e79a952499656a4b119e13e09a0eb9,11,1,0,12
47d383ac7fff7e74dfd9468ba1229ce63f31e81a,12,2,0,14
791762a369db9103641f9cac3fda5661b9996924,34,1,0,35
ae17e9d9db7d529fda356b547d21bdb199282837,41,1,0,42
72d88189be3e1edad7834a1ea8f9e9d9841947da,66,1,0,67
5b65bc4d6050ff436563c6887768653321f5af2b,330,4,0,334
4d5ad2f0f2ea5383e9e891be65350fab80a9694b,26,2,0,28
d906c0e7de632447b3a0185372f3ac51fa1f4190,287,11,10,298
58a35c68cd67169ccfe662bc9d7ff00d01b355ea,5,1,0,6
95add6bd59dbbfc7f1438e89e2bb1a74620a81e8,2,1,1,3
764949d54e3d9ea143386850c59b5c865d7fa8e1,60,3,0,63
60a7ec84bc71f90116b0c110b7af17877f7cf556,51,2,1,53
9f3c420edb07bc46acc469802e141b03eefeb27c,1488,20,0,1508
df3a5ff7e783b0ea9f0816a72a1b322b2276a1b5,130,2,1,132
6d5e24b835c2eab5f91ceed2a6c880fa078c5232,20,2,0,22
8cb70c45c4ed7509273e1b0c143e1f604e66a841,201,6,0,207
db18b890d9bc2b70b1cff6cda0d93a9f98a8e733,44,1,0,45
6ca08462341e6919f0b9cf3955dd6fc71e40f667,134,4,0,138
fa4d3d7efa429dabf8c69fc03d869f425c55eee7,185,7,0,192
13dde0d6d30ad4db48d2c76af76a979440bc7686,13,3,0,16
5132946a902dcffbf4194fa400f27570ef3b6a37,98,7,3,105
0bac1708587efdc4a84862e71666c75f98fde4f8,1,1,0,2
fc81568033d2f839832f6f0849b7bb5e055c3aeb,14,1,0,15
74677e9d2317049b3ba7d2a9821cacade28ef0ed,20,2,0,22
0a4641c958f1cd310c920f17d916fcb0ad0b5ef9,2,1,0,3
57f7857491bbc1af672aeb5db615a0a89cc2f7af,32,1,0,33
89ab38483e0ef65ff9a146b6e9de0c5677f5996b,2527,57,7,2584
4656c36201a81fdb83046a0ba3f764d4b58c084f,75,10,0,85
5edaaa0c809a2c4012693997a139772b7659be37,21,3,0,24
4d527b24d99610290e3487b0319a24836ec2dfc2,1,1,0,2
f48543efd63f9e54afafeceda552488546cfdf67,325,6,1,331
6f3862139ec40db51a194d057b7a7910b1b9c1e4,482,27,0,509
52a1790be8b4066c2866f314b58909442ac91528,237,6,0,243
80e128de60a0e5979db3909fa8a385cb6bb2b3e6,65,1,1,66
97ce8da6abdbd850323d3ba71d0a22315120b282,49,1,0,50
900e4e350bd79f936b5d14d34a9b69a9d56ed103,189,9,0,198
58ce34e27d869a6b3610f78280a0b4a8522a36a7,8,2,2,10
a522cf06e39a774b5b8b823e8046115753e3f8e9,419,4,2,423
171e66598e6b36e049da9f124de68330437db3a6,1524,53,14,1577
1fc2a74181937cf96a988c0b8264eeb18730c070,640,15,0,655
9789ff433f60cee970db0cecfe60c12370520e66,187,6,6,193
e6769982274a1069dfb5dd909b26332834969656,6,1,0,7
1c6a2fbbb413fec5571e7717330629ae8eec1f90,224,3,1,227
eb96e25d915d8d9c8f7814c17251c0c75ec3b40b,7,1,0,8
fff33cfc7f1c729ef7770b7bb5dd666411fe13db,443,14,0,457
9f9f95c2ff58c3104505846969a9106ee4da3d14,3,1,0,4
e727b398440969b4c76510ce55372a3ffb3c2abb,90,1,0,91
28b18502acad4249dba07b4dfaaa3615c3024881,20,1,0,21
26385d816318d55ec7a51ae461ca01421b27d099,12,2,0,14
e3858961b8415dd1926f260cdad1f242a60e5327,12,1,0,13
9e6edd27124336f2f62ac70855341eca86b7b82b,77,3,0,80
f4cc0bf80339a40a1b3cd4e4b3fdba032d8f777a,13,1,0,14
f8e7daccd8d16c49211a0ff6d386c17a629fbca3,13,1,0,14
e7e03044366c5ff228fdad9aa87133a82ec07cb0,2528,38,5,2566
f27f320baa549512f46eb19d35ffe0187d16c3e2,12,3,0,15
bc4fd2464c87de01c4bcec95d34515c8380ad88e,8,2,0,10
00a9a7832b27286b622babe602f4ac1203b06c97,118,4,0,122
6d151127c86b7eec7d9eaffc39fe64275fb4d79b,212,2,0,214
d2490ba4ccf243f9191677764dab0bb9bab5a597,24,2,0,26
fad95afe42c03301ada3b38fd79498e9d9aa5e02,30,3,0,33
7079c7c6b8388098503396ba17075bb94c87d16f,18,1,0,19
f57b9493ff8d26a01abe70af9432cea982568e88,209,19,2,228
e545a98969d6b2cba48494c51ffadc869947e4bf,93,2,0,95
5a442fa043ab65a9ea175744c49301b1b9870dc8,13,2,0,15
e087a6d0dbaa1c84474c0c93df32f5cba345e7fc,6,1,0,7
7bc65447d1322ab5eb1536a9fae0a47d36b8f564,425,12,1,437
864c67ec8c20e70d783730576e5ed135c4658ecc,22,3,1,25
88f9e5fc3c0c4d73295c35661e89de3d08a206e9,36,5,2,41
1e43bb8aec6eb8f44c39ed768c90abfa8e38d6aa,132,5,0,137
635d368105537ecf18de6ab9725041a8cfaca439,18,2,0,20
62c8fe60927f7fc5d9ae855117b1f6e087eece8d,4662,4,0,4666
b7cc5d0c667428e4c5a834b80f74e17df424daa7,10,1,0,11
103151b2cb0133ab11f543dea85846a3bc929457,1,1,0,2
dd49d9377c40f20ffec7b6a38d4a0da590b3ddee,58,4,0,62
2e68541999a9183bc1b4fd30832125c19566ea70,9,1,0,10
3aefa210546cc975e6ce6e41ae1e84b8b0adb705,254,10,0,264
a63829100adec44a8af2f7519ebc912c260ecbd2,6,1,0,7
517c9abc54182e92db192261d9b850aa94cd93d1,207,3,0,210
7c6055f5b685807a560dd3b65dba591041aaf8c4,27,1,0,28
0b5f632d134a76fc24e94490fdae537b802443e9,1634,32,1,1666
ee382708f3ac7e5fe67cb208e3876d053cbeeeec,4,1,0,5
60e4b05e5bcf80a5d305af34492e8aa32392cb9b,148,3,0,151
c3d578554b268a46bb1d1b44e693022edf3e7164,72,3,0,75
92c6d9408b1b037c3a097f4cba9cf47cd3bca6c4,44,2,0,46
00489ab9027a0bf31526157a9302e405ed3bd96d,2,1,0,3
08a2a0a768e3f5ce753b1a093ddab58ec8a57ac9,288,3,1,291
da8b75959d56bcd70a3cb3969e81f2c940787232,2960,174,32,3134
3789d4d4c2365f52b76ec0326f3ac079b3ebc525,493,10,1,503
86d5fbe513888ff3b47145b408b35ca2d5b12d1d,10,1,0,11
4e176fba415c1ae0c85425bb60461f5fde711b55,35,4,0,39
98c470873b56010dc6f559b6b118eeb98e612ad0,83,2,0,85
df9dcc6a3fe718980aa99199b3e5e086e3f02ec9,2,1,0,3
2a29ade5b21290ab011684327f66c0238ee1eb0d,33,3,3,36
eeae20a75ee9b1bf8d5343da13b308f8076394ea,87,1,0,88
f00fb885b8e0546bc1ba7c1d01ce6115e82fac3c,923,17,1,940
dae60ed20477275863a0be67ef35258576fc5c19,5,1,0,6
c0623d5ae199f150a6106003be411d09eca41bb8,640,15,0,655
ff981d9b8d0c75f7236bc57f6459e3f6d275690c,2215,50,2,2265
38d6557715e4c7fcc1312081348cf230342bdd6b,37,6,0,43
00b3dde6e0351f558257cf0d6d0c1dda562ea2b6,1393,24,13,1417
46c05ab3743cee62e18c7d53dee3f656a6662c02,12,2,0,14
682c57f0c1a820236927c47c2699a9bb6e1c2c9f,13,3,0,16
81d5cf3cb0f4049eda1e2b2fab5101de9a7f61cf,13,3,0,16
c08f912d9101916b84a129ac2de9d8839d480e8f,0,0,0,0
32a5f91cf02e33314d6c1e2c2d823eecc0accc6f,2,1,0,3
7a49da2fa8cef35530af56a6339d472f5b60c500,6,1,0,7
75c14fcf7977439f21bfaa7dc3ac9273203b4802,240,14,0,254
1eaedb8ca24f5e5c45d0475d2122ff9385d8dc83,8,1,0,9
ade7b5ab9b83e7e96c9dc8792e790e8a88a594fa,14,1,0,15
bf0c6ef6028d0847b2552ceb7458232990987d98,2,1,0,3
83cd9b0c43eaea12294a120cf64917f2eac5de5f,30,2,0,32
d7c7b69c2df41f808b766108813a2391a958200d,34,1,1,35
72c7102716d92394c2eeda0492292d7b31c5bae2,44,2,0,46
e243455cd5f2bf6695dc5b694e8afea076dc85d8,8,1,0,9
93eeff8d9a8660e1498fd6328c497ea25c900c9b,46,2,2,48
314efdc88303a2c916b84ed0e28329a539f2798c,759,9,1,768
0c2b51bf97a48aaf99d4ca29ddd4bc1eafaced1c,47,2,1,49
b63a3b70e017444845bf60fc0e70325dd8c8f73a,12,2,2,14
6ab01724c2288dba84861788122010306bc897b1,766,8,0,774
a7d8081ebb9330ce96c47d2debec739288e96bf7,173,17,5,190
26c43debc2ab10f0e6206b00ff19c93832c57ad6,96,5,2,101
da9b31e60640502da09a3888440be330495fe301,8,2,0,10
af1b4097d3ee2159a6b8afc645bee7ce4332c664,60,2,1,62
d0b87d3cca42d9286ed9e0e341705393e6f3a797,5,1,0,6
3ae7f9c572af4130ef39ad40bd39863ebde70db1,15,1,1,16
ecfe52cc4a23c2c29c5bb61baaa040d8933b12c2,16,1,0,17
537212a0c9f4f958b7c80508a97eae44a4234789,16,2,0,18
6b8cd65c0349a281bb8483c20be8b8dd20e063e1,738,13,2,751
4f5115187b84ebb0f76285fa0093c031e0702a01,15,1,1,16
efac08afac6c6e3c56f094148caaea102499a6f4,4,1,0,5
9ccaa6a16883adc44e8bfa9de510bde86dc2a5d1,23,1,0,24
4d431c96426bda4ceb958ff4e83e32870ecf3dfd,240,15,0,255
5b70dc680b8630a2d7e15c52953efa6daacc0cf6,50,1,0,51
32ec1a2241285176560f059203b6304113fa20ca,21,1,0,22
78ebfea37203368b5b05b522673e070aa6a13534,10,1,0,11
61766b83ffa2d41e695924c7c6fd9dd9db8b8938,77,2,0,79
1a26ea56fdf35fae6ef3b4c00970e2626a7e070d,18449,407,57,18856
1472fd668d426664fa9f4d4ff72f0800b9bad87d,2,1,0,3
88108e31f220d43cf6c771d87bb421dda1562c25,7,1,0,8
a115d89e49be63356fd2d2e97f259e645d6ab955,169,5,2,174
1607270a25e3f3beb62066a6e925ccc51296c65d,167,2,0,169
61297b799f7887ebcbd4dc382d908f4fe474f877,9,1,1,10
09679a09a98d854e3db126ee0481dd0ec2678a7c,15,1,1,16
4dfd1c54d57cd87a452788e5d14edcc7403f3afa,34,1,0,35
30edde2e3ad0e00929f74316d528053da95a10c7,120,2,1,122
ec1262dbc55ac0d7399495b69151147c150d5eb5,56,1,0,57
59583ab970f585f8e3e7a5a6ad6d79678127b00a,223,8,4,231
fd9409d6f068957714f388f424a55d4d58890ea5,29,2,0,31
1eda962701329c774cdee875c816b37da7a346f1,732,15,0,747
02937dad0e7e86336a3294fec31f0b676fde2c17,33,2,0,35
5e9ed693769eba51949b78d5e7bdb6322d4a2d46,959,15,0,974
63c28e8a6d7d46acfb777f56aca34d299cb81ebd,39,3,0,42
72a412cd5772787a71353b8e5ed6e14408ed0e47,6,1,0,7
39ebe800e2f79beee56accd5650d061d482b01a6,28,1,0,29
ed33bee15334a9507522d203c659cfc888879e7a,176,8,1,184
19496411ed799ada0056e1da8bc02625646df186,43,1,1,44
d60a907785328bb31b811355988b613bf4d49a6d,2,1,0,3
3842b1d8af7eb45aa275047abdb94e3cb2b14199,1287,29,4,1316
2c41f413d6f3edbe90ec80bd898c81131113ef9a,4,1,0,5
90de2b3f7f0c9d4b103429ae5535d8987449c9c5,3,2,0,5
e86403f4d39db3eb6b22c1c4218ede9564658b63,201,28,5,229
ab93b122d941d5f35ef19a8c9bae1b123484b9b3,201,3,0,204
b0e46ba55f82e33e7b5adbb5b5faf6e33c30e23d,4,1,0,5
1d3e8510ea30719464901dbb5c36ebc66c54ec0d,6,1,0,7
3769a1c8b899a264c1f5e0afa17e841e7433078b,8,1,0,9
6d15287297fd493f1837a0aa24c3c14875f9ed22,7,1,0,8
401fb27157d959bc93be30421de3cb78aee6682e,37,1,0,38
f28bf6ee11ffaec0bf21acd827dcbac3d7545fc3,54,3,1,57
649061bc8827123ca40fa6f815ca775a6783b263,12,1,0,13
e39eda605e84ec070f8f697d0ba958d6706ec8aa,4,1,0,5
8aa7876769c8696472371d1b024dee1183df01ac,4,1,0,5
199c86c6510672a08d8d78423377d736fb7a0117,5,1,1,6
f9b2c57b2bcf5db898927fa7efdd0148cf538f16,75,3,0,78
169a3aa9565e6b3474a34799754cfc10a75981cc,16,1,0,17
30cfb13d00b5204191bc82af3c82ebf485fd6b64,690,9,4,699
5501d60e05c96ffeb2122449af364958b3e2c4e5,5,1,0,6
0f017273318c37e17cb5e66a063e760a69499ed7,58,1,0,59
a5ea0bd75fa07cb59de6d0ea5b36bb33bab56aad,2,1,0,3
58d6ce782c07cc334a3c09af43f52d0579ff116a,92,2,1,94
823aef5c7b9177e86cc7cab4f3e30e333dd43b96,16,4,0,20
51bdc8249e01e88ebd2717bbc326a7657fd40d68,129,27,15,156
9a020ad44fce6e701586ac3f7386a04775946da5,5,2,2,7
df7bb0ac0f6f95d0ec4c3a77585d11742cbfd0d0,296,47,20,343
0f50bbff9f19989707e9fb5f524a398660b4667a,185,1,1,186
2973b04fdf0340966974cb83f12338939328ac4e,80,4,0,84
ab7e0a3771b864540b7bb8b5572bb5ae3bea58d6,6,1,0,7
3b702371e2a2da4a2dd84d1faf0e02c6a9284ceb,6,1,0,7
d5832acc6e2175dcd3b13051293fa51c0e747e38,4886,40,8,4926
deee474e5caa82538dd8d62f7dcbd5a4489fe04a,22,2,0,24
31bb508b09ab95994b57315860be51b7d74fbf29,6,1,0,7
32c9afb5cf3ece28ab32faf5b218a04a9580c0ae,874,9,0,883
e2cf2c61c96c26723013df826aebe36f23e5c9eb,52,3,0,55
75dce452946fa6448a54908cf628e4cb5e26dd5c,61,2,0,63
b36b99bfa1c2aecdfbc32c2f55b2f2f46cc951d9,108,4,0,112
65b70a1e0d5c53025c88e5a0d80415354de50ee9,361,11,11,372
ca8f66465040742177f05ccd45ef6391782480f5,55,5,0,60
b66bfd31cd44302d9bbf7ac0e751b0853d860863,2,1,0,3
0fabff22513d1505d082de6d39de1c37176d7465,219,3,1,222
b807471be75cb346f57a174aeceeaafb6aae5b6d,17,1,0,18
dd87bd81ba7855e2018d20beb8f9b139e1706dac,8,1,0,9
70b2a4dffffb9601d88e4f1b6d2abc5d12b783fa,57,2,1,59
dd1a424f27e2a2e31158c7bdc22c132d2f7b22d0,143,11,7,154
2676f9e5bb5d6831b9c09d30ad393e562e2e9af3,2,1,0,3
ef2e5a263ef90d99b1b4554b60a4baa4a3c4fbaf,22,2,0,24
db67bd50cb1ea2bf53350db3b9c4be2eb45bb7b0,394,5,2,399
8b9df536485240a17d7f4ebbf461fba725cc1224,98,4,0,102
13b1d87936f945190d913b7e8e6e88a2a838f7a1,162,5,0,167
92479701db5ae1b0fe6f296b248990b8e70b630f,12,2,0,14
93d3db23a7bedafad1bf83ba5c888f4df09739f6,3,1,0,4
1ca64f423b8f095d8b163224bf374c8851bd89f6,6,1,0,7
449644663dea2dbffe7e1185050bc8347a1eff76,226,3,0,229
59933fb45d2949bba380762555ec73106039aff9,518,31,0,549
acc0662cb811784ea572d1ca881ad020db2b09ee,2,1,0,3
345571de52f720e1516d0c7779aea9d381cc4b40,61,1,0,62
e7a0b2935c18db78c6079c94195e0be6cda29709,111,5,0,116
ba29b7e8ee5f466c90a018f9e6e1f9a978c56b49,24,2,0,26
4c142f70cd08e3016fa29022fced7f69734e2fb2,22,1,0,23
46ffff7879d51f8d3676c2080b1c69602d635dac,1921,26,4,1947
ce104f4ed9896071653be940367cdb8314838c50,6,1,0,7
22d0f645da59f924605679b7b382366105ed7daa,2630,39,6,2669
6e332547fd60294c3bcd27afa36724b414c3f2f0,258,39,18,297
87e1979d3d07752449f71a7c4a34e1d0c27809a7,36,8,8,44
9b1372f628a2b67f3d937580a86077c506902cd5,59,8,0,67
c25df8f34dfba5fee9f45cfceb4563c06f5f92a2,71,13,0,84
c21af775be3bcfe9eea3005f43751549a719b827,83,12,0,95
248f31802a20d1dba8b11bb9c65b7db305611109,216,12,2,228
1d60ac5f3126d90c26fd9aa3b30e970a8e62a702,8,2,2,10
dcbae1a7a6bca4240c72995e5d0cd1c66db2d2f6,311,6,5,317
ce39500d9ef33939c954c7d4cbfa18d974db95fd,6,1,0,7
157ad9ff6a32e8f03209e9410f65b7966ae8e480,5,1,0,6
b20cdbe8630d76bd608fef36dda4cb144cb7af58,348,4,3,352
7dc1b24a55313d74301aef77049d197c4d80f23c,504,3,0,507
c83048fa5c1374d7c1ad37477ad039aa4f290b19,545,10,2,555
8c024019868621939f5f95560ff5270eb0087265,84,2,0,86
705975921c6eec44348dc8e530f261f663c09f74,15,1,0,16
ad73d576b9d924080fde06c3cd8df76178e44e05,838,7,0,845
6e99ff7e67d518f8c25413ac8c746556fad9989d,4,1,0,5
3955c0a1bdfeca320906478e45875b3a117b0e83,14,2,0,16
0f3c91d158e8c5a01c6d9c3f96ce1e162195c9d4,171,15,0,186
3d38a8dd20b1e008f1fd9a9bd406b8e83f1ec2c8,127,3,1,130
67ecf7f1370d39628d552ac82031c83ea19ba0d3,341,32,0,373
d4570e46cea0866a182fc2b3c69ebd74d368cfa0,142,3,1,145
63b9c87c5793d79649f4f3607d9155071a95ce6d,142,2,1,144
fbfeead13dd8dcc84eca1687e81be68875fbbba5,2,1,0,3
f82917d92de518d01da24abc793039945ed58993,61,2,1,63
aab80eed071b1a6299fd9900fab493d173e83d38,26,2,1,28
363687fde4c83a8ad866d99af4b187a98544fa46,978,14,1,992
d18f963cb1731b7660cfb5b45ef0d80d36e27cf7,93,1,1,94
62baa5a40f22f2ad78e2c6a51adab4b111a90cbe,5,2,0,7
519afed75fc63492eb0f3f7b8545fe77b67a0807,1,1,0,2
4acccb9e7bf1cdfad461a7bc53ff858b5d03f8a4,78,2,0,80
29a26d1a3ac08bd0dcb350371bdd517fd0e3c8de,1084,17,7,1101
e9fac4b6e33fa58ddfb2371214dcd7a293f7e7d1,1,1,0,2
184117c066749f08b79c7c4b63fd2d1c1c5ac6fd,62,1,1,63
c9b7c6c1cc12ec88dae0804fc058a2e4b374c0a8,126,7,0,133
a20d6a3877d96be550e479a64761af6cdf9313ca,27,2,0,29
2f4b4cbc6153768e28a65c9e1063ce8bf1f29b6f,242,12,10,254
aeed07c0094e84ca795421b573726e2b32bc32e2,237,1,0,238
86722df7ce83170ecc9b72b1986f0267473205a0,61,2,1,63
4ff6d5d55ae36ae866b993364d0921898cc1b9f2,3,1,0,4
7f7b2f8d414f10d101a41f987bc6c1aa51771a89,2,1,0,3
3bfca1e5c0711d5d0b56ec5f9ed3a6e7dc3e766c,403,3,1,406
759f6d577607633793b688c894d529cd194774ba,59,2,1,61
61ad60f7b0c0a27258695ea2f01e326d00f19437,3,1,0,4
2bb7a21917fa23880dd6512266fa984642ef692d,36,1,0,37
26539d7df1578f94609f2578468a0b909e6f1b5a,3225,1,0,3226
caa3728c25b94124e5d87a6f361035482e5c285a,22,5,0,27
1253f5b77e1f2ca473a5dd5472d7f45d05aae6de,2,1,1,3
35cb68899e60c15bbc2c741d64af372a66a16b45,85,13,0,98
d3d4cc1b9b14367f2aa9f134c6712cffdf285a38,10,1,0,11
a4c55c3186b1e21c5a5b0305dae4b32607567f33,138,6,0,144
7dcc4e6f07ebf67f714ffc787eef5dc70e6641fc,12,1,0,13
5bb16fb7f0745dfa79d892d24df0d90f09b06d11,11,1,0,12
1a7e69b752b7246f7babf99684002556956b4d34,8,1,0,9
360a29fc6bcb6d7cd381618db1f66b689ab4915a,9,1,0,10
926751f40e9f7800201298172c150d858ade9234,125,7,0,132
b435b5b66f798c0bafca32b7b225959ca3f6e262,95,3,0,98
bb391ab555a5e2134be46464e5d0121e6d46fd90,27,2,0,29
cf5af4686459e08b042243d7af78181cb230c59a,47,3,0,50
42e3d5e35c6f59f314ec81a5bff0ccc09885bec6,158,9,1,167
42338b8a1e8f1c663fc004407f34e934d322cb51,27,2,0,29
36935d7de6e2e8dd77cd8323fc8968a7b99c0b0a,3,1,0,4
aefdb82bb164e79ed75a1a745bf563e2bca1f0a8,2,1,0,3
1c43359711334500976e4b66bf37f5509814783f,1639,23,8,1662
29cea66a4a02298175e29eb7d66ed4ce7bc4d658,134,2,1,136
ad0063a957bf383649bcfc2f691a16db23dd7f9f,118,2,0,120
a4c6a4348349390063fc66351657e7abf9f11ba0,29,1,1,30
0d6edd9b6ac078c3f11e7205c542d2f8c2a8c83b,10,1,0,11
6f11af7051dd9f1984278aaf480404bb547afef1,8,1,0,9
042035b27bda67342e9beb4e1aa4c87f5c58c81e,12,1,0,13
64219c9479fe1b09218c46a32eeb2674defdb3e5,2,1,0,3
5fb7a863168112725835998636999f764b1b9359,28,3,0,31
bb99f08e4ffb0572d64984c6eb818a571c57448a,4,1,0,5
fcee52bc23efd45d8cb525c66f911fc3c41c7005,54,1,0,55
032ff4f7bacb125363a95d4b661e9a1bab562cbc,201,13,5,214
234c63adc6408c4970da4b699173bf4040e4c683,18,2,0,20
058277fc105ea4e606edd14f709dbb59c504503c,112,8,0,120
de933aeaea3350a2fde839edf07ff923c5f903e6,2746,39,18,2785
841c41bff37a70fd960f177363eb04dd2fd8a6a9,295,5,1,300
03c3ac10bf2efcf97659870d277926a9fb651446,37,2,0,39
63c8553614e0f64a451fd7a30d2579c37dd3b358,10,1,0,11
6b61dd99a8ab76089648f8a88a3eb10946204b9b,149,6,0,155
a96b237fcf69b0a43fe82de8837d5aa36db8aac6,291,3,0,294
82623937778184fde2709c39b8ce684c8e66541b,38,4,0,42
7f5ff0b2ab4e66eaf9641d600236db2d53f07a54,1,1,0,2
171c7cb194d77048949c210f064ffd611f66f97c,585,45,7,630
35cd6127387097a0a9f64e44791d07e3737233a3,16,1,0,17
0654c373e4bdd1c5db695ab8923e618c3c758aae,5,2,0,7
b34cbed38893a96333e7d168cb5a7a93caffb636,4,1,0,5
d46d0bbe371a140c5d4b6263f46e6b4575b30dc7,84,1,0,85
8b7235243c6dddae08dc85672196815f63f966d3,69,4,0,73
3a3524efdbd71b2e034f265fddef3e8c7f1ffac4,4,1,0,5
b101013da08ddff5791fad8841dd6bc370c90014,13,1,0,14
485fb166ca3ae783fad436d843af43ba54327af4,16,5,5,21
f4ddb4aa8a2a673458e6f2948cf55efc721d3d62,240,10,3,250
8e62b1862d3eb4c76e028d654e3fce5f2caf8b3f,12,1,0,13
04a0ba121b17f9448c6e3425eb802177ecdf197e,4,1,0,5
64b1c620f1924146a99e51e4d7dd16ac83718c4e,52,1,0,53
03b4d070879e365aa2f49a12ab0ea01f98c38b08,1,1,0,2
6cfcd58363651f37a3ea4e4240805e4fc7ed997c,709,13,3,722
0fa5ecb267efcda724dbea7dcd6f4739bc7e7ad4,134,4,0,138
bfea7f8d27f4c8f421632b52879bb2b7fe3043df,226,8,0,234
30bac67e725a393b4cd5bb9c0856058af9a9280e,2,1,0,3
c2db71d0c7347dfb5aa2fabe5a0638425123626b,33,2,0,35
22c6abd26b3f0e143a84ea4e7d8e48b5e0182230,2,1,0,3
82e1ad6eac4037f9888d6591c430bb1d0882e95b,6,1,0,7
d5d6ddcb5173fafd3082602c5bbbd3ef30dac9dd,14,1,0,15
87b5206cbe57a46a6d6eda58b6db5835f0af4d9c,30,1,0,31
ff620e1c8960ad79f4effa4bb8c7616425a52920,94,3,0,97
7f426b7b620dfef6eeaa519a9b916453d6ba8465,41,2,1,43
ec948cd7ee32b3dda7f9a40b74876ea98196a51c,5,2,0,7
08a9e2cb6cef12e57af3f9df0f8a29ab7192830f,307,17,5,324
adc782edba06a6c18e7591bef4708be1068bf4c9,4,1,0,5
ab496e6d85399d3f7f2726d62869b1f014c7fdb3,47,1,0,48
eaf7475673af7d2668c8e2bc4276f70ca99c9612,325,4,0,329
276d4ebbd04b34a418b7b2da8fed6bb3003967a3,37,3,0,40
83797524d096d505ca47b95ad8aaa1c55aa9d1fe,123,2,0,125
1f51a4db1304a44cc3802c4dc21359d7d582ffac,138,1,0,139
374aaa6971083f7e626eb8800ca7b5abb92d5ea5,16,1,0,17
856f1898dbf25d2e94968997e82c04d6bc688e85,710,18,9,728
71fd57a4b485c89a85bc592b492e55a5d8470301,194,12,2,206
ee65fb2a66e7ce2e81f0d55f07a531ec23967dcb,126,17,1,143
e7c96e331b31b8df9178930087d1462ac704d494,2,1,1,3
21d879607d0a1f0c716b02a5071778eb449a4cf2,1,1,1,2
f66a245d73c3abd1ef6a72027d8645270add8012,134,9,1,143
7b28a7f9d01c88b232a783155ff18c8e9b5789b9,2,1,0,3
03c2d59da9cebad67673c326f0346c3fc56b1b1c,76,5,0,81
67f192b751bcf0dde9b5727fba340ff74e2906a3,90,5,0,95
4fbb0436ee84c8d7f64f6b642575bc1939ea7b58,210,8,1,218
32a76a5cf226a04e5521da40cf9f050cc0d0e56f,339,26,0,365
bafe221dae021d0ca565b76f2512ede01a28e57e,30,2,0,32
3780e4211158db081c1334d9b7a62458c285a9c1,217,6,1,223
b9f2f6998ce90c7b3f549819c6d05c22bb1802b7,2,1,0,3
a08cd4397cb4c457d1e916cc3970818524e93ba6,2,1,0,3
3cdba0b00af98ad0fd8334c5522ca1968ddd9e9c,27,2,0,29
82755fd7ed9f23324c6771e8eb08acafa39457e2,27,2,0,29
bb749e1530a5c2e8f81bc53541c72fff98887f5c,55,8,7,63
790bdfcdfa2238ae72fdd67ffb2045e588332d5f,353,9,3,362
296a87833c374f59825811cdf700e8dde6be54a5,385,7,2,392
937b10ece92156db481cd9f1cedd72cf9da53402,52,1,0,53
2c1780eea482ba7838bd72599b5dc51a7ff6986e,408,17,0,425
6554c00494f7af25f787f47f5faa4b9129220449,385,7,0,392
e2b85f3fb94281a8bf3f9cee29aba51e2f334281,52,1,0,53
7f7854bd98abaea83efd429d59160ac0a89c522d,283,3,1,286
ee53a9a7ca2cf4f2236790b0b5546d15af13fe93,132,4,0,136
1dacaf07cd693014be6d352c69f5c3d74ed59863,68,3,1,71
15fb8028da34e7df8cdf5570d44625a636ceac9c,59,5,0,64
a781366ba0d645f1e9fab3c10950a344a6879f93,114,2,0,116
19e7989fbf0425e7fee862df6d6fe39c9beef28a,1,1,0,2
5387382d0af48f7f474b5f6920a61ed0b6498e90,9,4,0,13
fd83d2a042d50e5fbe11394c249ae35c09cc39dd,3,1,0,4
6f6227b0beba21dc37e111d7c7f6afcfb51d252f,101,2,1,103
472521aea063c804182c2a80e7cc66f49c90cd70,17,1,1,18
9859192b4c3ddcc09890f973721dbcbd82abe46f,68,6,2,74
5b5e920b323e259b518497754dbba14a7ecdbd37,9,4,0,13
1883ebdf8b558587369844b90342bbcb281124a7,15,2,1,17
2ac24b69c571deb741ea807e932388a98e0e15a8,16,1,0,17
c040bf5d413bdeb75ceb95f4b1299f50a4ad7e58,13,1,0,14
7a25b71ea461b9f710c2808b34e8fcf75ee25313,72,3,0,75
7b91f27c516a8eef695c9ecedcce962dcf042031,70,10,0,80
ba7be798446edbb0efca56fa0d8542a8a5b62140,213,7,4,220
ea6534be65b01eb878cf884d3feb1c6cdb912d2f,12,1,0,13
cefe3607522574ca42353ff19ebde1b1dd5f7bda,1892,7,3,1899
6010d897bef9ca334aa53560746940c387ea8702,1881,13,5,1894
bbfe58555f22ccf585d0693afac87bec80f30291,193,3,1,196
a0755e9d7cdf8ff0550adedd21fe61e0ff1a771d,144,2,2,146
0afe329c9183085dd6fcda4467afebf23b0c11b4,140,9,6,149
01ae742e0cf9a074043fc6cb7ef36cd642c11725,136,8,0,144
602428449dc9c0a52fa2bf6d2fec302de5f31cc2,16,1,1,17
9cb29256c1033ed609d33c9d664914ea12a2942d,1898,4,1,1902
6841583ccb9176339d834acdb72a57527f159943,24,1,0,25
816c21da2fa282f671d9aeee090aee5efda143b4,774,16,6,790
795c18ed115758d8298723876838289d3515fbe3,3020,55,11,3075
fb0c5b1348b9889e75be809cb57fced7d9ebaa66,389,12,4,401
67582d064f4fdc2f179266e2c2806ea7e04944a6,2364,21,0,2385
c2c1848c7d95b2b122a5c9e7d0958c0b7b2a59cd,3020,55,11,3075
9a5a7c0a271661085cb6de786e2cf4b203962906,389,12,4,401
8d7ce7ef1e904ebf93d019c38b7627d04bfb3f0c,90,3,0,93
27145b34b5313dbb5860ae3e1ff5bff524522e81,6,1,0,7
41f65d0e3e5477b16cd234250222c48d4bda3d4f,7,1,0,8
83b9a8f4f1be795619b3778fe4a37285534179c1,2,1,0,3
3d4838fb8eb6905fcb9f6c5087c72c752b747ac9,4,1,0,5
1b6f7c251d011c265cf38814c60450fb9110d71d,90,3,0,93
715ee4d0a442554766d28a97a4b32fef1cbd7a98,100,8,0,108
37538b197f92c1bdd619a44548d52e6312f2ee8a,19,2,0,21
151dba358465b74c70af4b025178b3669c157be5,3020,55,11,3075
b516f9bf412ceb8985ddb37c8c1c3acbe8169d76,389,12,4,401
1550ce9f34caf62dbc379cb0baae7be6052481fb,180,19,14,199
4fb7ae11ad76cc583b78cb92e6765c1be0e321e0,562,13,4,575
f2c4d879c167531e204eeddab155ea902e4e136d,2,1,0,3
b929d1148410c179d1c211379a6ce13bc6651d53,170,11,2,181
38bfe04cd1f2e8c99ee1ebff2c50301c0c776ed0,1198,22,0,1220
cbff054209ec4b534fa1de40e9f9d95c57acf4ac,206,14,1,220
7d9207eb96ff7ebd165e28adc4ed7f4eb1935bce,1292,13,0,1305
520379d57f3ef35ddab0da76c656074cebe435b1,3,1,0,4
e76887a03711755c257d057f7aa7438751a94e7a,2,1,0,3
e8778e7999b05193297f0fb27aff216d16849b8d,2,1,0,3
d11f065e3caddacab8527c9e770e0dd969d09bfd,19,3,1,22
ca2d9abb9c5db96203763230d184169d23265692,154,2,0,156
0863119511d1f3ea919b22e8dc41acfa746dba5f,2,1,0,3
57dc6e177ddf69a418eccd7ce0d2e535362d9042,512,22,1,534
5edbd7016e07a60599cbfda9067a42620582ebb4,646,6,1,652
b4cd82ce4358f6026e3edbfb240d51fb2b35cca0,6,1,0,7
18fea682e694ffb0ce8a10160a532a4b90fa3e73,6,1,0,7
6bc3d99a06c815afb7d05c85055a5a793d04d0a0,1146,13,0,1159
8e1c264f6bddacbee298c0c97909d4c64d16682e,4,1,0,5
0cb953af18c7298b99c76d50657ad8f51616898d,7,1,0,8
ef9b6c2ad56acd794e9fa9b11ff1d4478ef7b3db,3,1,0,4
a883084a809a397922d8a3d661e32c3b0abdcf5e,66,1,0,67
2048d2e58707e6f57555c55fedda12ae4fcdd759,277,13,1,290
7e88dc58c9c95c8611ea26efec59589d4d05b14f,210,14,0,224
615903cc7cdbf4a68b6b3cd62759c56540fca50c,16,1,0,17
27c1c749fde49034a55cdfca47f4b3391271cad8,244,10,0,254
9e59189a8710ba9ee056ab68e0c27fbbb27bfd1b,1,1,0,2
a59b58459c633556577abc869bb17192f9893a26,6,2,2,8
bcdf1cb3596c7b06e352e8438024f6c35e36e1c2,84,2,2,86
1be5bdb2348d7c3dc839c3b7c7fa5bdba1971d72,2,1,0,3
55bb0fa33506b068ca5222501ab37cdc5fa23837,10,2,2,12
f8c3e068472a4c5031db9c4abf270f9dd608d54b,277,6,0,283
0c1bf7559e4c6e5db83bbeb766b88c549ca2804d,602,17,1,619
e7fbc6a0ec6ff78a60ec965050359cafd209b4cc,48,2,0,50
8a03dc45e33847ca5a900d261e587c766c5714e7,2,1,0,3
a8044ab173c7703534cfb45c494d3403e0569b5b,7,1,0,8
e9c31f2b22bb890093960ceb2406c12b52fd5da6,445,2,0,447
bc651baa2a2e9798d03310c0c786a4084cc152a9,527,6,0,533
509e1d9363e8cc5bbbf7364594761b68450680ff,1,1,0,2
05eb08d29f511047567aca260ec4b2a30528dc1a,1193,22,6,1215
5bfeca2df5e3ea2c4f7236193b7fb6946af3d12e,23,1,0,24
7040c97ab253b90966e0fc66fcd291e6bb7418eb,4,1,0,5
d88787970b711d942a7f273b2b0f6fa0e6935a70,9,2,2,11
1d79b0e949ad996f66908ee9ff6cbb26a21e780b,397,11,4,408
7171f75272f99e854649eaa9ea2aea011781151f,13,1,0,14
c558be193fef291b0e9be8098b7c5a02cd21d58a,700,5,1,705
be675ebf1aa1ef8bd80ae0845b36f03fd4238bd1,192,7,0,199
ea1c71b83b9c395c9c7fef0fcc0e41708a4380e8,100,2,1,102
0bafce3270b7e2b3edbe8af9f99f9bc8cd3b8565,32,3,2,35
3a3ac2f81e5140d6bd47d1251fe799fa2674a268,36,1,0,37
a27324cc2bf0ed8627c5555ecff9bda0d76a1f1f,78,1,1,79
446017fa13274d04cb8bde03e9016b8bff772527,3,3,0,6
f5469ac7313697b48485544c68c8f6a69f556d54,7,1,1,8
195a09f0e3b69c962e4915ae510b2d856256c026,99,2,1,101
d4a6a2d2c146266583f3dd631084f56401b12a87,40,4,2,44
db87fa9d25a7ca9fcbb6c54fa3ccdd48d630a010,128,1,0,129
cbd5ff898ec79ef5edbc5c34fef1f11f0e6416fd,656,19,5,675
f9cf8d1eb9c54161b935623168454f9d2778b553,34,2,0,36
b3646db32c89df167dca6cbe6f4f010ccf671524,604,22,3,626
0d8b7d75eccbbfdbb2bb1d9fd6d919ceb32bea84,539,17,1,556
81f5b8aca2aa19b9dd34fd063862c63858f67767,53,8,0,61
261dc54f61f64e51d54fb6c836b023965e66c5e6,344,16,5,360
e83f10585242824371fb175f3c99d202a7b0fac0,12,1,0,13
d5e4b9c3751a68835909632af355f929437f0f00,80,1,0,81
820bbdf0723358583643ba8673f8206aa2f52231,1232,23,1,1255
60e8e7b5c917f7a0f2b71ee3b2c4b6e27691de65,10,2,1,12
25b0c491042fc7e4cbc2256966e667f3e8bce178,13,3,0,16
812d7fe29b0218c2d522778bc981ef35c25d77f4,766,17,5,783
be55ae38ccdcfb50dccbc6648ba11161e8286f11,86,5,0,91
45670cb316cd7c95e5cbdc215baf8a71cadbe08b,21,2,1,23
e3c38be2594c981de1df89a8e0f8b38f78e565a3,70,3,0,73
e48e2c0cb9f32afdd3df3e57da3026750d772731,390,15,4,405
d630ae065934eb74ee09e2cc2ae0a35658610e31,807,18,0,825
21320de92cb2a7ab90c2677fb84458126c70417c,64,1,1,65
8f43143e0e2b01f1fd55f1bfa341787a11f34a09,139,8,0,147
c4880d9d3d05a8d8bc2d48abaa762883359e0a27,49,4,0,53
af97dfc938e7d6d7fec90bb3a2b0cead41dc51ef,101,4,1,105
82c0be0f5edfa4411a126008eaa070d039144f7b,55,3,0,58
a7be58b2de853d8caa7e63242165ac910753abb6,4,1,0,5
b6a795d77b7235ffd0b556a729256614413eeb37,210,10,3,220
b8d8859fe5f81bce6d02ec574381485e669a7168,73,7,1,80
ab3f31c6a4ff5f1a44d44c2ac4351f32a114b310,4,1,0,5
6b92a7bfcf2c1bd17abf11cf063ff29d13eea87b,2,1,1,3
6c493f10f32700cf49ea3e5b34c5e93466254dcb,83,3,1,86
2d3a47266c90da4556cdbdc30d7df442b096fbec,2,1,0,3
f42074795af36b23260b69ce00fa460c1b6821fa,89,5,0,94
68fad776037c2b61c94c35c5f55fa1a5af176043,1682,27,4,1709
651474bf1c2796325f772bdbb23b460d0db83cd3,25,1,1,26
f74ddbbae2b65b6160291b1a2c7a2bdbad177330,353,16,0,369
1d7b65c78e90259d04156aaff8e09de05d3c30ee,1683,35,8,1718
df3677b389054675233af938a068ef9bdf8ad109,2,1,0,3
dfb498d22baf9c24b243748b29fa4cc88235aed6,2,1,0,3
4a53ccac2d6a696ab193cd2e4ff2d56cf39cd12d,575,11,2,586
a3fd6656a509163ba9526c99d294c846c52c1477,1,1,0,2
759c2256c51365e26d1e936878446dad06459cf5,10,1,0,11
c5bb82b7da96b650ff8619a021191f42a367a0a9,2,1,0,3
bb1331a9db3fe17b4417b41cb7f22e5180af1fe4,42,1,0,43
d850ac0e16f6881a9dc64c0428b06609dfa0f215,1095,15,2,1110
9a3e7fa00c59d7efe81ed997a607e88ea4a21b8c,11,2,0,13
a1f8901a6e9ec189dc0d163be3291f23a072ec9a,5,1,0,6
1072d4dea025635e14cb126d1ecb5cc4b61e3407,842,23,10,865
bcbab67ac03f5ea84807071d478b393e49dbce82,208,12,5,220
eb9bae87f44af7647e3495856b6eba148e92ff5b,3,1,1,4
fcab742eef809348fd43ef92cc87215a45f9aa25,4,1,0,5
11fddc818706d108b1641d6bc607cdb6f7e3ad27,303726,1609,82,305335
1e04b023bcb243be7e0c28928e1deadcda0c1cdb,14,1,0,15
1ebd143e1f9dbbb3bd3f08d7e9101eceb0d75e13,11,1,0,12
14e6ddc394179271f1de4195a84f7ff4019bd08e,5,1,0,6
fc928f5894d7d4adebce6a9ca27e5c603dfcbfb4,8,1,0,9
beed0641c74767c9b9483738da6030dd41389af1,236,13,0,249
4ed8f5fcedc6db664f2c49fc50be5cb6b3c3c3e4,31,1,0,32
e38a8f29d9a3d93ea5103f9c3c7e7f05ed91c484,510,3,0,513
d445ff4ba55ef4d8cca7c049959dd899e69c9bea,8,2,0,10
1277aac120a80bf039047092b815b3c9f905c381,84,2,0,86
5b7fe84d4ad14d64a7e7ba0fdf496878b6e32d6a,2,1,0,3
47a3b165e32e040f56949cb466a07da095c4c9a2,224,3,2,227
2d055977692619645079b402ebee2d812664c705,16,1,1,17
89d7698b70bbb9fa44b9c10360527171859efd6e,58,2,1,60
2113445c13f4dc1ebe11301ac0dd76ee4db502c0,18,2,0,20
90a4b202038737273fb4c57443db272bb1acab65,100,10,0,110
59c6a9bd86a3a19a3c5a533d4e3ed8504b649d7b,93,6,0,99
a26d9d174a046f6abfbadb6eb4c8d9600ee42353,4,2,0,6
d876e38e0e0a6ba51eceba5babb5e9f5566402ad,28,2,0,30
e7afb19e24f32499364a319421df28f819aa36e5,606,20,0,626
b5a38e2fe24b54d142d1c5eab873ea15886080b3,828,6,0,834
89c3d11df0e62143ce0526fcf7937f230da18edc,4,1,1,5
8a30040f9c3c619cb7d987f9d220ffa69f3cbbef,144,5,0,149
cde081197dfe8f2f4fe9539154ba815d89c16a38,360,9,0,369
ed1f45395271526464a663e6c18579101a9054c9,444,7,0,451
8eae37c172927f4ea2c7d55ac5ed183d03e153be,104,7,0,111
b47a12ff794ae2de113ae39218e9107db72bd83e,40,1,0,41
5459c163595cdd27f276d9bd11307f8aa44b8954,1015,15,3,1030
8b26965dce6f98a834dcef8e7d9376d2be6f4c1f,50,5,0,55
af9c8829bbf1352a0f75d4a7a44d74e9c35bc1a0,714,13,0,727
970637169bbd2967a79c7fa8b5fa2ac01cd7270e,145,9,1,154
d04d84220c96ad0cfdb66f6b169fcb111e87e8ad,505,20,13,525
253e75fe62051099d446b107d0a5ca3cb29b2125,341,17,0,358
8a5e5f4cb0537db4f69f66830bcc766f0b2ee459,178,12,3,190
5dc9d8935134eda8f77c3a9804416640d83c605a,14,3,0,17
c58c5a88d829f67ed79c08a2437f0a846f860aea,38,2,1,40
d626db8a59b05ec6689a952801d970ef95db1249,98,18,0,116
8c5cfea4e5927d1f33bf84c35d4f38d4a66944a5,3,1,0,4
a3d3e35978046743cb60de2ded043c0a4ea4336a,71,1,0,72
0021ae09699aa2c08b65d98ac86bca339f292a3b,16,1,0,17
130eecf9298c271e6d21dc7c42350a7316ef5242,261,12,0,273
2c7c7a340539495fa4b9076808552ac4887e9e49,123,8,0,131
ce2f2c05f1cf319b2af536e3197ce0897e5d76c6,72,4,0,76
b937407b3a3368a35fcd2ffd78a0c7921649a073,60,5,0,65
6c06a3d6bc71a3c74a7cdcd4b24b83d9867b6106,48,1,0,49
b85bdaa98d119f4e14821cf7cd8d87c55732e2f0,119,2,0,121
434ae005827bdcfc860d16673c8e583ae4f8917b,312,8,2,320
a32d97ff792727d1e7d5d2d77a51d2d2a2896254,170,6,0,176
d6a0aebcd64ae85de2ba6ae6fcf03edf9dc7fa7c,10,5,0,15
22b683646b306006d8951fc02ee799d1da69dbb6,16,3,0,19
1b033e2421fa29a4c1c4012f26402c9e5c9de608,170,5,0,175
9c6f5beebe43a8e0e001f96e52541df689eda14d,13,3,0,16
5928b569ed3d2b84163753d2dfc2ba2b19e8834b,876,16,0,892
9ae20f98ab37b1829dfc3b258f3e837117fec832,7,1,0,8
1dc6591d9157cba9eb9507f4e30f20209991cd73,113,5,0,118
cfcf550d7cc452abad26377b7ebacadebb6bb07a,29,1,0,30
ea86e535437d47460bc1627400f6be857d6a98e8,20,2,0,22
0e2dc9df1bd1cac29e97a7d1db2534b3fb4ff6ac,188,11,1,199
807bf98f2981cc245edf555a11f99b12d0433a22,45,2,0,47
c44a76c0be265116b066e542c821c49b2876a732,129,8,0,137
d2ff241a94d37cd2bf795c17bd9f87c9f2a7e524,388,10,0,398
bde20910b66ae354f48da5e1582c5204c39ecb3f,733,12,0,745
2fd228dd0a7c64942f681fbf295656c66e373c2c,507,10,0,517
2dc586a0adf01a37de407f4cd260d0775a45a475,4,1,0,5
97df477aa7b7de41fcfbd1955db0f72688599d16,46,2,0,48
0454f369a69f94205e60fdd825caa43274888a2b,136,4,0,140
0db858d28a3ab8d8d127cb9a03bfd863aae646d3,201,3,0,204
31a6b95200cc5845706d27304fc2ed4767ec2aab,168,2,2,170
e211383f7462272d53a9cc5fb35c53e10b7eda60,26,2,0,28
6d5a0cf08cf7d41297831f3b4027e494fa78d998,91,33,5,124
f9a97a52bf99187b698a2764481d127682755680,63,1,0,64
cca8e05c6727be69321137c7ce6a7886cc654f95,173,9,3,182
0eb19e12b2c4e620c7e906dbf91db3a034937620,173,6,1,179
e14e8b750ce2f7a0306f1226063c08287ea699bc,258,13,0,271
dddd42b49d9e3f1339df96a0df1e1f2a5c6e0245,18,4,0,22
10a05888736cd2878b1b56c7e3c2ebdcab03004a,34,2,0,36
8e61c6eea12a9b1f49de0739dc27064303f3f6c6,5,1,0,6
e668b08d17c2264af56ac0062c16990179c51d5a,231,10,0,241
264165b5c78f4ac86c6d26a26be95ec451f7d57f,129,3,0,132
904e788f26239f48b24d6ee39e70d67f623daf6c,21,1,1,22
411c9f799dce281c3d4901df9e675b9e9fa953c5,103,7,0,110
93e51bcebd5d42e997941ac136443777e6e77563,13,1,0,14
9c7d22b648504738938e598f06ac9ae0bec13a25,188,10,0,198
8dcd9d533209ac13d3ddec0f1ff910d21fd9768c,2,1,0,3
fc20785c0120f7bd66a33233236cdbb56ec93035,59,1,0,60
dc951bf58bc1e674a05171a81c28ae114f714e47,29,2,1,31
8b984d94805410b7663947e70ebc831cde0ae4aa,30,2,0,32
785008bacd0082dd9ff044fbcc6410288ba7e207,73,1,0,74
ceb308038613e08184d9a7ab8cde2ac8bcdb0ea6,26,4,0,30
2f31a3228781ad43d9794ce0823fd9e622e9626f,44,4,0,48
82952c6c7418ad6080f9bd24705679cb8caf6ac1,2,1,0,3
81518228f78abfc1b547858acff46c986e8f1360,42,2,0,44
73ccdb4219961f357747f6f9caab1869ba245f9b,233,4,0,237
a7155a8e0df6a90281cd2b676e6a09a0d5002f7d,115,4,0,119
17a05a486043efa53916e2d0afd1921ab5a8bbd1,456,8,1,464
12225944e2b40e9a794e4afe1e0bbc1ff49dc7f4,68,5,0,73
8e8da997ed6704215e5162a9246e82d2c59ca41b,24,4,0,28
1b317bf1a5c76b67a665b390680defd1851e1e60,172,10,0,182
6ab8563f5c24f3380fd2e4f7032f37cb6f157a75,148,2,0,150
4d05255566e06b87b700fcb31e0dafaf1251d365,39,2,1,41
ff2b9b77e235098825f802c7262e53b143f29996,343,15,0,358
f040b81aca15fa1f4e75f8c674b1e3ce93c06239,46,9,0,55
2c291bf4c9e49db8c440f5f8d986c0394865c7a8,164,8,0,172
21c1f0c97dedd5680652afcc3dc542bb610803e1,64,2,1,66
9ab17ceb8898f4684b9b2e40c04a704308a767c8,325,8,0,333
36f9e6e6af78e6109329e9699ce209a6c3a99763,13,2,0,15
5345032bcaff69f35012c04671fa5cc0a25f2a71,4,1,0,5
10ac6fe46993a8d14365b4dd3449b893226f21df,4,2,0,6
a1559f114e6fdc25425179a691c3beaecb462659,6,2,0,8
efc1a89a9bf2e3d5abea1002722d7f9c18f98c3e,646,21,2,667
90744424b0ec5c0ea5882d6ef873648ba98258a7,15,3,0,18
87c683ba1e66e22c0aaee1933b93416d64578818,6,1,0,7
41142d14ef379a534a81947c11676b169cb8441b,2,1,0,3
509959b6249f26d50e2ea9bf7588369d724e2a7b,2,1,0,3
28d18a9eeefaf8b33b461a29058ecf14de8e0a23,3,1,0,4
91061ed03bf53224f2b2001f6a24f187b8656a1e,1305,56,0,1361
05d6738042372029cb6a8824ecb14c2b7a7b86a8,46,3,0,49
48d6e465d236350cc65ff9fe96caa2ed7d99aa2c,58,4,0,62
c73fd9707d5718a456bd3099d32e695b67aa1ccc,10,1,0,11
afb43267ddda01e57ed73127c67b919de62c749c,35,4,1,39
6083419fbaecc7755b84a20416ea16462ea0f6cd,36,2,1,38
0ea14455ea35e7c795a579ad879fbbf79857ee08,284,7,1,291
a0a9870e88e36fc9dd94494477353ae5e246b385,2174,16,0,2190
844edc0c4270e7ab2f3dfd298022ce5b7ee30f18,47,2,1,49
5dc1843b741e60b8e0685d36b97434b30ea91a7f,312,6,1,318
fccdf450ab025f74b631d82f72a387893f377c21,291,9,1,300
e64a4fe1010d4221aaf2bbda658b35baf57b127d,541,24,6,565
d1dedb4dc57762285ffbcce24089f41f24c9287a,16,1,0,17
170caf86cb210c9b3363403f369e59b415b225fb,46,1,0,47
888e9b6bb44437b8174a9e9a3717318a007479bc,33,2,0,35
253fbb6339cf35cedca1f0fe98e36dafd00966a5,203,1,1,204
dd4d3a0b9a9bf7a1f115b363e2b0db6e9cff7317,196,6,0,202
c2b00e0a149149f02e96ea889705b72f1aee29b4,82,8,1,90
58fbeeafeefc439b696a335efa4b6f3a1b1bd495,23,1,1,24
0a3983d2ee8251f066ef3ff0336c73e97389f7d9,1,1,0,2
c76816bedcdfb65e122858cbc5c01691c33bf653,87,9,1,96
581fa4094732f7ade2c48d8adeaf4a07809a98a5,373,9,0,382
119ba02a3ab732e4f7a5109b11fb94ea46d19731,2,1,0,3
a21c29fab4a0a888f1f79c205470949f66759ca6,4,1,0,5
b7587436b52f755622cd102e63a485aa8dfae816,57,1,0,58
610c841e155e604bbd491abf9a3086bbedb1a1d0,2,1,0,3
8d4206a24922937b94f3b6456be43d0291855ba8,24,1,0,25
1ad0d57e2b6c896db06e8f01ff7ecc8b8b4f706c,41,2,0,43
94beba5f4dbe78d1ee87201ab4c575d56602c729,2011,15,0,2026
eca05074a9c4e37e7cffdcc0a3bd2990a2ed134b,308,14,0,322
b3f24af6434205269d9586b0dad418b3a16a825c,88,5,0,93
60c5832c0a0db61f7205b4dacd898a5aa579ad23,313,4,1,317
c10c86e7ef17bc9a4415c1d6569c054801e6290b,536,9,2,545
84a0dd4afc2af2ae3dcaa391d46a9bfd0404e1a1,766,7,1,773
9da299a1c4817c9c73d4d9a6a2d340e0bff3bb93,1021,4,0,1025
4d240dbd3ac677cd08219b4e2540c03152746733,89,2,1,91
d8f05849b2c532bbb449ec5fceaec29f776657d2,12,2,0,14
c0e20178fc62fafe19883eaabbc27949cae9d004,4,1,0,5
c41e68ef96d7ef3fb067070615441d7f1a9b1223,12,1,0,13
d88e20a496059450fcd63e1c74fbfc8e3ecc0ac9,130,2,0,132
b138bbf9e78a426000946954277857ef62eee659,31,1,0,32
06224c16d1bc37dcdd751d1c3fcb2c3615851899,17,1,0,18
6283f6649741f099a61d2ef6fe3c2d664d998589,78,3,0,81
4217ffbd1a7342b6c081e7f59b4d4eafa86d6b41,106,4,1,110
fb6d682cb587e845705ad90ac842f98f5c0635e7,15,2,0,17
5bc5bb801631acce90dd066f34cce51448bf3d9a,4,1,0,5
42e85f8ec23bb1e4a02fc98c7deedc523a0013fc,185,6,1,191
5de4fae2620dc8f18d2663f7eba1180d734e68fe,14,3,0,17
d88f0a6f2b54fc4dacf1500b7a9e3725cc70ccb0,12,2,0,14
dae8a982eef957159d125a67aff84e68965ffa67,10,1,0,11
65a2bd770935fc15e833fc71556cfb4458b99b8b,115,2,1,117
02aba408b2ba21c7ac4fbb109149676c21beea82,100,3,1,103
887fed50088b36f9b7e8c311c7ce0017dac49a9a,1411,21,5,1432
dd6f01395e678e1d9c70e4969089c460c59feec6,6,3,0,9
70f72888aefc7303ba8407e3c6557b66736ff85f,67,3,0,70
68d1e7b4342ab5486b019716e770fbfa4c481b17,36,6,4,42
59ca9c6a1a08e86763984095bbe7701fdf27242e,20,2,0,22
43e6f5b1059d191556eb5f7981599d0de68111b8,1449,10,2,1459
8d86c1e52662ca28819601e110f32b88ffc89995,28,5,0,33
f36361b8d41305a7d13ff7b6fd6ce1ecdd06512d,1222,14,0,1236
9293aeec30eb302ec7e92a0838be099eac1da64a,189,7,0,196
d73b69b0428aabef1cbc0e4d80d088ca65b26a68,773,14,0,787
5efbdc4a36f13710c0556bfb267d2e5910d0ad79,57,4,0,61
548e309554e3fa7b2a61cfecbb57a7dd0920f6b8,43,2,0,45
99bbbb9d604ea348934cee6eabe0761563b90874,2,1,0,3
90ce39b4cff0e7210bc46a27ce8fffd72e0c70b9,35,1,0,36
70b98da1f5749b5d97c6bac671d682eb6bcefe4a,554,7,1,561
94f89dcd8d54bf7f545af4c30b9f9c8f85e91766,37,2,0,39
02e36ce92d0e6443a3e0c023e0156af42c60f8ce,2,1,0,3
b2a9025a511a7abb8f71aa20626037a5ded7628b,280,5,3,285
be071e83f8367236713a253fd3b0bbf731aa13fd,38,3,0,41
54b773e25d195fab20f0c858e9262fb522dcc5fd,8,2,1,10
124d17d078ca5f803ec2042f34b092601652de14,2,1,0,3
135d862bee65dac2b31da26769cad53917d17c8b,4,1,1,5
75310cac1aa3bb6cbad2a8e82f95df944c2b6971,56,2,0,58
9d263ccebf6bb2a1cd7af9f3fb3cf644b0d8afda,101,2,1,103
7c90c763c069f6f7b8db1756158805eb8e7655d5,2253,1083,175,3336
12c9a156529c24d8581609b311bf62a098150959,163,11,4,174
c64f56c97c8d8c511e10e029f086942cc4cba419,60,2,1,62
86235b316664937d3c1a3ea53a136ef13fc71536,165,3,1,168
4ed07a60881900e1a9422c8a857f478d97211e45,134,3,2,137
9aab6a713e8c373520d273223ca14c03cdef1120,15,1,1,16
411930415144e4034569790b8c9e753a4a84ec80,42,4,1,46
529c3d9e3852a03b2c64e42ba17fd6e42ea7a1da,15,2,2,17
69e41fd4b80641f4fdef62ab6428d8fe8d718eb0,9,1,0,10
03f5fdfda8138a5250d29bbcbf25c6d908c1d48e,76,2,0,78
8ba7c51194b04e95fe5079d8909e04d5da19b9c9,86,2,1,88
2c1e39884f7e433f5a6dc13515e6d5a18458cce9,19,2,0,21
efd18d75808a96c05a807fa3fc6dfbd03cc6be35,1170,8,1,1178
7cc81e62296b55980f4a11621a5f48a01dc5f28e,28,2,0,30
c32945a92d77114e5bb995bd5ad18b74bba5a566,21,1,0,22
ef78c3f0acb287a7238c08dfaa102d4641c1ae00,16,1,0,17
98b4ed8c3dfdfe8c898cf4a6375543874766a873,176,11,6,187
67088e2cd379b75f505fb17de04d34a871b61659,8,2,0,10
648877d811b660205c05a33a7d74fbba80e00c96,96,7,0,103
cb7f771d47e6b51c064ba10ae798ca35ed2b09dc,38,1,0,39
53b118e301e1ed3bf787606197d6a73cd832c2ff,502,6,2,508
6e16852e6bd8dfe39c6c509f9f39fe6bce359d18,298,12,0,310
391e46b14eb4d3922484ab04f9e6c77b0dfdc484,31,3,0,34
1c302f37280165e115862180ca2e9a22812015f6,10,1,1,11
cf8d258d3905199019186aab68808558d1fbddbc,180,7,0,187
3e0306350069086db283494146f528356c5b7736,528,10,3,538
4898cff03be3da5932e303602dada047f789b15b,94,2,1,96
13c7af635d13419bb5695d8558db35d42dd36cef,174,4,0,178
cc3d4bdc6e352640b8d478a4fda9aa23a9b496bd,15,1,1,16
c1d3c4a2e79b245999ab494ae560e87e1757ebed,75,4,0,79
96cc73d5e8507c2d8faadad9449ed52562fb4f45,826,10,5,836
9413517c98d2eba176fe8cb86979ffd16a6ad9f1,242,2,1,244
035af6f979f0f19b8e86cc0098abbd78b2eb92b5,104,4,2,108
d8e1b22ed9e52b8045f8546bb980a5b23ef2bc53,2192,40,2,2232
309ec24f2e5c4588758ad664f54f4b11940c4ae4,5,1,0,6
b5dde0f3ab8e4f70f59f35addd9f3d991e78ed08,1395,10,3,1405
b2d4cfbbe54eddd391742c4031e9dab7db506168,513,10,0,523
b8a17baef2ce0192a8dd844312e37d314029f3eb,6,1,0,7
6446645a8f9166fd28890a03896f4cfd130708f6,14,1,0,15
17882dd48285462252855c4deaaf27bbbec03981,252,1,1,253
e6a210e9cd8c3c0cef07bdbd566db0586c417bf3,40,3,0,43
80995b791da34ee66aba2c6ed91cef248148153e,154,1,0,155
47c446e0821a070ac7563e18b694556a72b68687,28,1,0,29
c2a4cc30847f9d00e5b384d4b71f443deea02235,3,1,0,4
14b0d684e076f934f8b020b7d8a81f36d49bb1f6,2,1,0,3
6bf93e0677218e820c3ca16abc23626ad42881bd,127,1,1,128
97ced7cbdd39f7b9ebdd50edcba6042637a85050,13,2,0,15
c62c816fa978766711fe6424d450da5160b4edd8,89,2,1,91
1a87d98ef9524b736bffd6b5026ba868efdacdee,20,2,1,22
1a0825b31d506306527057d7feed60a567319dd4,144,2,1,146
3958b72bad1cbd5e0cee5c95e8665da59bb32e3a,272,4,3,276
bd6066435099a799d5241fd6765728e7fc1f395d,35,5,0,40
ba6e59bff33340e8613142ae40e310789afcd72c,447,5,1,452
bfe5948a3e67bc0bc25ce36bef5e54d27f37c5e8,60,4,0,64
f7a5309d2cbe95b8b8fb0c37726a51a77a1e9871,30,4,0,34
64974aa070564bc5fb2643987e2833d9bc0d9577,3,2,0,5
114b0461db2e309cecb629f21ce732597455e21f,302,1,0,303
bd57f2b383d925ef9ad036e81823b245b31f8917,2,1,0,3
5ca617271aa6e9f5ab7f2a923d3a5b8d5096e8af,1,1,0,2
a047df3d4f842a2f7c98dae950eb806306656238,4396,2,0,4398
8d8e1a5dd683bda0bdefa71f8bcbd4aa1afb1b7c,4,1,0,5
b0de3267ba2e7978d7f0d5ea994ad178cb55f67e,35,2,0,37
d5631be526b76c16ab7b7e1ae17c5f9f2b39ff6c,41,6,0,47
12377910676ffa00e46250582ccc9fd4267b283d,12,1,0,13
cd141f879ed06dd6e771f9ded614b8648b4dd21f,2021,2,0,2023
10027a1da1475d11c52636477fae96c4da207ae8,225,2,0,227
477413d8f45f70b989fae4d76e3d266f1a4753e8,622,11,0,633
066f2f5fe4b6f365ddb56665cf6429d9301e4d0c,32,3,0,35
8ba7c3be38349b78103ff38cb882e803e0e19f8c,889,3,0,892
63a64163917fdf41297b908d2b607cb096901910,446,2,1,448
a964a24e69c90b15fbd01c0c2e240669d2cbfd88,4,1,0,5
e958ab25df51cb987d15aee685a95ba363754c30,1774,21,1,1795
e5dc5363949c9a8ab3986524bed559eb82daba00,37,1,1,38
13108fbfd1ecec97cce7f59ace55efa6fa9014f4,110,11,3,121
eba348841f82e57952a994ce4adbb21df0587c0e,113,8,0,121
851c00d7f2058e1cae8621127d0295e5169f5d6c,10,1,0,11
6128d3514e7c0977bb5bf1c024e2f91c5be32ff6,230,13,0,243
78f2f4d98f5a99efa56ded180e594a4b76fe43a0,63,1,1,64
5b8801cd179e440da1ae13fb23a300056a4d5151,165,18,3,183
bafa1107151743eec2003d542274e80a3579b64b,2545,23,0,2568
b03461e34516e467003058f9434d2a75014fbbfc,203,8,0,211
8faef3c0488a8f477c3bb576d321e342e2655d27,112,9,0,121
1bdc36091438840f0076051bea661a4317b0224c,295,21,1,316
998fdb737f3f74222c170347e22bf667d1c7b0ed,193,6,1,199
54d52cc1f35a21133400be05fadc803127b0090c,18,2,1,20
7eb2ee4b2991066046363fb046d8a16c8bcf1b0b,203,9,0,212
b2c2e057bb2a5dfd02b76ffb788c780a5d12dd54,29,2,1,31
f4b06e8d45856220fb7cde5a4b77cd60fdf66f4d,48,2,0,50
325bc89a81eced0502071a9735a1898f911aafa2,18,6,6,24
f735a71289060f354f59eafd2a903eb6f91a455c,409,22,0,431
bb559eee3eace6abdbb058fbd7cb99486544fd3a,35,6,0,41
dae6ec7971b2e4c6408c211b5b3183bb5f8d5d57,2,1,0,3
8acb0d0fc52946d592e6d35063d9e0bed3f062a4,4,1,0,5
746dc8fec4a2a4f1fb05439a9ce7f323ced9402d,41,7,0,48
3c0df07ad5dbcccac6ea038cbef642cfecbe41ec,521,4,1,525
c4b914e5707c838a2c35a949618a796861d459b6,5,1,0,6
e99deff656e8ab216e01d506a458206e19cc6ffa,64,8,0,72
b77b9e26df6f424de276e80a6fc77a9bf82b72c8,7,2,0,9
82fbff256f3bc860a6252b130c267978e080a167,581,9,1,590
5c940dda3863b72f26efce64434facf3c3bdd2a9,314,7,2,321
9802ed7b8260ef8443033c17c66cfd2104800fc3,213,6,0,219
64f1e2040dbee6ebed8758a9852361027596edf7,306,49,3,355
111ab50e8cd31eb0ea4fb685f884da534579ac7c,505,14,0,519
2279375bbeb13c69842aa30947afec61d0aeb51d,458,39,1,497
ea4b325809a88c475d122c2dbd5b05b473f670ed,11,2,0,13
da206f4cb87f94f1c4795928fac950b120f16503,174,11,0,185
78dce174730af248223286b71051449effdbc29c,1467,31,1,1498
cee43ee2417e839e5bb56d9c70edbf09123e316e,466,8,1,474
ff226781a3eb60f97fc88fa76202e2d36a94d2e6,1424,79,5,1503
f0fbb8ea663b1b4f5a1661ef3c31d52a2c332a11,33,1,0,34
5206108e68be97d313b5d5d61e1660e110eb7638,4,1,0,5
efb94ce8e2499d82b67086105f2e605f33e61093,334,15,2,349
03e716b00d3042695a03ab3f9d6e742acc2cc427,41,4,2,45
12467448cfa9bbc4c860d47969fcd29bd3bd5d9c,783,14,0,797
c60240f52c4306b89b9d8441319d254d3252e4c5,344,19,6,363
54fe9d9a897afd8ccb23578d156bace9a625d277,834,22,4,856
a2d33bd595a1813732571b38d463953bc43fd5b3,103,2,1,105
dbc0654728c6175ba424716acc2dc7bae13f01f6,2,1,0,3
dfa4a8f25fa23a4458f5d92376a06a72b8463836,261,10,2,271
cf3a11fd1b909ec6539fd1fb2868ea6abad60562,517,14,4,531
03fe64e4fece1de4e0f4014e65e1637f8ca5f2c6,4262,23,0,4285
a70098798901562851a82d01894d6e78a661c79f,33,1,0,34
437ba80b01596b1f20dc79ab9ad8e2c2c6a2246c,9,1,0,10
4c039808e25bee3f0bfda21d2e18446fbfcd687d,514,2,1,516
7007c03c33041b2c279e24c6de2490d458cd3657,1437,29,0,1466
49d192f446a3fe0de5c3999219b9a5f2b80729e6,470,18,0,488
31ffb926cac41d05a3b5c50593a527ca9ba045e1,44,3,0,47
ba1d7111d782df2ef95751f0ef2de825bdf2fa93,1729,5,2,1734
94077cf2ea7a05718159cc3c3e4374564cee414a,9,1,0,10
4d56e2c01777a15c76dbe7902e5c11fd0816a79e,45,7,0,52
2adae07390318d26a34c191a611d75c45e644d4a,187,7,0,194
2784e560dd94701426c84e15d09f93296a8c34d8,16,1,0,17
a18bd9e08a486365009fe53438f820e683a31a0c,31,9,0,40
b6e7ea85637eaadb0374aa0f01e979f203819583,116,5,0,121
06a69296c48ecdc66b2a31e49c5a410cda80c544,349,13,0,362
e1c639464ba3dd5fdcc52272457f3a964fa545ed,110,2,1,112
ffbf07089b0c09e65ffc2d998c5e6c51b6a06611,68,3,1,71
053879addf4b77d882014ee084c8d000bed35c38,377,5,0,382
673067684120e22b304baced9a759299feac4f90,44,1,0,45
674e009146119592c5b29c859cb3b31f7b0e0c6f,35,4,0,39
84fe4856aef872150f0776b4f5cb982b669a979c,190,6,0,196
831a642a828b92329c569ddbcc054aa192c78b63,185,2,1,187
c35fd5740723a433831b29cd2960b6d2002b5f7d,313,11,1,324
faccb73a00ad2f646e3a247657c215bafb39d0fb,235,7,1,242
23847c9ba85f8f57219d23e2d1f11a8d93a3a8c2,6,3,0,9
a91b0118999e4a46f91fc5ab47b207fa3d632298,710,11,3,721
f085f6219b9ab5a9c06dc2136944ff903593642a,59,5,0,64
fe8e9ce5a9d7fe4c2ce4d1a18d169acd4791db62,17,1,0,18
bdba25d3934395c2723084af28a3295f6aa0e347,5,1,0,6
74f1af1f7ecc4a8f636ef044613d7f4c9614d15f,9,1,1,10
4063c405b0dbb502ac642c836fb6818a9dfc0a69,39,4,1,43
35ab13b77a91e1e79c80f492ec4ea24c40889b8e,124,7,0,131
6c87b2cb1a96f23aa0ead5168859ae4395ce39cb,457,14,0,471
082495c212de8ab18a12119e17b9f1e9d6fd99ce,4,1,0,5
c75bc672cce84653b7ef32931d8d7343ec48570f,310,13,7,323
907aa054654678f6c1b2a144ebe6c066e26834d1,337,10,0,347
e9a6b6c427c760086794ade9bdc34dbdafcc9159,904,20,6,924
b35156d04552bba4368f2c08aa5d74f61ef465bc,62,7,3,69
e177e25b38640c0c8a7f949ff19462a228318ad7,8,2,0,10
6dcac519a1f2f216fb60dbdf7dac7b0582e11fed,25,2,0,27
1695034dcc9dd671b0346bb31133c0cc59c73bd3,46,1,0,47
f6c033f0198f0bb9132f499dc16f442ebce07c54,88,7,0,95
cd895b6ccae5a24360a6be07057604d6629de123,468,22,8,490
900888d349873856cf22e76346b7c327aa1f2786,5,1,0,6
a8024aa93c17d9aa346a6c280f11c3e6b75a8efc,48,8,0,56
941e4135e1774aa461c66b1a2c61583fb5940976,9,2,0,11
8383d5a57aac28ba61af4359715fd60f234c9154,73,8,1,81
7b48c612ed68e741b0beda27773a13d244f9101e,86,3,1,89
bd52a3f7ffe46e9863cdcd425b0ac0f2bebf5ee0,573,8,1,581
af6742c3037da2e14d032b7e14681fa86773bf9b,117,4,1,121
a66ba259c01624e0a3f7f8143075ca8cb7390ff3,121,8,2,129
2f9f7a4d73a4938691c1f28054516ea99248ead0,96,10,0,106
123e562b14e38606ddcd788c6e812c781fdb927d,17,1,0,18
ac48b5e2a641392b06e68165e6f71c2e9749b4e7,448,21,1,469
97ee7c4f855d403cd9ed2e2be54f95d133fc55a9,6,2,0,8
61c3b43654b569d7192bb96b178c0dec0773416c,84,2,0,86
dfb679fff10c22a0c727ece9003d3394168569e7,283,11,2,294
e0824ebf7f4e1e4f8af04c5771c3f26f95d8e4b9,466,3,0,469
a020799a15cfe88d1238c7e073cfde169dac28fa,129,3,0,132
5fa1dbb2c9c26d785cdafd95a6abe708f870fac1,363,13,4,376
2d2f0396a7d365dac17787819d2017b4eced209f,70,3,1,73
295a93681dc92a226a533e30a969c2d59712f5db,17,1,0,18
c272c61ad4423fbd345f7376567195a245441d93,81,4,0,85
5ef8277b59e45be8ee67e4c49e6e65707f3b6433,112,15,1,127
2aa0408c1fc3d574b079f5869fa6fa1eebf8f2a6,3188,38,6,3226
51fa4c08f359372c463f1c9e2a7541d136e75feb,28,3,0,31
eb066a9d131571252cccbfd4d9f32a0728bd4e5e,567,18,4,585
ba60e49fc813e1cbb8de66e703b2a0d373caceb9,175,4,2,179
4f52241f097ef9ef39f5a784f787e3158c90ce8a,13,3,0,16
69c7f05f7cf2375fdce1bd726649b2895e5136d2,261,11,1,272
c871606e269b97b52141d0387ee98f551bc7195b,98,11,3,109
b6a6457c3abcae5c19c4684c5d641950024eb48c,772,13,0,785
0e61d5b1f637cce4d4f7d12e67926b162497670d,884,25,7,909
050ab7ba464b988f2f3a4a2a6c771356dcd96e3f,40,4,0,44
55feb6d2605ee07ad74df8eefa741e6c377f613e,46,1,0,47
7b50bab49bef9da8e59d9d3a0083dcc843692f1e,13,4,0,17
2f4055a992c4f47672afac05ba1a6bb9351d703f,28,3,0,31
4eba8da3987ef966f43729c8657624c3290624f7,2,1,0,3
e89c6cd184d87d2238061adcf17b27cdbc4cc946,85,4,2,89
10eccb32deb00de33b6d7cc9c848e6c9cac1982d,156,4,0,160
50b70d091486f92733a14afa0ed4a981f927b6c5,26,3,0,29
a173c450cdf449758625d94160b37eb264117039,4,2,0,6
af0ffb061fff68593ac1d78e7ba2726ad0855c27,3,1,0,4
acecaf5a3edbd6b9fef008c8fe319ec9d6339021,14,1,0,15
e0b4275973b7c66d2a9c94df897431e229809c5d,253,4,1,257
c669c393c81de7ecd56d4dd498f219b28560d35e,163,9,0,172
d9da314e8b7def8060cdd117d85f192978276bd7,2,1,0,3
4571ee49feecd6dc5d7bdcf3e02c385376dbcd03,4,1,0,5
56dbcb377f8ad78118c5e8cf83558f3a646a437d,87,4,1,91
09f51d5000186b335383189ca999ef3f859e9a1e,14,4,0,18
7bde232a8fecbde271efd37f76806ce210782bc8,37,2,0,39
60d87bdba3fe78f05bf577c7820dd2cccdd3d826,38,3,1,41
e2992e6d1bd421ce79faad5ac4ce31cf3132739e,3337,7,1,3344
21bb2b849e6de348406516ed84ce7532703d1e2e,6,1,0,7
ac265bbb6ab30fe036ae518ddc71bad22b48b09e,5,1,0,6
251d65041fce613ed6d1e5897449b7cc0d600634,1253,19,3,1272
2d9b53cb12f914f00ff7f063a3534c44e9beb413,1506,18,5,1524
0cfb2ae455626bf7772a206178c94e4d43e7732d,181,5,0,186
841e2bc2b5dc904c59501a4d1cdeed5804678e6b,7,1,0,8
eda332ddab4d283e39cc2c94c41edc9b723c3276,75,3,0,78
41f559a5fc2c691195c430dd687c763d1c425120,2,1,0,3
441e94fcb1bc47af168d5e20085d81a20b5481fa,2628,42,18,2670
49eba449ed8e4a02180a750662f3ab8f02e765b8,74,4,0,78
23470d356cb6b48a90a08165c44f53a08c5ed873,620,14,0,634
6eebcfa42d3b89b0e34e6d77591e27457bbfce4a,24,3,0,27
3fb5eb85b4376a043e4ba45f6c2ac7ed31ffab29,3,2,0,5
b50bda3e35eb8dea57e438da1953cb61fdbdbc48,4,1,0,5
0e59468d6b204f7101ef016efa264bcab0d0deb8,255,11,0,266
c705e8878c66754cd38906e5d7d83bdad98c3ea3,4,1,0,5
57386458ffcbf5ea5ce6d6da126652b163618bef,531,7,0,538
0995e4ef72fbdd56530886a0ff3860699241cc97,3,1,0,4
2a628f3243530bf9590aac216eb63791d132e952,21,3,0,24
e364d2eb2501d4df6edf5010a6b3d420ddd6ba91,7,1,0,8
d90b99f12f0ca4a8daca01763d479e156b8c47de,126,5,1,131
fe7dc9674cdaf3f1313b9f06fa323f8cb59d8143,4,1,0,5
9410d43705db8898621e70d026d42cf1f8f6805f,455,24,23,479
fcb11c87e4427300b671a0c0ebcdee78fee256dc,2,1,0,3
99de48d8ecd1be25ee4ec54b34fe23e89d3fded9,41,3,0,44
6160dc2f2946be96e5ccd9756597a7fa350a2bb7,13,1,0,14
f2570e5c0b66099761d62c71c0acf1826059194f,99,2,0,101
e393037d89ed518219a2069540d8f8229379d119,331,14,0,345
d37c3783a48567a72bc86031c13ad5cb64eac430,747,28,3,775
c642a09ec3a191883ed74ce1bb24ca758025e2d0,255,11,0,266
13601fb4d0792303045cf6079bd5baf015409931,6,3,0,9
120a230af42e2919bc6ed635bd7a0285b809c828,11,1,0,12
364d56ed84a3619dda3f01b0aa968db96d89f873,16,1,0,17
ceb4f16c247c31339421302c37b6920b5389dcf7,685,8,7,693
0614c795faab0c6dcd43f671f7c83ca305ac94e7,17,2,1,19
b884d62e26c8e7fb1b740ebaab1530a501656c88,3,2,0,5
431e0e359d43dddb669a6503c9f5971696af1e4d,1940,26,18,1966
d15e45540cca93675a511cd2b5bb21f1f617bcd8,10,3,0,13
9b6c9be4d551e89f2b08b23c4e1f410cb29c480f,37,3,0,40
782c69938b98deb10d1b19a094af759d4a445041,33,3,0,36
730dc153e62fdcabd61770f6f5f197364b8fd488,40,3,0,43
77726cb01d1d7ac596bccefb71bfeb8c5099b055,145,11,1,156
9dc2d1afaa998fcd2a645b22ae767b8b8b1d4942,1793,4,0,1797
b58295c6e4b15e439d6c19b8dc30cdc01d1b2870,306,3,1,309
0dfc5c770448df727b18a9ce204ded3d277eaed2,4,2,0,6
886f27359241b9007491f30494939ae8c498905b,184,5,1,189
9a77909120035958f64b155b171c4467ef7cb0ee,14,1,0,15
b3d255069b51a01793b4d4090227c58d87f5ba8c,1471,26,0,1497
5c93917578f5477100548bab696d19f7728ba209,26,2,0,28
b0d1304c6ff2914a1cda7eac57c63ba0dc804f99,130,4,1,134
4239de2b3c6a96b47573ae219c11c004bdb899db,152,9,0,161
8920e3ee299c4e098b782d670a899169bc956184,1886,32,1,1918
e441966230e237149c6860b5336d46194a1e3ee3,169,33,1,202
1364d943dbb0fa67047b31606965a5cfd5e22f0a,2861,27,0,2888
3ac2e60845ddb508227252daba7256fcf8c7af54,1244,21,0,1265
8055e38aada5bcb4b11b122a9440fe44a3e9cfa1,14,3,0,17
d383d19b4a637067d8cbdf4f0da5eca271dc4504,146,10,0,156
5e995bc1e750c4373937901f9f44ce3e5bfc0c25,522,4,0,526
11096feb5c430c9baa8657643bbd42bc8b9fd591,17,2,0,19
222c4ead9c3bd353d42b6f88df88002cd1dcb646,228,8,1,236
0b2ed7eb119116686bfca61deddaad652174e1f5,117,4,0,121
dba4f4e1d400fafb82ae9d09c3e448df0f66ee24,2,2,0,4
7694b5077359ec03b1da06081123e9fe5e05a540,320,15,2,335
17d0adb2538c871ff571687119072e4f7c364fdc,369,18,4,387
63717a63262381fe8d2193213e6b0777f890c0e2,674,16,3,690
3432bce34ad5f0845a8e1f06c0e30ac072c52a0b,98,2,0,100
2b0cdbc0ebe952d8377495399c5283639fa35663,122,10,0,132
2a85362d07ebd031de4cd82d324829352c1d855e,3746,139,20,3885
6ebbcb73d1f9f4df8416e753d7fa2e243bbd8329,581,37,9,618
aaaffd399dfe1d3c72fc16116e3aa72bed0a9881,216,13,5,229
d59bc959d7a3ed36401f0384c5a41b705da38090,94,9,2,103
5082115971fc0ea828e5da6e88f56227c44ce0e1,14,1,0,15
b617b59a9c22fa31fbdec844d266cadea98b5376,1636,39,9,1675
21642cc6b3bd1bbb4b42d6b34846feabd66e9df5,279,16,3,295
51306b578d0de47dd1b6af4d0f3775765acbdd2d,8,2,0,10
0700d099692f1657f5bfcc116f5d01caffd766b7,24,4,0,28
0d336bd66e3c5735e99d3e390017ae871cadff6f,165,13,2,178
cb6906407813b9020ffe44e60811ad465126dabb,239,9,0,248
9538ee0b8350d3c83237e87830ab3b183503128a,2,1,0,3
016a46375a2f1c0018a890e99aeebd1bf3750b63,141,17,6,158
bc769b4195471d122d463a46b43bb78edb18fe45,19,3,0,22
2b6be6cffebfbbadc81a9ecfd36a855a9c68dcf1,82,4,0,86
0d9993cb438d07063ba6cc667a1ec320a54e9069,14,1,0,15
29d94b25fef9038b3da466ce36fae18dcce50632,863,9,2,872
227b9ab9bb7452ed3cd808c7a53046b5df9eeb4d,76,5,0,81
3dbe323a60d5e58ce7069700af0d37c0e0f28256,29,3,0,32
434c15246879702670cf9ff0bcf64eb9865d7393,306,6,0,312
f93ad25ead9a69e3cc4a0119242becedc741690b,10,1,0,11
a274380b19a2a1a9dd8ced0a57bd92c8509d4b43,2,1,0,3
13b1c17825a5f3e9ebc05cefbb333b7bf4902eb2,54,6,0,60
c36ca82488a881be4243b59fe4ab72ff414c6ada,31,6,0,37
adb26704c7fbc902f0ed14f4734c72f9fa155a3e,15,2,0,17
2f3fd0709ac3ece464139aa3231d2902549fe466,2,1,0,3
c00d41d4646b1b4b924cb94303241c0be1388886,47,4,0,51
7c76e6ff27d67cc2ee621360277bafd7b84dc061,135,5,0,140
3db8cbcb8e6a1bd6f3406157887190615b417780,31,2,0,33
3fbb7286e7d5c083465e13fefa03fae087b9906c,2,1,0,3
d7c7a4d5e8a69daecc0e96ee6d5c84905aba5daf,195,7,0,202
2b54d529a6fea94a37511823815b54b61d4fe9f0,3,1,0,4
05753021e3693b837274c1e3b5756463ca3d66e3,2233,51,2,2284
cebc8b0fdcb2a5e779ba54166256d8a4e60198c7,803,22,2,825
388ca51acedf5b07b786b0d86bfbb94b81e7d8f7,645,4,1,649
ad6708f9a766b46e01b30b504b533487d789840e,35,3,0,38
5ac3b298341d944f52b7616e11c2129420ef1143,60,6,1,66
290333fa766e11ae776a0af48e9e2ac19bc574cd,11,1,0,12
e35bf07a9f27aa6581e94eb81d2bd62180f03709,41,1,0,42
75b0d5ababbbe310f1e4424512b4e9d78a7c9339,4,1,0,5
f5234c780ec24adb2123c05b164121b196b54553,151,2,1,153
2406f7ac40d856554bc711d01ede25d07d265e68,2173,10,4,2183
dad58892b191d3bd25d6e1122c87aa30b6a0fff4,29,7,0,36
57f2e48724a32eaeb9e16ac398a50a356dec2042,1335,14,3,1349
500e0e76579fa4ec0a44c23f4f0be8f895742873,1342,36,9,1378
c61b1c1e42593667d6ec7df3371a774238c15f0e,14,3,0,17
18ed9b158ee7383ef6e4c342e41382a69af63cdf,152,4,2,156
14770921bf8d41c9b0436e0d830c93e26f518669,19,3,0,22
2d2b98c47dd187e10f329c060906601117277eee,32,7,0,39
55b582359cc18d096e43bcae9f032c982d74b560,45,4,0,49
0a647a37ce8ae0e23ef1ce1477057d1691a2f39a,41,3,0,44
1701019fad7c408a48c17d0a7ee6311a418b49dd,595,17,7,612
496a6c7a60d526846b837cc82a30ade5c87e67f5,78,2,1,80
f7f91c22a535266b68d958b78de59b0ec652d76a,119,1,0,120
feef0ef2c2cd56ef350fd20c50478abf6023f432,14,4,0,18
c687deffa9bc80c9589fbc777ba939f7a9765860,1,1,0,2
e67c6d553e29119f96153a8b8be5e9c21dc23eba,61,1,0,62
a6b9665431b61c166a13e2728b7b03d010ac3813,30,2,0,32
c47a22c1d81a7f7b7d3a8c009912e2391d29a3d8,80,2,0,82
09434594c19fc9534d273a04299509fa6129a57e,52,3,0,55
90f398a0fa0d7419b23cec4b0c9b212203793e6e,457,13,5,470
152d270444c675cc289b4313840d5a6f493ab68f,375,15,0,390
50c8234f7c49d4bf089c8c5cbd959e5e93bf06b2,37,5,1,42
7fb34c6d34ae0e8af48b344feb48070f8c0dfa63,28,1,0,29
1e93ce7422576b7f4c92c2b4e2f55166bdf08894,812,18,4,830
5bfb24e8587fee1b9b2c68eb3fb61ef0c50f77d0,59,3,1,62
21ed8dff0bd568e48cd5c3efbd824073b132c134,255,4,0,259
3614e785f4fa38325585c2c92c830a662ffbc409,64,6,2,70
28752347bd97dfea0f9ae43f969c67072c6a6b2e,216,5,0,221
d28f795b342aa158b57857f8cfbcee8dbe75041d,289,4,0,293
a75d800124c0ccb044c63ac5a020ffc45405f302,82,6,1,88
e07f2d22a0ce49c17c7524788d3cff0c7658239f,24,1,0,25
a3fdbbfebaa3709b7f0f8d5c52567db9dbe0325e,35,1,0,36
f3c69aec4fd5a90ee61771484f75d7a338ebdb4e,68,13,4,81
c4b5158ccac772c78d3b16c8457ac191b8e5d8cc,745,6,0,751
c4a802c67b04aa8e50efc5273b9d804b36e85f94,50,2,0,52
4d946dd07697d054217ba11ecfa6185fc401b2ce,26,2,1,28
54b6c8623b9ebc6716a8095902c3ddb70145b512,18,4,0,22
10f02ef86899089c1343734c455d3cb9c7b59bfc,31,1,0,32
63d198534c2e9e99dccb53bc956e5f89b5a7006f,119,2,0,121
6d49781c842485ada240d39cc3f005f9b01e6d90,35,2,0,37
a33b4d6ffdc68d9a745a4e7ee52e34248a8b7682,137,6,0,143
90413aa7d24f3a34fc3f5a2875be03d569846c42,147,9,1,156
e2548f18d545b3c1b18181a444139459c8c4045e,18,2,0,20
648161d0e8f06dc52b6dcb8b1858db9f3c7502c1,22322,11,9,22333
10d32d7986afb8d947c29dc25aff399dea670983,96,3,0,99
d060d824374f1741af355bd5e429901c1d31ee64,253,2,1,255
c7dbfcd8df21f7a49dafa1c20ff05631ebfb5371,85,3,0,88
c691e8d7f764da8812ff79fedde56788780a308c,16,1,1,17
ee2610b073f1cd65c7eb2db63fcc27f4ccd778ca,62,1,0,63
e1c9fc990cce07561a0c70e1947f4e700c1ce99b,110,2,1,112
5f9496a254b1177f7b4777ee230b5727098a03b8,73,6,0,79
3c02db2c0ed116a3f1186799cd314a1f59468c4e,15,1,0,16
3cec840babd33feed982e343e653ebc4fd57532e,31,6,1,37
e78cd401083ca91f763886936775b6034ef9bc57,46,4,1,50
1470bbc2b1bf1aab0f8f63aeccc4c26a074f19df,163,6,0,169
7f1625b4e02386e4fd23e496302d33e4e81f9ab3,97,11,0,108
95482b699b175417d872976f3456e3b65cbd5aad,124,4,0,128
375226c23d94de0c74207ab4a456ed717715f08f,99,5,0,104
bc8ccac451d0b5567ff17b41d0d747cb3c0ad8d2,15,2,0,17
259cd1f9ce9f8d62b8c0a0e88e69ba91c3e21fda,30,2,0,32
4811da5e0eaf29bbf2a3d2590f0d14eb769955bb,64,2,0,66
80b10455a03e15f4e25b6df375f93a49886177c3,276,5,2,281
592864bd72b3c25966ed95b38d0659008e9aadcf,2,1,0,3
04afb39a1c943d7f19f86ec142bbe7d2d1fc0bc8,207,2,0,209
7388bfc8c5fd9173c8196d68f94dd8373da1baa8,17,1,0,18
513798a892df12535aa463d71b1fbd76dd1311ba,19,1,0,20
129b7b074c071cddb9e8ae57bfe0a35130aaf0f6,51,5,0,56
cb86dc4cc430877ea9bf146bbaf2882abf7b64fa,4,1,0,5
b74ea508ff28872efa80c01f8d39cdd55640d00d,268,5,0,273
fc7f34987bfc0b3753ad0e56d58253e9801ab4f3,20,2,0,22
70b706c3b8e89f80d913c90430877bf26e3a8a97,44,2,0,46
ef1fe60312fe008e185797660328765b06aa3d6d,49,6,0,55
cb0d9b17869181332ab6a442907b5f57263d46bc,6,1,0,7
92036c9b70d7dd4d754c053776f211118657a6bd,1504,42,2,1546
15b1da32e4d4febfcc3dd6042098366b32310f8c,4,1,1,5
cf0b1dab73615ffabe3fd2ee1648c7f0751126e8,35,3,0,38
f7067972302da32d859932e7892778b2b77e3325,17,2,0,19
886dfeafe80a7c32b1499edaf117449343d4b365,97,1,0,98
ff270622210a3cc29aaf10de839b57e6e9dbd1b9,606,12,1,618
805f7a6100e27307a824bdbe4bc4aef135d86a96,2,1,0,3
368d6a8ea50c722ead727d33b972d16b0559c997,406,11,0,417
59594cde3b9bb4b37bc51ae6d2aefdb8df76b9fa,238,6,3,244
965c7aea164bd1837e89371613523aa851600900,38722,23,0,38745
48fa01eb15d87cd133a8617f85029c214bbe72b2,158,4,4,162
590858d28c997580512035bf23c586406e05e860,4,2,0,6
316c9a72acb853560bdcab9f8010e866ad5303cd,66,3,0,69
d899d7dcba41925ee6c7daf4ed5c62903011f478,77,2,2,79
dd716938d25cd02a1e8a3cb29a5713f62a9b57a4,8177,45,0,8222
2e9b993c7b510f7c48bc96f16943a87e616e611c,111,10,7,121
a47717d64739ea0f960c28785901715d6d764723,453,19,2,472
7dbb5e47ff122ccbea0653b3f8abf4373684908b,740,18,0,758
bca3a4a56e9699bb65470f1ee400c0999a3ae20b,36,8,0,44
5e53a05ee4fc4e0dca550573d3b16c7fd069c89e,11,1,0,12
8109c3829bb8fba048f354d5c2d2b9c188d748f3,3584,24,4,3608
5c6761765b7ff0a4b8a5de863b68cf2d1302c182,45,5,0,50
a6d6b72a933143bfa09a10b462541dc4d0a374ea,69,4,1,73
2e88a2226997af2ddfe2b63dd8268c8f2ed391b6,400,21,3,421
b2f52171573618f5268af50a5b0ac2ac202fdab9,4,2,0,6
03bdceea9f31e3caa25802d94bc9f81c72ac117f,74,8,1,82
5700acb3afe7a2b813e3759c21a72dd5e930324c,190,14,6,204
b72a70225b2c99c33cab38a5b400c3e9d615cdec,619,17,0,636
bbea840fa8612b18acd997ceb12203b9ff8c49f3,830,19,1,849
44c3b97b218501ace3cde7c1701b54f4bf65aebe,23,1,0,24
6f7562f1c1f85cacb27a6e9d33cf97cceb7e1e1d,412,18,1,430
1714b2f345429a2979b424b205f37028e54e0e01,451,6,0,457
e241efe2fbd1de48e3b2bbe05e8e425ee97e0475,230,12,1,242
d70a99ecbe9d204b1f5f762a4156ec016e065fd7,745,32,0,777
72bce86a93502b5bcc00e4f7283e11b39a5d5a25,4,1,0,5
e28da4a5e65c93b199ec31579a67428b5a28a713,83,8,0,91
d8ef3efe913b168fec0a45f66eefd839af9c47d1,11,1,0,12
f36ecb507c93ed156d704813a4b8d1a664c57fe2,463,12,0,475
b7e9b2467349667af8ebdc905f9c076c6508cb69,13,3,0,16
3c03d548a300f0d25fdbba0ad60c16c05223a08b,9,1,0,10
21977f377a720e96392edbd0e53db95cc8a99148,118,14,1,132
163ddaaef83ee610bf6762c9249900621b4e7023,15,1,0,16
75c95cd797cca381c9cf801c31641b0e8f5e0ff3,47,5,0,52
4ad2858ce2a94c88193b22787199ad75bca8c38d,1,1,0,2
82c5904ad7f5aec52c6b09b7fd3b888d0c07a640,3,1,0,4
6770a5e2777f44105bd4ee425180d8a9bfcee6d9,13,1,0,14
ea1eccbdb31e8e462d0815b915cc62a0e68477af,4,1,0,5
b13e616ec8cc2c8fdf83bd4e97cf4f317e84f5a9,517,17,8,534
78141ed932749c33fa35d135d1ad2e614bdcabf2,182,6,0,188
328d9fb6da7fe03260c9e55acea9ca18e7051c93,55,3,0,58
3e89bf68c1b81051b5d8f233dc89cbe5e1d83687,5,1,0,6
50ad3b4689e0e8f176946902c7f58e3404425930,2,1,0,3
5c5de0603482586e860068f8a7510e44a0c2e885,208,13,10,221
9e5d3a654b124f114eb7f3aa17b5300eada270ed,31,2,0,33
fc7b3f21d88f603ecb31e5b8568255d6b2bdabe2,143,12,0,155
f8f341dd3097e57c7810e8ed2996985e59952838,264,19,1,283
75b6f470bbbe67ebfdc6857523ca239bb8956285,46,1,0,47
0a632ca474c4bd29c95c1efa440caa6c83c7209d,27,2,0,29
8d4d2f30bdcab556253e59e8189f8ead52977ec8,31,1,0,32
e46f0cbf2d42949aca121a9096e5fe8a1bdaa5c8,89,6,0,95
4cb12f406694014b04e32f6e54a378d175b79647,11,1,0,12
fa3d75d499d2bc22e7c8fbd861c5cdb2d6dbf130,226,6,0,232
0518c58ed80110261e37c5c841d3203750579ef6,3,1,0,4
0bc4d04825273dcd09215ef93680dde665969f95,160,4,1,164
39a4983ee026c7adf231bcec71c40a360d913f6f,138,16,1,154
52000017db2fda0ac23e0286341585c85ced98c3,168,7,0,175
d71ba69416a018aad60182d2ee3d66e1ecc952c7,85,5,0,90
f19d0411babdc08f7425f8654cdd5957d2630c73,41,6,1,47
d037b63af195b49900c8944910286ad9c786fa5c,39,1,0,40
ad77c2b496d54c4e29ab7e80f668fe1b9e1a1b7e,27,5,0,32
5d77e0eba9494b676b30820b32fb854a99ed7697,2,1,0,3
64186b3b8c9b9e6dfbe3e50d4adb6d1c574e1912,117,3,0,120
8e230622940146ed3434960f8c6098c09751fc06,201,2,0,203
43bbec839f44d3264f33dad967f9529772c6cb79,65,4,3,69
68b966b18e00af96cbd082c9fafdbb55239412dd,1040,6,2,1046
82f2d06bb4eb45f6c55336eef7a97dc187faf570,2982,112,0,3094
10f528a7aa297803fb566b0aa2baa6d0309dd1fc,2154,58,0,2212
867856114b24e2c290dfc5b4a020452c24e63a8a,1853,34,0,1887
2a22521698bd6893ca0e8dff8a5dafb06ce2eb3a,12,2,0,14
85215d9e2d5e7ae13be196b535727b332db333e9,11,1,0,12
2f2789552be521e4c89918b18217bfe18de27f06,646,17,1,663
d89b2dc90b75904018fbc716a9f039bedca43985,156,6,0,162
00047a7af24721cd3ed82c4a74aebb4e659432be,90,1,0,91
1cb9b44c1cd470662d22b3113c8dec4e11612e03,17,2,0,19
2f6e34a2dd69111213bb2c32907109515023a979,2,1,0,3
945249448f07279818f10259b86893b8eca31dd5,66,2,0,68
bb2d390bbed3aa99ccbd890de473f3d016ef6a17,26,2,0,28
a64de7d4f168a7defc3d62d19a53c2fdba744a39,12,1,0,13
3da432ff14558320858274584d4d097b11ec6b51,95,7,1,102
3a3a0cf34137e8af889c117c0cf0c49045fcba20,56,3,1,59
d8ba3ae777781b5f9c3d2f24772f1449e3341db8,606,24,3,630
19e7ac763544156c39cc8357b7d7a4cdd243a370,7,1,0,8
0bf391d6a59d5af411563e7e91ca0735a352e661,146,4,1,150
9fcaa5acacaea25496286a4a37e4539c673ed34a,3,1,0,4
a9f4d9c6448415716d6a3496845d0a97fe1bb26b,198,1,1,199
6a0123410ccd6d212b378bf3bc7b24c941c825dd,35,3,0,38
3e340824f4cb9aa735e0a247adb0900286b7de60,41,4,0,45
af23ca0f624ed4b07ecbecaab33d1f2e47ceb8de,30,4,1,34
1b1c220bbec953d5702cb0e12b6ee419005c6eca,3508,8,3,3516
f95bc35dbb03bd3b8f55a4b8a7a0eeea30198428,20,2,2,22
170e57999d8b82c507106aad41398551c520647a,271,2,0,273
9a99c6b2e2e454882e79097a23839910d737c20e,2,1,0,3
25e4774325565cd568bfd9207a47458a3b656647,12551,49,2,12600
ab19e5f6fc8e700312549263f30dbdac6a381657,619,13,2,632
346ae1379cf55ec4dfad018bb0864e6975668ae6,86,7,2,93
31d0b2a938f10b46abb8a8450ff2e24e51b2fc2a,255,8,2,263
24c0ce75b9793be4ea36ad336adfcbe784e07a8a,31,1,0,32
67545aa4d999df4fdf285249ef8254a5b42d4e47,201,4,1,205
528d38a1ac20d4e96f44bf737292ec8ea6879df0,1,1,0,2
254d96dc43f8a8fe68f57bb694a9270035888acb,58,1,0,59
f5fe1438d2e407298a1f1e18e766a52f7245a72f,45,3,0,48
b67449846a2d0b4601c199d65abdd5a6007db1f3,16,2,0,18
3a4b34dec92c63ec4ade64b70016c7592a8731bf,1020,19,5,1039
2ab1384d72c15448c4d6adce0c8c4a8923a04e77,373,23,3,396
45c3c1b2868d02ea056ee4e0befe91269dfa9d3d,22,2,0,24
66a655299e103bdf673fa4ea8f60dde6f4dae46c,581,14,0,595
08929994f94d73d18a9eb4d9ef7f5bb171960566,2,1,0,3
9454abe46557e64fca3363ad1373d28b9f599a3a,333,4,2,337
98b5128d56430974bd02cc3dbba62a9266705fc5,39,2,0,41
34d9da85a5e008ffa188777b9d8072d3cafff4fd,2433,24,0,2457
a2df0f65a688eec4a0ccb738bf226db3a8eaddd2,6,2,1,8
408849a8c230022d9819ed5dfb55437e24e7413b,165,4,0,169
9efc31e4403207d939d7b3b3173421eda0e115b1,87,2,1,89
f3160668aa53eb6457da1345805c29a71701f69c,1184,24,0,1208
6e4139e18fd4082cc172cf902079a701260ed1f5,130,5,0,135
ab7d0ee0b930481b5e155c7b027ba09f3ac1e916,199,9,0,208
a79781284c6ebfbbc91738d60908fb305a4ca135,41,6,1,47
832dae3b8986b43e82dd669770f40fb387208e3d,254,7,0,261
7b0feac734d1c32aa5caa13a100de0c1433ca1a5,1150,26,5,1176
ba040b93ab592c421ec8578b83e58881af00b60a,609,7,0,616
2b614716302a2fe0ef6c819701cb4c4212c6fa36,6,1,0,7
c7a2a9b961fe8c2403b065be7f18975140d72a44,2148,7,7,2155
610e6c43637c59530e0843f7a151421da165154b,159,6,0,165
a5371a816bfb309c0d68ac71921cd8ee3200d983,55,2,0,57
910ccd75d31acd7411a4c6f253ba09e109152ae7,116,1,0,117
1cc9393965531ff316a8d362eb8027feea1c00ec,31,4,0,35
c621a9a9c89ac0ba2a13d56e5c1044ef3c221c84,69,2,1,71
4f9434c0163e7c1d26a28ea750dd58f73ced75dc,129,4,0,133
1d804e37b775bdb4a5a2886ba67641aa9e106273,69,8,0,77
8490641acd183618fd82b1e1c2784abb2bb7bbdb,212,6,1,218
986e7802ac498bedcd8ba51c36fac56c4c958dea,294,8,0,302
30e39edc51991f3da91ea3c5500ae8a00aeb889b,507,9,0,516
e06e889c88bfa21a049644c918a129476c3b272f,145,4,0,149
26c7d7e2bd71349e3bd47e39f7921f1f2c82f6ee,119,3,1,122
7967e32e9efd9f73899b51657f71117a3f179ef9,28,2,0,30
e3bff7db7e446bb55856185ac995c8aa216347ab,6,2,0,8
0fded25c6346bff319beca21ad65c2fcc141afb1,21,1,0,22
670d77dbba3437c256f5ac330d1f67e32d4f31ed,25,1,0,26
35cb8d9910b1cbfcd51e87ffa12bbe2132cd3d86,9,1,0,10
63225fd8ae449b4ecb068a8e859e800792fed63c,5,1,0,6
27140ec211b90b897b0621f872a4362043af04de,806,21,2,827
cb4927fbc112d2a3a179fe35940c092cac2923f1,49,3,1,52
b607ec218658c93300047826da6ead6c956585b2,10,3,0,13
65775a0d800372f016cc9fd57d899309a7878d3e,6,1,0,7
fbac0290f5c62a9e6634bc5c08cd8bf1ded703ca,932,14,1,946
f145bdf530545accb4542a456b0cf202de662ffa,6,2,1,8
544e1b4c4df4b751f89db6c99ed08185e499ae6c,382,29,15,411
4520789f201e493925a3e1ba51d551d67ef2d5eb,88,2,0,90
553d576590e87f724082311b5bc3d2c5bb156e40,5165,13,0,5178
078456ec5d01a65caa2d9b555eb9f644201e8c86,3,1,1,4
4b228b32b7a88ca057f56b0e29258284b1affc70,3,1,1,4
ba234e0ea785b759ddb24f6aea26f80f7c9f8cbd,1772,67,10,1839
1c35a1a79367d56bbd7885579d8458536d3e003e,127,6,1,133
272c00877919fd4d8e29bbc2f25610dcba1be176,637,10,1,647
10387f25a8c80522ecf3760af065f0c1e434d7f6,2,1,0,3
73bca0595b6f5248a9c94100b0db160a9c33e4d4,130,3,0,133
fa2e85e8dae5bc815abc373406dbb3bdb9d0c4e1,44,2,0,46
41775d453b83561945518d1890dd1d9918a6e778,26,2,0,28
d781387a35e2e16a04d7d8dba07816f42bed8b8b,18,3,0,21
029862dbfd11e04ea99500aaa00358b8189d4d92,40,2,0,42
030a45161e1bd6b6fcc5a10addc08b665040ade2,318,2,0,320
1ef38cc1b2dfbe1dea91f2afd198dea10b637e7a,5,1,0,6
d0b7cd2f94d4b873c03aa17520ad1cc01e44a5f6,58,2,0,60
e3fd7ab4562e0cf5600d8ac8575a8a8bcfd5a0de,2,1,0,3
9cc1d4993462f577ab4d47ddfe02fd09ec90c90b,65,4,0,69
8210882c66d7b45fa1d771b42ecd036c7f062495,14,2,0,16
befec9d955029c1ece20c5252f2c67b957482524,24,3,0,27
faf3dcba0df81cc8739719de9f5b87ba8b5d6d1a,171,3,1,174
341dc1ae2ef368dec0726707ef4343caf86ef66d,1,1,0,2
807449d771c371500ce9a06bd8d71f653f08e89a,24,1,0,25
28ab0ae2960618b5caa848c408e3f5d7bebee7f4,73,3,0,76
4e3fdd8261116958278206ee450318066a5c3b74,34,2,0,36
8745a9762b993a6a05780efe74c092c8cc43dfe8,154,3,1,157
1d6cc50d8dae25063b4828507cf9d03bcd3383e3,18,3,2,21
f15ae57091aa54a71286bd68989a0bddacbea2e5,42,4,1,46
cec341d539b78fb43f5b3a6b700f0da272ed0d6e,4,1,0,5
f459db80fa0295cb2129f69776a3aa2055f31ca1,15,1,0,16
385b563125c6aa51042a1498307727ecf9eb84de,20,1,0,21
a7b5a591f23cf120f4aa14831f4011abd02b0586,4,1,0,5
e330099b9111b9851eee4d13d1205d15ee039dd4,5067,64,0,5131
345bd8f045f569770bd963efcf18595ba6bd20df,10441,60,18,10501
1e5a98e312ee8334c51c284aec6a5df54c1cf6d9,418,8,3,426
70a172de8fe4017188888ff8421b4f7e77dff450,41,2,0,43
27fbeb3334f115aa51936f28a521e8bc652b22ce,207,12,6,219
1252b864eb9d3f145519f4701fb21008266ba74e,338,10,0,348
05588a92236417323319966ffe6e310243e4f343,73,3,0,76
05aa54f481e242cb2a34b2730697cb219d7c8cfd,5,1,0,6
ca6075384b1d5c60b92cd365b4e8eb01e9445e37,1328,14,2,1342
8fa003e57f3e326278266eb33a8a6b6ae2d021ad,4,1,0,5
f5ab8639953f9b468ffe3955403bfaad50ccaef0,5,1,0,6
5e4d9b8989d17e148913e3289c61b31158347d31,101,4,2,105
fbc9007b028ae3055d5c73617b454ac7a753847f,728,15,4,743
6bda7b7751519c6fd4b81512bfd6ec992d19e8bf,4,1,0,5
cf364d37f71a11479a7a8b7dbfc4172cf3d480a5,259,7,0,266
69432fb2902739a9c2af2279d9a9b7ad12980eb9,2,1,0,3
9d6d2cfce77571386ab714cd5d7f485c291ebc1e,380,4,0,384
237c0a8493b4c3be6b48179dc318deda2b11ee3b,18,2,0,20
85f2416dbfb90b3cb8a7f4223d326ed44073e9c8,20,2,0,22
fb0d9996b278d5738aa0fde865296b9dcfad22ec,201,11,7,212
1e906370c878f60d94ac301a30ba13537b6a483e,129,4,0,133
819d29b6b4b1f546b53492dd5c0ca81b384acce4,92,4,1,96
03698b7e6138fb7be88f18c660a8e965283cf221,103,3,3,106
54defa2fd1fe9b86806dbd79c4e46da98f350924,43,11,0,54
9139dfc62813cb8865a56e67f927b91a564e4892,179,6,3,185
9e0b38d287805a977bdfa65a1557465c1d74f57f,732,9,3,741
ae6b90436f9bdd5a57a391312ccefbcb9484bc1e,118,4,0,122
4d073fc2d8baa07c06b3a04c9eba9df8567423f3,10,1,0,11
06150c6597bbad60af12783a3b10855eff118221,1093,12,0,1105
c674c54f4577524e6af84e0210b41c37ecbb1438,70,4,0,74
6dc324d37536594ff33035bd8820a04cdf39afdb,61,3,0,64
56cbef6a387158cc3e3fc56210ece05c69058aa6,409,12,2,421
e1603b8b0c279b8a6d34511fe7b50fda8ed4325b,320,8,0,328
3197cda9381baed1ddf93f5f40390284d2e04401,141,4,0,145
9291acaabcfc68fd7c294fd52ea81b0ceb5e878a,6,1,0,7
7b8b69c2dfc5e604201833009c6ee1302fb3879a,1441,12,0,1453
0f2e6d5f8aca5228fe09bcfd7cbffcd68f24b776,32,1,0,33
5c0c8a2c320dcecf1b8add7494183c81e5564bea,518,18,5,536
2e1b5cffb932390fe3f77bc8541424587fe448ef,162,4,0,166
254f79985026a60ca6c9e9f77e917c5cb505f3a2,35,2,0,37
f46e4941db1bed30bdb1f702dc1919142ba15a42,231,7,1,238
7dc6368ca5a48a215fdc4dc3d913e5e898268760,121,5,0,126
d283776ec2a41252dab1bd60f76d569f1c2519e4,290,9,1,299
47f8e94d376e538a17c79d615ef78ee5ce4f61af,321,11,2,332
bc9a8cb4c7afe0ca6729229890e13ebdc3cf14d0,20,1,0,21
0ba685c01485db1d9b56a295fafb9f635cfab0e2,143,5,0,148
37260d3542c5162fb74642cdab90c6eee8ac21a9,40,2,0,42
cb866d837f72232201daa394b7188a1bd61199e9,54,1,0,55
83b3512def190c49233a14280e5c178169ff155f,430,12,2,442
4839e0ed048b0b721bd1de7c088249ed79e84925,970,23,2,993
484d23f653dfc923629ab6d2474043fbe3a41cb5,115,2,0,117
0bfc8d8e1b941db586458f632b8951bb28f61355,380,9,5,389
a9897802fa1c3adf5e8f35799895014138ad69e9,416,4,2,420
1c8883237f664c834dd7dd98d2f546703b0610e7,46,4,0,50
c3d72d7501f00b595fca6d3288868d3b56fab991,103,7,1,110
3c743051dee39e0b81504f2319beac4b4071ce0d,0,0,0,0
9e24911a51f8184d28b72f4691649949c01660cb,194,8,0,202
0c24c01348eed8f91645a35da6d434886bb939c4,64,3,0,67
83620da6d9f86fe92648a0b35b71f4a976f733b3,217,6,1,223
a5594975f01ab729b5e84c3be2f5cdae00a8cfb7,14,1,0,15
9132139a4e8a1d94dbbe480b34d04c5805e807e5,28,4,1,32
350677d573075767bfb612fec14380477c0b244d,137,4,0,141
381c11a8585651d27f82242664b52e5b3f90994b,88,3,1,91
bd954b2e9b30c664d71c328d407c758077b93846,190,8,0,198
cf3f08570df4f9f14343d01fd51401141b144cc7,18,3,0,21
4ea13bfad525f6c792ea9e333dfc5e635f572ee9,503,5,0,508
4807a2fb9c1fdd0de65bc2bbad607fb5c8156346,5,2,0,7
14e63ce350c0f1abc144520bea7164e488bffd60,20,2,0,22
20e4a8896414252e26e6ecfba47786a21a4b045e,91,3,1,94
d24a6d25b85b8457d6a09beebb66e8d36e40d9db,2,1,0,3
fd5f24f516d2cb78392a21a4eb036eed18a8d83f,54,1,0,55
2d46f1e648b68a3b6276970830362e4770e6ee1b,223,5,0,228
0a953c47a6b86923bfe395ed3f4d65f0e51823bf,24,1,0,25
cedfdfe4fa8b5735921f9d61ff705731c198281e,276,10,5,286
7dcaa7e354e0856d1688a4cf443937d7c7b62d0c,67,7,1,74
23def50fbd2b75af972cb0e249ce2e452ee8d758,1142,6,1,1148
72bfca44591892fbba0200259a8e27741b576904,1702,22,5,1724
5461e9efba1c62e94a8b61fc2e1876883e84f5e4,245,7,1,252
14f157d1a266708bd7fe405942cac343ff92b7a5,10,2,0,12
c36a5b55dfa683e75e291ad0b2717f13e489e278,11,1,0,12
2900e147e54fbdee3f51aaccf4917b26e9c5e5b3,486,7,1,493
59ece384c746c2bc6a75b919cc12de31b42ab4fa,606,37,3,643
a15c624a2dc5efaa050ef0f6e858c2d18bcef32d,573,11,1,584
86f7e850e1baa0d45dba60a32b86eb591b4a2780,360,5,3,365
405adcf3220f4f32dab7537577aab83cb59e8ffc,167,3,0,170
55947729df4a0595dc77a7035709a08b8ac12c19,113,1,0,114
7fd00843b292a501cb3cb12e86b67485343e7e8c,283,26,6,309
1d32bfb087dfb080fdcf54300078c19052550d25,361,7,2,368
4e3f61862126873351e121aa56965f41be70d7d1,41,1,0,42
f6a0c27e8728c7353d3cf3d874c4f4d8d54d5032,12,3,0,15
c5f925ad777ece07e77efcbd9fc62c8fb98384ac,32,1,0,33
5b1403f61fcdb7f7c01ab09547a6a97a6045f3e8,1462,13,2,1475
1b1ede3abf604710b480e098fd3ff59a58d54d9a,2,1,0,3
8cb6e4873034283b327d674638a90c6bfe839713,34,2,0,36
6147cb0adc936f7d37556d158cecc0146ba3c959,87,2,1,89
f5bd62ad47072b5716a3f848cfcdbc365de5dbda,17,3,0,20
4c3238da7fcb651a64380cd58366207c1ea8231e,158,16,5,174
dd4e3b0645a7b297a45470986061c1db4bedf6ce,3,2,0,5
5933627f5777d2dc164fdbb070b4ba6958038adb,1970,33,2,2003
eac7d18cfe5eccdd737298c567e19ef3991011eb,621,4,0,625
de876b5615afae1a18c6f9ac2152cc13fd6feb15,673,11,2,684
4409627aede60bfb0bff71a29e981548346645fc,11,1,0,12
cafcf6da4f5fcaccba585b0ba241ba317a5adfaf,279,1,0,280
99c7b6ea555682660eb22ea9059e64ed14a0e252,75,2,1,77
1a567860a23a9514a4e322adcb447576d83d81e6,303,9,4,312
04693ff89463c829083f42fdabd5e0ac30e8ade4,43,1,0,44
d35cc3ea2a9abc6ad3c2b2e189a7cfb1eed88785,33,5,0,38
79fef9188fc6a5776165834dbdb7c1fc359ecea3,2173,20,17,2193
993756e29fd0fd8b2ca1527957400ae5cfc067a5,4830,39,1,4869
dcdc4189a663d7499ed48f3cdabdeea2ba80e74e,303,37,37,340
e7267281b067ad7cbec6477aafcdcaa2bd12b42b,13,1,0,14
c6f8ad5e37843e9119c9a246b85070bc7b9b4e04,9,1,1,10
637fb511b22ab5226638e4c72c84c0ee080ddcf4,190,7,3,197
afbecc3f23ff36553efcd316b53fde044ceb0a81,205,3,0,208
24a4d4029e57b12fd88b4a89ceb4fcb2b97aa461,8,1,0,9
df297adbe1724ed45a3a4608d330f0caa41b862f,210,5,1,215
0d0cbccb1a44316e4d7b7a3f2a4a57f26f80fff4,1180,35,0,1215
04d7eaa1d6157877638c16fb7ff29619ef5b7952,33,1,0,34
1f37fa707feeb00311413de770d5bdd1b08a95ff,1684,27,3,1711
e159a6bfd15d2788231348421e46f4aeb10ffbe3,757,6,1,763
a3cdc6c9a482e68c35389eadea17aea440c01fbb,1063,36,3,1099
ddc2110cd5853607e2334c50ddb94f143b899c6e,42,1,0,43
19ae3edc95e49bba24e4775628a8a6c41a304e60,109,4,2,113
74a8c2a53ce3f584e08c3b2b2cfcf5d0a7a48f1a,37,2,1,39
4760de7d18d49a3de6db06b4e95f3b16190984a6,1828,29,10,1857
95736277a34834fbe8e09c570b4e38e1b8243db9,169,1,0,170
c1f793efff8ff1c87f3285a5f6fec528d5236243,3,2,0,5
8e53fbccbe3735542571b23860d0634d192c830f,3,1,0,4
7965c69a9f1c30656b96021a595d377e7372ded4,1552,33,2,1585
b220f13fd497dd616e84d85ec576c5787ba478b5,696,29,2,725
f221a4785e357b35b10809178ba0ab0b74e6d037,72,5,2,77
92711de1353e8124a70ec8705b995fcb68431459,12,1,0,13
225ee7647d52f6c227642e8a9861d3eafb031262,291,7,1,298
5e222ca123e7adbdb6d207dd8831810e6dceccb6,92,3,3,95
70c8f1b16cebbfadb025468e562e1a70a745fe81,45,4,2,49
c104452873a71b327fde577ff78a7b647f45989d,53,2,1,55
0cca9a24aaf8a1a2ed74a478e968e4b8b92a55d0,4,1,0,5
47907404ecf4a1659fe2ef4eaf5a1cf2216ca904,42,1,0,43
bfa4c704af28bfaf939e441378545a5e7703cb3b,106,20,7,126
c3903d8fd002faa36ace5fdb997ba72c23ed10c5,98,5,1,103
5b1ec33a84cb31bd12e57ade4af20df4b996bd46,126,3,1,129
b47edfb46db1572b652dbbac7cc564397529af1c,126,3,1,129
137a8416d6f9f81c0bf1020ec64a03633dbc127b,135,3,1,138
fa887ee25fec345e9ad51e27fcf4ce735ed27e58,110,8,0,118
e1a53b57fedbfdb43b78e7a5fc0a888d0720c6d7,79,3,1,82
5a1e8e0bed3b53acbbc1a6b7033509ca9db24f4f,121,2,1,123
26785a565c888da27baabaa80948740f9647d239,222,2,0,224
eb500d17adb4912c099b7a6c1f504006915c4bbb,195,3,1,198
4d0d5f0255ab3d8934d425a95dcd702ff08088b9,8429,73,18,8502
077cad5b8490214756f435db5a74d9fff0bb4c11,219,1,0,220
cbd63de9824e09f8b9d8c4cb5cf98826ad4c66f6,2573,45,6,2618
3b3c6b13ce836068bd8adc51c0c7154026375ef4,88,4,2,92
b9f60fc8e3a458c2a6c71d08d11b6c5b9ec30430,4692,53,12,4745
04f3b970c5abf5c4dde1edccbfba732685c99104,464,3,0,467
011302d31ddc1dbfe0590fc02719d6775e153c67,812,22,4,834
700b64c41acdd0de48726991e2972a12296d79c0,18,2,0,20
5900baf12388f56df30f0199add8082c4ea2ddb0,239,5,1,244
bab738d81b67e2a0c6532a56db6b2b82821e22ab,413,13,1,426
db401f6db4ec084ab29c0772cfa71e66affd0dc3,10,1,0,11
0992ba773bc0b4b66e3d058015b802a3f9947b87,274,7,1,281
51783e3d16fb6a9598037b3ab7112f09d6b19166,187,2,0,189
392d8d544cb36c126a6a687ccc6cae2de2597366,2038,49,14,2087
1d8b016354e8fc3269893e36e3ef0f8c7a261e3f,11948,93,2,12041
41ea24b5fd41f9ca6881f79784a47ef346128e43,408,72,12,480
92f950435b676966636e57bd158d7a70e1492dbb,47,3,1,50
d5188e79481a79f7e4622476fbcb409dc449e959,153,12,3,165
57dac2b7bb87f95d0321642a489f8dcb89ffc3a5,72,5,0,77
0636938aa306d1e6ebe757a009a92887fffe89a9,1872,33,1,1905
c778cdd620d18f6345ed0f42bcc5b0f07a266df6,2,1,0,3
14f5a7b89e2641ef79221fc830209c260664a64f,3,1,0,4
b03da9e72f7d9df07c85934b492a56ba12ad5574,50,6,0,56
025b4b0cda1b5e7282ae37331b984126a433b90b,17,1,0,18
f74346e5f76015d8983e217251b5c07cbe2e851d,43,4,1,47
040ece8cff8e491bb9ce064b55da34d05f75ac67,54,2,0,56
d68f4b9f9f950b029024a677462e494c1666a892,826,4,1,830
1663801185d5ea7743fff0898e00333968e51157,10,1,0,11
5ca7ffaf9910001f7a15f56d6b97988287e5f91d,3,2,0,5
7616530bd8338d2a1195e952371b766e66d26e5e,148,22,2,170
63962422e7697436686cb4c79a30b0726afba4c2,1240,30,5,1270
daa3ac4d424e41c9386bfe74bc4a73eaae587d53,315,17,1,332
4870731e38f4f8ac1cea394a73fd536b15d0fdab,61,7,0,68
694fb6699d7a88ba241b13fbdc022d6efcec0948,2,1,1,3
4e369a2bd8718b0d71b6e1cf515dc4c4b00c7872,42,3,0,45
8544ccf0ffbdf8d9fe354497af4023f1344cdf1e,10,1,0,11
18b47310af11450d4595aeb63633c3a223cb487d,65,2,0,67
a79a8c3280e517746213a77348b807ca4025710e,70,6,0,76
f46273747d5aedc0a10aefbcb7b0a0078516695e,5,1,0,6
e9871a24db85fecb5ae3855c7b7786dc35f6c88c,43,4,0,47
46afe884a33522f289d0b8ed6b0cbafb6257f299,49,4,1,53
5d56b3682c59c7cda508d70df9e6ce239c5e7ef7,47,2,1,49
6fdb0a29341c92cedf8b123ea180f4a7e76a7d7d,143,2,1,145
ba34e66b28ac1860e7e2ee9767c4454bba42a2ad,118,2,1,120
592555bdf5fcf5940ea7c83260b4708a66eb1919,77,1,0,78
d4222e6b282a4acf4d92d9baa7fc67a361c88f97,26,1,0,27
9c223925556d88c04937f18d233bd6187920f70e,1152,16,2,1168
c6b7693d6cb0eb94804426edde9277c181a0387a,52,2,0,54
00100acf73e6e394f4f60cdbbaffa0a91a930007,672,4,0,676
8fd6fd39ee092bd75c1ccaadc8d06185db863dc3,522,6,3,528
dba984956a553cfe1dfedd634018f742a32bbfdd,2,1,0,3
e7b22c61b09988b1f1da41bcfde25ff7f2a90058,2,1,0,3
14dcb34ab6732ba65679196ef5fcf2b49536f907,6,1,0,7
0f1cc86210a51f34ec86470ada9fbd958e188af8,246,11,0,257
b6ef259ed01cf51d1a86d190708e923c928b3c12,236,12,0,248
49ec1b85d38039d81a4c3d2958534ccad069f302,4,1,0,5
9290416c20ae6345b5925e44e030ed50e58971ed,440,5,2,445
2178667d3a353cdc0c5983879e2429f6ef073929,768,16,4,784
02d7480672cd2d6b72de9ba362cfb751add45e3e,120,6,0,126
1100f36cd0a262bb9ab6c2f408ea2f018f516641,26,1,0,27
d4c6e28c386ce21adbe7c010e2450a491673a023,28,4,0,32
1e988af60c4fc0468d15882f0541585cabe4cad3,587,14,8,601
7719bee9eef4bc51106f4399d01a881813c3b50a,68,1,0,69
abf5b835d124c97ae3d02ad9ac993c8240aaef19,278,11,2,289
dbc4d86a942de702a0223fcb2d765cc41f4a5481,29,1,0,30
85e212ff329b1da134355b23c5edb625d8e2e70a,56,8,1,64
0b82ca0ab182b8f05b51040f8c9abc4350272a11,346,10,0,356
7bdf38556c75a5665a330b21a32b81e552ebfc0d,4,1,0,5
a92a2278433619ff9024bffde236c51dc5f9c225,341,4,0,345
367ecf1a325407d566e306d28e7949dd79ea397e,832,26,21,858
09d85472d1addac399c2042fb16aed39888d35b9,28,2,0,30
ae0f8f6d9752dfc8cff774025870de7164985d3b,150,12,3,162
9009cd6949fde5673e191913c7e6f0fd7260f70f,201,14,0,215
870a16ee8a84d155a0e9d60ea26177b966f19cde,396,20,2,416
92606962ee4c126fd5e3c0d2699394b9ecadb5bc,24,1,0,25
7908c75c47d58ca9a6f28936aa752b5d30b8a3bd,1121,2,0,1123
06a45ba10e3a406dc6e20aaa41ea3e9335a9a64d,129,3,1,132
87b0760b81be661a4928a8c84f68bade79ab5087,548,19,0,567
8c55194cb195c5ad6e284ac5270256bdfd9c5287,14,1,0,15
3fbe68413013452892fa910a249b2e9d03808308,160,9,2,169
52af617d5ab8f2dc41e5d29072e3b22c692f24a5,426,10,3,436
4d1312d279ae5ab5880743cfa446c81e36657d7c,13,3,1,16
7078ca393958873a532984811aae299ed9b13522,1468,13,1,1481
3a0ac2902ab2a0b4d62f9d29644549d9e5da4e3c,279,6,0,285
6f171ffd6b5de8b58501cc6e9a2974295594a9e1,55,2,0,57
8763f8b9501fecc411eb9d7e41dd13040b4a579c,182,6,0,188
cedbbb44b6a41d6b163689ed93f47fa2f9b48096,259,12,1,271
a8de4d4f4e7417136c6cf009c831383db76f3e04,184,3,1,187
38d29e74c2b8ead657e87cd48db4d398a24918a9,49,2,1,51
be476df73e8b13a41f348ab14f2163bc3194c7bd,34,3,0,37
41c5838b0971659ded9719c6e72e398e227e5636,28,5,2,33
1f1dd0b020d31355f79f70150b3e567bd2f05ca2,685,25,9,710
0d08bfe70f3d9582d76ac7675671be6e9a2984d0,288,5,1,293
f6108f33f19eeef2a2d5759f6aaed8803eb341c5,124,2,1,126
981a87a3aca9cee508716b5103adcb987369428f,94,2,0,96
fe6c0f60655f25e86cddaa3cdfb05f69fe1cef09,509,18,1,527
ead9223bf8aa483a70cfaaa14ad5b292c0a90d3c,28,3,0,31
5e2d847b750a26ad289fc2f7d80a5e05d1ef9bb7,9,1,0,10
0e37e8176df765793c6bfe5f65d1e93ab13557fb,43,6,0,49
75d04b79c34ab91113aa1ad1fcef8bd97e01f938,179,7,3,186
0dd1da848a319a3cbc75408b3df2debe0e3b2b79,20,2,1,22
1bcb7f1312bbd180ee27d7513705d258d2f632ac,387,8,0,395
39edc8ae8c43b0472c78bdb45a9771502adfebfa,250,3,1,253
023ed761dc5ad540a5dd178100859cba2463a2e1,31,3,1,34
ad6ee97e299d9ab80fa9e4152679ec5186821f57,7,2,0,9
fb681e2d75f5cd7d432ecbf2c0f6251b55caef89,29,1,0,30
afce05454196de81755e027e702bb0189d5068e3,571,12,3,583
c4bf229017f6e304ace49c0edc2d50a5f0491367,498,13,0,511
b73bcdf5469bac91361262616406a0e856b20f5c,6,1,0,7
c7ba84212aca0ff5c0d07d95c9529bef65707932,12,3,1,15
deadda93fbee407a04148ef46d23ab6e10ffc7a1,70,1,0,71
424a28e51eaee566065b7d5d1c5644fbbec62470,3,2,2,5
8fa3d977ff700dd1c5db602d81bc164bac91cfeb,138,7,3,145
1f84fd440be5550effbc4dd8ea0921ad10953b7b,51,6,0,57
d3a7200b54978326ca9b2029beedc9180e8d57f1,2,1,1,3
cc8db1f9da004c5fc2523e267305c896e778ecbc,14,3,3,17
21a2f7e6d41c6c707c850ec4c8e322696bcd3447,30,6,1,36
fa246753b60f11f55c34b76c48b7a52d75e9ba23,491,8,3,499
2dbd2cfb3f5977ff9e07c28547a14ab3361c08da,105,10,2,115
1c0f5766677f9cbc0ba189b1e492bf521a488774,314,10,0,324
534ff562cdb2183d720c6e9f4e1f0aa0a7484d9b,190,9,6,199
ad75a8995164f54269b6c3c6d89badc7eb4159ac,124,4,0,128
a17f675c6322becb1f1a950e53a023a0fa177bd7,9,1,0,10
3a6d9f70d2cd3d6ea9446b79d236bd39dca0818e,1929,38,7,1967
49a0273b735466dcb5a34f23f99991f88e2055d2,10,1,0,11
13fb43fde13238afa1cf20053ffda483dc7a857c,569,8,5,577
f15963dbeca9e858f6ac363953fcad24f0e2342b,486,10,3,496
b6116c3e5f345c65f7be17c8cf2ebe081b2b6828,378,19,0,397
1b6ef1c7a6ac796374f69ce2c0fab44cd6afbc69,52,3,0,55
4ffbae4959ff2070f2649e729b21508a0efb7868,59,1,1,60
e2f1651cf37316121821c00485b7a860e4587b6d,2,1,0,3
cb93e9cf7d302660ed34c7c7d5ff4c8b1245d03b,7,1,0,8
063056661050d00f667b80522af359168f6c8d69,450,9,0,459
697d28e7223da67a52b8989ecf730ba8b2f42c5c,647,8,1,655
b5aa6881048ee2b2de9528104a786f609e666bc2,35,1,0,36
089e5c8d901b28fc89d76a1e501f9cce02081cf7,223,1,0,224
bdb7e8ea01554498ad35864eb2d9f257e48e8fa1,251,6,0,257
7d1c7079c677d100e14bc87fed17a52b445162ea,169,3,0,172
f975fcbbcb8b7a03f90389c387e30ebf44bc6ba1,11,1,0,12
1718dc4da4613696e733fdf3cb53663f46f5b714,96,2,1,98
7b996f4de2893737e9e0bfb0a76d534327e55d79,49,3,2,52
141c5802d18e0e860d3c5583dd0bc4c0dfa2fea0,208,2,1,210
db3b199cc7c1fa040749312d59ac7ad16d2f48ad,21,1,0,22
604125ab34a87ca8835e451876617d0479c2de00,558,16,0,574
1439f4d398dcface7bbcc750d0bc070a7f1b76b9,561,5,0,566
7cacc697e8a028ebdfe800a5b8adafa3d84c7517,50,3,1,53
934245b5df580f1e0b5aa0032f992099747de694,448,15,2,463
87c38a10a606ca4d55b294ffa561e232c12f72b7,5,1,0,6
78672e145bc2d987b03518ae665844598a4f0b08,91,1,0,92
cc6fa1dfef52452b6389c30b7207722d4bb38530,1024,30,0,1054
ba64d34c2159a8c2e5f5429a17179a9f57c9c65a,1318,21,4,1339
7abdb1814351853c90c76c25bec71942897c8800,671,5,0,676
b88dbcc5e34bce21b2d7a8ebc365631c56979ac9,330,16,2,346
69a6b98d6ad05865daf2708c936b9e0e524ead14,71,1,0,72
6b8b8c6a84021bda844f37b7b74194bf8abcd1e2,500,12,4,512
7906fedc746ba7e731c0b77fec37df8851fd3099,7,1,0,8
6a82de4b97471af2b5468830498f56973623fda0,46,4,0,50
1843f90ac1add42494018863b97f6c617da99e8c,118,2,0,120
765f3e15e8b34d30092a698cc2b4d4743fdf522e,14,1,0,15
f4e8fd57f0a826ced58bb595ee00bccda1517f57,87,3,1,90
b249c355231b0b6bf4a167bf3e5bae8d04e47a61,20,2,0,22
dc7c51ceba81c313ca62991340c2c9573bb187ca,10,4,0,14
9a95b5dbb225db7db37ab5d4a618aed5e04844b3,240,11,0,251
5a520a49f6b429f52df3f3f4fb921bd8f5d73a9d,136,2,0,138
0ddb04e77f57eb02b6509f86745775040cffcfab,307,6,0,313
17bb73979a51f9c9a7bc2145a78c2a6d42a13fd0,258,14,1,272
ce8e25e0a4ed69d11f1c0274d4291c1996ee14a7,471,5,2,476
fc014be9f20e2940f916595e4d32297b92066ad5,297,5,0,302
4a361a6afb9d10ae91a356c8c204b925dd991932,3,1,0,4
327df892752d66147f2ac8e355619d628208ff87,99,3,0,102
fa6b541b358f59b56f1c3ee6453f52955b5e88f7,181,8,0,189
f0c5c3e97b3b2c076af93a2286d1b48085bdca2e,2,1,0,3
cd7ceae3a5ae5bc4d267422b038bfdb807ca3f67,216,15,6,231
2a5530571231f9789e862bc04d93b293be0fa327,22,6,0,28
4f6f7b46911c65866dc95c1f29fc16c882a4354c,664,7,2,671
36c7ffbe457436943b8bdf02342c7efa0db7d497,30,1,1,31
19b4dac96d7a7f11d9bf3cca0f38af6baec59569,10,1,0,11
6afa4fd9f679124f991226c80bf4cbd46e7adf16,4,2,0,6
1a226bb693d69f3e4f483a5b5d76c14de8214fe7,143,4,0,147
86065ba2bceaa52b241ade853af8d84fef0f1f66,725,11,0,736
983b80f3d9303e95943bcab964d3617d343a9e62,127,6,0,133
3b888de6f61bb28f8bbb1f7906d9156fee1de930,232,13,1,245
9734abd9f51aeecef702576ddca3acb28e6469c2,242,24,1,266
8efbe511c4010dda7a1ad664f3fb186652774479,378,12,2,390
877e9ab7140c6cd27f2fe3fe923244f348ad8d9c,125,17,1,142
f74be71fc9756344e66263d3d6e7cc77f1d1c8e8,125,27,0,152
fdf5fe359a5f2af515cb4d93f86e90af3606acb0,574,6,0,580
cb833108151fb32a7c816ccde1c62b9f27478eeb,36,2,0,38
4a66539bcac5a861b58c8c0d2d19c5db61262a88,5636,8,1,5644
11985ca8acfb060a47a877796f520b2046668c6c,223,4,1,227
efbbce55760ede3a5127222641fdd9664d84ed44,14,1,0,15
b5df0f66b38af9c0c454b3b6a83faf9373f0129f,203,7,0,210
705a32b402bae69243dbc73e28ca15d00cfc379f,30,5,0,35
bde9b115b5db0c8f474352de0cd2e7c1e1f9e0d3,1910,5,0,1915
2b4e6ad58c45e9d6576c302546d9da72d6a0a0e2,174,8,1,182
2a231f25634986ef9f9daef1e108414f803e663e,415,19,1,434
07e80eb8a9f4fb68573224f3c961137f6a887fbd,9,3,0,12
94cd4fec83fe571a25df92837e37f1f44fd379a8,2,1,0,3
df67c3276c95615ef5525a94173027341c672dfc,1517,35,4,1552
97bd343ae2184d4eb065e718ecbd04219c61236a,4,1,0,5
7ef41fd78aaca37494440df854e8cbd94f0314cf,5,1,0,6
794f686ed62bef9301b3f23a1969a374c9f3295b,5,1,0,6
b3432918e7c9b2f2a0a202d62d46bb05c141c4e4,131,5,2,136
c7c7ddc3816c7317ac24eaa17443c3a28a12c84e,2,1,0,3
840ffa5bc58c5852b769477c8b587d465c0ed9e2,10,1,0,11
2b8b8d33c74e675af8bdfe1a6a6759fb30fb2160,24,1,0,25
033b8f1452a3817ae86d28e6c1376d892ba2cacd,37,1,1,38
081faf55b09653bff28b43ab952d21cf6514d6ae,413,31,0,444
fde9e5bb0a1e341e5a29e6a85f816cc5443216e0,18,1,0,19
e6a830a6643a18fa349686f0f92df562c467fd6d,29,1,0,30
2f3b35a3d37491807e62d65133d14a757bc58b16,151,7,1,158
a66e3098f95443f22a6bc6b8f52e6538050290a1,301,4,2,305
e75a7a5a5ae785ea9f60e1b5d4cfad26c434f6e3,381,14,0,395
51d52ac2474e5dfb6d7e1b46657ab1dfe1055352,2,1,0,3
0480275ab8820dc250661dfccef99db1c6dbd228,191,4,0,195
ba2231ff704d7fb4ff43b2960840502ee26e7553,322,12,2,334
1b995e1c60c6f8e777a48948c373818b3bc8ad1c,64,1,0,65
7d34b1203370427e8380590e8e253205e6429ecf,291,17,0,308
cb93cfd29ea0721a1d5090a5e26737d373766b18,6,3,0,9
129312803c97cedc4e3a487285b0128ef0466b6c,110,5,0,115
0e21ad3373fad104f21f05da6e7a7388bd048f2c,143,4,0,147
89b846be996be2147a0c3f6c22a5ad3278a5571d,126,5,0,131
69a1d4e92f6018455fde1f4230346da80c3ef585,3911,10,1,3921
222827b710d51a9d34360efba6117374e57c6916,50,3,1,53
9b21132b7830c5ba5decac719b36a93bb4ed0437,322,6,0,328
8df24d787ccd3ec1cb7928758cd45e7c4bec469b,120,3,0,123
543325be19742b4437754db76c52f561c252ce9c,75,2,0,77
6045e8c3cdaa86c2b92bc1d96e055b73da41bf9d,807,12,0,819
6e34dd54b9d6842aa617509e2c1d6948f3401ed7,596,19,3,615
97ae157c1ee2705d2aed0b8e1b46938a3d79bcaa,29,2,0,31
3bb7a6801ae6ac759875e611180ba9c5bed1e295,2019,43,15,2062
a31e9940b9c8071f4c99db5ff0efe5a9822936a1,137,2,0,139
12dccc83b5f1272478b2a8223c50ba5a920f92e2,180,4,0,184
3c9c427ab33ec5dc407eb19fcbb220256f624e10,524,12,2,536
78fc5c64864c4649726678204c975393fdaff7a0,502,30,1,532
cdd07146e79f23a24c7503a9d493ddee551ea1da,599,21,0,620
22de28603bbe83fddc339e1941c39c62f0033e65,3718,22,5,3740
aea4c3c776441c407cc46e7d97a493507ab5949d,10,2,0,12
04c72d16dcbf14b9605f7d7f99f7d38439b69502,353,7,3,360
db0dc2f09e62db2889816c7aabb93f50eda5e7a0,276,8,0,284
47f4a80f5f6873b6c35fdd0694c20dec7259b56a,13,2,0,15
daa522267389541fda0bc85afed8e8fa0e79c6cb,910,35,2,945
3fc0afb03decb1d7a63a543779a13ffadf73f3ae,5,1,0,6
a7e09229a767a9dc392e481da8fd2546c33ed927,10,2,0,12
2e471d000b22c85a4dabc7a9acea4d5c16e8a9d1,25,2,0,27
d2ff09606bc06e1d06a2e7957477acf6a25fb9c5,78,1,0,79
8f5b4ee7a1afd20563b4db46ba3daae6a33e5673,2,1,0,3
e3157385648c210becd1cdb1ff8c0cb843680cf4,33,1,0,34
e923dc9a3a0a7fa2c78dfd77c036050166fcc5ea,124,7,1,131
a206f4126c709733c74d3870676129f65f5e996a,180,8,0,188
211d19ab5e56735a360903a2bf99e126672f76ab,149,3,0,152
b9da7d83d064f1893dc2f426488bb38558d1598d,93,1,0,94
4bc793a88f34fb74e2057beebc31c8f4fbd5f5fc,375,19,5,394
d17e905c8f9be536def869da1be1b6566faf4a16,108,3,0,111
4f03f47efc06e9a81d0d8915ec587896d57b16af,32,1,0,33
5ca35f741791815125306623badb8641cff42e8f,96,2,0,98
5af9d1ed9fdceb5db85b1a7d46ec3e9f6eea64e0,593,15,4,608
455f94c9ba8868beccb415f11817bee9ec41615c,1942,73,0,2015
597bf55a2ab449d9991900cc4c9d167c28a15c2c,7,1,0,8
0cab1f1b1491429ceb1f4c89282dced08faf1ea7,2,1,0,3
760dc1e4069a5d5f1d1f76ee496e52670c4e65ae,254,3,0,257
9ea9bb1c0346a12563b975014761fb7cbbedeb81,184,11,2,195
ae9b8719dfd7b60db5d701d1c556c1d3ebbc0f45,224,2,0,226
d94295892d9fc854a931b03d857d894fed1e000e,110,5,1,115
02d13da9e44e4eae299c049b795ce73a9e7df565,82,2,1,84
8b359a09d9543d32d517caa1d2d420cae4eca567,22,2,0,24
c894f00d973a74dacbfbe846ed7b2c7cf8341b16,246,16,1,262
a74b3f59c8c3ebd6d5bda48b737ff4a8f3d4633a,163,3,2,166
be45e697aedbe4e83d0d5dd960534a0ddcee521b,320,15,1,335
aff606aecba2ee98195686cf6a32c56943de1e8f,6,3,0,9
1e627d08d954d49b4efc0f2fbc86c4e2ae54ca63,118,7,1,125
712e1fa786ed57d7e4406b36796abf4e00869dcd,19,2,1,21
67182f03a569b6c093243570f5f228a2d7133f47,503,25,3,528
ab8acf2895edc628d4562e199a1a263cba2bcbee,149,2,0,151
0270aa67e33ed84b7c2149c886b65cc09329bcc6,30,1,0,31
9c12ed78e1ee85d16759635d6ac51c44f0ae4464,1105,4,3,1109
586158a8e8521dbd901fac6b6dd1f395d2f04740,276,8,3,284
066315a5fe24df6bc7eb80235119620e58924827,10,1,0,11
26dedbb0c3a5624025e429d917ae6bbc4bfe1560,200,6,1,206
d33850f7b5ac5032e1156cbb01c9a7481ef834de,46,2,0,48
e453295c2425fece91e41b2e33b797e79960301d,36,1,0,37
d8417e7281baf3eff6e546534551dac6504efcbe,27,1,0,28
636e7c37aa89c57d356236f1fc1ba4419a1ff634,57,1,0,58
d5128a74c1fea51087521e2e6adf9be64ee75b21,64,3,0,67
dc88ec2dcabea304e98cb4b52fadfdaf385b9f36,89,3,1,92
761710a7a8d934997c378295156cb0c4723adac3,14,3,0,17
d564e659276a08d66dc2822cc6eb3df4ae52ace9,26,3,0,29
bd85e25513213c19d93fbe77fed6558250356b2a,184,7,0,191
c53fbd219fe48bd8ddc98a2b54ba1056386a90d9,58,2,0,60
0b66b23a75d155cfb8f041361823f27c5df2998f,13,1,0,14
72673fb814145083960e0867511dd50c5fd8c264,16,1,0,17
d1d4160c2d5a9aed6eb313825e2b188d356a4672,13,2,0,15
1db9133490e9ab0a8fe050c4ced8093c21495858,2301,31,0,2332
bde175badba6621a7e5074410d3742e3ed2b72b1,177,3,0,180
6169b4236981fc9b138aa91742026c6b930b7fa2,103,3,1,106
e9b38fb43eb8c08899704e9f46cbd124573bd102,67,3,2,70
10e509f0b1c8303416e956be1fd2f07ad10e779a,407,10,8,417
7e27732330ee9b82eb081523ea45d49171233502,107,1,1,108
f003f1e6f1b1d2080ac888c958bd75839f7cfadd,65,1,0,66
e2fa948f562d987a5633bd27756879137c3238d0,49,2,0,51
f624c9956e744657ddac6560f76938d37e25162b,70,3,0,73
afc52590c112391876c302bcb0cd7a72349d2cff,18,1,0,19
e134a66335ba30d0f1815966f0303b5e3d400df8,127,3,0,130
c2e97c22d09211b6351973cbea646580b8b474e5,20,1,0,21
c86313a43c57e44c1cd1787706f7679aacfa073b,147,1,0,148
1ca6c5156c0cbd19c27e2a7b3f28972d13397161,1733,7,1,1740
f06ce5f75270b4722f3cf6b4cee8bab46ea9e143,804,24,7,828
015300ece9609848447525ad701863ac9e913025,452,5,1,457
b23be4ed291dfd848840d9ddc3194b19b669a838,111,3,0,114
7305e05364921d23578c3a9beff5a8fcbbe762dd,42,2,0,44
182089f2aeea1a3e0c4814ed2f9d98f987d447b0,458,6,1,464
cfd4cf7ffcbf53e4706c514407d01cfdeaa11994,1502,23,1,1525
4bd02053d1add33046c2a09b570dab218abdf2af,14,2,0,16
1bd28cba857e9dc5d6b8b2c33eb4631ceb7f82bf,8,1,0,9
9936a47259c23f65ddb0c8fd78588d80f8e5eabe,9,1,0,10
e09e1dbbb67fa277666853d3e9460336c7decc54,69,5,1,74
9fff256e15b60c4defda996075f5870b7ce64f60,321,5,2,326
eba3fb56f844115714825b7e8c0e38a48b5dfff5,3,1,0,4
f087ebbffcd62444e1b25f0887a1f6c9c928faca,1498,34,2,1532
a32eff7c79408007f7ef9bf144a63f03a9ebdf31,145,3,0,148
22138827c867936dd5fb51eb057ee96c78415a50,464,5,2,469
89a31ff6bd0200b211b27d3ecf1568ba2bf58cd9,138,5,0,143
9dfaf0dacdfc7f0c7995b3d48723c32095c209d4,22,2,1,24
681ca0df4be7fc338a7063c442404bb57f29f77d,2,1,0,3
a19850bbb5d7c5c4b46383e56824fcd4b8ed43b6,9,1,0,10
58d3b9330765d57d40ff326d7278340705a9debf,759,15,0,774
cd040ac282743bbc26afbb95b95f9a05710974a7,13,1,0,14
905aad14a65bab09a22433db2be2be33fae2ddac,760,17,6,777
e19c17cf426e4e848b02a4ef9400e2a9c66e1d5d,10,1,0,11
0a282a08a460d7ef25c9b1d92da440e0ed643c6c,480,12,4,492
b1c9cb5bbda9b7c9e27db4f5d895dccfc44c6d28,692,14,1,706
adcf8cd98d5676bb329420943782312917037219,127,4,0,131
4dcb7cc8f8705a36fbf12380718acc4bcbff331c,30,1,0,31
1abf69b0a27ae3a6141c5ee329268e06aa50702f,38,1,0,39
8ab83055084cba8bba08ed4f78e3cf6925207102,29,2,0,31
1d732395c8ccffd9fd1c1f39650120a2e4523629,100,2,0,102
c25b2b978648bdf75a70478f7eb00978e2bc259b,115,9,0,124
a5010f0f330e696adbd82db584a2b858204332cd,2100,9,1,2109
769fcd72341b5add9eb8004ba0d3d27122c8f87e,47,6,1,53
89aa5c311db5db0884b8a465030d5d0977ebee61,93,7,1,100
e017f1f95952256d57ea7536f1cbddce1f310df1,354,12,2,366
7f8e9256300133f5f0d0911dd305e3b74d5c10ae,248,5,0,253
26d0cd977f2cb92264d18ce27078d6987284e28b,11,1,0,12
cba0b3f5d9dce4cc8d08541c01a2231d7db23b83,461,17,1,478
1089a2e54eec86bcf0c499f6adb66b18e4a5c77c,2,1,0,3
c701db129fe846f9ad3cd725287910b83d0b68db,331,7,3,338
0d91577ba2e314be53d2c6b1d77ec321f494fcc0,2,1,0,3
c25c560a3e0cf882accad731bb0d88b3b3a7cec9,139,6,1,145
bed91812a2a3da47412a8ec9ba80fb9a2508f984,137,3,0,140
ebaea49129ecda1af5f94b7e1dfe7953a1447e50,532,14,2,546
59de82bafed3a2bf459456bc8fae4681d3c0dcc9,1697,29,1,1726
c07cf4b2e2b91c9e478c03e7beb871bd07cc0ffb,32,1,0,33
1b1e879fc2561689ca21fbbbddc7d3aae85bbe61,483,9,1,492
e9cb829a22afff1c7478a589539989709ac4cfeb,381,7,0,388
360140271e11d33c427fe0a1d6116d84c3cc72fb,2,1,0,3
562173a6d4d1cd03ecfaa916bc2e291822a76abe,1680,26,1,1706
8d52e8a4ab5496b5b425f900ff8d33b648e6c818,6339,54,0,6393
5d9fb22a5908a472a88af88647929d515195d469,258,7,7,265
2c3685a19e9c152aea407172bf7ef807b57ded31,65,2,1,67
46eedd56f93190b961e62a1ac855e4fa99b19e3b,47,3,1,50
9b6719af868c958139d5f4b91fb859fdfecc7c20,698,10,1,708
98328b8be8a18a6e6dce433e06479bf57c097601,40,1,0,41
b11c6613b248b93efb8e3235e6a2aa388b6c7648,3,1,0,4
72862d9e8dc1c794c3e12cd86978f59c821b8dc7,213,4,2,217
fa68b16c1c589fc3480e1e9fd94ce85e0e8e4f4a,78,10,0,88
97f966979bfae7c578a34d2588ce87309ba25f7f,48,1,0,49
4c756bcf17835238bfaaa20b5859a8ed0e825750,69,1,0,70
96ad290850946598e5baedc9470e1d1bd562734e,28,2,0,30
723dca500a794d0a5e8b65223fde2d0f938467e5,352,9,3,361
526545243e074cb8a406ee57c637e63cf22f614c,2,1,0,3
fdae195d6f3c2d30aef17710ec85a3c575ff38ef,104,2,1,106
1656b64b20277f6c5f50aca98ad9264035fc533f,107,4,3,111
0e29a4d179d5cdfe1244d8c4f3653353b0ea464e,4,1,0,5
91922f93ff2522329619f1cf523ef75c3beb1a3a,12,1,0,13
6f8ad2b0f6955f8cc8e25bcbd1e64374b59c3fb0,329,7,0,336
58018acce1b88e61648682606661182367616321,88,1,0,89
9dc7868c56a260a870ef1079619e9ca7930f81e2,11,1,0,12
70ae44c3fa612c961945dca10e8539ddd2c5a39e,477,4,1,481
d7d4a2a80aad3d0890e9f6995acac0961d94dc2e,2,1,0,3
ccc9be96bf37f7216e713723bd646f4f0ecf0dd1,768,34,1,802
bb2b0020faa9a37921abd4970a3c0bcd5cfb63f0,16,1,0,17
eb5f93828d50ce5e7a4778d62f90788dbbf7c818,21,1,0,22
df803b4828e33ad5858d9cab852ea7c3e9bf012d,40,2,0,42
303fb39ea25e0c8ea5ebc1ccc8c1cdf2b60015a1,202,1,0,203
9575e19ca534403b561c6431c2a0cfb074870ebb,4,1,0,5
dea7ca428c60b3488c8bf2f3b0b6d1ae2742e34c,156,2,1,158
e764ee79a7cdf22b3d1b43294e9c9e2470c4feec,152,13,3,165
cc93da403c2c3a3ea6327abdb8278aa9525916fc,4,1,0,5
2fa9861b0a70548b4e7bdb9b1a35cd867e5ef9ee,56,3,0,59
47f4d1e76a8aaa384c8ff1b9868fbf5efda65306,182,21,4,203
64f3ce323185375902568031dc7f8031f35467c1,385,18,5,403
d8236bb5ad8e8053f6e5a5ccf3d85bdc8c52f43e,94,2,0,96
dc5835312a48f16e2c625b6425df200725c9f134,13,1,0,14
86a71a5237eb3d9ff73138895c063e84b4a0a366,10,1,0,11
ae69d7e3c13c0f7c41caffbb193a8069f05a3f40,97,21,1,118
974f7c406594667c7a1407a1e5107f972e1a0da5,88,2,0,90
c260d110fe8fa3c2bfdc2000739631543331f73e,11,2,0,13
e5056ab073fbc1aeb938125ed2f0e3e9e0b553ec,1462,25,2,1487
a70f8777bc4c75db99174949c6fa7f34829d6738,255,6,1,261
4812a59cba0d1ea664baffbc3c495ea944c490dc,10,2,0,12
c241b126ccec76da88a22074a40f7ccc67d4b1cd,76,3,0,79
8c847db00f9897e1d6b43933db3482d03b242ee3,79,4,0,83
396d3ee3db1b5ab7650a5eda73b3b72583b3b8f5,1055,33,8,1088
85aac0beb9f1ff750a04b99d2c2ada95bec895aa,730,13,3,743
03220fedde695535efc1217c7595bfdaa03829ae,40,2,0,42
9f8a528dd9cb228e30dd4f70f602e006d47d0dd2,4,1,0,5
b4d6e2920e09ff23b5abfb59c4abd4b473df77e1,116,10,3,126
3036857edab0b9833fd72b0b1b58a9f944036e91,66,5,0,71
f863dd375277eb3e76f00af1526cf4df42f1c6ca,3,1,0,4
d7e2e234f4a603d7740a9c124260a375e05b771b,322,25,9,347
62c86f27c2162ad5d596d7db164f153ff98ad2a9,478,7,2,485
967b27f89b8f20c30a5681b9ead18ff2008b1100,1310,34,6,1344
f20f2e57351f04d8419af9d27c9f043098d779bc,108,3,0,111
01921012de6abe45f974a946811ff0b0d170c382,229,6,2,235
505b7975df05e0b928d2be7b6ee464cbeef5df92,3,1,0,4
80eb685820e4bc7b1d138ca9fe29c1cfe358682a,85,1,0,86
d58cdbe95c46acbfbf8ea347fc42e54956076547,159,2,0,161
97769f0ba5233b7fe74318cb1949f4f98ff37132,16,1,0,17
4dfac09fa3d7c6895da6bf4b026a5d326b63c268,2,1,0,3
2f9166c9e729af9e939d30fa9cdf384db2bfa994,4,1,0,5
d240c8ab7f10099852216144eb06fb9eabbe0418,49,1,0,50
4d7ac06e3dba14916734f61fabec6deb2d7f6cdf,100,3,1,103
9f09f0065171f0d606794d9a33fc784467c07e66,1681,12,0,1693
1983ca7a645cbabd4567c11f579acc911621629f,243,3,1,246
b30514750e9b482abb383efcd5b8fdde33964969,34,2,0,36
d472d7174e57bbfda15601642219746a00907ef2,1170,8,0,1178
07e9e40fbf23bbf4d7b7f7c2dadaefb788ca24bb,23,1,0,24
965ef8bc23e04bd7d6327ac68a413e3d7df07f76,46,1,0,47
180f4b3dd2b5c13536703ac3035b5384d9de9e6c,28,7,0,35
868ff5b5ed2adc8cf9dbb3fb035e3eb5df261129,2,1,0,3
e649b8e62e145a45d510234c89f31fc68cbe4e13,4,1,0,5
dd665a79ddfb51b81e3d7366df55a3599aa25fff,377,1,0,378
cd238309866042d9defd7a3f29954890b048e38e,79,1,0,80
ce5b83580f05958816978c215bb22c5b3612b4db,1681,12,0,1693
1bf01e163c88ba6f778fb0c573ea2b4cf6ddb693,1681,12,0,1693
5b6142d624b930934ab540a00336f8abacfd81df,148,16,1,164
5c04710887cc1eff83beda762eda05e1b6f318a4,746,35,6,781
f3e7cde0c8d2fcaee86cb62a3d6c23c4adc6e402,365,9,1,374
d9dc8c4c2e843324c4e997ec9f9e2540f8867c11,60,2,0,62
ded6d30d9f4b2200220bcae0444d8542651ef6e8,1471,133,12,1604
434a4f38d1a0656ed7955b9c95e9f61e875f8cbc,474,14,3,488
8875ecf52e8d22b7377f99339f47924682dbebaf,175,13,0,188
07474aa2a97cda570e164d10dedc586cdb6d4064,409,19,0,428
b6f395ef19d64e6d16a59186a5851e38cd643217,4,2,0,6
7ccf910bccf216e812259cc494e744b992c94657,1116,41,7,1157
2872a662581c98b6907364a30bc4353ccbc1767c,1216,66,16,1282
5935d6446760c7727e7999b5d31980854e7d9894,301,6,0,307
f381e765649d2e654240e0245079da71eefc084f,517,14,2,531
a6ab4ddbc41f348de7466d4ca58e919c95996d53,176,6,0,182
91ee55c81de76fdea9d9b3512a8682e2a4c40feb,73,3,1,76
9b2d6bc9ead2df94c36ad03c6f35c06e4ac408df,135,4,1,139
376e859ea789ced94f6745b8c3880c936c0e8f26,182,5,0,187
7b33e62418ce99fba447dc38d52a8c10ca364445,183,4,0,187
78bb3ec31d5a78db031bdf639312abf10d870a59,1241,21,12,1262
a13bd5ac43126e46b387e70c8aec6a4947ee027b,20,4,1,24
bbd4ab938755dc535c6f24aa8289592e13225c1f,321,3,0,324
6e43c2106455cfa2f038b634d75cebec5b72a02a,390,10,0,400
1cc0337513a920da652d8c25882f2c60cad0c1ab,1488,20,0,1508
a2d27238103058da735df3b6463556cba0070a0c,484,6,1,490
34d40c05425887ac46c8a9b087ff335cdca280f4,212,7,0,219
e32b96d702ee718535df4169874f9179f2c7daf8,85,2,0,87
7e3aa7f4788a5d5d029132fc5d3db8a8c99478f9,111,8,0,119
40bfc0760a02d6bba913a5b5c327ef075704619c,129,8,0,137
40ca7e4bfa7b92c9b6918b7824dc119452a42324,108,3,1,111
35821bf0060c64b06e44c5092173bdf3a40fbfa5,3,1,0,4
925083abfc03a9785eecaab4ee788f239466f10d,127,3,0,130
1c826ec0905d53ec22bbb6a24912fd7c0b96749a,144,3,0,147
a259dd149aaac581c8f90e57299bdbdaf99823c4,79,6,3,85
8dc941516b52b223450147b02dd68398d2918afd,289,13,1,302
f6a046f9538407ceb7aa2a59b006f28eaa9d14ec,2,1,0,3
ab2636617b038e61d645d3e003772a4b411cd8f7,13,1,0,14
83a9d18adfab35393dbb0edbf73b9b06687b3943,7,1,0,8
bf5fb93c3edff040b9885da94c900ab22d122f38,410,17,1,427
0265d95646fcdeb2ce1414e9727550104278e0cc,22,3,0,25
81c8492345221fb9d4502901b6f8f92ae853c00f,79,6,3,85
9f008a817dbde3aa37fe7383689b0330e7da7426,41,2,1,43
ce95f8db853d41da21dd7927bb82bc23a2b5aaf9,296,3,1,299
f31de2a2baa60326cdf069ee63073f6714117f20,37,4,0,41
1dc9e5d27424031e11c056265fceda663ec97468,1,1,1,2
f1d4cebb0dfa323c4aa8bc61a73c299bc7bd12e9,55,5,0,60
1cbdaf5d7501cd6feaf62ffaac615181f5a1c903,272,3,0,275
57d068c37233792a91f47ec52af3cca77ddece7a,384,13,0,397
701437605df07a074d334e780192e5ed05587d37,72,2,1,74
f327ffce86e732e494b94597a5535c69d7ea62ab,1974,41,26,2015
7b97768f079650d15f1cb2455f9351ee1fb9f0be,731,15,2,746
8481858727aeb1eae929d32167ca5876d55c3613,8,1,0,9
a0700c5b4ceea8dcb0288806b97b0c17a2484cd8,18,1,0,19
7f50830d8e02fba8f020fc8fc546bdd91da46f19,195,3,0,198
23d8c6b029074a9d416897d22dc3baea34605184,228,5,0,233
6ae816855fe119090eb62fb65074c070fe9ed02e,1880,28,2,1908
a216b7840a57a65cb7c59471114a129b17b91eb0,231,11,0,242
b97cdcdf7fe44bd8e064f3157843bc4099f4dbb5,183,9,1,192
a5881d9b4e6821a554df9db1156fb33649372ec3,15,3,0,18
8237235258ae07b8b87a97f49f1c165d8b9edc7f,32,1,0,33
55530a6ff11bef6efa88a114668735eb435d4d87,456,8,2,464
4ea8a8925026a9c9c03a875b9f11158fad66836a,4,1,0,5
bd9bde0ea7fc4549425d875ba1ec75d3353f64ef,146,3,0,149
d2956349823bd2738c2550c5084adf6958d0a68d,87,2,0,89
91378ddba6e156bbb17d15d8613664b52fb03645,597,13,0,610
695f4de3632744568c64ae1cd46ae2865f2d610c,26,3,0,29
3792e3b6413d571fb462d419d763a46f3ee60009,9,3,1,12
1f248fd57afb9e76c82c284ff3b6c7a8ebeb2cf2,37,2,0,39
103004d75758b77fcf4c337423fb5f6aa3d9ee1a,1092,41,3,1133
a2e4013528a43a6af8174143f95d2c8e7844f1ab,81,1,0,82
abd15a7b4123254608c7f15b3299a90b5d752078,194,7,0,201
b39188b8aea97332ec1bd2f611325f80a06908a9,265,5,0,270
18aa4101c3e8190beb8ff0e6b9f1731555dbd326,24,9,0,33
0af7f6477a65b25aee4c7ed39a1b7463b2a4a339,127,2,1,129
ecaa211ef0763080c14a4de442962e7de0ed43c5,132,5,0,137
b933bccb4930ed5fe9e4ae4993385326211f871b,12,2,0,14
17878c87928709070152ca3b443711722cda8e74,322,9,1,331
af5304ec0cb44cec21f6ee9f05265f86c0cd2093,96,1,0,97
4897d206ce4e7806d08a5b3b867fa394769913e3,1,1,0,2
7d55a81093de857c924de5ae7744bc174b2612e8,255,11,3,266
82d1cbb41ed5656253a3f88a030eaf55e71daabe,2,1,0,3
2635f7491fde0ac3c9a71ce0be8a07643f95e517,454,9,1,463
8fcac62cc14d427bca1294690746d29b761f3034,21,2,0,23
75168521b72cdd800e2d80f9f3dc6ac8c620d837,20,3,0,23
73286bf3690c047a51819ede3e18b85e578b8edc,10,1,0,11
81493ce81378f206d8c8b0e2e4335fe2a9723fcf,184,10,0,194
e4d1ca6cf1342d39e145d7d3f49447dfd6072a2c,6,2,0,8
76f7307bfaad7963e05cfb31c527d24972599bc1,42,1,0,43
5230f02b240935c735a7a3bc7f68a89da9258f17,941,13,0,954
439f8308ee8128d52d17e925371d76286d49e993,422,16,2,438
9e3a3b844ef1586a850a717d97095ee759aa44a7,11,2,0,13
3de623981a7673313f9de36faf20cb03348c57df,4,1,0,5
19ac437d53bbcd60c30743da28a9c21bc70d2883,1024,23,6,1047
6e4a60fa49048b9a04b17cc6e0ef2f2219de72fc,383,11,2,394
f51cef2ef39b0d24a2b337e07133f14c5040ea44,741,17,4,758
c6803b0806f98e7719797d63604a50f4047b394a,2,1,0,3
5c6be72432d566df96615638d0a1e1c40f26e801,171,12,0,183
8885581f6bf6de84ebf02dcf5c707fe55ed4c486,184,6,0,190
bcfcb8b15a3559419a4cb85eea1cf359e87757a2,371,2,0,373
8c93d9bd0197bcfa82d4ca3b85e78d658f4c1139,35,5,0,40
eff50f650cc5cb5721120b9615b09815edda4639,90,4,1,94
634cc603b7eb82b796d3194f341cb0ff27565102,9,1,0,10
a92464d7249c437c3eb679d60a64f3e571f10534,823,15,3,838
7d93fe41a886e425eed9f724f18b006781270d02,193,37,7,230
57a69824489f7a383cb58f032101b712bf9af3dc,1164,32,4,1196
1ebf5f5b9212ded510949e7016c510c46cf0da6d,0,1,0,1
b18732d9338522cefa1e29af95a89567b5627ac8,98,14,1,112
df7f3fd9acd5860b70dda839f00ae3a5a5914460,50,1,0,51
c7fdd8b2e51831ae54257686756d41ca901f170d,3,1,1,4
a621e639f517f924b38fab36086403fa4cc44c4f,31,7,6,38
e1c1ec72e020146f39acc27a50aed198649f7c4e,27,2,0,29
696e7a951e9869c83a370f36fa018018e0eaeaf6,452,7,0,459
fdba41a0a36cd8c45f10a3a0212f7b9082cec1f8,97,2,0,99
54d8cd8eb464b3438dec3ff134c6027514053b59,1661,9,1,1670
b39a5f00ae1133a5799f93598faf640115334cd6,43,2,2,45
b1a38fac9be66e9feae65d8fb573e9873943e56e,272,11,0,283
09aa411f8ece6339ca168a634e11e2eee3b0b163,26,2,2,28
f7439195a0075a05bb4dfcbfdaa43199c27b895a,618,35,0,653
ff4e0288521b9d316001cfff116badf07776fdb0,964,23,0,987
d72291396347566f7295f9c0908aa426d41d991e,973,27,0,1000
b305c4361bcbb97e477bef6163f3aa1c28b4e4a4,327,7,0,334
5e1cb1d954a822ca894e906fd844eda97b8e4051,548,6,0,554
5b703c183bdf70d206e3ea0a9b40ffe508514233,2,1,0,3
988346c42da36577a8da574acbc8cf3ac50d58f6,10,2,0,12
369d406882711746397173752b577a2122229185,14,1,0,15
05b85c1ea987e54cc8eb17d53138db7232b145de,88,4,0,92
1bb622da5d99b64690bb422238ecb04120953bc1,472,17,0,489
be4925802a84be104e9ff1e3cd877c077c5b5c30,2300,13,1,2313
a0d5729a74ef5077b8ca406c5b7a6d42204c92c3,10,1,0,11
684dc72ed8f3978db79ff8452b3a0c96dce84ee3,2,1,0,3
cd2a642b199f1688f0af6c2a2098d9f849f2bd40,332,22,4,354
c48cec3a60b8c9526ee338592ecc9a9cc7c913a6,27,2,0,29
525b9d5b00da6a29af2b85296836ff7729099939,595,18,0,613
a6e1312618f699b8e1647eb217a8e9433b0267fa,12,1,0,13
e791f18fc60e48df5ac148d35519ca8b03d7cf0d,105,1,0,106
4f574c9e723f7e802d3742480f34412dcd989af9,271,10,0,281
0e119d42de96e247c33cdc1483ce55e814a47ce3,67,2,1,69
f8a963fd1d4bc5de424918c7178610c96a7b575f,597,11,4,608
de786e7e405d8fbee560003bbf5425c6e98e0191,115,5,0,120
0baa12537c39a2865c847b23b6d24882807942e0,10,2,1,12
34bbf300e863f49347cf5548c54d353dfd30745d,101,2,1,103
ba097d56e1bda7074b2f51967586320e9b322ea1,99,2,1,101
74e445d4bb9b01ea4dce47771d26093aebc3ebf3,130,6,1,136
12d0bccaa80c6c43bb4f84265188a07b11ca236b,126,2,0,128
4af2e137c835849bce274f729d2d9834cd979c71,320,6,1,326
3036f6ffc5a0d5411b8a6346db59dd317ff0c36b,40,5,1,45
c98b455957ebae8893dbe6fb26a88de22d6957c7,253,4,0,257
953ea6679b39eef155cc52c2010f73c4baf6e8d7,421,23,3,444
dae8d259fc17c0d4facd1031c2033956b041a992,587,9,3,596
aa6e9ca049a66e4a9d1fef4816512cabfed5ded8,9,2,0,11
e71332c3e496b9adfbc7608b7e59b234a35c566d,201,23,2,224
ca76c197fa31cd9c132c3a13f357e62f149d18c7,1059,51,0,1110
80aad3bb17cd0e85b2d0d9262b55455eb036890d,86,2,0,88
340f3dcc3f47e8908218aa9f9b749a8cb6b2355b,93,14,6,107
b486454ba104d96416a2775a09a0c2529601217f,834,7,0,841
22ddd4550c7bdeb0b4315d58a662308224a85f63,257,7,0,264
6dacfd2cc55f8b11a2bbac0e30c8eaa8935ee1c2,15,3,0,18
02378fce2c685a628f2e332d876e679d3b8cd183,2140,12,1,2152
00dbe304a98482ef183b555e9d235a434b5e6cf8,1163,13,3,1176
8361c5f363e0eda246be0e2711dd1ee6e3653586,46,1,0,47
6dc469dfbf117c0e58e6b63a4a111c21773eb159,71,3,0,74
1b75dcbc3a33f5c8f29427e8fcde2630a9a739b7,220,4,0,224
440d36c555e7ed9949f8967a37a1abe89995a176,64,3,0,67
00c2585d150b0afd0ae963a35b14016578460c65,162,5,0,167
95bc00de57d4c6755755d6b864e4d84c0762ab5a,68,2,0,70
747a5187e5cc38d036e6eacd69f99082df0c7b28,2,1,0,3
3b0409289bb97de2e2a19dd2985cd31926736f8a,12,1,0,13
1c7df6943cc99e2e697b729e9175b89425915ca2,348,7,3,355
36a922eeb57733289a2d3a131bade33a05508fcd,20,2,1,22
2e422dc85517b9b19cfc739b486eeb4ba7edf3b9,64,9,0,73
4a7a55548c39b1038f3c017041f0733620d01eb9,155,7,1,162
f6652bbfabfed174980ed87f01c9ae86247f788d,826,27,10,853
d3bf5a887371f120ceeb2e620607ba140fa21a70,61,2,0,63
e70827b1e781d2f2d616ca5fa1ced231e35aee19,121,4,0,125
b409da2c1291128496c404451ddcb548c37ac2f9,21,1,0,22
80612cfe2a329e3d3a3cace2def9430f1de2632a,169,9,0,178
5c834a1c06859f1ed422828301f3bbe377d4cebd,7328,46,36,7374
b094d80f1c0e3674753e610330ccf2e439b0d209,229,2,2,231
143d68151b06289c9a10176d6c44d7c3fddb996d,54,6,0,60
2b812fd8800b3c6cb1f8c07a8458bed75ff3dcba,93,3,0,96
a874f32487f036e2926712e0ac02e2c125bfb30f,12,1,0,13
362d4de73ac176f4de5b1018a464bc8eb8c88918,30,1,0,31
e58f95d5e303079127bb81ee9a37137802ad987b,58,2,1,60
5fcb61dd3bc62d55883c32d26ddce8221dd6fa3b,343,6,0,349
b219491027c720fd4e9e6b5382ebf78f6eb96926,611,2,2,613
59507359585aeeb309608ed8ec13b27ade944a53,143,2,2,145
be45b3592b30f04292001e27cc7200677577c983,37,2,1,39
17b8dc84da22677f1baf53192320632134796d12,418,5,1,423
49792e91f9a2130e67d726866f8a828da246dffb,1,1,0,2
9c3ef293e91372403f32091780c80e48a3390f7d,5,1,0,6
bfe5f3381ded8fe0e1988479fa6af7d21f773ecc,16,1,1,17
e2bf1a1788714f4588ff8cf60fafec16a2768995,92,1,1,93
1b5c9e0ef56678be98c4f628e1a77730532e0126,23,2,1,25
c7bde8391a546f85cc0d12e84d4506b983cc90f6,42,2,1,44
763fb53a43e6bb012e964d9185c993f37cfef749,64,1,0,65
e16e9fca44b02e395e8c5ffbc17ff56177dd7e7e,1516,15,4,1531
6748ebca5f0835fcb81927eae68c7361d4d5e086,1319,23,0,1342
daa459fe7a89e39b9d4728d98323ce0c141f7f60,20,1,0,21
eae85df4d67cf9b476140370e42eb9fc756afbea,666,4,2,670
093cea37d4a8547e9818b5f3b4bee1be91a2bf38,4,1,0,5
452e3bad384d590a5c342f2f61e17a5ed2d06138,540,3,2,543
4827807e753721aa3b86055f6601ef5460549c9e,60,1,1,61
c68c42c6bf95c11bd40b7d2e7732f33a05a26d12,1850,14,12,1864
69dde017789a0805a52707d90940f4dbf9d4857c,6,3,3,9
4567b990b9d84bb71d77a742134dc689d33f1953,154,4,2,158
bf596a9b1adcb80874ed5d93c58dcee549f17fc0,44,1,0,45
c5231d345cd5ebe9677c11e341b70445fd94e7d9,9,1,0,10
c7e2fbfc1ee90ae74cb63fd4a2ed67c620d8b0d1,254,1,1,255
e4ccc4831b80d7ac8d931a422ce3402488447744,486,22,7,508
8619d409341e00d0bedba07754ae9c6915b8235a,11,1,0,12
c05d5850ec42d825abee8afb6e7c26965a1be720,11,1,0,12
3f43c37d50bff9fe7252705bbc2e9f97b57a4cc2,2,1,0,3
18a9d14a7a44c0e9e1ecceeff87f89e4dc211fac,121,3,0,124
872db00ad57d35552894c36e54c722f88a831002,58,2,1,60
070ea85e3ee84f2b9016c327b4c6eeee7caa765f,206,4,0,210
2c88c22307b17577415c27812a4158757627f191,407,4,0,411
f789eb7f76dbc644bec30778e805a5c9cb070913,141,1,0,142
a5c5990e40c0bfe171e3f5af683a813f22d62e13,48,3,0,51
58768d8094a3c1cc040179abe72f86883d18762d,633,17,0,650
766b3e9fc56922b9dd8974a065467b571f46976d,56,4,0,60
5c9344a033831afadd87fb445640eba263b93fd9,65,2,0,67
834e76193ec244de8d3dfe1a64a8c18651e28f46,450,6,1,456
2e043f3a075dc6d1f87909b42374917b9532e68e,4,2,0,6
8e07e6b44b7351501bfe3a3a288aaf18906404cd,42,3,1,45
67c045e0a98b5b7f54e371907a98a0b0f4ffac6b,33,1,0,34
31d822a271c845f633199be6477766e87a7aef3b,7,1,0,8
72b1f003233ab51bc0b894dce5d1a2a48bc2f731,6,2,0,8
eb2c301f833cdd0559e9ab277fd08933798b209d,94,2,0,96
91c7e25ebc7431343e38d038745fe1f18253b2bf,4,2,0,6
466e02721a5a0bf48a081df6842effde934406d5,115,1,1,116
8e8d560a2507d8ddf059769c53c9d27532cbd5db,10,1,0,11
1db2d054ae1668c2e5939f213da36b0255eb498e,605,6,1,611
497dcbbbec87224e5757947b5b56ece0f0e617ce,297,3,0,300
90a8814798e3c125a07f298d3dadd11c86edacf2,3,1,0,4
f1ac74c8c7af767419d7944b9d9c5da6c9b5e6a5,8,2,0,10
db863c3b53e336261475def8a048fdcc8d700c03,2700,33,31,2733
f48c4472b2837192cfa86944ca6576cd95387726,2,1,1,3
7472e64d5fb7d35c565e8c55d543dc6a35cfec2f,447,8,2,455
bd4cb14f2092143e616367e675414a868f134bfd,1,1,0,2
b639ea03d5fe43ed15d8b13249a4ad7513c626dc,2017,13,2,2030
7ce59b8e6eb6b0e2de7b7342b1f573455c5f8438,345,10,10,355
3d57062712637cacfaf0b58db4c48ab34c806b9d,8,1,0,9
21725a96feb7f17eda961d3b8da03c4b29cfd43b,26,2,0,28
d6e37665863bdbe10138d730f00200cbcd2e0c1b,227,5,5,232
9373a4f1d29483822625d87872f297f91fa85ee7,170,1,0,171
5b7b4f7c0523591e5f8da2e84b479d82eeeeba29,126,2,0,128
2671977587a7d378cc7b0a266fec8dfbac88c4a1,17,2,0,19
0cba293322d97eca0a848cbe6cda5dcda0f02ede,5569,95,0,5664
0eb2c0a394cca9b333b191f0ca3defc79b3fbe78,51,2,0,53
8cc6b7f63c2d0dbe416578ed90b9a94914e4b8de,3,1,0,4
641dc1e0247fa7edc205580c0aa0061d3cb8661e,5,1,0,6
be59cbd99d47dc918b0184cbbb5de99ad75250aa,200,9,0,209
8b05b1acdaa8ee12be32f6b86bab4ccc8490c8cb,15,1,0,16
f713c609d0df5c43ceb05b8ce497303ba48cba6b,134,2,0,136
abf75b95d4a3f47a88a4f07e71779da2e58819a4,401,2,2,403
fe1982a60339e06b5448bd4b33f80ca87b2c8d77,4,1,0,5
a9643f9fd4ca76cd21e4a97d32653977df010142,3,1,0,4
ff293b5fdc9d88b8b3f417d148bb762540a841b1,472,8,0,480
14003f884767d5645a4f93d23d5a3f62f8516794,1459,44,0,1503
f4b0ba174a834e247d1d2ab13b59f08865f0b76f,7,3,0,10
46726ab8f05864c826ae106a6b026ac4a7b1669b,24,2,0,26
e826dd5556a63e0e1e8be940d23a9cef16b8092a,612,8,2,620
ea36144b075f6acd71fd053f3b9be996bc0f9361,4,2,0,6
494ee78b369787ba599e1f9b7668a999b9d6c586,74,3,0,77
b5c3dc8b46173bbf15658c5aa2d248ed5f43b3d6,1,1,0,2
ea299fc075aece94a879a7c6872ae10796541d3d,426,23,1,449
649c37713067cbc8cad3d0efcef9b589d294c3a1,27,1,0,28
26ceaae23f5edebd41328e78091196f35b7cdd0b,84,3,0,87
a179204ee88f685d566489df71bc82096b95189d,1018,9,3,1027
815f7f3e9794f12bfac2e412808243ad9103d28e,44,2,0,46
542d16b6b34b95da6c0dc02383cfa845e33ae5c6,10,1,0,11
7ab48c8f79bf7a7ad2827470f3a6d5bd8e2583e6,1357,31,4,1388
94319976e6fa0a3bafc7ff0aeec49ef6b0b5bd03,269,6,1,275
14c37fa129178eb7aa7fed1e8c04a52243325984,69,3,0,72
334bdde79c773fe158b58e56edf99bc93eed9485,33,4,2,37
f2e5e974a4e6b1b976664cecf5994261c4822c01,398,23,0,421
96ca7da67f46a29a3908e8ea625ab5fdca7d1579,3,1,0,4
a18a5c30c3a4d715c4ab0f42fc0ddd86ca1a79eb,27,4,0,31
75c10f470f06a3585a0fc9ee13073b3e44267a77,390,4,0,394
87a67518e789daec22ae413c580fec2a60b3df88,42,2,0,44
d295ebffb0d2cbf3c7e2e0828f66234ff4254f64,2,1,0,3
997f5d327927aca692866ad25b19c1aa64785456,5,1,0,6
79cd14085068c773ec514fded965f9ded46d528d,413,16,0,429
b835459ca5efe14cef14df8040ca1c16d3bbdea3,122,3,0,125
8b38e74ae05e096dc07383d652b9fd706b651aca,98,2,1,100
bbf4ed9b0076a153880ed7604e3ca80f9eae2435,7,2,0,9
2cbf1145a5d2aaf010c5556eb1076c9ed0e55d7c,75,7,0,82
6d14cdddde9aba6273f904fbe247988c0e31791b,14,1,0,15
9c250812ef20dbf68c0049ad2ef6f2e4244b7e1e,75,5,0,80
2e9051ad6ba88c117cbb71d91e8931f764911a42,4,1,0,5
be6497407b2ccd7489cfc7f9f4de612049201dd5,104,6,0,110
9e8aa6f172c049202d9abbc05385c012aa9a5dfe,216,5,0,221
35118b7e34ab29b74dac8a7dd4246115fe4cd3df,10,1,0,11
70de36e4a061be6e21678baf239e4589bfec67e3,13,3,0,16
2dc370767ae81968ad5c87a4261898bf800301b4,241,4,0,245
20ed5c7ed637be62327cbe9af894cd76b51a7ead,33840,106,9,33946
1fe88271d7bdcb968a4188952fc18044e9a47bba,49,2,0,51
acb13402e2750b43423510f9cd3f12b54afc7f99,156,2,0,158
2cd02e0fc195ad6b7a0d7a55448ff96450d69c7f,894,27,8,921
5ae41676663d544a965076f7354fdad27ef1385d,49,2,1,51
276f6332144565b9c475b32495fc8c0716f5332c,469,14,0,483
da71771256a7f7466aa2172b0a7ad0e8f6c16b28,256,12,2,268
fe2a90e4e4429af5273e27fccbcc47e510511114,484,7,0,491
de25573737a5e1979fe8954ed2344298915a0647,3,1,0,4
ac954f568f21a726cc05d12f82310e1fc2f35ca1,7,2,0,9
6bd27399b6e033effed290877767d58806fb3a89,114,1,0,115
6204f6347614b8c9bb000af08cff06757315e2f5,34,1,0,35
ff0a131645f3b32cc955d8eea8ac4aa14bef1a64,556,15,1,571
66310331cd3967a98d4c79ef60a9f843c4510a51,8,1,0,9
7fa026f500847a8d061093432def8d2119d22a3b,24,3,0,27
68dfdafedc6137aac0b5f0cb3fe48e0914879b8f,52,5,1,57
73ca278e1ac719209e8d4323e075092d84cb1bf8,62,1,0,63
35e99dfa98150de0a3ebedb19fc7cb3b7743a517,17,1,0,18
1bc5d109f0780042496f2e4590d00730efce177d,1330,11,10,1341
6323498f6783bd79438695a9b76474d62fd78f34,30,2,0,32
dddaef8a822f97211afa25cb70738761a6495252,58,1,0,59
5338cd07e635c09c9a54104ca4c852a28361e46b,130,4,0,134
414a52e26e435c60eb7d5cdeaa5759e0208082e8,9,2,0,11
0af8f1ec5e4da4573bce522134015bbb7eac5960,27,1,0,28
0fe67af6a31d20e04cae38d0843956d4bb19cce9,2,1,0,3
6cbf94c07bcbdb3a6b67513a97897d46f222d797,10,1,0,11
f5606a96f51720b229584e383455a6b608656799,45,1,0,46
ad73d759f91ccfc57b5e8e093fb83da2c15fe553,9,1,0,10
6c0c537936a111c21aca226f2e4edcdcd4366a36,6,2,1,8
6b25a7c130dec1fb4f272da7bc895ef9a25cc78b,7,1,0,8
53dd103eb6886d3dfa09b11c4948ac7cce1dd94c,2,1,0,3
f60fb1d504b9b7803ca7737ee50f6d945c4cb5c8,55,3,0,58
9a2751da62adc8b21a7a84fbf14dbde6714ae1cc,8,1,0,9
c87c2ac082e8694cbfdd14d8eee7162f29f0fe91,786,26,1,812
722fa8614babdb80f866d7f26de57ca5c3cbde59,130,2,0,132
f9b406e4c38839d09601a611e9b89b5394fd1ac0,11,1,0,12
999d89293dd991790dbf857db9df2528c1b16275,137,2,1,139
ef47c7ec1e3b3bee1eee4fedd0306ed7b2edf189,195,6,0,201
36a9c31c751bd49b051b213e7197ecc0ee301702,5,1,0,6
2fcd9bfc274cbfefbdedb8e8125b1bab7320b0c7,6,2,0,8
2bdf96346a9bebacdf79b56afaf0ca0f9ab87473,14,3,0,17
b43229ab95fe6f1831479fdba25645fa49d8426c,598,10,9,608
1bea88ffe2cb8a7b2e20ea8197789da02bbe4866,215,9,0,224
769d467f4c60a490ceba2e40b0295e98200eda19,6,1,0,7
6b0e8f24ab5703dd1910ed623ee804de5387cb21,122,3,0,125
9c2533d48caf3e9618990d5218a0e463d9d69e4c,2,1,0,3
c9e95dd73cb9e5b5572eaa96256c161aad93c5c9,119,5,0,124
bd3c7676f9117de509ec980cf0dc30415a25e1c0,164,4,0,168
38474068fde5172ab317ccb890f598e26ce5347b,474,9,1,483
93a679da35d0d37a13c5e61ceeb9cc09aae2586d,21,3,0,24
c9923dea428d6a1cac52b012b2ab8d12f3b7b518,454,4,0,458
91a621ab20a2900706a66f27249517e4cc6051d1,162,3,0,165
e924e693b35025154e616428e8a07543a9625e97,22,3,1,25
bfea0e2c9ee39e4b5cc01695f76de4de6e5cb214,229,13,0,242
00ce34be356942217e9cdd8884e25c021ebdb0bd,416,20,0,436
46865dfa8b31ad11b345dcea62fd01ef3b07ddff,398,10,4,408
083f5b1bff87f12b2dad2b3b718a605824ba66e3,3433,48,11,3481
e6f8abcaae9f1260cb05f828d4b8f931a36095af,2,1,1,3
9dedc8d5c64cf270edec3ac02ec6757473330311,55,1,0,56
4b8864585c259d13cfcf316c33dbe13112d4a7fe,4,1,0,5
b31347bb646cdd57906accbd7caf82c165a3657e,66,1,0,67
f513a7a9cdc8e21b5efcf1cf9135e8485617b76a,140,6,1,146
60aa36708ebce77ee39e076547b3658f3c28d908,42,4,1,46
bc44c5b8c00e1d394b2bcd96fecfeab14b789945,9,1,1,10
5bd55fee168f39d8f4bfe02670ab6eae2ad67f57,7,1,0,8
050886603ea2b4bc0eac543adeb96d6887ce237c,560,32,8,592
962c96a00c3dfd06f1ebf391a6b7ee26a3d1c3da,33,3,1,36
1c0629fd7f671e39ef215bedb46b4e480cd7abd5,97,1,0,98
ece02cdd348da772308b84c6544b37435f63764b,64,2,1,66
562cb4d4f0c2ce55b21dc2771c25629e588ed7d4,22,2,0,24
2604e84a6ecb5f43844f33328b70c1bc134d3963,6,2,0,8
de00c6d4477b8c8f3cc861b2ab64a56b992ea49a,16,1,0,17
307b66935d2ce4d253df6939c5ef1281d63c2f8e,9,1,0,10
2b398a385acb35429034aa150c79021a3db100fb,33,2,0,35
92fbeeeb15de5e78e8c38e8b6ea9d363b691ab75,2488,17,9,2505
ee9a3da7aa4a5d6a386430e42e2e6d6f876d553e,2,1,0,3
c113e984ab2ea4da77b92fdf5a5c37947192a552,168,3,0,171
dab203ba2cf36c61c813da590230aa106d5c2518,103,2,1,105
ac17734567411386c5d15f4640a3e918e73b0f98,621,12,1,633
01801e820019cd307ee139ac5493bbcdec24403f,118,11,0,129
d096d7fe4b5688031e3cf0a03985c7d084b3d90f,6634,63,13,6697
bb710fb4fd0d4bc3b5cf4cc6b1f47afe758a464c,28,2,0,30
0d6f656c55ae6bbe99ddbd96b87794615a77cfe3,5585,47,14,5632
dc36f55d06e80393b1376f12710187d738d56cb7,324,10,1,334
67cf973bfefb54fd9c8675e933b9927f437b13df,57,4,0,61
9d35ea5798cf94e44f9a5f959c2fd4110067094b,447,6,2,453
44106be948196000e6c389877354e7b3826597ae,25,2,1,27
f0797bc9fc19d09690c57a35f7a2e6bb81fa3f3c,4611,70,10,4681
34e610c41d1e9020bb70c2d2a50e72179a24a00d,184,5,1,189
c1c51da4e7fdc599bfcabd3e288c72e6037b8c0e,881,12,3,893
7acd443c8b58b48bfbe019aa9754aadede6bbdeb,1072,10,2,1082
4c1fe548a5c3e88afda2dc9379919f6e31d36ece,702,20,2,722
3ae423e30fdc62215e499da476a26bc36cb81e72,4260,46,5,4306
ebff61296d7a99dd363a9b20998c87b0144e3d90,8,2,0,10
4058fdaf51a29afa869047268c180142c824b3e2,3,1,0,4
e6addef5e5ed5dc467516d02039a3987e42995bd,3,1,1,4
3872a596e0e533ddd9d992c3a1b00a6e271d1b2a,80,4,0,84
bd7bea4f8e261cf29b2ef2e6fbd887ada009de25,76,1,0,77
18aaa01273bd383da94aa0ddc676b1128f690a20,64,8,1,72
d8a3083f4dd803fab890f5fd254eaa744a5de315,10,1,0,11
a06200070523e006ece5beee9cd5fa1eb04eb2bc,21,3,0,24
a948f84e3454ed31aa914af4d76009f17c07a927,25,8,0,33
317fb60a13c6df0baba2c78653e1f7a6846c9cee,1466,16,0,1482
3f7284353ee990dafb301934d2b0a149aff406dc,2,1,0,3
a0fc9e3f4261add01db381eaa4d417e52ae6b6c7,4,1,0,5
7b37bf1f85ba069e29c08b66f29a8a39976dbed0,598,5,0,603
89055bc8e8b40c85aa0f7f4b5252d5f24cde940d,12,4,1,16
ed7d9a33d99c74a91ac7f0dbc97614d4ff523258,105,8,1,113
9243e6f6824c5d70b15e14a4cb1a7259fb696818,28,2,0,30
0d7d865d792205d33f1262588ff486dd47b2aeda,136,5,0,141
c802cdafb57343d174fdef623f25ef15aa45d782,59,7,1,66
c31ac567c43a0588e73d96c1499297a1c19d2bb5,282,11,0,293
c8b6e00615446ffb9433249cf15236e4ecf05a23,250,18,0,268
93fa63ec9be82f5a45b6324bec71ca3537a9aa2d,8,1,1,9
7dd3eba0b1ff0122501f2adca50f5f2e0e5dbe9f,92,2,0,94
a9f779313f53c99cf5dfd37c62bec43a82ae98d3,33,1,0,34
51c3629a66f20aba501d75e8dae60dd258c64466,837,39,0,876
56ea9911202d58a29e4b9b0ae19a70772074a4e5,4,1,0,5
0ba7ded3dd1cafe3ca4459c1a6236a450ffbf8dc,108,6,1,114
88ade7ec0844d74170bef16730a693d7493479b6,108,6,1,114
15dac30ad17b1a79d3be5ddf6a29135be06a40ec,34,3,0,37
8be4c2e362df69a5ce9bdcd6349ad761018f5f6c,24,6,0,30
d44d16acce4cccf6e18da5dc20f887dadd0b0d2c,59,2,1,61
46eaed6e931fb633d415877c3430d134b4163141,369,8,2,377
91c7bf5ea987e37a396c6813c9bce7e3e43d5bf3,85,6,0,91
c679c06602c3aeccb2315ae429acde5eb3134d37,36,2,0,38
5d7bf091bd5af3cfaf3682e0ce2077657117aae9,34,1,0,35
d73f478423884403f1d3da2de21c11ac3730e50f,2,1,0,3
e740e4f8fba759f32a1b02c51de5f6db693eff86,33,2,0,35
e9e90636c6b6286876b341fb321da855eaf85a27,35,2,0,37
3f89e50e9a2b2136864398a43d15166a80c2f37b,951,5,1,956
029ba0844b8caef5c03d676a0816edd6cc6d6a19,14,1,0,15
7be8ea57c7f71db99b1e29880a81c8c553705d0d,4522,37,4,4559
06ff4ab100fdf0fd3aa35e396d4d8fee55970ce2,129,1,0,130
1bacc438f3f5035cee17f5b7cb9297cc86c89385,232,6,2,238
1762793292f1dc556b55f70fd530d2abc461a454,15,1,0,16
f1ccac38736322d2014432b1912d484137f0b42a,146,7,2,153
94a19b68523f172ca4a93e3a26503ee2827de7cc,6,2,0,8
b1ff412d0538de77cd8be26204b8412278ea30da,26,6,0,32
c1244c96c283dc7ba1e866a68a82edc0a0624a58,5,1,0,6
92d7ad8a53a53b70e1ddafb16e3e77bce2965a2a,399,10,1,409
e13045ac79477dd2317d53367277fc85334fd239,109,3,0,112
6cebc1c2edd98e48e231582729aeccb6813047c8,13,1,0,14
ae96a77e82440f89ca514c22277a13fd100a8042,67,4,1,71
651899f4542760f908eb2827df732ef988de909b,13,3,0,16
af5e5d231334ab5b9c6dfb483027abbe58d71cf5,10,2,0,12
84eac4ddbe3e511c536a1185197d5ca012d56a52,78,3,0,81
386d5c16909c87b614777c52703346cf9b98b7b2,6,1,0,7
c16258b77c9e8cd5628e1bd1e8e3c44053e0b5c9,111,2,1,113
7955963de638a58521211c455f60f10c1b35501e,104,1,0,105
40b45b87d7e599700a53d4bbc299ee5e7682a47a,45,1,0,46
37648aab34c7a55e3e3be33ef61952dfde8e0597,10,1,0,11
057644734c6bffa99e7a137e7b577edac33ba4ed,88,7,2,95
349cbd4321731b5fbdb34434054a41f5e2023e57,177,2,0,179
fff6097e395e0ddd923ad26abfa4e33ff86591d2,129,5,1,134
fc762fb44c09fbf253017d1d5f8e913a715a70bb,84,1,0,85
47193f3e8e1a0e57b4740b7cb598cfa910765e0a,28,4,0,32
b2f4448caed979ab6ed7b20b4a9ea16eff224e20,18,2,0,20
b9a141a24dacf70c6b56de92e5122f55e5e1137e,766,6,0,772
add9277b84ea8ed03e763d58932b39e5fa0536c8,578,3,1,581
67c976df89a81be820a41b906b212b0d96f0cded,1181,8,2,1189
b8afd74d9cb742371461595eebb46fdfa5c66031,6,2,0,8
43ee713cd83714768af9867cd102975f0bce77dd,541,13,0,554
a05c9c30811f6d6dc5df4776067b10fb38bd544a,14,2,0,16
c2d24c5aaac716bd9163107a2ca310c7400d80e5,14,1,0,15
ce2b7c92c7b922cda8458f897ff0b702b03e2fd6,45,5,0,50
0feed98845901c5ac547cd0cf3b3e038be3e1e8c,6,1,0,7
3c7ba3bc39d6d6d60cbf60bec617b8a1c15d8e65,13,1,0,14
b037018097e70eabb0c5e72bf69ad0bb69634a0e,231,6,0,237
016a3bc3035c7e37e53044c8fd08875e23d889ac,835,15,2,850
8733ceeddebdd14fb558508066fd664cd869be30,152,10,3,162
01242f9406d1b1d14ffc22a9fe74ad27dcfa1b73,1184,15,2,1199
2c9e3e02463f8444d4720af912c9fb32806de1af,212,5,1,217
93309dceb12e42dccb77198e5d1bdcc16ee0ad2d,133,2,1,135
06b43d0f2571fd5bf31da05426ba6a68d7e84696,2021,12,2,2033
333409c36a1b8ff747e9c9cd91074dd18e9e6925,7,1,0,8
0dee04c595187d55d78c5049dca9e17aff4736cc,23,1,0,24
9487bcc6d585442c8123f4c7217a4082781ecb81,207,6,0,213
ab5e0ff0314bc5e1e94d604b55802177e627ea69,66,5,3,71
d39b4cbfb2ac6f7b35398070348ceaa7089a6ff4,78,8,0,86
37f4af326261d0f5ac3344aac229c309a3a29ed9,6,1,0,7
3629f72b9dc722e121df51269e05378bc03d3d70,26,2,0,28
903578454d9a0f85bfc94b2a8e15386f717e86a1,33,3,0,36
228175f206d9623dc83ab52b7013ed5cc81be881,496,14,2,510
27a67f41de0235386932e766dc40d6eba087fc1f,2,1,0,3
8c08e81b0f8fce3b701a12eb1ff8cb9dd28c6d39,8,1,0,9
8f999c514def9f777e5dc822201bcd576f6aeafe,152,3,0,155
3934d1bd9a55f73c191bc02cc180ac6141c2169e,16,1,0,17
0d2b463aa3756cbe2d65276676f10e6f5bd203e9,162,3,0,165
3aa64fba7daa50304315a8188dd6be4cc3c36247,23,1,0,24
90ce38d07fa6dd53dcc9456f5e6c945fe070ef0b,93,4,0,97
b9f5882beacbc3fa4e28223546e38f08f7a3ff76,456,4,1,460
92ec4891684c50f1925c209d1ac86a5fc1c6fadd,225,15,1,240
52d4b414abf9831ff870bc5085df50075a207e8b,44,2,0,46
469a15dafe77877759dcba5a997773b7d7713ea6,2857,19,8,2876
bf75b7a7a89500f64cd2cbafcb0c169eeb9ae928,79,2,1,81
d18dd118143af5a824fcd1aa5dca9d44c1e8d8e8,97,3,0,100
769128c24189202b5d06cffbaa25fd3ab5b7cc88,60,6,1,66
7b4a968ec14a32fe6c550baca8277a461f994b09,29,1,0,30
4b6b9cb7549eca10adbb35ec429f072d240fca33,4,1,0,5
7b19f9c9c5a5aaa56b3ae993038036b0b570b85b,35,2,0,37
3e67e9881c01735004a065f0292246c9c971ec97,305,9,1,314
6916a8baa19eae3b39a9ecd7c556294fbfdfc8c1,4,1,0,5
0614d100b1b917f045ab120d658632e372f0512f,2,1,0,3
1e1284cc3124e13f7d9e37766fce21f474e11e51,45,7,3,52
488f27f494303d8cf548467971fbafb8833fbb71,2,1,0,3
9242cba5953de22c9e0bb993586cd50bfad8cb40,12,1,0,13
492c81c503e8f6d09cb4771525e6871445ba4ab2,11,1,0,12
ed07d46c2e5d3b77beeaf83548c3313dc478b6ad,167,6,0,173
4361132ffbedb41301b151d4e27837a9fea1ee43,5,2,0,7
ca97b59401ae4310dc62945e5cd1516f06a43509,35,3,0,38
748a66fef4c9000c7a350e323d53bf6834adeb48,8,1,0,9
0b8461e5eff05d98df6b78c6a8d4d84684f08d0f,4,1,0,5
bdac5806c4d27e76f8367cc2425d04b7eb313326,2685,39,11,2724
167cf0738bc8b6cedebc3148365176609d5f3651,55,10,1,65
440d860debcb61423c3d71cb383d01934b9bf8ae,24,2,1,26
149aada113df6e6fdf0879b7c720a24244f78721,194,12,0,206
bf89056a42897a357117fb647ff5523749b5f270,3,2,0,5
10e7373904d41d317c0a266cd6b0cdc0be278bec,2,1,0,3
19cbf166759e963129332805d79c37131ae1847d,1619,17,1,1636
26cd93caf1a10f38b4311b8bdf5351eaf80c5e73,1628,23,5,1651
291abe45f55c8b313227f8ad109bb2d87e1ed856,117,5,0,122
871e98a2f0839e549c7b6e4fa9fd98ee0b8a3a34,33,2,0,35
dde2a8aab0584e97cbf639baa73093f3e60c4686,84,4,1,88
35609461c7f02c44d19817140fac8db19886601d,1523,19,6,1542
57efb0f845292a67e85b75da56f8cd922f7a2e7f,25,2,1,27
014c16e689cd70d2dc5f6bedcfdb9b7863bab573,319,1,0,320
5cd3e3d5b29c0cf4dcd48263fa3d2dcb7ab8a02a,237,9,1,246
1399bb1e4674e491a66e4a3134923a49eef93add,16,1,0,17
6d2b60399c3fb8493f697ce48114c6ddda967c88,55,3,0,58
d33da96185b3c2bf16610a143d2febb55204d810,186,3,0,189
36417ab2f33d9d2f364897f1de179d2b16eaf3ab,11,2,0,13
458c9b080fe36e9c6da923e0170316363457e9d2,4,1,0,5
1c131af8d696f4895135812af89e35686708c896,12,3,0,15
9a5df015e1643a1b14558de0ec035b687bdbcbf8,27,1,0,28
fe59c0b8bf8eb9f162990aa1c6384d00c3323997,32,4,1,36
315027900e7306f11b2592c117d36f193d66fa63,5,1,0,6
712802a93e046bb2950263978c85f4e608af13bf,76,3,0,79
1360d40a8921bd79cb6747a5e272d5d04630be7d,235,7,0,242
a46182f5f3b233b97f424f76400126848bc04b11,274,27,10,301
01ca43d0661f23c1fbc6e96c7c9d442618a926e8,7,2,0,9
88c820cb0a6c8a8799e09c738fe5d5519e84352c,190,22,3,212
a99afa060ca21b593f51e631484f0f706740bb8a,5,1,0,6
c36cdff574d103f3ab79c1528d0f88216d82eb27,258,9,0,267
f079991c82f09c5c79baca94509a68de0076f2d4,1123,16,3,1139
432232b83a392a3b01d3c6a627b5fc7e2495221a,2,1,0,3
9b95396aac8621ba47bbe52639a72f20394a10fb,741,31,30,772
ca471db1045bbaf04e79f2c67c65c6a1f3578979,4,2,0,6
9133bef02fefd432b20f6ecb4fb37a1d07227e58,369,23,0,392
4c798a575b96259cdf16705659551648edc36ef1,58,2,0,60
0d7592bf8327b2fe89099dc8d7046e58f8a14edf,82,9,2,91
f9805f3f16e409148fc7c41821239028d22d227f,335,9,0,344
d9b5d4d05177fa6aad719c8974f648cc6f4485d2,4,1,0,5
ea9c4d88922f7628727b00cde2cf88c3cb098bc7,58,12,1,70
ddb56c1598c78442e1b69aa95d7c88bf8d600f11,6,2,1,8
4e0b842e1890615622a03297d91642eb1df4865f,79,7,0,86
855ac0efed346d9adff1f3282d913ec18b77aa50,25,2,0,27
5b6e46787ebc0a1672d9b39ce23c25b4c98453ee,128,5,0,133
55fab913cc84e24bd8b2cd547fad38c530f32889,35,1,0,36
c2ea7ece7fde694f114ec07f39708f376ecfb941,1,1,0,2
02aef39f59efedaeea4ba2e967704c35c95ca38e,39,1,0,40
6ea1fc784e244ef52320390f6efc8f1678ba7584,2,1,0,3
91b0eb150ca0fb72c3a9eb19a37d1f245dd6ce18,1,1,0,2
70e272f1ff8f63b5d047f3f57efc6054ccec5f1a,263,10,3,273
354ad3fc8023bb29945706204f6dd057283b287e,39,2,0,41
b16a59202a35a0c5ff1a7cc3a23082b88c2821b2,2,1,0,3
484d7cd030354505529130c634b8f2ad9f06d91c,44,2,1,46
c4a566004269bec5157e321c24f26f1d7f3e8721,230,5,0,235
a026116f4729a3ec53850bdf2c0fe9aa2a3248d2,142,3,0,145
108a1a5f159f4078e9f595673b9db2ca9af1f6e9,3,1,0,4
404d82fa08cbb383b24dfbf852e93f5b8aefdd2c,155,7,0,162
4ae951be0fce49d22a7a0d7877e24569d46b052c,930,8,1,938
7471cf266dc0cd799df170a8bb1e5264153b0cb0,396,10,1,406
cd4897ac5f20cd2e7efd20aeee376b2d1b8dad29,110,6,0,116
4fa55c6606508a39ffaa9e57830cd4f705349232,2966,24,7,2990
ecba761f369dab5a9ac23292111ce181ae5aa42a,1060,18,0,1078
d5014e2ac0f7f7acb734da1404aa3429a85098f7,88,4,0,92
7fb25a521061c3db62111614abdd714c32c156c3,3041,29,6,3070
08dd8e5aae7e6f7c3789ba77d551cce6c2832367,184,10,0,194
b9064b97fff310a9d024eb9efb7e56147528a5ca,992,10,0,1002
b220d7f3ea02053947e1024bb5b28d4e1a6fcac4,74,7,0,81
9374f9e88a52265d99f05e42e5720f2402890b7f,603,7,1,610
3f15663f11a969dfdca8212f5079a796cf9c53fe,318,6,0,324
5b585288c7e00ec05d3b446f7b2fa85c5e7340d6,368,5,0,373
e6bf94db6d4db4f75f581009d0af19576a28b431,185,5,0,190
e616fa72702a7f0b44f2d3d4a79a804c7194110a,285,4,0,289
90d2df9be3937a461408e146629cf812cf33ff85,837,12,1,849
fac4f4eb362716edd58904155d1e71bc95f62af4,7,1,0,8
47803c1b05434c6b414ca6e573eaafaff7a35a9f,464,6,0,470
fa376e3625a7fa343dbde181c1d274a439373685,309,3,1,312
ef9b79f70addde0b0c0320c8274d6fffa1b013e7,164,2,0,166
f470029d770ccaa6399cd841965c3d0752f0c3b4,78,6,0,84
7824a5fead04fc4c3081002db78b573e7d5a5a7e,114,9,0,123
e8f7413c31f033862d2c34066ffe80409af8c5eb,21,1,1,22
be4bead0d022ded2e2738b5edfd65891f47228f2,114,4,0,118
24f0db21f9cbdaaca4b847368bb98ed770cd071b,61,3,0,64
e090c7fbff80d2f38ad344a0cd6a59cbaeba8588,638,20,3,658
5db0bbec4e0edab6ecaeed69f253b9b96f7ccd79,127,6,0,133
8746388041e9fa80999e01a66f8b01db17fb335f,4,2,1,6
42e348182a23776d87bb738866e20cb2e3e81e3e,174,8,0,182
721974c743040726353aed456cc73a94c7193e37,24,3,0,27
9900ee5c7fb7765400fe5c7a77fe0e55f0602750,200,8,0,208
474e8fadc4bc10b03ac64d071c2eb96fac9e6046,240,6,1,246
0e359a8f799af3980751e129748f871bb939a4ea,207,3,0,210
ba9c763164330fee6fc9da05f1b0fbaa02db9090,1069,13,0,1082
5751a31c5a48b66f5e2ee96f4ee9d4655b0755ad,5,1,0,6
9ab458b4fb6b0511cfc3c49984efa52a8bf49ef9,214,3,0,217
e62d28b80e484678efbbda72e76cbfec7e783f12,21,4,0,25
30098c87c236dffab3c90dd8b8073da37152d5b5,1528,60,9,1588
9342212cc67ade431ec3430e056cd57082ae6500,203,2,0,205
ad203f9360e6ee68321de7247fe85ac30fca4700,1187,35,9,1222
7cabeaa84612f770fe1983e74786d3314dc067ee,78,2,1,80
ebdce574b682eece78ed469114bce712aac7ee99,1754,35,1,1789
6d5e40611cd225b08795f178d380456e4894a98c,108,5,0,113
bf53cfc680904d9dcd39b7112f7de75307bf1120,21,2,1,23
7d9d5984d52598a2369889d2dfda1abb56ce04cb,520,6,0,526
a36e67ddceddce3de331c07d447904ca1cc95bab,262,16,2,278
c1648894b819aeee7908d3b2c85d7b40fbfb8f66,275,7,0,282
509acfa3d5ed94643887aa2c402fbc768bd0dbaf,10,1,0,11
ee9e54966a87751134172fe59c9803a07104973a,220,6,0,226
3b1db92e66f31ef0aeec19e28145c61b7d48f525,4184,52,9,4236
27da8b54e037afc763389a991be6cb398e6e1be2,7,1,0,8
612875965f848431d816cc42331afeef7095e985,974,16,0,990
b78088d7217dcbfd762c6eaed23393e9564e0c35,216,6,0,222
b40aca6c0d888c2f4edcd126c2a243586c7847f4,23,3,0,26
c0188a4ae074965f1d5a9fdfbd22c400fc053073,258,18,0,276
cf0d3d608e1194f8e92c15e76a89af3424575d9f,26,4,0,30
aebf303db4813b43a00101efd9d7beb3a1de00b5,221,5,1,226
92b4e17853a1aed0f989de7e6e52a9501efa3c3a,11,1,0,12
70d10a3eee9611285610cbcb8439a351e657f81d,436,10,3,446
1b5fd8706d552f11272f790efb0fed36b3b46280,150,6,0,156
a40be5269dfaab95a7aa8b661565180ab9a09868,461,5,0,466
f7e4ab26cdf02f88e08e8a9f74561d413e2d01de,66,1,0,67
17d87445392a7b9da14c27324e353052b3b2839e,3901,22,5,3923
82d3e08bf0dd71e55c678841a2874f7308f443c3,100,1,0,101
8c9c2942d2ac8c638ba5c9ba95024fcd48f2e4bb,8,1,0,9
5e4d18a72e5471151df4d03ae0acfd9b24100f43,4,1,0,5
774f87368f9d17042e3c112b5b4384cc867558a4,65,1,0,66
16f0a9c4a3bca490a4c0b27d182d69cb599b201f,382,35,7,417
f251e273d19f82aeeef600c979c3ca07ae7dc39c,36,2,0,38
b641e2acd8e8638084f677b93f54fb292c4f7608,24,2,1,26
1d9a20b51085ceb107eb48a35eb58ede4eb7f2f5,6,1,0,7
6575bf7cc61ed9a32f78688d0c0cce668628a4aa,103,3,0,106
40ab5498365303f8fc013604521a3d35d1b33200,76,3,0,79
1cea2391c67a7df4decc8a274c09abacf26b13a6,91,6,0,97
31f9a2b1881af439321ce985f04cd577989d5b7f,149,6,0,155
23aa7641552e1d0ef6f95e18623eb702cd1d96e9,157,2,0,159
9821c0df3dc7ba2e91a33083cb5c31db289a16f5,40,2,0,42
516d9a1d8f2bacf43043cc984eca3f857b5f0871,57,1,0,58
b6ed5b566d8f8b21e865ee4a47f2e6940f8cfdcb,2,1,0,3
56f8920c23371e3cda524236ed1d60194e6ae80d,2,1,0,3
fbe947c52ab117c4e13cef9c285152401fe79ece,26,2,0,28
4553b0047b321b649a7a52873eb9e8e582497d8d,4,1,0,5
a34f41790c6f9bff2f3ec9c985361e75dd893a47,155,6,0,161
2ac1ab1b8fa547358baf6a349030d3131db9483a,4,1,0,5
a60c5e717237786d6b7bc7dc002442cd5b7e3262,64,9,0,73
7d0489c385cd82dd9283efe02cd05d68651eda2d,8,1,0,9
92e47b0302bb542ecc7f00ae018c245bcacabea3,524,13,3,537
9ec212b75822ad49546cf6024e1392673e7fbd52,14,1,0,15
178dadc5383a69d4b2e7acc7bfe18c9e7f38c779,100,7,0,107
36ab325ee872309488b748f0da7c69a048eed9fd,1,1,0,2
e49849fc905c5ac8aa6eb613376ac32b83338018,38,3,0,41
096a70e71188663c8bf6761be340a2e723a7ee8c,119,12,4,131
c68f592f318b748b05c67dfaa69693bab595918e,2166,30,0,2196
579bee05948c94b2165d3245ecc82f637aaa0a18,15,1,0,16
8ca64b85661bffcaaa7dff929955ded732b34cbf,21,2,0,23
233503e4d65bea3e35716aa71ba86092ac5ca18e,393,4,0,397
b60179a70488a078cdf49d0801126b01286573e1,770,16,0,786
cc3f9057f3a8d246a6a5e0507b17baa12ebca964,41,2,0,43
646b444577901934dc1b4cf4e3fa19b4f7ecf8a7,57,4,0,61
a749e5c58075ff94d6838bb2999ffe42468e00c7,7,1,0,8
7f37944cb822864cce195643e8ad26683ce308a7,75,9,0,84
dfce2d4a4b376f8ed8f1e3eb7808341d0a3e2394,138,5,0,143
d46f77d9a77958c4bc95ad7534e24b56046cd3be,475,12,0,487
090bc63a1b3ce1b372c322638cc4e2b24f2fb7e6,113,8,0,121
f4119a5f35df8fc0619c4f4500aded2082e8c89c,2,1,0,3
15c2d18dd1fa409ac3c51d2cc7a3e493b9a39475,14,2,0,16
9890a7e783bb18b6d5752ef7e70888d8d1a19266,81,5,0,86
9b4bff35aeb95d2a46f301210dd3c02b68556857,122,4,0,126
b7015e2a25a85d9d5e7199d28bcc4cbf57e658a8,237,6,0,243
9a0c37304dc4be37031dd0f142749af283e1e149,1,1,0,2
841515d3890a7b495a4332fde6ab16a5850d9282,24,3,0,27
058b3e24602bee5f82c4f7cc02523dc15c42ed65,874,26,5,900
50581932640b9f7cc4d8558373c4b671f2ff0761,43,4,0,47
e461e0f094c283b244d3ece0a8a2901581c3ac09,110,8,0,118
15d5f9d1efd4f0fcf984cf014cf517ee2fa2a8ff,187,9,1,196
a919ead6d20fc3c029cc504c7a582ae95cc2229f,127,2,1,129
a41215a922a85be0bf33e5745a69e1ddd001ad87,18,3,0,21
9ab5312aae38a3e1d7474fc11e5ef243d7f11884,24,3,0,27
203939e73565d6e62c87eb8b39f208849e449c69,267,5,2,272
5051ecd4726517f513eff517c98fb0ca3904a1b1,994,24,2,1018
73c9be1e1765facba51d49110b0b0e8cd5817f78,874,26,5,900
55d0ac332a9c25a182a7a80746280ca769451578,146,6,1,152
e3961e3e5bafff61709c494761a2019e4966d19e,96,6,0,102
4943c419998778e4f2eb76289c875b1cc6303427,33,5,0,38
b19a0965044d3e3f4f1541cc4cd9ea60b96a4b99,2815,55,22,2870
95dad2b145e7afc8ba4578a32bed616b0cd7bf43,430,11,0,441
9bf9e026d0aba61e0452db56329a6e4a2658d11a,41,2,0,43
aad0a457914ec7b29b35e59b6253da01d9f13f52,2085,14,0,2099
2e3442eb4aaf5097827353b225e897742d1e57fa,180,9,0,189
afabc5272d029e8a2deaf6f758a5b600c6664c3e,31,2,0,33
f06ec86473dba47e9fd012784f3424331e4c8716,112,3,0,115
fcf1a26d75df818ac5da4b270d1710fa415f0c97,46,2,0,48
f2210fc41b4096174ec2e872bec9c4b8a6e13e48,499,12,0,511
ed94fc7627e35f11a105ee1128d35660bd940b6a,184,8,0,192
9813b12b4081eda933b4293b60141ace5427b754,19,5,1,24
5be05f1e16d30e465b18c29d518077b93c32d296,174,11,8,185
a44ceea05b19782b69a54f47a96dc0d30c406c52,2315,14,3,2329
690d1dcbb285bbbf0a5797d3eaf98dd626abe112,61,2,0,63
bbd12ed33cdea987b7e3bfc0055680d601df3a48,944,24,0,968
01a926c66dba89d282df4b4d00fa8d463cc8d738,109,3,0,112
a3ef6def0ec9045a78f11fc90195015cccb9da79,1198,9,3,1207
8ab04136c7ed84edc3c4482c53d650a75cb5e1e6,82,7,0,89
148dc60625ca813eced9c051272e003b99e9eece,51,2,0,53
77e67ba45c2d0983691369deb39561b2cf5f5326,53,3,0,56
9cc41ed3dfb53ed780c1060673472eac2608e9b0,59,5,0,64
1092776cb6e5b66fce0f45ed9b867c9ee24bcc16,9,1,0,10
0faaab3eaca441bbc8ed4857d590014f62f53599,9,1,0,10
921f1a27473eecb6883951aeece22f40b2c9abcf,2,1,0,3
df81a201c7babcb77a1966273fd5656d328434da,46,5,0,51
21f3ab40d16501a072d23717c2b8dae1c29173ba,309,5,1,314
1e53bf2e2ebbcb0930b854e6316bb98e3ac978bf,48,2,0,50
9f71a350fb86b5ee7a319ce24b498f3407d1390b,631,22,3,653
afce741c2ad5614e2167bf38307e5d47cd93afd1,27,2,0,29
272a17339e7e0696bb6277b8ca72371f0d892895,28,1,0,29
07688a80d0cd9aa57a9e8977f680f975ef481aad,42,4,0,46
9a96c63625d39b42922e654b479b26f5371cf620,15,2,0,17
e065b2c4dc0577fce5290e03f3d24ccc332bd84a,12,1,0,13
0593e87bc8657bc20b9c066304507a57699f711b,73,10,2,83
7da7e2f8b7de88c56c0087e1125cd9f446dbd0bf,16,3,0,19
1cf6bcdb9994b32d95353024ab41fd64f1f1fa92,8,1,0,9
a5af8c46792cfa531b8cb88be11f20fab29ac765,248,5,2,253
7daa16901425bd2fa60e7fabf41def0596a4825d,38,3,0,41
d232cec795c47e661488934a6f35185ed6aac033,89,1,0,90
f04a17ac6066181d203b3898d0f38528a77ee6e9,1384,22,3,1406
33c864c685f3067e1acfd95e66b8e08037ffe57b,835,20,0,855
08321732c94075830cb3674f56e24fa44fa7718f,35,1,0,36
d7d6d0ff2c4c7c2c2cfa2db9f9f9bf01f87ce063,66,2,1,68
e870e2516f34ad9028a217ab567155dbe77dadd0,287,6,1,293
1236e4a14bcfa4d8d6a9841d80f7159615139cbb,1,1,0,2
0a5cb69b38b727fcea7dfb35b21b19df457a1e88,55,2,1,57
5365a81ae96b892d7e733411ebe5a49bbce6e326,60,2,0,62
c47afb2b82a35541ed2bf5575009c8ee2cbd3a55,124,8,0,132
0fb345030031eddfb49086df1487f9c123d67798,57,2,0,59
994e7893c8c9a2d088f4ed1474d29edd350d3c7f,17,3,0,20
8bb2c69c3df3d8a86569ee2ddc40364e51837e40,37,4,0,41
d373bf176d26a04c0d530465a35793063b8425ce,45,3,0,48
b14c7ffd08e62b1aceb110744cfdf7bba4a038c2,54,3,0,57
87be4e3bebb53b4bb3b168f3a3c6bdf10eac6d13,87,1,0,88
eaf844d493eb8eddb84a5e634ac629d2bd934a62,2,1,0,3
e383b6491512b18ec49f003da354ea6bf5660f55,220,6,0,226
7162f42a309ad5d1ec0506eefe651ec9e77949e1,9,3,0,12
fbb978745066ee96a6748bc1583bb98fe3ef107f,5,1,0,6
fb99f9d985c6733acaad05f4dba13e5285a4aa70,142,4,1,146
f40099dce88f260537d251eaf964eda469f7052e,5,2,0,7
7365af5dfa6fb3391e9971db232b665ef6981c8b,12,2,0,14
94a8e88f62c14fc2a6076240b8a607f832387b58,163,8,2,171
8a5be9b5eaf66c8704b50f97d43c81c3ebfc371c,2,1,0,3
ae5956c7f8b9b1afdacc646ae123a24417c9a181,357,11,1,368
819677a5352d66179268c50d978d73abdd3ae9fb,235,9,0,244
7cae0178038d0a9b70e66a8b53281e951c93b0b4,267,1,0,268
bb645d1f07fccb7784858a479e129f45f194d34a,867,38,18,905
044d0c1c7849e31f67220dd56d0f533760c1e1e6,94,7,0,101
a3cb045d3a1a867cbc209938212d3ec80bae201f,104,6,0,110
5520657bfffb64b18d350279113b41330de2e2ef,363,8,0,371
0e475dc12ef21eee64aeb47af434197a9f3b09a1,33,2,0,35
73c17042f8de39763a6f2f7c989c9a11df926143,20,1,0,21
96863f4f718d5078f3e023f9e9171f667840e8e3,437,11,0,448
21f14e86eb9133275fc395926a7fa9288c9a6f98,57,3,0,60
da1b31a485b7cff717a20aa6223481a9665f8280,443,19,0,462
4556165a1b983eb9c13e30da5e3ce1957d65eb64,54,4,0,58
ac6e4831c99c99c30a8e2ee78b6e2f3fcef74d26,1209,22,4,1231
9057f52b199b1b088ecebc528faefc3561108b1c,49,5,0,54
842d2d01f3056fdc926039ae404a62ccd3cf2717,3559,28,0,3587
5822be2971dec6f0c77b9a4d449c6dfdd2ecf2e5,9,1,0,10
8e5befbae078e8a2e50fbf48ec1f6f1654335f8a,69,4,0,73
1cda55c69047d9e29b92f394c50982d695c06969,115,8,3,123
808b20ae5c4553566551021ccc8838aaf2a98e90,20,2,1,22
84cfceebcb8cc1f1f4cbc4f2691a98e964610a20,23,4,0,27
e200f499d6b7103552d1f394b02f4ca77e4b7cc5,1,1,0,2
9f28a99ae630b125d1eb8935ba4263b82fb1ee48,13,1,0,14
ee3ffa80adf5fb4cdde36527a53aad8a4f404c1f,2,1,0,3
d1f7368b32c54027dc5364d8ad5be4b142b09d90,244,9,0,253
a43fc8f8f196aa28c5d8250e2e2492a65d7fe9ff,87,4,0,91
856f166514817a3ecebde9eba16d7827aeb2b39f,27,6,0,33
53239c53ee22c5d16a12a68f213fc1a779030e4c,178,9,0,187
1797e4a25e1b5f02bfd29c3aa3befee41f92bd7b,34,3,0,37
5d7df324519a99b5ce150a2e2c4d5129a5e3ba33,766,14,3,780
fd7367d4822706368bc5a14126007e8b3cb26a6f,580,10,0,590
486308880a8ad14a2a93ec92bac268baded35d87,3709,25,0,3734
1caf01ab9e107d5158eb604229a0cbf2f852605e,33,2,0,35
2932ce19b2ee01b76b5da38093a94dc90479543b,25,4,0,29
f9a143aa518cd2492c796ce079860ce32396a7e6,91,4,0,95
e114463887e1fa96b0b7e65e4262715231ed3170,1255,23,3,1278
f5c3e1105eddb76962cefa197c4a1752aa4b09fc,1646,8,1,1654
e5e2fb5f809e95bbc3a6f772d76af26e534fa5ff,48,4,1,52
5350ac9dffbf14b50340a08ad9e2954f0afdb41c,285,9,0,294
000dfe6d5e0a9136721cf523a1c95aceb7b068c6,14,4,0,18
31d65f0d39c99782bd25cae808aa1302799f6308,145,5,0,150
0b4a2a00f3b904a629775a77d8f66911b35ad9ac,1008,27,3,1035
ed29d21411fbbcc3a52788d050e163b7aaa2652c,178,3,0,181
02f6830ee29f92aaa5548e18c384877c584d9589,25,1,0,26
420e6d16a8e540e60213269e6d55d18025e325dd,277,6,1,283
23d342595862dc6c02f06a7ef3ba1b2e9955eb6d,108,3,0,111
9f99507088a74aa9d955bd035c32ad11caefb359,114,3,0,117
b97a764bb1a25a805efa6073795427aee640ec35,2582,31,7,2613
9c6ae703bbb8ba259132450c5d9997c6a2802fd0,19,3,0,22
73a90a7b359de75fb08f94f9c1f39ff7f9518307,275,12,3,287
869476692307dc6237f80c8d0310c1219a2e038f,75,1,1,76
aca81b6ef949c94ac54a0cea1f431276619e1886,788,16,2,804
aa8bbdb7e2cef745ade4973dd8982900e57663c6,121,4,2,125
b93263e07081571b0a3e3c5ade63545895372943,18,2,0,20
9e8390931fc8b55b505b562915ca0bec74509d01,64,3,0,67
fded7bcd06ebbefd228847acffbcb6b63d215824,9,1,0,10
28831839e5f07e6274a1e1b6156cd772d4ea0bd3,115,5,0,120
0d56a508c830a4c7e259051fee9c274feb5e7cbe,2,1,1,3
27ed2f0cfcfb1354651d8e3bbd9624e57e6fb5ac,1548,20,3,1568
753a00548d479ac3ed7204d27962257807e1df73,6,2,0,8
352a1311147a2f3942287c3b1f4abff453703bac,461,14,0,475
5992d1116c9a11a91232cd8220c31c5fb51e7021,2,1,0,3
34d02dcc84bb83ebf586ebaf6698fd2553517370,200,7,0,207
ee5ff7d8000f76db08d3286821470e44daf45e1e,328,20,1,348
77e3fd7ce790e0c1ca72af52a0de5687dc56d5c4,17,1,0,18
130758db3235b558295c3bf14f0f385d29cece66,7,1,0,8
33a9abaab673b0c3f81fbd0f59057008777c14b2,5,1,0,6
5aa249b958e9715373d6d3c6b9fd361e0ee67562,67,5,1,72
f784691f9445c7e83095da8e36c8b45966437d0f,190,4,0,194
cd91155a4594ccdfcc60529c741105bbea75229a,106,4,0,110
f18077a9e267a6708e882c571baaa942350135b4,30,5,0,35
a17bc18bbbe819ebba3e464a5c1bcfb9a9753faf,225,10,3,235
da2129f323c77dbf90d937a1da3988c4c9f1d9f1,61,2,0,63
2c2de723f8286d92b69c08f6babe0ac603cd8b8e,195,1,0,196
cfbebe5ec49738c30ba27e2e761eb2502ce8e9e5,6,1,0,7
046b533b2e210d1afb687f0455103ba364a1988f,28,2,0,30
07accd6913c3aaa687e3049ec6a36bc86f78a1e5,1,1,0,2
7d7577d324e434eaa3c16319233286e9041a7a4d,188,6,0,194
5c39720db6e01640bd539ea841c13bbfcf50143b,3,1,0,4
c1cd79ec733e42b0fb78ad2e3283c88fc4fc5fdc,15,1,0,16
c89f66a7f88fa16f6191ac0051c5b917f7095c58,95,4,0,99
d276510270141bb437bd9fda7c5a0192d4b394dd,77,9,2,86
cc8780154837ee0c717de4a4e6544aa8574e373b,32,2,1,34
541e61c2c408291ff5b67ff4b809011d0460e85f,18,2,1,20
9de76db7b66cde4e901feb608829c3d5b554adc3,746,9,1,755
c578f90e47bf1defee072c7ddf3a28ba6dbe13ab,4,1,0,5
27f99b0dfb1d675d8ad4a2e9544e2871dee2a0fb,15,1,0,16
ec8fa3f54df88db8337bd423270a68d75d950866,170,3,0,173
15d8c5d8d249bf5a0aecd5e918ef33c33ec18f31,86,1,0,87
397335ecf58d32551e3083ac930b1fd18321cde2,161,1,0,162
0e01a931581ee736c7e0bdc1df89a71fdbce56ae,83,5,0,88
1d036da0606c85c55fe95e52e7869a7b846d51ba,170,4,2,174
4daa54fb10e87c17875b386af4946acf8242c7f8,39,1,0,40
eee00751a11e31217b95dd3e4debdc836d052dfc,179,2,0,181
ba32393e3d7ca7cbb50d32ab4175aa9542088685,74,3,0,77
a0379640a7a661a59df80b3da1e244ff50f18ebf,264,3,0,267
27978b442bafda45c879e3ed47aa81b73a2ae858,831,9,0,840
f7d01b4c996a2e53be8e244054324fcfd7f09349,2,1,0,3
fc971877e070507384debc176a74bb7cb5298f4d,102,14,0,116
2f8c53d59b8141173f72e2c9f3f584a3f5b68e24,229,7,0,236
8ecd00ad8833fafdf2a75fc27cd9eacc20bea652,294,7,0,301
7eae22c5c4f65bd14acbbaafa4b320d6314184d2,516,8,0,524
39f6ce4865fab034a28a2fc51b0a1452a1753d00,2,1,0,3
cae6f1c01fb2557740178ed9493d075060530d81,89,5,0,94
fdde3bbcc6261152792ff602941f69c25963b20a,2,1,0,3
8730456e89f6782c9a74a6b3126e78fb23da3412,8,1,0,9
7f6b1c24500f85fbaf9400db305cafa79ac9077c,2,1,0,3
b33f6e61c301a726ddf2324da1170485b5d68651,60,2,1,62
c680ddfec27e6308a4e93129dcf7cb196bbdf75e,517,12,0,529
39a966159c5c8c6be7a3ed98a9637c4d24b7ff70,283,4,0,287
c0bc1e6a2f4a1874778846d671f5ede0106914f7,1,1,0,2
aff6efbf216c14db542549b982e35b202c8f7a82,6,1,0,7
0997ceecd1ee94bbfa3b25895257ed4ab614f68f,148,6,1,154
f36cc8344545016e6ccfd22199de31bc0d66cf80,11,2,0,13
f27c2ae22c1a5fb934fca18db3950b0372c89832,2,1,0,3
8c9e07c64e312f1af0c1edc04a9bb925d8651b98,189,5,0,194
55c0b16bb357b04af761f823b63d8d1bf71009f7,1107,22,0,1129
dc66df15d093bd6960052f555f6153e43cbc4707,251,6,2,257
bed95aa4001f8581e5b3e20d4b560f6da8efb445,433,5,2,438
78afab19e8c21ea1a8027f6013b1fbe0917a8e55,30,4,0,34
fd61de512010d64b0e407fb7231924b9b5bec37d,2,1,0,3
bea7d1ad6e236960b0f00265222d3c8a4715358c,148,2,0,150
b207f3ade3f209eb0844ba99f2f0f5e17708ecbe,2,1,0,3
66d04486414a7d3eac89c8b12e5d9d682e3ba6eb,16,1,0,17
f003003aeb7623b428319780532eea531fda7fb4,8,1,0,9
55c8fb75995e65ce162eafff36519dea11674451,5,1,0,6
6c9efbaae3288bba7afb2241be30cd0dc7b632b6,237,7,0,244
1edd963aaa40dcacd103cf311c6e78fadd8dc667,4,2,0,6
3198268c386d9882a68c1ebc22b82b61f3cfbef3,124,39,0,163
8b755b9a77d41fadbf0f67131fa413558aa2e7c7,69,4,0,73
e65dbca97b1244fb87e736291810b0ef29101b58,1016,9,0,1025
3f86410d848e47022cd611f794117dd8d5f5eba1,358,9,2,367
eb5b9e74cf6590c206ef6095e3b2720e4bfd0733,714,16,3,730
5fe3d2de64026388fb998654f5cc94b2a3566878,9,2,0,11
40b5a989b86bb64e399b125e0a2a5dc9f419e7ca,90,3,0,93
f3a059f0a46f9afb1c3e55c0ed731c40e5776048,35,1,0,36
4680dc2c6fda164a613f60d03ae20fd790ccda20,11,1,0,12
d95d3c513ad6dfd03cd6a43c05fdb445589b43e9,78,8,2,86
6eb7f514b732395a7ff620b223db9bf74abdab6b,11,1,0,12
c681bdb8cf7b09d930b3d990ae958d678ff46f16,128,8,0,136
7b8ffb5e5d7495c5bae6b120f6e5b2201fea077e,289,19,0,308
02c479771f9118df0d7073c60f8a2b2294e0463c,234,2,0,236
b71b68c72c9ef112c966154a2fecd2af3981e327,45,1,0,46
7e96f56d63387ae4af1edddd8c7f1882e5ca9b59,137,9,0,146
628b8fbcfa35664cfabf7c07b5bb860a7c2758ba,39,5,0,44
a3601d1c02303c13abdd8bdb08c6ecedf3473b86,128,4,1,132
c2dd6c9beb20ef8739848001e1bfcec53d8413ec,50,4,0,54
91fb42ac93ff7af4df5b7104b6a4e1ae3637e709,12,3,0,15
4e78d331a862abc8071bc5d67345c0d868e3dc98,2,1,0,3
31b1dcb605e15a7797fcd2ec694a7db838980e71,1686,30,13,1716
cd0f0189573c31d58726ab8e7081561c2c26070b,7,2,0,9
07cf990d8fb0e32feaa998b46dae5e0e8d0eda81,4,1,0,5
2ca5b0bf85aac96eb815ba91e262c4808c0b7c49,557,9,1,566
2bfc5f2a8048b2794d7744722aa0dd14e8432a6f,33,2,0,35
65cd037d8a616ac32be5e4d61de47d4e5706f231,74,5,0,79
7db90746233ef70b408b9feea13e1c56a5b9bdc9,2,1,0,3
51c203b8ae8a1fe7808b965e20fd9873c864e5f5,353,14,0,367
a6c26f7dc5dbde87e87d5c78ae65659a1c12bcfc,86,4,0,90
9096ffa168962755e58ef8b4feb530d90bc0e5a9,15,1,0,16
6838caf04753ae6404103a5d8d015f0baba866ac,185,6,1,191
d23ddbe01fbf799bd83631ece90e6c2c32e2e828,42,4,1,46
16fc79f3c1d0a9865375816d533e63a6fc14251a,81,2,0,83
98cbcc10d69c2bcf7f4ffd87c48637fe79564953,906,20,7,926
b9f3e0f1df655ef1c6f00af3a5f1681ce96d8b82,217,4,0,221
cfc98944467f86c5fd7e9475685633f25e1c6e3d,5,2,0,7
47c5ead36b512205a628325e9ee271f24875c209,228,10,0,238
933d193e5a1690f0cf2112cfff0df1da3fd1ee5a,719,10,3,729
fe460bda69b463b3759cf29f8a20e6fbe1331732,2,1,0,3
a3f0cd029cbd9a6af94da7ffe825de26cfca6fa2,1579,25,6,1604
d93663cb8c8745561e92d2cca88b1a41b124ab18,37,2,0,39
2d47c11d5384762568ed90969a423b53b633a148,57,2,0,59
659a79742d09b288c218b43374432fd8911b98a1,232,8,0,240
74660942ede4f8565bfc022ddb791feb48d7d364,100,7,0,107
940ca146132eb8ea781bae21d0d6c7e3272e7fa8,315,6,3,321
7af6b667d1332eeefb6b6873b358028c127ed7fb,92,5,0,97
933c729f1003cd853583c0e146d92c6cef9be284,32,3,0,35
d3ef5c2b75eddf53c1ed01a284f763b405aacac1,78,3,2,81
fe2d7f85854f7213054f09e8e51bc51150de5826,2,1,1,3
85d4fa74397285191bde82f9d96d9ef209cbe959,45,3,0,48
8e56a118c81240e884de3c276ce2288176d335bf,93,4,0,97
84f377f69cc994df5c21c4fd75680c2f2a5afc35,322,23,0,345
f318abc15ef92b91899b3dc3d000951d3fd891ac,581,11,0,592
9a4b6b6e48e717c07046a71b2a54539c98d102a6,39,2,0,41
28e35948a47808e61a8f19bae2bab2b9ae5a2aa3,376,2,1,378
4af6d447327d807c6775376a5909f671201c03f0,2,1,0,3
8bbb5fee9fc78b16932f5c072074652fe4638942,723,26,1,749
510c2edd07e7a387315af3dad078b32f9d569884,1578,16,3,1594
4e4ab11bd4609a9a7ff499f25259601b0cea825a,947,33,11,980
02ffe221413641bad1ae5d62d6838c3bfda4185d,105,8,0,113
e7aaac7c4d3e15f9453b3351d3a4376c4977498f,988,13,1,1001
881a0996613a899cc8935eb006e768e4d6765336,332,7,1,339
fb125d78e75f447eb8adf7237faa7c680378cb35,36,3,0,39
3cc1e41fea625a41e7384f7ea01c86f4c608420b,154,4,2,158
103f829ea5ba75f51dac7b339598da6d49888632,411,16,0,427
fe6e0832dec8f6886bf36b1a9246723782f6a325,819,13,0,832
60337bebf7d8c7314d73fb6a23c830488166b301,223,3,1,226
f617059b1d1a99733f7264dd8ca885879eb21bd3,11,1,0,12
2f0e00392a9f52ffb1a6fdf263e826e699daf38c,9,2,0,11
96ca68d7b21b91cc3e22955cd5d553ef7f2260c0,367,11,0,378
5e2784fda98be8c27d9cc3b01ad4740594968248,197,4,1,201
91515c0584e71984c94f687aa7cbdbb0c5a442bd,13,2,0,15
f6057c77dbb94965518a18f8082b16fcea74e8c6,412,7,3,419
cc5ef44f9426fa239b9dd4aff9e8fa17db67e892,11,1,0,12
8c1fd0ce62b416a32ff4f7921123685e1bdea2b1,389,6,0,395
350e986fb51df8b6f7bea43dc2f5f19a0feca7c5,4,1,0,5
f4f76bf49b1888731040562d5418364759149638,62,3,2,65
f6621e1db943dd4df648f62bc39bc6cad43d019c,2,1,0,3
ccaa9f5ed02bcd26af78ffc1d4c1126b180566ad,1121,88,0,1209
5cb7839f5f8978eaae2a9c31aba72234bad6660e,29,2,1,31
4109035b5aeacb0acb9e267983a8f50c322c9ded,18,3,0,21
d0e238dc7c4b2cdcbc3213e9223fa5b3fc2c5204,1315,12,2,1327
4e6f18ff0efc21959f9d83c855573637529c852a,54,2,0,56
d50ea9561285e9827afdd909df5f40ae3417050a,161,11,0,172
3d941af5d0a00ce00ec1c81f82102d51646b7004,8,2,0,10
54963ae1f0ed31c412a1b72d56b0e99e43659f46,228,6,2,234
1aa6f8137873262fd9a5f261bd1da89e79401146,37,1,0,38
9c5eebad93d0e25294d540e926aa67e34200de0f,13,1,0,14
adedbe046c205d886cc0cb2648ee20146981c0b0,6,1,0,7
0471e601d6663c503767cfec5d72df2cf4f7b43d,14,1,0,15
a29534bec1f1d54cad42accf37a93955f4d25eb9,54,6,0,60
ad6337d730d0ba13031fc381fb989952fb5c3eb2,7,2,0,9
d4e93107021ca7222619face319c7a62fae499d8,80,4,0,84
0ef6d5fab0c0d574c320f82f4d726e4e2eca2fe8,955,12,0,967
bab4c453bfefcb7207fed4d26ea747e1d8586ea8,14,1,0,15
b54ac444d87cb47ba6efa268d23aac0e2436e952,518,9,0,527
67be7cc643963d64ff47d848ac1bc6ec2765c608,70,1,0,71
4de0daaea1d948429247b830774d96e0fac47951,217,15,0,232
54f0e495857226b8b71688e59d0e653db9fd6fcd,13,1,0,14
21880cab8a41616fd96681316f1527b8dfcd396a,4,2,0,6
3c620b3ee6b8493cb125fe00510bfff7405a2c13,78,2,1,80
b06641cb8f58c54302cc7e114e91d88dcbade984,532,14,0,546
2569cfb27d971011f5a4a343f958187d7355e33c,1142,12,1,1154
7d386c8eeaa72621a20a72d3db52558265ca4eef,4,2,0,6
84e9cd855ab78d0554493b891ecb7693311ea017,101,1,0,102
1a254d7a1a39c07a24287d65d655ada4aae32517,151,10,0,161
fb20aeaf0e75ee2e2cbcc7f65cd45ad75db86979,4,1,0,5
f310e47df4a040c1554d1f7c9316e72f93313597,27,1,0,28
4fdbfb03bd3cd40b74327d0a03d6bb44c60f105a,388,3,1,391
d602671b210ed60a5a2f46a9d1a978811e31443e,263,12,0,275
008cc2ea2c9bed8b63a835fee75a252ec30c4039,44,5,0,49
1ea26c202c6d37e2ec8d84f78f10f7bec8d82434,15,4,0,19
66dfd672d3e49fa23e1e2bffb5807c44e210bef4,14,2,1,16
d09dac003967cd9fb9b11e5d9ab57b2711ccc0a2,44,4,0,48
4982bf148507137bccb4de63a4dd85606fcbe0bf,80,4,0,84
b035f898a85b7bdb6f34e3bb138661cca9f0a4d8,433,10,4,443
34e10e83437d708ffdc2bdb570b9d5353d1cee1e,20,2,1,22
228acf2efca93ecf54d635a652cd71785a16374a,3383,27,6,3410
ada43b81f2e00410ccc1dd2ca17a3264512442c5,29,2,0,31
2a4c18ba93ee94e68702086362ed6c5f82d00800,8,3,0,11
443b186c6bcceb0204002548beac55b1e9444cb2,504,9,0,513
422ac4e4ab0bd07f56bfef45780f15564dbdd391,32,7,0,39
d581e4443da48fff96e34d953d0d8d7e9ca7e384,7,1,0,8
4f5f228297ce437f36a5344425c32cc20ebfad95,662,10,3,672
be57fd98460f88829b17e862850c645bfe867061,17,1,0,18
6632bf9c683dbc2e0c68ab2032ef81a6434d4f01,156,14,0,170
6b07973bbca39b65fb22dc114c66074349d31a78,1091,15,4,1106
9a77b01ece796f266b6fbc58b8a2988bce234c5d,1441,7,2,1448
52d132235f8f3225acfc2f506dc03acd6208540f,254,1,0,255
77314d05bcc14491a69e6c44d7a99f6081f7e00f,4,1,0,5
572194bdf8f3dcac65351701976a15d23f603448,276,9,2,285
65481bc8c165057d0f7d0f6b39479403b6a60b84,50,7,0,57
ae2e197d7d43815dd6aedc21fd3c87a6fd336409,4,1,0,5
400abe7b75c88484d6fb7bcd102630d48b03c4ef,33,1,0,34
2c2f015d1f53b011df3cfb2dbb087e8e66f2e372,1597,20,0,1617
c77a3f9f63a0f2e25ca5467b6477f10d167edc1b,21,2,0,23
2a8ea42f6073bf886ece141565a7645631448a2a,5,1,0,6
bbb73a28507bcd3f6ed4ab5487dc252f3b63636f,355,3,1,358
2c378d1b185fd2f25ddf9c079e17a3ee9cf49018,13,1,0,14
85cee0b6279a11f87c5ce105e148fad2b694bc24,14,3,0,17
53d6ef7b61ca9f36d2c93849b97cf20bd4d80786,231,14,0,245
14dc5d8b386168f2b6e3b6f79611c24faf622d17,6,2,0,8
337e7681eb26693df236b13dbdc74ab8045fae65,15,2,0,17
45b3771f87ce3fb39105f901856ebd2cdb7103e8,2,1,0,3
e2392559c28ef7d94c75076ce221c153e7ae0068,4,2,0,6
137728f5c59ad907dacf9caf70a533b0269086e6,26,2,0,28
d4824dc81013e9d9f26fb7c8935ae4827fb08eb5,778,17,0,795
62ef764f22d3ea1f2b42c20371f14959e78e14a9,683,23,7,706
de003e2ba43bd8eb197bca4570966b698e401168,1,1,0,2
9bfd0c458fa395eaa309e4854756a0b328ac8cc9,1842,16,0,1858
3fd72ffe4f0ff7bbe057c5f9540585d1a396dbdd,303,6,0,309
daf835a267e80ba9cd622e45d9a6b3805c99023c,55,4,0,59
baca9ae22197ee0d51f19fb5a238962729f4115c,2021,26,2,2047
de95f65a007f5bc83e52520c9db4ce69fc5dfa28,161,6,0,167
0d78615eb30bcb5679e8a9eb5717b307a3f14437,0,1,0,1
d8722bcc4fd6e2609b110d9ada3fbf8271fb3fc9,173,2,0,175
7ccd95e3266c7af527ec0a951981cf1613b3f716,5,3,0,8
afd94e31f8399fc29b234bee4630bec413e3c709,8,2,0,10
9d2a04bc887917eea74ddbe44da554c82ec9c464,171,13,0,184
ec50e5d437df9d9142b793d3a2a127123c0c1a89,127,2,1,129
fcdc8c633c7eccf3ffa616a8e109a4348e93e653,5,1,0,6
5c4937a137e52a81250184914caa510fdd45193f,2,1,0,3
e0e2ad8591a44b61c9b46cf0e8334187fcc88dc8,51,5,0,56
08db12687682166b1f2982d9efdcd3209d7b4bcd,103,3,0,106
d4f55c1436edb5b4cbe1e502199b0d9f05c278ea,27,1,0,28
481558676ba3092d53c8eb8552dcb07843e99458,271,6,3,277
41d5b4bf7392845c99cae9ab01aee4523e7e0243,122,16,0,138
95cb2d5fa48f41c72fb7c0b717236bf88cb2ac9c,100,9,0,109
bd44155f464e0b12d54f95998943232699ec1ecd,47,8,0,55
2af43ea72e1caf1b390d4236845c38b192b46c84,148,2,1,150
91765a79a1bc2810e0155a85f74d1e7b5ee0fdf3,516,9,0,525
99aa8b2518dc089e2bbb057df8236c6b8477e8d0,226,3,1,229
10a432490b3d64f53bd0c7e2d1025b1d9f656666,615,30,4,645
4ec8ccbaf043af3aaca2dc81f3b72a1725617e79,250,15,0,265
73060eef50c53b8b86b6631106b2520da1139f9f,17,1,0,18
da16c679272bd5b09721d4edc0910dd3a5bb8734,438,26,4,464
fe581d82c4be5386a4e24b9fce41bd654f92e152,1474,13,3,1487
49955bed957e3d07ba0493215e62fde517745c7d,602,4,1,606
771c4546ddae347bafd8ba727ef78b04ac90fb2b,15,1,0,16
b632c481da2f01f02fdd6686d6d26f3d6c67e144,286,5,0,291
a63c986d6bd2ff6234210bcb5ffd0a1311a58257,61,1,0,62
8451e4286abe1a2be229db1912a07ba1778f5909,147,5,0,152
22a44dfbeb60ca8d673de506d7b724dd1ee30ada,2853,31,0,2884
55cc1a88b51223da7610bf934fe2f4dd9ab9e63a,4,1,0,5
562473e58954c908192a0588cbbaf03a7e8e3af3,2,1,0,3
f077f9a12401183a422ef4c431f35b586b9c5042,510,7,1,517
b529eed45e2457eadbb680fc40edd34f46f50df9,2,1,0,3
c118bb657bcb74606173c8c6b52034eefd08e934,185,5,0,190
334d504e49a2111930c8d61524035e31ac2ea297,22,3,0,25
54fc8749a3257f5bb2adf59ea95b7cbc0ac4a88d,4,1,0,5
0a5bc80eb894e9b97e0bda4cd1ce071eabb49531,341,17,3,358
b93b6f3cfc236ac53ee4f80d6e8b537b8e92e197,148,8,2,156
86af1a8573e154e8d0110a3f0cfbe40cde8ab59c,6,1,0,7
4142e2a6556274642e59d1daec0d1195c6b8b5bf,758,19,7,777
7604e139ef483bbfc3076fd8d90cb891b955bcc8,837,15,0,852
ce2143cccaf0f024c5dc3cf5c58d8a3ebab21c83,16,2,0,18
33988ca2362e35977c6baa3ae7b99ffa0b9b6b1e,199,8,0,207
30fae06b28b5bcb02183acf876d24e7718b713c1,65,1,0,66
7dab3871c158c73d57e8f403862858623e408f5d,10,2,1,12
4d573dd0eb72ada52b83d8880833af90cf0a6297,129,3,0,132
9b209c548cb8ecc94e06b16669da88e7bc75864a,14,1,0,15
f3564255e8af3d12169f8898cea2fc256b81d70a,4,1,0,5
a8934833c5dff1d3da99363a998291c01b19a8bb,4,1,0,5
b0f405fea1b957dc628acfb021cecf095011eb59,320,13,0,333
8c64a37c7daa88e776ceb0e8433ade109723395f,1345,38,0,1383
e9edd098b3911ae8e714d2b8671e029df765a925,6,1,0,7
557e6abcf369b0c6a1e4e09a9bfef76525682126,156,2,0,158
9a1370fa18abdf77b834f8e412ea7d3b710e1354,10,2,0,12
c185d65dacf1c515f04f6805e5c46f02570cda9c,126,6,0,132
8e9bfe0c4dbd5aa8a0ecc9d93599c29916c15d80,29,3,0,32
02ea4a658e8dab358ccd86420620a4675836994e,1361,43,5,1404
7b318bb339171a75d9c4cb6d9fd5d7f6bfb138b1,154,2,0,156
6e6ab83eba165fe0a97143c5a6d5a100d9e20ecd,10,2,0,12
a0fa59fcb5de81207b171b0579858aef6ee924aa,24,1,0,25
f92f6a858ccc569bec0588fa7158480893ba7cb5,69,8,4,77
462b29503d45d280071b8900e7b72c5f4ae9662e,60,2,0,62
4d9c5b78a2e8eca9bca5cfcd143f6fd3d9df67c3,107,10,0,117
9ccfe29312e8f0d81ef53e9e01cd172e2fe1ada6,221,6,0,227
42ea9c3ff96e5ccdde592cb57d658811f0e00d5f,2,1,0,3
019ff18e57885738dce43c2108416bd4ccd333e3,697,9,1,706
cff235acca00a2e2484c5907475b5eebc393dfa8,911,33,8,944
d7e3fcfd3ac56d9b56fb60746dec9af07a1688c3,106,2,1,108
f6280b0611561c6d8463447f47a1fae4dcdf6037,2,1,0,3
d7fef096e493e820be523de044fa9026c79adc4b,89,3,1,92
f2d2baf50d9a849b3413598dc488bd32d9c8e5b7,109,4,0,113
9d1f0c91da55e2586a1a941acf927b3971d3f265,9,2,0,11
3bb8dd47287de1bff45062f22573b5b05db49b70,232,2,0,234
94211bb629bd6388844efef1897e3f64b2433793,1492,10,2,1502
6c606711d5433ec42d1be897f9c0053b96178c44,4,1,0,5
d277c7eb07495a32934caffdd23d0fb089a72160,342,3,0,345
c5cd3f6bf012d43fd8038177274145bd1aee0c45,6,1,0,7
7768844ba18fc4511a771d5133ceb42b6ada1b67,39,3,1,42
3c084ab86e4131c82d2ad819a0cdeaed29e3326f,1601,22,4,1623
a4b05037253ca5d8c1bfa7b21b767deaca6d105c,88,4,2,92
adbc712272ef641f6a5d41d80923e1b91938334b,28,1,0,29
a9918c6a51738f0a92401b53b78cc05eccb35b18,224,3,0,227
333d0386f823cf106f1ac95eb36faca61a858ba3,233,5,0,238
7f4505582a1b4b0f78f6feb64195281b4dcf70e5,780,11,1,791
d184679579ad905fc35e6aca7c0230f66a5115d6,254,10,2,264
06f23d4e331e2989d46d93d9ded57ee852c93079,1133,56,12,1189
1bb018aefacbde96afa5749ed06db174dc6005e5,23,2,0,25
6ee9c698ec2895f6b58d1860e58232212edae13a,6209,60,22,6269
e162f2ec19c884ec4f369e79fba5bc5e9c86e8e9,51,3,0,54
a2a015397a7d899db587b138055549cfeb47a4aa,10,2,0,12
50c27821b329f1c9c46b2afa65a949e01273138b,1129,14,2,1143
2ab41a539278258bcf86827ea39db96093117553,633,7,2,640
ed9b79965279d49756242fda98e188534525ee64,634,15,0,649
7900f670b452e83c722f9d202ebe0a9d4b1151aa,524,7,1,531
642a44e82308a46d62e111d276a44cd9a9339d27,573,16,0,589
82fe6ac4846a86c763b09d8d669e7dc33a1ad26b,44,5,0,49
8bbf3a5e954b760ee7b40e5428d4a0e76616ba54,676,8,0,684
57451e4251f88aced0ebd216002c7ab2735a1d48,213,18,0,231
1803ecb87740d37bde3a032e8cd4a1bbffd6f6d4,73,4,0,77
2685dbf0f7125f0af3f98cc2accc012d5af16217,2,1,0,3
09af8d02ac38c151ee8f21fd7ca759fac698f366,1372,12,4,1384
4afdca2351081a18c9ce0e5a268cec9e16e58e07,28,1,0,29
b46c95cea30f456195689517ebae9d5512e013c8,8,1,0,9
ee275ced4ea919a3692c0e06ec4ae3d69dc2db5c,27,4,0,31
c5bde7c57bcd74afa74929324673e6274113aa97,73,1,0,74
c6d8cbfdf04fccaa90efa84a48d58c6c0d27c21d,91,8,0,99
a432cf367fce0c414b9acd70d1f57626e5f21aa2,33,3,0,36
527ad315f160098054df2c8745c94e2faf5c971a,34,2,0,36
d991a90d13392a9b9a53eae166bc66e7ca0e10df,283,8,4,291
11f4e6a49637040562e534e8d0946f6fb1c2d012,30,2,0,32
471d44a2fcb1d2a7cfad07aff007df66f62a7bf5,166,7,1,173
ba753148d2bdad5b5110bbaaf8fa43bcb8801b8e,686,14,0,700
e61fcd2feca6305eca75f999eede4a750d339ed2,153,4,1,157
1f1c7dc85c085dff668a0c0edc7391b99a6a3856,172,8,0,180
e7bbcdc91d09fcd0c61ceb8ad658c4b08ad88884,28,4,0,32
7561aa88ec76fa8817ad7afdd0d003068b1773b9,4,1,0,5
f7e94d183185144a3ca086daac589be67e4adb6c,25,3,0,28
ac35e71eacf9b8373f9f3056f5155675b4c28db8,129,5,1,134
6f71b711229e1200762653e639c849b8da810162,6,1,0,7
cdc743291477b70d3686303013cd8f78b4a4e099,429,12,0,441
defc5549841fe38bbe3097aa711113c9cd0347be,310,2,1,312
d1f997377d3286dce5754e8a1a972f07e496f7fa,18466,21,0,18487
a9134f7eae4f4ca867149475ceab8774e6912b40,15,8,0,23
235c521e94eb03cf56f3b578de3aba531c819605,335,8,0,343
5ce3d0b40cf1cee07d4a8362f83342a9e7192442,19,2,0,21
a61a2f5b485ad641524c2f27c7c37179ca886236,17,2,1,19
d630ebd055f2bce25e3b6849b341649fe8bfc03f,528,5,2,533
723af10f2cc4a3de790ff716af61cff1b8cfe8e6,35,3,0,38
57a9f1808e4ab479f75d0461405e6f64a1f16d37,11,1,0,12
505f8ecb9381ea555205a98db181877be76403ce,12,2,0,14
4e55716caec43ffcd5473ae95838868a6c419404,3240,83,39,3323
d88c2a4bc053c262070b78e760a1ef929dd5d4d7,241,6,2,247
893db47fd4e1169415a90a2b9451a486cee8076f,317,15,1,332
51efd584cf01bf8887d08de63d41c42820828c05,53,5,1,58
8738a2c5f27a17fbd8b64ef6442c1f177a03780b,92,1,0,93
0e4a1b35e37aa30f7778fd6525fce165c1e3d286,1190,32,8,1222
d34e4ad078cf91f24eced54043dce08cb5a4369e,2861,23,6,2884
99d03854b51cca4d1769059fd3eae723f06f75b1,303,11,2,314
17d91313ab04f3379385a0fdc0738e5ee271f15d,962,11,3,973
41d6e211b2d6ebb0f6056664d357e643519fec5f,33,1,0,34
e92c09c814222d7055b080492fed417f90737804,3,1,0,4
1c1a6a6023226bd75400f2f897737805e5d7f4f3,10,2,0,12
95039bd7a3afee52f98928d9585de72027eb91a3,1838,36,10,1874
a65c3342851d2df97b39db351b01ebed0709be70,89,2,1,91
46b31f02667f29760e122beadd4c4d7f6fffca98,155,5,0,160
0035c8308faa5d858ed475611f933496cd90b1ba,109,1,0,110
b6b8627957ef6f3b51cc193197b8ada93ca2d2ef,100,3,0,103
769b55af8fa6240593b0118dbaa696144af4b4c1,11,1,0,12
e55fff30b56ec6c178daf7cbcfa46102ff4a0d3a,9,1,0,10
c2f5dcfe6486c6dc1840b52283dd9f5c134dc72b,51,5,1,56
3bc558dbcd3d54c0f2aec4fa7416da1e7b2779f9,689,26,0,715
7d57001875ffed9a573053fd20625bbbabb8aae8,1011,40,0,1051
5d676999fcf447f54c6fc3d9740b37c6672bf9d8,10,1,0,11
0a87d57039cdeee860f15a6bcddd242684ec9b26,3,2,0,5
e7b67dfae92bbc369e1e139b0f13acf0e8675dda,63,4,0,67
7e7219382a5cb9493ed0f16f07a1a6e4299f4db2,47,5,0,52
5f36a65297071483f0aa3ed1920ff49966aa1c11,79,4,1,83
2d229662f404aab928b791eb4ef9825b976427c1,14,1,0,15
e31b9b5080e303c9d8694422b793a744a1b0c47b,156,8,2,164
55d8af4e3aaec395a9225035e99ad3cc256fc806,2111,5,3,2116
b40464de8752453ac61ba5a69723977fae8643f0,2186,49,1,2235
270576bf4a512e040174c21c2025a1e360a5cee2,591,7,2,598
4d09391b3cce20dd0ee14e7b170372ea59e5a725,328,14,0,342
4785ea9cc8f0c87c4e4bb8f9e75a3158e9329dc2,2,1,0,3
85736e3b32490e21d1c5246fcc44e16c88763b5b,341,16,0,357
7ecbdf5c1e0c5db9e00abc833b7166aa6a5dc934,13,1,0,14
e329d15685b0c7608135f6f02223726dc8cb5272,22,7,0,29
eb46dc4739d588ce06b979e445b55dbb54e3992d,2,1,0,3
2ba4159db08db31e80d60784e9b86f7439c4d53a,2386,63,9,2449
671b2cd047796609834722d47e8ad02b3d6a7dba,1295,27,4,1322
96c9cd95728d98dba1d0d545aa74eff9e9aed0de,65,3,0,68
909ef7cc7bc510d6c66189bfbd7e8f38f9714a17,1062,42,5,1104
1f2f88282155428ba00efecdcc8170b700abc692,87,3,0,90
b7b6d81c2052585a418549269a6afe831765fad9,4,1,0,5
88f48c829e079020a5c46a1afeb1c71ad6430660,62,9,0,71
9710895b06e36979d4830085322e8962cf158ab6,362,7,1,369
2e90c64416e832ac2a05f2ceb636249c99eae32e,14,1,0,15
a69858c9597001d35c05f1743c1c3c64ab269eeb,115,7,1,122
9c74a36c0886263a45dc762d94335858b9fa8b1a,25,3,0,28
66b8b283c20dc98d51b3af293b26416125ad24e8,352,10,0,362
971257ee9034d402940638699cb0c71d950633de,114,5,4,119
fce6dd59deb72ee78c3f461034ec3df1fec83bf2,16,3,0,19
754bcbbf6932663ac98f0c3e7faf8990d6e9f4f3,128,3,0,131
00d8bba6394e47ba6afea41eafa2dea4bf289056,35,6,1,41
c5402354a26aa495ab4e18aca011bb901ab6be2f,854,10,1,864
4642583c677af0aae941fceade5ae03855ab9a43,33,2,1,35
b4efa3a2f4e196988d51987e63bcdbcc0e57ece3,27,2,0,29
550112ff61292ecee496ad9f6ae6e401f059c774,4,1,0,5
c6d982e673362e3feaddcbfc7fb76d1c6e1fba79,8,3,1,11
401750b41da73f2867174f3fd8a4548475f2c81d,165,5,1,170
bb27a0f50c3e8ffb4dbd33e4f98ff6c9ff217c3d,93,11,0,104
29516e78f99bda9a4546b522ed603090ab7ab13c,8,1,0,9
44c1debe158de36d009f879df1dcad1e04613d92,1129,13,3,1142
49ac850f3c33773bc06aa703bfd5379aaa45aa34,4,1,0,5
efe3d0f0ddd8a4adcdde4bcdf4533b124400cd18,2,1,0,3
0f53dd7e1139e2312d90833c95b8b93e2ec15087,54,3,1,57
7570d00089c76fc69372bd5b7b2dfa1d8318d60c,10,3,0,13
4f7a970d6d4b66924f08239c47e2fc6fafcc2f64,94,4,1,98
404be05f3b9e12e4d0f5e46a9390aa36099d00d1,3,1,0,4
ae0a1ff8b461fb0e4ec4e62640f656b05e7de4b4,4,2,0,6
7c80f36bfecbd849bd75d3a49313b213d9942205,808,10,0,818
23495ff18ffb0bda19687c807dafa8e148db91b8,176,4,0,180
0b9579856b95d2a0ff166fda1bd09b00b6aa7ffb,212,1,1,213
0e2fa4e0289b3ff911e77df5fb715f4e6827c04f,1111,9,2,1120
f9d55f762d10f67abb22ff3cf713b13594e92ab3,62,11,4,73
f60d30f7eb4b663e482e6b84b58c331b6a7218c8,186,17,6,203
b7a7a3fe1c0be4e831ec097b00b0a2f8884cf40a,26,5,1,31
ff2aabd9b043d28e3b27e38867b17554af891fc9,127,3,2,130
af947b1bc608998251f926a0653c64e0ee0b58bc,1027,22,0,1049
9328c0987157d8dcb7d7e86e904a51d6cbfa8268,250,11,5,261
605c8309b3f88cd0720835b38e3adaa40eaa8c1a,18,4,0,22
47c146dedb2621b135690d117d483b1e748a5122,83,8,3,91
a134c2e2c9eb8875e1ff0702011e728f07676253,1032,21,8,1053
2315a72c0a2fca56f244a57bf9184c124549b400,8,1,0,9
d836b73a1caa61da4a383d988de2c90e52a89305,191,6,0,197
e93d3b25b8bee39aa400a02b963d367b64a3a179,4,1,0,5
da30818ce7986e69d98aaf79103641f204704988,12,2,0,14
50e2e37fef62fdf4151ea8843df413f808aa89d3,30,1,0,31
3e52885d1ad44243b3ecfaaf024f402a038f1085,188,16,0,204
ac707c446680e098a7aa9c5233df54f7d63882f2,19,2,0,21
6efb1bae5403faf5a98a194648efb77d7fe89d38,89,2,1,91
6a1666dfb89f5c1e64d3d108b56d30e95496a74d,2,1,0,3
07b0508f16f5e8e1bcd52963c82dbdf15ac9701e,7,1,0,8
d01f2093fdbbcc93d4c3bcd307a11018482c5e49,34,3,0,37
93468f161317927d1244d114dc62c365e82f52e8,85,2,1,87
c5b4ce242a96cfcb544fa90f9cf81f030861270f,321,9,2,330
f64283b32810b9378b1e745e4e64e64bd9ad7655,13,1,0,14
9d7d400bc9d9470ae874182e940f76478a58229f,65,8,0,73
f615f53788fca41b794945bdb410ffba2a4b1a38,30,2,1,32
d3b2ec41539f66081ff61083a3d76f10bf3a5a39,20,1,0,21
4d088057bae5bc6a3334d71537145e4eba6041a4,69,2,0,71
536a1a57acd6b465bd41dde02dee2d8627700f4b,419,16,0,435
5d968c2da55935255fbd3cde1fc830f78e81e5ea,43,2,0,45
426ae3da867ab14b964c377229c2211fac3e5654,798,23,8,821
5ee44c97ba01c3558d1e305beab217a8d69e88e1,37,1,0,38
16ce7440a5411e32b2d5ce2ef7ac876dd418525b,140,4,0,144
440070ee51624abdd540a2ad5f5bac0e53f3bbb2,13,2,1,15
bfe75ea1010272151b64d247a4d5ca9cf2df6077,419,16,0,435
15c09555041475c12f4d13df9ef023c3b903778e,2,1,0,3
1b0d1b804702239830f2124106ce4f64b23288ee,5,1,0,6
70010adad0be73a625cf37cecce1203fce927be6,81,7,2,88
eb5a85cfcbeddc434410c1fa7ef8827064ab631f,29,2,0,31
2d5b932aacdbbbdbc239c8eb22863362d39e12dc,4,1,0,5
aa417ff064085a7b996c1846e015927165115048,419,16,0,435
5fd868e4130c775fb4520559171cff735740f194,19,4,0,23
21cb2d381725dde13e594466f095247d1bb2f277,71,2,0,73
80c25a41627ed6bf869a54aa385daa6bff66e80f,16,2,0,18
9e31d0b0977707ac080b61ca57e1b04708fc9e4b,19,1,0,20
4ebf2e4285fa93324b4780f24f9db3e1b54988a2,89,2,1,91
21c2d10c279ae7fdfbc0b3d054da6c373bf3ddbd,12,2,0,14
ac0a96800d3a8d856aef9b6cf294e2b72d4bde31,15,1,0,16
0d92cc7125f4cde9c5c61daa131da237de2c2925,64,6,0,70
542d2ab95e275af2d47b9b39769e3567f4f0d197,153,6,0,159
92429b1b78355cac448f290fe4a3661e31f3d7d1,4,1,0,5
b4e6e86a62eb4e01ee0547d695280cf9c505c8ec,16,2,1,18
2111a49f9e95e74af2f7c18a63b201ec74154f55,383,4,1,387
f1bb22b9fb4fcb152564b9e46ed7c306db901a54,162,4,1,166
5b97faa1c7ecf642d61884c094c047e9c2d7377a,34,3,0,37
fcefc0d9777d9630653ecf9756cfbdd00e03228d,76,2,0,78
6bc7be9430c2be109698f58f5260048083ccaddb,29,3,1,32
bfa3213bfceb55cf34248018cf57abe12fb819e8,22,1,1,23
41a72914e341fdbc803fa751391704b5c0085647,262,8,0,270
06c5603fd08c7e9670105182ec2b7c821e8b2903,4,2,0,6
ac3dcc2e537475a9c00eea4d77a4e4bfa0417432,688,12,1,700
ec4c080af642073ad9801cbc222fd8b0b9ec3ecf,5,1,0,6
f61ba4b685a9aa3d1df50060dcc84d3bbf650849,6,3,1,9
5ffc86270f2d3505935ef3303386617ce37a5510,813,27,0,840
03852e10514254b655c994d8ed68403ed40e2d1b,28,1,1,29
5cbaec77ea9bbeb1b2e318646789e0c81d31ac59,172,3,1,175
bee5e3b0c2be7e3273c7980735e213f24255bff2,212,15,0,227
a50118671546169193183b9be05d95d948f0960b,55,1,0,56
462b795edd83fc2006023e859ceb8f58b6be28de,23,2,1,25
0370753fbf8bc8d1a5ea722f3abf37d074e9f0ca,228,6,0,234
7278b1466aa82672a8c656ee8b96ead3333915c8,97,4,0,101
e22e1ce4e8d5a774e8b2fa756ec4f38703661565,426,6,1,432
edd13835a9ea344958680f5cd7001754eb99bc21,221,2,0,223
25db7175761f609e95ddc6247feea8ca9465e9b5,20,2,1,22
59319dda4ed36b7844461c8c4d8301d7eca83397,499,5,0,504
6fff3e8fb145c833cd7c4f0d8a5a72c125b9db07,4,1,0,5
0b8728a2fb2b6153f0eb5ff39733d319a7c7dfb5,385,7,0,392
855f3b6e9e16baca6ceec7aea474e321fed88f3d,48,1,0,49
508081d270694a59ab7a3d1497092ca73a2a6f12,12,2,0,14
04c17e752f55c29dbbf0bd2c6ecc5a19e19f08f1,11032,139,24,11171
b71b00f52997da63cdec49f3b99c783c9d194ae0,6,1,0,7
c1dfb7679bd214ca71894aff2e775109bdf7acd6,536,27,0,563
68f5dee6d821cfdfe511eec82a85e2d2ae3ec64e,2,1,0,3
2f52970ba4ddd43fc28d4379dd491d4f0a7cbdf6,63,5,0,68
cae1883d1ec1b4e0bae9c665ab944168f2861843,7,2,0,9
ed0ab1e617b7b63f6c571aaaf6739ccc4cc08c78,186,10,0,196
b491ed513b3e39feaeacff356b639939120d80cc,22,1,1,23
d828e584f4cae5c72772c1ff91deccfb61a8fa33,119,5,0,124
802d784f0ef4b7d2d2ae692bccdad2a2b5294941,50,2,1,52
78c04b78b73a493b992b2ae525e77ad32a33fca5,35,3,0,38
d8cc04d5d412ff7750f0cf5a34201171667ecd04,2,1,0,3
703775d3e06f9d2d100c442b376fa2f0ead5b247,1,1,0,2
10fa9a44ad2e4c6670f462d612dde327fc8f06ad,81,2,1,83
2adb41528c95d9904640ee89fdfab1856abc2ca1,4,2,0,6
7c285386bdfbfd72505625e6eca140ee3e9225d5,242,6,0,248
95d010f62895b754339092eeea1b4d239ee8beb1,144,14,0,158
4c59879527e78b7e1849933cc462efdf8bf8a7ba,222,5,2,227
e1bfbbd187300135af26d7093490b935142e4a0d,40,2,1,42
7a75dbc9cbb65970bb34991726045f754329fcd6,124,2,1,126
0243b97779f2396e1cf2129e9d5e396dc5c1abc5,49,2,0,51
8fdd8ec6daa203bb7f2f1430a45f3abf35d5add4,63,3,0,66
fa6420ed337229554df098aa962157a65cc64aaa,12,1,0,13
23611872a0d6374b4530d6354ac1e47dd124b9de,5,2,0,7
d4013a46952c6bb9f7d00221bb26cc5ed1772ce9,19,1,0,20
001b076ec69793d390e0cc7ceb6372b2f6e22666,2,1,0,3
733c44505bc8258ee91cb7ec14a8fc84d9c31c21,180,2,1,182
69400661d490a71bdf73a7fe7514b10edf4172b7,2,1,0,3
93de8c589a54277f213955bc36656f9f34760a22,216,5,1,221
d79d80b72092e18e8fb1af338f8e1542cce24878,258,11,4,269
622b68d3b3b562c8e4157d27434b444335bc3736,75,4,1,79
84d6166c43b9d224718ea939824e1dc3ae638e22,2,1,0,3
e65d1dbd9d6c28e5a436948cae7cbd1c65ccb3d2,46,4,0,50
0be1ec623724888b5c43de1301ec3daa90f70333,3235,1518,285,4753
4dbfb4fa4b9758780a1e9c14ec5cfd42eb30bcb6,73,3,0,76
1a5d52f17a3bd39b01050b45447a3a526e46c23a,493,12,0,505
e8c6d0f0c4d4160b647375871382b36b14c4ccbb,75,1,1,76
a5baa6bd534b1a1f4e0408776bd4aa27fa65cb1e,107,4,1,111
b089e6467d1b0492b55fd61f93b8208e144ee8ca,59,2,1,61
02ac3fac5d7c3d3aee0dec1064761cd5fa0bf965,111,6,0,117
ebcac4c20773b48594573e15b076b8589057479f,21,3,0,24
6f110458fdb6128cd092550681c2c1a66acf4667,21,2,1,23
f2fd22c9326c7a21e0c8a36171d801a3e760ea7b,2,1,0,3
a9c0c319577e0c86f117add284e003f5cb2a8c17,21,3,0,24
529571ffc454959d211e54ed0a3116589dba74b4,114,7,2,121
e0dac481a381d0568f6c4c9e1cf5bda6ff20e259,589,4,0,593
3cb59ff9ee94505ab8e5282e95ae4cd13390c6c3,65,1,0,66
a7c0ca15bd2c71ddc427d148d8ea5e7fc65f601b,34,1,0,35
9baf2a44659c3e3e4f840f6fe4d9e2a8a12573ad,14,1,0,15
76a34cc23345d50588199fa7e44c789076cd34f7,303,8,0,311
dd342f5f7e5f285669f04a051226705536bb0c3e,20,4,2,24
ead0cb3cead74484d309f77f43adcac601eae3e2,107,3,0,110
031cacdeac95bf8ad3f85689caabda2caa9363f3,39,2,0,41
027240201a728e79493f83c7e1223f5cdd902232,566,13,2,579
a3c85c0be8c9b3a702ed73d2e41ea8d9073ac5eb,90,2,0,92
d87add75c639330e9da4688bd1c206dbdec09945,31,2,0,33
80ddaf48cd61e8d9fa3e558eedf829f60aa23bb9,50,4,1,54
1bf0f913568c4e3f08546ea55934139340735f2b,64,3,1,67
000ecc1f65ff6f5c3cc2f054e998be1126c07b81,4,1,0,5
711532427cf7d305d9c3b12d97bc6fc622decec5,2,2,0,4
f7d3bb53b6c305944fbb60b5271bd68d495461e0,12,1,0,13
82345ea6940a542776284bd63222d061e3544392,4014,59,16,4073
1d611602177d1f8e9adaf4efad5dce301f7979cc,30,4,0,34
8e04a121d48580c8b3c0128eca4f01d6f174e7da,12,1,0,13
980d768b62f9d3324415e0b5ff9e5d334fa8c9d6,109,4,0,113
0c9da75edd5d64da1b62836882a262b83db410b4,30,4,0,34
140017d11ace79afcad593c81a38c86668c0f031,41,3,0,44
5068ef9f2c4cbee8ab523664a44f09505de5a4ae,401,7,2,408
34e5607f5c2b1a85623e18889a8adab74a9397f1,91,5,0,96
059a6e09d717a45a10d4b804e5e94390cadaf0ee,76,3,1,79
711666244c7c21cccc8cb603e2d9511fbf1825ff,472,6,0,478
45c4c6236fabf8aa2aa96581295bc64ea2459a8d,19,1,0,20
f0c11542f9e020818ebaa2d66d040491498ee167,10,2,1,12
b761292ed1fd0492514ccb9890eca9cb98e6f65e,813,10,1,823
6be93096d2f605ead786abaa5e7ffc18343394a7,771,44,8,815
0002137b95b1b127bb1fb54af8aa76096dd46663,608,36,2,644
8d391210f3be58dfdbd879b31dc968bb0f63bf55,180,6,0,186
688ba111f8b4557881d693af0d3a8bed66a54c8d,1443,10,0,1453
cd98557c37feb174830c76c47872be63be29f889,53,6,0,59
e54a21574560d1daaa3b2954dcf5495feb023a1d,102,1,0,103
532651f6804537f99e0d2ae8252925ede1492cb3,3,1,0,4
d5a4ad8a0fa4d07c894399c6ad3771d764f9ecfa,10,2,0,12
aa140ff19cf4efa79686fa79e00607f7532dfdfc,2,1,0,3
e1eb6aae8b3659d5e31e44c8e6be23e2d07a4867,28,3,0,31
ba4e0ef2556a56e0bc3267b3cc861bb4ec526672,6,1,0,7
b0c20b7a962fa3b28a72e2387bdb8e87d8b8216d,254,5,0,259
c7953d29c19c3e20b4e884f1901fb6870b71193c,1546,17,4,1563
72e3b7ec1fe2521f5fbf1f7aca3b5a1a7103b600,600,17,0,617
28b5898f8f22358ceb96a934b867058a9ce3ec30,94,7,1,101
3606ace093492cae749d1f80bc03f4db25654eeb,781,2,0,783
445973104728cb94fd42ff83adda61c41b747b66,7,2,0,9
76ff835eb533a205c579bb7fc3f49f1105388c1e,2,1,0,3
d960c0cd028e506d503f45c0683298b20dd0ca58,450,51,3,501
7c141d21ebf17f6161ab4af9f6e8b02894a1edf7,2,1,0,3
5faa4d4bdbb02c416536040633843c1c9291954b,2,1,0,3
cb62c0bdcf382d18df0b4ca957f58d3879c789cd,41,2,0,43
c686fbb15f68969c63714cda3bae7ee1fd84095b,2,1,0,3
308a4836d5f904e93b5efea7f83efc8a54c404d8,176,5,0,181
c7da04510fd2e72bcf9993591944ce920e31778f,40,3,0,43
32682bb8c381954276510051da2f09fa9f7a3796,4,1,0,5
75446a7b3dce33c35cf4774e29da5318cdee9d89,6,3,0,9
bd06a8e2132ddfdc90569ed7649504269237e39d,2,1,0,3
a7fa16d457bf863db4730990e8ec760428c3bf4b,3990,38,0,4028
f779b8e0eadf528675570ff931e316558a820684,127,5,1,132
bcd6f2fe40335fba0c6c968d6a1111191494a369,642,8,1,650
5edcec5cb481fb2dbd9aadf75368165fe6b729c4,107,2,1,109
8dd4b1a3637a91b0abf66bb1f248ab8ce15e1527,2,1,0,3
9b325f63f081c9c6bf48cb4003ced8436f0af97c,166,4,1,170
661310f9ecf6b4cb2c4f148ac15d570af0689e94,150,13,7,163
7fe310f3eb20dcac0bb5e8d39a21894fdae2b5ee,4,1,0,5
c6df8b54709898e9da46db03c23eb99e06b5381b,4,2,0,6
989ffb716bc562d412ce40112fbd8a056eca533c,1126,25,1,1151
05c40509cbbe16a6c1a2f71548bd3ed568cfca85,376,9,0,385
6f18049d089e6fe122cf831cd9834b5345580faa,628,11,2,639
a12cc47f32265c21bd87f476f43ec06ad4208283,14,1,0,15
17334e85e6e1ffd3c7719a14a5b019bebbcdfff4,18,2,0,20
e3363a853a0ddb3bad11dae7aebf341f34df490c,315,5,1,320
84bcbfbd17f0bda4da70662e245457343419b377,54,1,0,55
c2af44f812f305e177a2382d2d11b57dafeecd56,229,9,2,238
36eaf84fa91fbb79aa8d286a097e1e2ee0d9f3da,2,1,0,3
621f8bd4a6f85a02c756e544285e56ae9d7c82ed,4,2,0,6
8e392e294aeb8923b9730efbfc2ad405accaa5c7,246,3,3,249
ed07ddf489034ac26f226d1fd89bd7449a925a78,23,2,0,25
9d56c0b9eaf24b53e520675e351a292e643fbdaa,115,13,7,128
0915545e48c57db4a06c74f71d2c76d0013f75b3,29,1,1,30
071a4572d1b361ed2cd0e6f376380848ba112aa9,6,3,0,9
84029c19a2475113090369559d6b4bee920adc82,44,2,0,46
6a4edf3723ccbff7382ee5720330f91de8dd8f5c,62,3,0,65
205dc66405ef426960295d2b2d39d7e3b021bf4c,12,3,0,15
aa3a4c9b861bd5405a28ac6e6e86deeb16e6b809,1247,13,3,1260
d39dec753b69bc0c1ccdc378b766d6b784d8c13c,24,3,0,27
584c478ed9c35ae04d7bb348b5139e77a535c82e,8,4,2,12
d4fb2e0cb4c6c1bee69aa6452e4690e30f308829,64,10,3,74
aef5f88ded056d4494f77d187ecca40891cad03f,3,1,0,4
4489b3f11745910fe134ae87a9d26b65c58640d8,2,1,1,3
47464cb16d00672a651089ce06bc6eba360c2e55,2,1,0,3
4d7e004ab8df30e1b5d5d87eadcdca446360a6e9,35,4,1,39
8e2ca1b377e4a56c5c281cf3d01fa87fcb425adf,6,4,1,10
65c97798e5f3cbe1abdef1bc05d9b6a7cc952693,47,6,2,53
5c8ed669552866265d66299623bfd1098dba8d9c,31,3,0,34
7b3a74681955108cc2eb27852e970bd3274fa6b3,8,1,0,9
e470b94e000a493ad2e456c2d5d6dde7f802c962,104,4,0,108
e673a9f8eede07ec79d7b48ab02875de267c7484,540,6,1,546
2d63645cffb0a1ac253c3415d6939cfcb493cc1b,101,2,0,103
522de43fe40ee144cd34e12806ddfa4a0d0cd218,13,1,0,14
57d4bf053ef0920f5f3fc0d75c2beed0b53341a5,64,10,3,74
3147d2ae901041e26d016847c41c3d464a4ea0b6,66,4,0,70
be4c211fe9a9be547845e699e386d1f38c339c7f,15,1,0,16
b96e2fbcd0f076fb52e27839310a6c6244ebc89a,1851,29,7,1880
ee3b37eb3299985e91cba913448df70c5f30c6b9,158,8,2,166
711cc23fda8bee850689e9f3541f17534609808b,44,2,0,46
3f15e28754f931d0c8525c3261eceb2da6a84811,16,3,0,19
0d7a162778f252fc432b0a12b89498c9596f6f83,60,2,0,62
6d7ad068e5d550f1bfb84603395fa4e591d1b6cd,174,22,0,196
e4ffb86fcff2c07637186bd086a1f95ed57f587c,8,3,0,11
25cf812ae524a91bea8bce0d7e2a94aa4b4704be,60,5,0,65
038e7fea5f55c9519937095b7bf0d56dd2d4863a,31,2,1,33
9938cd798967af7bd4eecbaa35aff21dc6a299ef,6,2,0,8
d0fd095c7e7745b99b5345b42ba34f41acad8974,190,2,1,192
99579ac1c71b6b3dd0cde8572f38734d2d3027e0,13,2,0,15
6fadce73f7a5544689d130a6d68a0dbf94664c27,212,2,1,214
30ba267405ae70ab188017df8e1fd0bdfd3950c2,111,4,0,115
ec41bf9c464e746a1bd6a1870cfb40495544ac41,357,12,4,369
5fa5c6ed2fe3d3d59ba70507a8947e35f34c1588,80,2,1,82
f6a5fa43f36c9309ed6cb4dc4cbc4c6ca6bf7fcf,5,1,0,6
76ee958da1fc46575930f48b46ff7589ccb655e1,199,2,1,201
508dc3ebaefa7a1b59ef13f0f226f645bbb803e8,269,11,2,280
128b86a056b626aaa6172f154a7d369e257a8a15,5,1,0,6
6d471b1f6283c5f2bf83f4af223ec727ad02124c,10,1,0,11
455fbffb1af35df8d75a73369c53ac8168667606,169,2,0,171
199cf88a4cdf19e730df7bd18a8466f52ce698f4,21,1,0,22
6f5d9af65ef7970a55ee51c88c0d64af2a885579,9,1,0,10
b67e5e8e92de5cbbade990c0a2f1a0ad95a781ff,110,2,0,112
8c5b47c8070da0fe62f935711300d00f6140d97f,328,4,2,332
a3859a43e48ac4936934aa6d99c268de164d4896,127,5,1,132
2302c7f1115ca8b4293aab6a7fdbf918735b7a86,16,2,0,18
f3abf283a6b1a9926a1efebaed04190e0e714042,20,2,0,22
4a5e8d8a918943f740dbe6c422f05d3cecc7cdd4,2,1,0,3
0a33cc9248f81929a2bd0ced01c4970404a09645,30,2,1,32
01da36688fc43585b46ed6fbb4074065866329ae,18,3,0,21
26b0bda52ceecf136c83ea0334ccaafbe49cd3d0,60,3,0,63
655a9c59388982de128c5874ce3f8d7b9ef35d45,2157,16,2,2173
72ef41e1945564c8422582c00d6438a1ce7df762,144,11,0,155
3f015038218fb6f3544094af859a89819395bffc,226,27,2,253
10f82426d08f1dd14b4a45da59fac6bc6d752b9c,29,6,2,35
a2a9b1fe78f89ea149c9aec169129859b86877b7,153,2,1,155
ee83fb05077ceff5b7eea5a3f95e9c973399c8e9,157,4,1,161
4bdefd271670a8b5aeadb3dc4f785b78f8ea5f6e,2,1,0,3
5d3b2a404d174be44fbccf821d2445f59ef95633,96,30,5,126
8dc3a5dfe491002ddeae7b6cebb1c7cdbc9ebbe1,573,39,0,612
3e6e649e5284531550fe3ebd84d5329d09a34a62,294,6,0,300
2a49a6568e8292c5ea4a79aa6e396c72537ac85b,371,10,2,381
1f4fb97d65f16720b47354159f57a5ae4e0a2ca4,93,1,0,94
0696d87ff744e2a897cbd058751b08a8d0cd3327,766,19,3,785
0532a20d9a7c1f6461221953e08714c2d17b6667,133,5,0,138
f7a40405b2196f21382de56ca011a76aab78fc9f,73,7,0,80
e813afb5d322040ac499ac924f58690b8f535ae5,35,3,0,38
66ace213991d2a102c5e4c8a781ccc869fc898c5,155,11,0,166
5f9b74edcd4ccf4546e11c8997acb85a6bab2d4b,61,9,0,70
7fe045e36b66fc4007a5b4a67c872df9da4b73e1,645,23,5,668
028ea549717947a25b5a0678791ecc7603b6fbe8,35,2,1,37
c6b5807c1d1997c04c1627d056cf9df167414694,210,2,1,212
edb214f130263276be2dad00ea49e544ab4fe427,7,2,0,9
ee51a1bb6514e56cadc734f30a58899e9078665a,73,2,1,75
de08c3ca5ce1819314ddc44462e2a4c4e1eee564,2,1,0,3
88f09c0583f3e8d1f0c56e8f7fde1f3ea9bd54d2,31,3,0,34
32424571a31d7ce329cfd2d34505f0c799190db7,37,3,0,40
94035c8469d1086e003deeb5d59e8211ada7a4f4,52,9,4,61
c7b5b0b132f9713bbc9732563eb0c2e45af7e862,210,3,1,213
f31dc855407be605210932c95069fa68cc712c19,173,7,1,180
fd13fae84396241b703ea418aac11477ddd6ff5d,46,2,0,48
4705c27a0498070f39884d84c685a66cedcc5a25,142,3,0,145
5bde32cad6859cc0c597e6f02d4c378798c4bad5,88,4,0,92
0ef084d3dd58635a1f166d082d22496d8693bf3c,139,3,1,142
e36da032bd8e960d07c4f802f6f64bbdc3e2e091,146,2,1,148
5eabb84758619b6d9e765c3acd699d9054c136c6,102,16,2,118
15ae0281e9331401c786ad5c24397ee3f7e35894,1096,16,2,1112
b582a493b22cf26a1d6bbcf41ddc73f2b4e921cb,106,4,0,110
9ea11693d693d53f5712571cb1259344b5b17cc9,4,2,0,6
3ddec34a80b1f8de4f77a1c3782be511c79ad1e2,3,1,0,4
5a3ad97b6211e0e1e83a89f3e2096a199f803bd7,17,2,0,19
1722a664d48e53b7e2ae1cc65e2813ee2af47ba3,4,1,0,5
2b2da0864111f330642b7a64322422c01a68a70d,9,1,0,10
1f301e9882b65cbc251d221b5d5b422a1a2c6e86,3,1,0,4
16ffb20e4fb72bd080625fc544bae2ca77efd028,942,13,3,955
fa0b44e2a97270551ba7e982edc4fc99a83db463,13,4,2,17
596502f684b489dbea262c2e4b0a2585d5f8d2a7,14560,952,155,15512
aa2316c7dae947180cbac9ed47da1761a14b9e88,29,4,2,33
8bfca8d0250f7bcfe44f039b1055c29a74c1a3b2,1729,46,6,1775
36908da411444021ac55231f2195ed59cf8f99e3,27,3,0,30
8c85e7b9b364dee97792cd1d06f7ca92b2e5e23e,94,9,2,103
2a2315a4af00a5e1555d31861307df897b91314c,13,2,0,15
61d92e887f0a0538b04b811989135d9554b6bf0e,20,1,0,21
625014e7d9c8490748aea2fbeccaddfabbfcf75d,12,2,0,14
c269cc7d7eee5f66ea3f592cf10c21e397789f39,66,2,0,68
0950ba4f62fac375cb4244385c7d7d0ff264873a,12,4,0,16
8b314f053f7230138f27be35f4929a8abec3d946,11,1,0,12
c122396e0c4f7d1f36a27d9fa446c58b208f7304,4,1,0,5
7b6101a6de8d333065461694e62fc34f9a415dcb,2,1,1,3
6951780fe36201fb319134751f09930aa184e1e3,78,8,2,86
ff5874f7cc9124c9fbee8ee1b62705e753c74c00,743,12,1,755
dff2fd47f666ce72c22afc90675f044f58ef63a4,360,9,0,369
aceeade67e1995ba4d55e1d1bea7d54e07c290cb,583,38,7,621
9795d57510a8624aac066c23bcf6b882f645d2e8,2504,14,0,2518
d1e741b10f40e6e50a034d710f733a3e6a83a297,2,1,0,3
b4a467bc023e6b74b1878c9f8975c219177fdb31,997,26,8,1023
bab7ef41a0e9d0e7db2fce3e33fe9bafe9bf045f,31,3,0,34
614dc9cf5bb831de74016a9e651cba92fff656aa,102,2,1,104
c3e7eb0112a1498fccea69ea741ceb9a78022e85,7,4,0,11
4d699331b6c5dfc9d3da30d5b881e5dc18bb1421,3,1,0,4
dcf275278147fa513ecd6c964306ee0675933db0,95,2,0,97
a0a1faa16d148d37dbd42e69684ffc89c9963014,101,6,1,107
c0a63f1c809613004c9f3e6baf9715a08a405672,6,1,0,7
bf9108f67b4da37348929b87573680edb6527127,162,4,1,166
f225a84841d95a69a258ae00685bdd49e8f8a5c3,11,2,1,13
0a580138635d61939403b92147b5f7e1395c0a18,788,6,1,794
e9dfe64af93a6472bee3c9bea07d6ecb8fbfa01e,326,10,6,336
b1fa5282955b0758281fd20b94ca8e45c3d0da58,49,7,0,56
ee9d9019bf8e42b2ad41b60b06d6aba81b7c870b,36,1,0,37
84964ff7e88127f4341561d0f087c681136c6718,24,2,0,26
44aac1a18a1915b9d89133256ed67183c36a8977,50,2,1,52
90dffb38372974f3f560aa4aa82d2fa759c5808c,23,2,0,25
4940e5d24ff8c067c79dfb18c5b7673fa92bf2e8,12,1,0,13
84ef87d93321f40c2842e9033bb51398177812f6,26,3,0,29
c3accf4a33bb40164ce7a0876dd1a5b12a463f82,58,2,0,60
5111e6552f9d93cb4e5f3d3563d058fc022e49f2,53,2,1,55
e8add66062a63678075101c67bdbfb210fcdd4d8,80,1,0,81
2867d02819d46864abb5b18d0fbed146d9050e9c,1252,28,3,1280
b184998736d6cd2ce26f198560f09be614749b6b,133,10,2,143
ab0821ec57d6cd9756f31dcee11f133dd66f2e40,140,3,1,143
e5fe003c01ab042c4fbbba063334ee6931ff8f13,64,1,0,65
7a238f6b2ecb83ed1be81ea07186ef9a6979b2c6,299,8,2,307
e092633f711b6e3249f655578c435b8d14600a70,46,2,1,48
b745abbac335d2525396dc3e90d575d66bc2277c,165,14,0,179
a2b655addfd48d98b123e52d9235742b82c2cb71,33,3,0,36
6659de95b9a87ee7571381dbee054a2e22dd4d5f,501,17,2,518
72694e51f27d99f963d16953ec57acd80f871e03,17,1,0,18
0edd29b464f28d43f3db5d46b7c3c044d05e3288,22,2,0,24
980544c028802cbf912beda595ef1586d6f1da8c,119,8,0,127
aad958a7882d38ebb6e80082668bc7edf399143b,292,1,0,293
05af92f7c7ade02ed932242af5e2bc0821145e52,297,19,3,316
3f6d16104c9ddc27abd9323f1815a6696642174e,135,1,0,136
80c7a286884dd36f1f34cf7b3886881bbc439177,1011,8,4,1019
2918060f3343b09fe209f9dbe80dd4019dc4ecd6,4,1,0,5
7b4ec1b888d25f002c8361d5771c0f96a0f7c101,614,8,2,622
12c5f9a1663dad67a614a88d3bd22125071979b4,26,3,1,29
b80c3bd8159a54fe3a86985e3f0ee249238be428,8,1,0,9
9d366803d960126a2fe3342ad3662902ba1342ca,324,16,2,340
7a574bb0bdd1e8787335beabac1810ec227d3a93,7,1,0,8
3817a134dd4f6b76e946feb0b52329c29d8a27b1,313,5,0,318
831a3d05cec4392231963cf2b764afeb7ca96ae2,19,1,0,20
d58a0ce7f99a3efab8b7dbfe74cde3b6dd53df59,9,3,0,12
b08c26562c4c39447febe4475164322e33e0140e,13,1,0,14
e5ec0f9cdf60b341fd2373da12420c89367e19a2,247,9,1,256
9ae17867d554da2356c68b6adaf22752b13047b5,62,2,0,64
50c7ee2f76cb8a53379dff80c442cb6fc261b4eb,451,4,0,455
d4117b12d1b270a11b7e41a91feb9147bb91b5d7,12,1,0,13
e016a78742a1235cc3ef5de419199b88297c4377,4,1,0,5
efd34c55a1ae8b6ca21313899cf67c145722606a,161,9,3,170
2bc9a2f7416c34e1b52ce134595d9fbf5d341124,26,2,0,28
3aba8bd52a46ef6396b66acddd9aba23b32f8079,6,2,0,8
7049f1a27a5d800caacdb3ef215aa5f6c93ddc80,5,1,0,6
877c66b47ea8144be891e86769e6110998ae2f2f,44,2,0,46
85673bbdab170cd1a66252de0b1a5d3a2b290628,683,17,3,700
7d56028fe885fa688a99037dc86cff47d9d67860,208,4,0,212
2fe2181328775db230387e6b69c72492afa45da0,23,1,0,24
8cf73e238f3e6174ba49b8eaa8ef93e20f400a13,26,1,0,27
cf868f885f819145255b91360f92e83d16ddb67a,42,1,0,43
0a6df903e19d3d6776f90954816d0d5fa7b8da6c,1664,11,2,1675
2def3a0d1045888a8c80a0bc54922efb19a13147,51,3,0,54
e8512bc861c90413f8c9880ccf6d1b8a2e527220,392,7,0,399
e308e886851c41e41837a978aec5079614e61508,811,21,1,832
6446a9dfaf7059ecbbcac46ab1d809a3fa96a3f9,6,2,0,8
63a6767147016ea01ce0badb72e3199062e6f18b,36,1,0,37
398487ee1e808e6ffef297fd953401762403fe2c,9,1,0,10
63057804657046b7e2734b2c2a98f158289e3ae4,235,3,0,238
b323d44e2768c24828f92ff4c32594d07c2101fc,891,11,0,902
aabcc55420abf357c0c3296110cbb423ed7f74c1,2,1,0,3
79eafb325fa3fd9afb69bbbbc81f2e6bca9a390c,2,1,0,3
ce29d504b04278126ce5a6638f044f1e53bbbf5c,271,3,0,274
4e773c5fa9d59451d116e3e1492ed5ab3068ed39,288,9,0,297
d14339ee94fdc4d1543d0278e9cdc626b990e0fd,26,3,0,29
13cfc6d1cff41acc573707d3b3d1dbf57dfc2cd7,565,7,1,572
4baf2f8f28cf642f8f7cc543fde9bb75def3e295,1041,19,0,1060
d6af440ef352540f2c2f81d8fad140c6dc58d021,286,12,2,298
54880589f49f57115074edcd0ca41ce6f020f4ae,10,1,0,11
bf74587ed86092e3822169b0a52b3ac33a5d1b39,769,20,0,789
1f62f83213ff609e6d897f86c2a5e51b6e41a7cd,1449,10,0,1459
cefdf4df75ccc988a0e7a682c49ed22e8d28ea2a,95,9,0,104
c2b4de503a307aed0f75762ee3f105d9274375ae,75,6,0,81
99bb15f202db8426497adae61964dd4bb3d91acf,4,2,0,6
ffc61d6a7668f4536656253468359d4af3e608e6,24,3,0,27
c683ca7bb47f2ad9fce2a57030d7f0e782fbfcf9,3,1,0,4
773340de54e6f181d4b07d21556528f3ca6688b1,18,2,0,20
c9420a7a315107513bdd66e322e942b366ffdf54,66,4,0,70
d01859735d886f062c46300d94944fe8a462ae58,450,15,0,465
dbcd462317542150f0ab58b68c161739e7a67e72,251,23,3,274
b6dfde844b933a90297a938023690ef32fae16d9,20,2,1,22
d04c2f32b54b9c6bb9d6792b6f46eacb4268026d,308,10,9,318
5f3ba043760452d35fab1de7e1b4864ff17b87e4,3,2,0,5
39492ac12ab44f343f1c6fad9c4e6b491ab363bb,981,15,15,996
2da587d70415664e769eb8ce0debdeda87dfe25d,22,4,0,26
fb3c74dfd6f4c5dafdf42a11ba7977426b0dcf2a,18,2,0,20
541aeb846b7a295c30d2af98bec7f0169444fd42,5,1,0,6
262330e902a846f46604261525e50aae9532d744,705,9,4,714
7d50d0a88b36c2818082c98a92e8af1f2f8d8503,2,1,0,3
7353160ed97dbf1ddd12156892566918b0529d3c,7,1,0,8
400fbe94c27550377d23d9fcc455cc8619e9a6a9,29,1,0,30
6eb0af99fc0629e0ecf6e372fa91e727ca78d7a9,237,14,4,251
0d3be35b54dc3b64b6cd063931c568d85b10c01a,4,1,0,5
1f1396cf74c8fd2bfaa9143ddc00c3490185253e,61,3,1,64
1a7821cbb80e0d2d3470a0f36ad38c789b9f5146,100,4,1,104
be9a2f86ce910e9089ac93131fc28ea941f403e1,183,2,1,185
7fd3e8eba890f74348f880c3ce61be2ad7e12408,8,2,0,10
a09b7393071550483930b24745a631adcf5ba148,36,3,0,39
a47a6cb98bbf1b8127f85ee0acf15cbb41763e0a,58,8,2,66
7358f9596e713e968bcbdc66f77b6f4d12e021f0,14,5,1,19
7e41a817a1f5638e938b7bfabd7f296b5d285a5c,5,5,0,10
ff0d35b063b68dd4055e863b3ed69e834472f859,39,5,0,44
60760ff2524048a2aaea9c83d134503c5f3086a2,623,4,1,627
6d512614b5952746144beda6f152ae40d04860f6,144,1,0,145
c946939b3d27dec41f2c6af96060102979819b7a,254,6,1,260
400a8eb29f162406f58971a3cabbbb8692cab3b2,3,2,0,5
8641978cb6c37ddcb65b2d657f68e723a7add576,64,3,0,67
4dac15c6ff39539340d6b1fc9fc5b3c48269f374,25,5,1,30
8080ff1120ec262857e7a0a64e23b02145c9d3fe,29,5,0,34
9e9699c5c0e1f6f2be85c7ca2cca008aa0db8e88,17,1,0,18
3a6eebc1c6f329513c167d2e855f4513e755b9e0,29,2,1,31
c07bbbf15bd7040bccb7356c3227d0707ba943b9,86,4,0,90
a71b23ef2f0bbbd9f37305dd70e1a45117fb1e60,2,1,0,3
d15ffedaf6c26a1619133e81eb8e3f5f70949635,30,3,0,33
80b66c68c2a30f1fa0b85e4771e13dc4047fdb16,152,11,5,163
12e3bae8fabf39370272df79bdd0f65850ba76e2,45,1,0,46
cdcd593133d35fb98f10bd91c11f69e0eef0e97c,796,25,3,821
e321bb8feb28c4da7ba5fab9f5ad4487bd417181,249,3,1,252
b6fa071cd41fef2acc621320a9a48fa0f7587209,164,3,0,167
a09ded17bb9f4e75ebdb89f4347f947c7e01395a,30,3,0,33
e9291c7290a96a3f93c407c536f25a1e28d9aae6,31,5,0,36
133f10ee93a97c9f6f4c07b3c27b009a6b569c41,331,7,2,338
a1861357445cc820f5f1ee2cd0c287b4aaf1a96a,88,2,0,90
f0052c1b5e98f931dc9494b144c4a4bfa984cd0e,591,7,1,598
c878c83473b821491817b54c073fa5cd6fc1ac9c,17,2,0,19
c31392e524ea1378aa61067829a86a504bf36997,8,2,0,10
ce0bb47152a8628b08b001553d183dba5affb2c6,18,2,0,20
95143fa240081f503a2a849bfe6381acb87a0174,86,4,1,90
de24a020e4810bdf8cf52370530ea2e8eb2cb3d5,24529,73,0,24602
3ad2fd4c3deba98313e287c3a576216f92e5f7d5,116,4,1,120
8be183667d576ef6005c014dfc619cfbd474d9cd,9,2,0,11
1372fdd4cca4348198d155ad4047b991da5aae22,38,6,2,44
5d59d5c93a023bac94a58dfb7ea2b2e4299a9877,41,4,2,45
c3f84c42d6039d8acb9f4c4076a15308cba2c45a,5,1,0,6
8d9981478f64da4462bf99705852408b7f8cdce2,17,2,0,19
8d457ace16df234e61298541644499d9e09e31c8,6,1,0,7
a4e40aa9f9d0648ca50c36806ac9a2285cd18837,4821,49,0,4870
315ec613807498fcdc21cd6f3852a47e750e6b92,31,1,0,32
8c0a41ca6e1eee29e3c44a09cc0ba464ca6a64bf,6,1,0,7
f56bfbd4920bb24537f3b6cbe8ccc36e7227b063,217,8,0,225
c66e3f529be93044721b74e9aba19c1c0705a528,845,28,7,873
89a2da3cbbb306bf555a12ca0c7ec7d5a846cd56,2,1,0,3
317cd151da46e28e170708d993c127f52f70eece,14,1,0,15
b4efa427d64275f695a17bef6400504e28815efb,41,9,0,50
7ae43a12b8455858a016c06e6d10a33d54f2a15c,108,1,0,109
ef023d13d75e15c9261683ddf1b233376e692130,181,5,2,186
51fa4b9b1e4fae9c1c731946967392c52644f0ae,257,4,1,261
c04c9f1ce082a33177a5e64b29786ca02f6e4a89,114,1,1,115
239a1368293f05d5804614070d12c275895ee835,834,10,2,844
263b30576ae513df8b2c29925bb56e1788d1a69e,2,1,0,3
e3c12ba4461ef15be86d73b2c6128f98d8719f64,1032,29,5,1061
069d7c65ef220208f7f39772e5ceb9d7d513a56c,4,1,0,5
b498aed74f70d0e514cad7464b7f5a6489bcd8f8,6,1,0,7
78b62104b6e0c40426a62e7c3f022976094001e5,1959,30,12,1989
ba0359136141ce1c06c0f65865671c0225a82583,433,22,0,455
0d92355a9efd19bb4f38549783c21afd87ab8bd4,3,2,0,5
8f2dba8b0a0c2fd8b734995f844ef8189862b9fe,1056,15,5,1071
1eccd349188916cb232b02a1c863a77ed3047405,42,2,1,44
a3c499c32fe9c9a6fc0211e99232890f052037c7,7,1,0,8
bd80360372c3769af5afa5bc4dae518ec9534138,206,4,1,210
57014c82c81101dbf85c07de81d28cc7fb8c202c,1,1,0,2
ee5fa0df1590747d659c7fb1a9ad46fa555ca8ee,36,3,0,39
526ba5db19901c96c4daff51e0e192b07b6fce5a,19,1,0,20
86f65e0eef2ad7d2122afc355eaa5bab4d3843d8,115,12,3,127
7d347e938a0e01c8877f0c960fcf637e3f64b8ad,116,7,1,123
83d61c9853af12cbca4f3dc21fc33c628e919b91,68,3,0,71
cd6e32eed85bc1e40355f6e8e5e68d158678e358,476,9,0,485
fcab1ba5fd575934846eff1b5b288116c49c5d07,136,5,1,141
b7ea9ee53dbc463dfe2e0e9999a3a687733aa018,30,1,0,31
9c6a0c62f3634df121e19bde4cd176b8eda0d8fe,300,7,1,307
5071a7435da22aae7a29d87834f6c13c246a3e99,13,3,0,16
f26b818452d40143843308f4286bde60d4f458d1,392,8,1,400
0a4712f65844fba5af4cb0610c7c66fe1d376b4f,9,1,0,10
91387519b6928223730499436e047bcaa62b7b39,444,21,0,465
673af862a0fd8d822217c977aa3dfd3023604c05,44,4,0,48
b763b6526944102aaa88e1991b531a2fb87c4f8a,125,3,1,128
0c31ba51869fdf305e48d1bfb732a0696c2d0d0b,33,4,0,37
390b4f99d5eb24189cbd0d7760a2c099ef9c0185,24871,11,2,24882
309953f08ef6db182454efc7e86e4bf1c2fb3333,44,5,2,49
0045436de63bc33ad3286ec914d81a1f91da31bd,9,3,1,12
b59b03b078df012570ac76a66a49b6e2abf39e41,317,7,1,324
07aa3ea8ca5e9c9ce4cc76bf1430fe49133fdd8f,26,1,0,27
4de0b3f554f4ec42f28eac066c93e1c21e7b8e0d,184,18,3,202
4f34f839ea1e10c99fad67778b8cdcdf07ecd4d6,436,10,4,446
a9550e340f6f9ed091dcf4760a4b744e9846bcc4,43,4,1,47
cfb97d53e291e50da39293650ef1a949328a0f5e,97,2,0,99
dab4494b96a5abfc40cc8256724561a83b8ccd97,64,5,3,69
75aa028cdaa403338539cae1b92709fc45cd3344,55,7,2,62
870c5d7d49516f46e07466c6e5c808a5b3b4cb7f,2,1,0,3
2d404ac3324daf041708e6e9e4f46868d7035d50,197,16,0,213
e111b8ca3f0f976f69936a4351daf4978f53a843,11,3,0,14
27ae04249750ace8a2a652abbbf045d5e7678871,257,33,7,290
f70c9c3f9bca151579aa2389105164f45c5c2b2c,12,4,0,16
4ce685c7c0ab87ca17a7bb083d449896c74eea46,2471,13,0,2484
75e718d0d3363872c4db14843827ff29ea06a53f,37,4,0,41
0a690ad1bbad1fd154f62d67991334e6f9349862,1898,4,0,1902
4f2696d815ae27b032bdd6a332c50c5588f97568,2,1,0,3
2023bd1f9a7515d44f10de397866d5d79b2dee40,178,25,0,203
18640fe03cf6ee865152908c0653e77cbdad83dd,568,9,2,577
f73a3654671000baacf3716b127b3cea90b9f5cf,432,16,1,448
eccdd7d3a7e64a92b4587892e48247cba6cea56d,237,5,0,242
668aaf4c0826cf0b889477022cf27c86e5038378,2,1,0,3
5ee6df63daf34ff349ffe5e6e17b7e58c0129b82,130,1,0,131
5c296de1c4b91d4cc3b99ee6ccf15c077f9b4dcc,1711,23,3,1734
0c3f416c934e13b5ffbdc42879ce4605340e998a,61,1,0,62
2e8e20eacacc252565bd6ba0b73b3e7a8dbb60ad,4,1,0,5
0acea8f8e9599db5e6e00e1490290f99a36abf0e,59,4,0,63
bbb300c178d6b4b6957ac1c250e9fe2f40fd36e2,296,8,2,304
65ad8a4a396de2ed9827288ed6f0a6dc45fa4953,36,2,0,38
e692b8907f7459b81c1486b1e0d51f4411065f52,921,22,7,943
ba9f2ddfc0faa42fadc2cc48df1d77fec6b174fb,292,18,8,310
b3c2e08edc2e60763dd9eb871666f7d869314f54,92,9,0,101
16559dc8826b2aa612003fa34bbb641d317da563,391,13,3,404
a5291e1c4ac9a106e770a2a055ee51e3b0a637ec,141,4,0,145
e41cd170d6870bda862589cfa91a3b290657e770,131,3,0,134
283c70a3b3e97bdcbd963864c85c0bde6c6052c2,209,6,3,215
b7a8cc1eaab66ff081a37839263019c99cb31a0a,18,1,0,19
ac2ab14d54df189f9b12a09fab63ff26b2f232a8,39,3,0,42
b70f2d5aa641615d96e8164ed61e4a041e336317,89,1,0,90
d4104d4a959fcfe539d95830d580cdf238ab3fc5,915,8,0,923
6b790e18ad58cc1e769a39ea325962679ba0dd16,88,2,1,90
7341670667d1df852ea1a0c9f156a384b8f4f6e5,25,1,0,26
f9317ec70613c565087ed58f6091c06f5a65b913,3821,101,20,3922
b4496b6867391e820fc18656e45cbdf2b3adceed,133,5,0,138
4e73ba3a8dfc155abae50e642a1d940c205f397b,213,12,3,225
2f7ddf840492d4d28b04ddad604888e5d7449b47,108,2,1,110
a1cd143e784cd4a53a9d3bdc99d0516994840d87,44,7,0,51
506799f336a785f9258aee1a7f0d1fb6fa332479,536,8,4,544
eeaf9db4573e850f7c57d9464f0535e15e70b5e7,5,1,0,6
3bd8fec33be7f4473a7fbbcbb135c3ac5b963214,50,3,1,53
ec9de38a23afa9f3f899b2863b8e9996d6569d5d,4,1,0,5
0b4fd51e7e442d07d3caf95117e1d9cc4e0e33ab,301,5,1,306
a7df756eeaf31ce9485b5e6412e69a747746aaca,65,6,0,71
1ffadefb75f4cc1dbd4b62ba48211e9acce10323,71,2,2,73
d1fb928d9eb389183c451f599ae26a61df7207fb,24,2,0,26
e7e9954c4e7d6ee261594ea1d646f1aab3d74873,11,1,0,12
19286f060303343d0cbe600b118499ee710ff2d8,8,1,0,9
e0b0f3aff3f518af15bbdac7f37de676ad0eaf60,332,13,3,345
c9a4e60c44b9bc37e7c314d3d6bd8849042ca014,2,1,0,3
e358d7ae982bb91a1f92423f0ccd66cf80f81874,102,1,0,103
3fee99dcf2bcce9a5d292519cdfced30e726056b,51,5,0,56
2d1bc7a6c3651a3c270b83595ff2173ab35e3f9b,2,1,0,3
e2dface26b0232eefdac19415d7e64a8dcdcf853,33,2,1,35
e8516cb5740a200a7666c86b3c6e4f6a01aae3b1,170,5,0,175
6711f6769de9baf53552b0829a6c680ed9eedad7,256,8,1,264
1beedd53315882e7ad58c439bf190dc5b671652b,630,12,3,642
285649fee6893b1ba49ea5af545306b56569821e,64,2,1,66
f6b5dfbc4aac0a2881d050c81241be92879cc4a0,6,1,0,7
fa54c192844bfa066863b1cf62144f053bf97157,16,2,0,18
402cf3b95b60f902d0033119fbb8824e8e08d0b0,2,1,0,3
f21519ede094cf05747050ad70904ae5f01e40b7,1040,10,0,1050
f64625bd8965c0c728b32322001b36f7827becf7,42,2,0,44
27cbc563bd58467e93bec3e202aead9f66ad7ae8,268,14,4,282
ac915e451066ae5f5c4fc19f02c5cca7b148ed35,39,7,0,46
60a72e490e72305d6c4369cd22acc9c67885a2c0,47,6,1,53
0a43bac18fafa61d4e8e2ad79384dff3c7653dbf,487,7,2,494
bcd05edacab5cd4c45c8fc7e55ad14b0ed0694c1,15,1,0,16
34d0e12cecbb6f86301eb2d421bd5e0518168f9a,184,4,0,188
8c845ed5d662dd730391cbb2b49e85cfee1a42c8,11,1,0,12
43230706314595f2b24d2a7ab18ba91baae9f798,5,1,0,6
6581245ba48aaac97b0774e2e470c4c10090649b,18,1,0,19
7fe991f958a6c221658fb45de53fb36f53596c7b,7,1,0,8
d77982d46b5798015c3ede600ee11c9c2005bdf5,36,1,0,37
d5ba9b05799d2b5dc0c255bb242db12ea9e649a6,5,2,0,7
37745326dd02ab5e1d6ca80fd1e29399371899cb,2,1,0,3
ce092c87ccd5f5251dc08b9123f80da1280db798,661,8,4,669
fdb9357353ac601906bda716fda3902e2256fd7d,2,1,0,3
3fcf8f233630955fa6b812c97d19f2129c8bcef9,47,4,0,51
bcd91e3a036a8ec098e137c37de102a155e08d30,160,4,0,164
8fb5f28b7aae5f9aed442336d5751efa1c428098,2,1,0,3
77e394dfdc39a15916f957ce4124eec41113218e,13,1,0,14
47418820aaeeb006908eb572c13b1c534dc9e419,69,4,0,73
ebe50604623eadab482fb5b87c180ac4ef4fcf32,52,4,0,56
5b1e6ec38bc8b0764ce2a851612a0377a69dc699,74,3,0,77
0389a6c82df4f36f20242685980417375b79b5ac,9,1,0,10
2ce0bca121a90c1c3bec449eab0c4b6eeeb675b2,151,4,0,155
4162fb3264b4e3f1195e3f522c4f39604cad09ce,447,13,3,460
79f83e9a3bd9f017f36f20131a90b850bef84983,9,1,0,10
ce6a53fac7882badeef45deac3407d33e331416f,15,2,0,17
d48499beabc0dfce1ff88ee597892109c5821c8a,40,3,0,43
234abc6f8cc1d8e3aa7adfa2a170fca002122b74,78,8,1,86
f91520077ada0180367dbef27eacda9723eda898,15,1,0,16
16c592644936194f4c1be259eaa771f792c96f14,90,2,0,92
81589c757dbfe21a13a5f3369a9accf955f86042,16,2,0,18
0bea66982631044b29ae4b9a835e53232a8af8aa,1941,54,0,1995
9607ca490275fe9fc3808dba14a59514d06fa11f,209,16,3,225
37ad801ad65464bd653d6ac03ad255de0322ce60,2,1,0,3
8bf00503ccca60894593002b81e6b45afa4ee506,887,33,11,920
e23f953cebcae4f04055abe26374bc3505ad2346,114,3,0,117
8e2076f5ba8b1869b3f6016a295210ccb6213ee6,3,1,0,4
7d4ab9e8fcf137c1e234645a874fd45cfb15b4fa,2,1,0,3
ee4784d9c10e83e34ba6ee601e78459032c29132,15,1,0,16
4f5b2ddafcd2f617675812f0432b2878ee1d7552,304,6,0,310
61b4814cca55ad18c9270a5fd402003859a48c07,25,4,0,29
ac74d1379e152e62dc92dfc819d7425ca80bb770,3,1,0,4
a834a4949e5c46d590629852697ffdc07d2d7009,11,2,0,13
232360fa054e05b82d3fdd1ee2d0fbfa506dad1c,158,4,0,162
d9ad5c3e05901fb4ea7ee33c26e88fdf011f65b3,78,2,0,80
1e6fc742ef13978b1ad7b3de4d89e062ae00ea7e,79,2,0,81
44c2859795cc487a0f6498e13cd9cd6c80354f86,26,3,0,29
45063b02473f2ecaa0c4bbf9fa153213ea5d6d0b,703,17,0,720
b62c611c81c4d0391ec21bbe385aa9c64be54296,44,2,0,46
eceaf76b0b3f896cee0f6035147b16bb82e93bb3,57,3,1,60
5a610be8ab7179e916e859aeacd11be174aac717,37,3,0,40
9dfb949df93ea0b3bc8fc74cf4a2b03a8b6fde87,123,10,0,133
8b2efecfb9e4f626f7e5ec9a878d0264ed7482f2,107,7,1,114
f1559a723346a7ae9e4006c5347bd8f6cfdbe2b8,14,1,0,15
88ba23a7fe00689d79d5c3a7bcbf963f8191336a,4,1,0,5
213ff9cf0bd5f251652b1afb4dfba7993ab3c4f4,39,2,0,41
f1512e6774bffa17196242af7d7bab625cfc2142,3,1,0,4
c752a4fd2a1e91175c3d01935abb7a41a5b82fa0,47,1,0,48
75a4f8541d26043d22a11fa8ef7e6c40a9a7589b,1256,48,13,1304
1d4bf613c99a62cfe87db410cda05bbf3cd4bd45,3,1,0,4
ef42e583545223165199c266003d2d65e09eba14,8,1,0,9
a4505af18150e4f5edf67c07fb13ccbc9066eda9,12,1,0,13
dac899fbc19dc936b5684bd076d83229bc475c1d,46,3,1,49
acff279958b664cb35bf327becf374a9b89f4831,2,1,0,3
5067baf2679a61ffbcb7d7dee8eb5641b0356bf6,18,2,1,20
321918900edb1bb2a4741c2963a5efad1b5c83a8,652,5,1,657
15ff8d8bf24d40edda3a82d3091586ccdb1e591c,5,1,0,6
366bb399f28b6705c3d233399b981ecc36cfe63d,7,1,0,8
b21805cd332742df85d3b40eb5ff71745161e716,14,2,0,16
ed1e0c0ed6d9a6328c07bd49cad2272ebe8ca9cc,7,1,0,8
d99d8d8a9dd31311aa959fa90b423073c7634ae4,32,1,0,33
5900ff10f487725ccc85abda79609e9c5c2cf2b1,12,2,0,14
5c847025f1f713bea32636946cf9e06f881eb8a7,10,1,0,11
ed88fb4e3824808701a0106b54193c124bfe6ea8,9,1,0,10
e2916ed5aed7430d781a8aa602f995e24ffdb6e0,10,1,0,11
683b22d1c81c8493bf21bee686ca1e49f0c4a909,23,1,0,24
4bed91b6fa53365adf55b12a465555c2a14a9f45,438,16,6,454
4b4224f3221d8c2ca40ef1a01541095af7b7a259,259,6,0,265
1211b221ab3b9f1a468f723d5a8c28bfdd726bfa,13,1,0,14
dcdf5d4f92e2a910c8c118151c4a28af16a0a40a,420,14,4,434
ea628a93cc1bb7d7b0034e40460ba8b8e05bc709,224,5,2,229
555ba8f6dfa008bfa965d2e1489bd2abce333551,16,2,1,18
99c25a8705174db0562d64ede2176813d174447f,37,2,1,39
feaca0a2eb5db5b028eaab1d74af35f9dd544f62,198,14,2,212
694f6d76e15f785ac9f150e60d0822703d71b2e8,6,1,0,7
9fc6e027e73fe99149b8f6651b2339415ebc6636,269,4,1,273
24c35e8fb083451f622f31bfb45895f1dfd724aa,56,2,0,58
a7a1745b6845252410fe7f0f4bff602d474df227,386,24,6,410
08d26d68b7abe4ab9e9866b39af91a907489fcd6,52,3,0,55
5afbebe5252d4aa66bcd5e50856a225011bc1c1c,74,1,0,75
6a6c1758aae34239c1e1baf13978de0e6b7b7005,700,11,2,711
732e6568c1d88d83ed78cdd90b6365afa9e18a38,143,13,5,156
569022ad64960561a32b401f7ec1b2e6f0d6dc69,37,4,0,41
fa12efddc2a834729a875d4730ffe9c74543b3e5,8,1,0,9
80be2cbe55a75d3b5f9fc9f68045b4445c7c7ce5,248,3,0,251
d48e4fd21ecd0197f48a65aaf19192c52df015fc,41,2,0,43
a899cf4e610d534035f2def4f5ab3550eb484295,77,10,6,87
a7a927f2f60b9ddf4ebd036ee52e815fe2ac1ef2,10,1,0,11
f079714c3ffa1246f38dc6b83e15e29e15a28bb8,16,1,0,17
65aa0ecbd166d91a04bc660d538eecf69c60deca,234,6,0,240
35d61aafa6a8fdc67cdd47d6e383dd791684e92a,381,14,5,395
f26e48284396f9b6a5f61bff06ced71d7e579aaf,178,8,3,186
0146e5fc82ea3c466b5c3a30618a8456a76cd686,271,6,0,277
7a1fc25a80ec60e7898d2069371ce995132d5a11,617,7,1,624
39e3360d5f63eb3b5bddc878706e174a2901b6c7,11,1,0,12
3b5f0de3bdac636eaa3f605b082781152e98b3d9,2,1,0,3
09eb0150dec47a28d5a4517e4930183eb5dfd0af,499,14,4,513
5b8042e5e6776c606b7c6af213c8e4692265fd25,10,2,0,12
cd14055321111a0b8ba6d438c0478757f67bf4a5,17,1,0,18
b336c5d710b33cfda983480c44b76bbeec832bfe,4,1,0,5
9d50d1b44007424cab963058fac425025b0c4a19,4,1,0,5
d5a9d0801ee48a9de679bffcbe4bca557d077ca4,12,1,0,13
24897f683e7f28e1626b6989ada5e16eb7bc3cca,9,2,0,11
ef32663fe45003c17272e24057e76cfe830fe8a3,38,12,1,50
f7387e928379b87130ef076eb5f4d48604f6e5f9,62,4,0,66
d1a46a6ff5c1a9e5c7dc58542208c84457ae1e8b,62,4,0,66
c25e5eaaab2478cf2a07d5bb438ee14e784c4113,131,2,1,133
d95cb69c096c80d2df39d73fb6e09bdb001aa89d,62,4,0,66
a031e05e681d4cda3357b8fe1718aa0a11309a64,4,1,0,5
0ea2232cdc6c5a2d8d8ce9001c64f80459cf7712,26,1,0,27
6300558a69ceb4175c4a517d5d2386eac01a0d12,11,1,0,12
06dc0e9b2807ff2c023186be9c80394978e82476,456,4,0,460
969e4714ac3c5fbf192fcc0040ffbef4bd22f622,10,2,0,12
842678dfcabb8ddc1b1d76df3edf595597ea7006,3,1,0,4
46ad4f95996e77da8b516535daa8be4d89c09d36,42368,1698,324,44066
ef31dcadd1ef7aacd8406bd179636d4027967872,4,2,0,6
493ed643e1e5a852cf2549cfe76ef4b3f1e7e0d4,658,12,4,670
a7bf571f4f05e179d8a0e81b9cae5ecaea2a1b35,35,2,1,37
94cab26fa92ffd33a4c5e9502b26a32dde43b914,6,1,0,7
ed5ec5e975a9ec25dcfe92e8290712c91a9d9105,2,1,0,3
36bbdf10d18e98fed67c57f9f5835f33c71e9803,18,1,0,19
e7592ef9a3a14cea7d6298afde786aa89c265439,21418,802,16,22220
f6c4d3bf7103a77a791d6e01c6b4221a355c35cf,4987,172,46,5159
b497851f3406b72b7f36596c362e1fcbcb4a162a,0,1674,324,1674
e7b20da3a3ef6f6a29f4c3f359aafdf96da1e134,16810,1724,324,18534
2e7a87807b404f4a4363e977f7ce6c38d770b1d6,24,5,4,29
39130c3021ce892c42d202b4c79f760bb19373fa,305937,2227,376,308164
c42af32b2fae92c741a68c59ae90a1c19061887e,6,3,1,9
1d6c1b04a416b14a8459b41772d0b4639ec45efb,4,1,1,5
4279d093d894e9c0ad2f14c10ea34aae6e93879f,1086,16,0,1102
059149bb621b6274f0234c2aa43d45dec97cb78e,8771,1077,281,9848
7d6c4ef8c27c118bbecf57b7bbf46b9dc5acf690,8,1,0,9
ce072d3cb6845530ef92e30ab8f9fe8491c7c377,487,30,0,517
74e2d5f827aac051099e4314c314c3d8ac949dc5,144,3,1,147
9e82f5e8ef968184917019645140d9d8f2502908,18,2,0,20
fd09b02a0366329b9f3de1e798a70b4f82520a64,86,9,2,95
3755e839a0c73e368f9e07a26f61f7e687864998,91,7,2,98
e6dd1ecf1d9ba48a32de5b61212dc3d2394bde71,114,2,0,116
53923bce7e0fa1483cc2eb279375065e7e16fc89,71,3,2,74
148f992d99646b9e0d79fdd1eeb3f4e56e62ef7b,182,5,0,187
c48a38b7cdeff645b8fe85ca05663700ce08edd8,230,6,1,236
42002f3a9e16571fcbc273b896198edca828af4b,19,2,0,21
25d21cc71ebd18d9d3a08798c6c24f3813ba46e4,615,32,0,647
d0d543427c12d3dcc971278e687d8355f3dd54c9,155,3,1,158
9cc609d70840f61a48c8f28750badac287c80c9d,10,2,0,12
17c85c5c39df1a93bf2510d53d78b4ffa0ddc40e,2,1,0,3
29a8e540805a80e2ede13c8640659824343049e1,126,10,5,136
c6131cbb19fdfcc27d6ea839acd311004f2853fc,235,5,0,240
a658f19d0c79e77fce6122ab86b5c657c52d91b7,824,5,0,829
3c4c1c81d675ab887d746ca4654811745e5013c9,210,17,0,227
f9ced254c68dec5b8d17dd84f7d0c48f36782fe6,1,1,0,2
b1321599f76b14467c0aae36d1cc027f035e924a,233,9,2,242
4716f74a4256b5d9832c49219753a9ca711c0fca,4,1,0,5
e6dfe310c2d53fa4031d63ee5cb7015b29762d3e,186,3,2,189
f09db48ebf4b0bd7a551e8f0c2fd86c1177e4f7a,4,1,0,5
8a231a636dd3c3a12740a4082ae04d67730171d2,5,1,0,6
8daad94056a3de1ac841d6b303f46bdfd6a01b41,662,14,1,676
79ef7f9fa1df45c3d0d75c3dc274d805447b9dc7,10,1,0,11
4dd29d7cf91d99cb0cea2438f1455c7d3bf0b1ae,38,4,0,42
525102fd907bfce67d2f68d9feaf74987ae177e7,746,28,6,774
d1fa0e13b5c0b9e818f8ba22ca73c6ec2b086a73,16,3,0,19
f22d27220f6fd1ea34e23bd4f1c0ff9728432085,3,1,0,4
086b72b89131095d23ce018e0531908925a1255f,470,8,0,478
d9fb45181d4d35611bfabeaf294bf17e314740cb,10,5,0,15
189e672a293f7b02d4ef055b8e43a0d2bb8c4128,118,4,1,122
79f143b5408458235cba3b3b260142f0299ade4c,2,1,0,3
a08f892d79767537d407b2ee506325f6830a3dde,335,5,0,340
2995f3b881889ca32ea9687d7a2bd5589768996f,4,1,0,5
1724bc7f193ab53a22b63bfec7d8f20b1f8f408a,24,1,1,25
335e967f46302471eaef3b76db1600b41b35fa9b,25,3,1,28
eb7a9182b297e947d13cd76a3b0622f4ef576cf1,449,13,3,462
73ddf072d1e8bdd61fba6beac8af0be049587bf0,18,1,0,19
9004e3836651e650b13bda4e439b2f5fba6c5054,691,15,4,706
587c597e70fa5d08d0824c261a161a5f797387d7,316,3,0,319
6e10553381a7284549a90cdc04b20c1be8ca3127,27,3,1,30
2f597c5031be21621f858ea7c414213df1f46fc2,335,5,0,340
c47ef66b2dff54bf0490eee5b12cd0b4488ec3d0,40,2,0,42
0b72fd2aaba8b68dd9fb8a97f4aff8830c5eacf6,102,1,0,103
8f239f5325d2549aac44fdfabec4f1676bdc9008,38,1,0,39
ce2d9ee9dc73b2d7273a63a4eede774eb024ea8f,20561,991,258,21552
42d00ce151086216c9da5c8d0245c80c8b6cac8b,22,2,0,24
205482fa920ee6e71fa1c9a1e975e106822d1229,43,1,0,44
4a1c3732ced819fe277afbf298967149b50574cb,58,2,0,60
f8a1ff2c106cb41bd1e1d89dadc2edc177f6c518,33,4,1,37
4a52a9c48c1b17b07d28f923d5fd97addc975e14,113,4,0,117
37fb02bc04254e75dc379266dbc87c869e8356cb,170,4,1,174
2ce41cfd00e4984fdb74647b9d5a9f8b3fb0730d,36,1,0,37
96d9c22cfe22113250b7a0320d099ea17dee3474,2761,36,0,2797
94b34e20e734769cfcc6e2ddf2bdf4ebe77131d9,46,1,0,47
ec6a6e05c41bc62f45dd69ddfa9945c6b0519bb3,2,1,0,3
67c65073765bfb928e0092acf7f5a20eeb33a0ad,2,1,0,3
0f4bf857f6df8a707cc9899c22298a2c6d23b126,406,11,0,417
006cba056e4942f13846f550fe18ce3aacb17d1b,2,1,0,3
5f195b6c3594f0e48f37e1a7298b46dd318d4928,114,4,0,118
26f2aad92ad17427083de4459e7c53e546c43fcc,146,1,0,147
7bd25cc584a8d291a9ef098a04195cc68991a238,4,2,0,6
7e28022d5b4f412e57a098d0cfc3fedb8e27cd3d,142,6,2,148
f48fdd3aa5420d2e26691bc40c5a0d778fdfe741,296,21,0,317
b24f46a20b35405d263e24f7e4d5dc8818e66c46,2,1,0,3
ab043984f9e210bdb45c286e3419b5b224a5b390,4,2,0,6
1c7b03f0c494893b36dfdcb2dea28af9171c9400,40,2,1,42
7e14e4f5f6cca0d60c70e4345c607f5efe2e0896,42,3,0,45
98ef3409abf3d753fab497b076e3f6ad2f0f7e59,52,1,0,53
1be4b5ced82d669d095c1f74760b585499e66f3a,548,4,1,552
cc658e4d01a515aa95e6bb3a3cc9892a7439152b,195,2,0,197
e9ab3b60eb4ed0781e294765d0cfaa817ed2752e,6,2,0,8
e9d4100d0fc331f1ae067973823ff4c3b06a3a5b,107,11,3,118
4937e154133f30da50dbbccdb7237f140f94a54e,11,2,1,13
103bc783792c3f93be0675927c272a36879ee6ef,175,3,0,178
881de3f6299512943b8b42900754f4b0a871eec8,10,1,0,11
0e7d6573dd35dcc52e038629884cb9cfc6be3546,321,8,0,329
866dfc708e30445ba94c7fcf2c1036ab02a0ef82,6,1,0,7
c21ac1eb24104b4a7d3a972daec76b8518692a4c,12,5,0,17
a1a7f42723a26d9ce2ed3f4bbe91a6859ea480e2,129,4,0,133
2f2835250dc1e5e100b64f244f549e8cb185619c,68,5,0,73
20dbcc4de7a8b6210d1c221c79f4e8dcc907bf09,91,2,0,93
280c192a86f6f66a75a3c4884f864d6bf4be1347,704,5,0,709
e121b830e393cf9467dd600031107908269f0bb0,72,4,0,76
ada802e64a49a4ce3abba8f1ea59a37c0462888c,7,1,0,8
a93fc77e7ae1a1c61ce534bb6be4950441813977,2,1,0,3
232186477a37eacf1ab748a306ad236932b4dbe9,840,6,0,846
d8f91404c826cdeb23cf20612102646060a3418e,37,21,2,58
521d551e9dda668ff7e3cb69bd0b78417ee19e0d,23,2,1,25
ab203a9573771a14640560f6010cd9ae646614d8,564,24,0,588
46f67a4bad2691f198ef7e23601c2a8936a4d659,13,5,0,18
cd2dc049943fcf76ad7ced6edf1067d816d38081,15,2,0,17
fdd71021bd6f41ad3da39840ca8c17ac1088253d,38,2,0,40
258799804f09d34614e82e8a09ffcddc3d381177,100,3,1,103
5dec9131c939eb037767944d530ced09f7771a9c,538,4,0,542
ac058c5c9b5caf489d751ce04920e53072d7e386,517,7,1,524
8b90a545115a1251182de2e6c081ba6415a79633,246,8,0,254
a51d41825756c2447104c4471016bd0d2bbbeea8,19,1,0,20
2a5b348fb5663508e0578343b1904aecd2324d5e,642,170,42,812
017e9e555e2db0ec0334d7c3977daef470504298,261,14,3,275
eacb0200d811374b097e504fee2870d9ff0b2b64,1620,16,1,1636
4039e57f4bcecd04e0320a213b681f903d9f5772,66,5,0,71
eb0d5b68e4a48789192416d0817c2de6b2b4d470,206,7,1,213
2fb63714dec6bc18d2c7fe77cdf82dd88d113440,879,17,5,896
1e65579ead932e21ed84a8b165a115d14593a37a,20,2,0,22
0df5f81d382c7da436b2541b09e3c5792b85edb4,49,3,1,52
465044006f66d3d0e9df0c7e9726910651d21bd6,11,2,0,13
d7fb38b4dcfdbba4a13c9b56a9b6b86466818d87,10,2,0,12
16eb7c7255e4cceaa19d7e61101324a29bc25053,101,1,0,102
8524ca4fdf617200be78dee9e5ec3bbddc0c33d9,67,3,0,70
e518d0a0fae3e4045ac4a48445d868b247e014d1,207,3,1,210
7832abf7eaa42bac85455f9fffd05ac4ce01d494,395,2,0,397
e4a05b2720c7714bf4815cd885ca8ee041c47ef5,135,4,1,139
d3fad80d02be7a4a099db2a581d57bb73beaa0ab,977,14,3,991
3217d805b50e247464c094c4d9736d9273c3796c,43,1,0,44
fb9c1dcded8b3b2f55d8735fa301a190fe4f6ad6,89,2,0,91
7ca6841add8dea6cd6bdb5ca982108cf57bc9718,23,1,0,24
612b4fb5f4833bdf4c6739d1182b2e4b00cb2b72,10,2,0,12
729ba773084970461dcedf300fb35c44b74d8221,397,19,0,416
093f917ab643fd7e2c65e3b55e967b8b17a90903,3,2,0,5
2a3860229a44e0c8fda8830792933b49b7995477,4,1,0,5
8ecfbcb7531bc19b24e2fcd2cfbdb7ed0be65ea4,82,2,0,84
008bb5c1909f592c2dfdd9138bae7dc8d965c824,494,14,0,508
a3dd11b3903b14f97e861441e3b4775e476ddfe6,14,3,0,17
6adfa98c8d1b4cd6c675ea3627e7f16f304ab34b,30,1,0,31
0675aee34f00d7684579c3b18a3e4dd6bff7acc1,236,3,1,239
61bfdc659d3bf47b587c0992251f861d7a5d37dc,57,1,0,58
0d981ab6f4ebaee68d8ff47ac165f875ce7e78f3,340,8,4,348
c94384389923302a6e46fbedcc5825d766b6edad,2,1,0,3
50d3eae54eb67c539fbc830a64ea54f70e7f9134,105,2,0,107
bfce886fe8082880f8c3140339fc332a380758f3,15,2,0,17
a7450878f5fa3c594438708fa9d30a7e909f7f0d,42,2,0,44
795f494eb641689c596d099cca507356a3dd2db5,49,2,0,51
b2c352822800504cf1c73716d5b5a01f4ddc458f,3,1,0,4
4f96cbaf896eebd76751da3c0058856a044f4fab,461,9,0,470
23cda0bf7c524dbb4ebf947ab5b5853aeecff829,2,1,0,3
1f9d096041ec141040ba7add08039a957d2e6af9,44,2,0,46
b3f7fee22419786b0b9274cc03c7d01bbb1c6b07,2,1,0,3
f70935e4c2562b075c98035107a7bc00a2b5498d,21,2,0,23
e3a9184ff5f3cff0cc68630dbeca3968bf07ae4b,31,3,0,34
de950fffb1eb9e9ab5bceb9776c5ae6a31a00d53,14,5,0,19
126b022070a5d2dabf957552dcea7de733accf80,28,5,0,33
e6cdea04530886cd3253f19cfedf7b15ed9895af,36,3,0,39
209c9661c75ac340c94b54167e64b7f929a4e0b0,138,3,1,141
4e7ffb31c1261aed5201c33b09c2429f0035cb43,25,2,1,27
2da11579138c2e9b709803d5faaf15ca3320ff80,55,2,0,57
47be0f0de7d3b5258a676a21d97b8a193a6cc60d,4,2,0,6
9269f5e02cfd868bd9448c6c4df9107e5776e60c,185,6,1,191
1f2c2d7ce6f814c7e549bb4875af4a0a5289c083,8,25,0,33
8f647cf423d177b612865b9206ecd490c35e731b,130,9,2,139
52a9559625877e38417dba5d06b95034231aca2d,62,6,0,68
3b09d27a285634c24b91c825dc7a908af46bc37b,281,3,1,284
3b92bee8e50c0df2b880e8d8d29b93de894746c9,2,1,0,3
6fc48ce5cf44fa4e2bec55a6848efd3e468676a4,73,2,0,75
caef8f6941250f6723c0a6f847c66122876e1ee8,4,2,2,6
9791a3d0a2d6492b658f639be2e2ec1c5d8dbf53,32,2,0,34
4964f91d43647031d192b1b34d52af4ddbd87ec1,432,10,0,442
97f0a86087f99725654ccb9ec2c6a500f1e6b002,9,2,1,11
9dda23f791c0b2fd6f09c83e973516941e724748,39,1,0,40
4dc59ff95786f5f9c5e30c1b236c1282ea15efa8,191,5,2,196
ca7205505106f303d2479f2440f540990620ef9a,4,1,0,5
8bf4011fa4a6d5cfdb2b3163d8128025c7edfa73,32,5,0,37
ce551ebfe15e11e6fb008fc59661d388e2a388a0,19,3,0,22
bab7926117ca9a249e8a377ff410b8b1a50b8b86,32,2,0,34
3b95a640d71cb6f131de75ae9bdb113e6986e623,193,3,0,196
ec22501cd8ddfa50b09f702cb9852820493ebe17,288,14,0,302
0e111e6ab11f3953bf5d94cc7fbfc81248b7f791,10,2,0,12
91237aae7fe2ffebe0d22bb8abdd2e357dc2e06f,8,2,0,10
dbf02c8d361c6cb6d7ee1fb1f35eccdb061b01e5,6,2,0,8
a7a8bb64b3fd6cc3ed8e8feeb9772404f23aa307,10972,14,4,10986
0c59c284881c597fb86a7288a258df986063029e,57,3,0,60
867edcf306cdb9874ba341f0a5c6ff3e286c78f5,43,4,0,47
06da717acac9ce6f63842195e4cd85d561fdf9c4,27,1,0,28
cda36d70a782dbe5c376b581d18d481cf49c247e,46,1,0,47
6a1feab19d02faf9ca70a7685ce19a13135159ee,136,4,2,140
db899226b63e7ac07b98fdf3de121b50f07ff56f,16,2,1,18
b3bd35b9dbf6e36932720cb338ef949b187d85a1,128,4,1,132
74c5b9bd302a28ea65b589ae8639e30744abaebd,68,2,0,70
5feb3a9c12d7db1527ad3f2361778ca4aa83703e,352,19,0,371
d9bbd68655deb4dba40b9e0f24eaed67ce6e0497,2,1,0,3
e6dfb050c0a1118bf54dc493fe9efd863f416765,58,6,0,64
63f0d3d386079b0ba63a880eaf84464742ba4814,186,2,0,188
9912b47959c1a9c0915588b4ac60f8ca836a8e27,127,18,0,145
581a04a58ed678b7f6d2d4194e7515b26e821bcc,16,1,0,17
2b3639caab9421259327e7ffbf4e6828f0df7d47,4,1,0,5
bf63bd472c9e86f113e0f4f28d9131a0202a602c,12,6,4,18
70f2f851c6b0ae521b150d158d7264f7b3df6a79,164,7,0,171
d684d5eb26e6a9b01a2db4505267967fe68d3924,205,9,2,214
57368dd4d5b2a5375d919fe73344278b2b68e052,7,1,0,8
796c04ab50bb8669be0590258579219cfe77df8c,2,1,0,3
5d7612d3133b401ff4d9cce70884b28fb1379283,6,2,0,8
244a5b5ed3746b3965c93e14193d4026e769e9ca,31,1,0,32
0c3519b86d948d0fb8043cebec34a2907ed326ee,69,5,0,74
9786d50165edb4d9c05245756034a4682d59ebdf,7,1,0,8
d3e031a5e9cc95568ce5bd1342f7716937749a58,20,1,0,21
f697214ee239a1dadf533e72abdec0047ffc02c6,112,3,1,115
ca0b106174b0fa00ee04d3d0ac891ce9fdd1433f,29,1,0,30
bf161ecb0ec59c1f967bf47e45b8ed9c6316264d,35,2,0,37
994dc85d75719fda61bfa494e7a6df4bf7672f70,77,4,0,81
1d02839dc8bae296befe44fcbebae0a198b80637,4,1,0,5
f8036b39e193f57fe6aa407d515b2b52eeaef3b0,6,3,2,9
8cadaecfbc3407358c60d7e4d25106e4d3562c3a,193,9,2,202
f9a27402948bf81dea50f0f090300571f8e45311,10,2,0,12
acc123cd8a77418d9a34ad562d9afabe96cc729e,3,1,0,4
e8beb643a35744f621232b5ed715b1db2b87474f,264,13,0,277
70b3b067fbdea69f8f27184e182c0389453ec8da,4,2,0,6
a36105fa65fbbc2d3d4ec8502ce94e8e6adba974,181,3,0,184
9e37800f2b2d33ba173e4bdf0ca03e1a7a126bf4,113,6,0,119
dfb35e8a9e3db1fa58471b9599bc666421849a02,6,1,0,7
098cdc9e36d148ce6369bb8ed98d0c093e4464c7,21,2,1,23
92a5b4097588ffb46ea28d263eba96c3c0725650,57,5,0,62
2a70bb913f006d52a55aa686a86464b9acf4473f,556,7,2,563
b4b457bba207e8c808eadb088398e30029244e79,7,1,0,8
3656ed661e209351b84201649aa698cd77a545f6,9,1,0,10
9ec6b5b5f3e8bfdb43d3c1739f85d2c49fe792d7,199,6,0,205
6e541bb22320f2d767ed72e04795974d487b24a9,2,1,0,3
2411d89cc699749fa6edadce3850ccfb0f758581,25,2,0,27
9ded2a644485d45041a2470d20d04b460d5e507b,103,6,0,109
5867b16f32145a80fa98de4d24ec6302b17bb95e,229,5,0,234
b8c3ff4266931ab13c3034d7c8ad76cd6957aafa,6,2,0,8
7b0b00cb40ef5793167c6472eef8bcbe526a4437,115,8,0,123
b2c5a882fb35f1be7bcaeb0f6c65c28a8f1d7ff9,18,3,0,21
581464ee63529b53ba528f84e970f50e0e2e7d5e,2,1,0,3
636c6c1c93a485cddc9f804ee471f22029f447d3,20,2,0,22
67b729d4b0935e652be31d5a3fff025b9f361204,29,1,0,30
9e8e3731cd6cc356a421fc3f27b34cba15f1afc8,45,2,0,47
565171f23cc4af4e5a2c68b0d64194561a34ea9a,144,6,2,150
f815e2ea569dfe63d74e69e8dff69fe2f5a2b559,44,2,0,46
df6237481d76952d08b6307be2d6ba2510e0a679,2,1,0,3
2c5d42a908213122ab0ad8b7ac9524fcf390e4cb,331,9,0,340
d2a3d84850386cd82d6a712a9be3ed5eb7146875,30,3,2,33
fe203b5be2bbbf6464f1c757f07cb3374fa3bf19,135,10,2,145
f26b2f3d3855db351db2b9d3a7ec69de7c1a3b51,249,4,1,253
31f4fd0f1f544baa4bc5af582fab0a053242c8bc,11,4,0,15
59fd4aab4480b6c62ba0bfe61f1a976d0ca31221,68,7,0,75
98dcebc27513c3b1de646c06f569655ea14d911a,156,1,0,157
205ec5059cdf07dffc44355660642412bdbf3db5,21,1,0,22
d8061f3d0871e74c2cd960a3f205e12946c66219,9,1,0,10
6eb8e7976499b43a5588e26c194e09d48ebca232,20,1,0,21
d78a8075d64801b258d5634bbcb82121e5f3506f,126,3,0,129
eccf573a636de84e60c85cc331fea0afc172c90c,847,19,11,866
d78160dd855430ab1f03f00ac70029cb960196ae,2,1,0,3
dd595cf0af5b8ffc01407671dcf6df50c983dda1,28,2,0,30
dfaaf11d9f5318cec5e3b3fc7efad10fdf326698,2,1,0,3
a57caf046bb6f7c6ddd447cf324923519d578954,38,18,0,56
8074d0af51b34a7485a9ae5c3de7ab5aa7a4c6a0,420,6,1,426
dac8ecaff8f688300492a36f6d4ccdaffe1ba1e4,2,1,0,3
4b31ff6e7fe09f69eb4b2e39f49009c191da65ea,64,5,0,69
d4f2ecef660ab1d4efa9696a53b0623aac867c3f,188,9,2,197
ea2d6215421cf422a1740bac97fdf44e001439b9,83,3,0,86
c9fbd6a11ca18c6497462f4698130d2735addc77,746,20,11,766
f636f9735acba74b096496a2bf4cfa7abf3f4515,0,0,0,0
d58f8bce4b59de096b4ee9fee61c679482dd1d7d,160,2,0,162
a0011dfa672dcad22d790c489102eea2731046d0,245,6,2,251
ccb8d585786f7ca7d06449138e3415028f112c78,4,3,0,7
1870c3655a47a10098cbaf07d72c88c715c5c55d,222,8,2,230
12487059442916ecdda1d195dd06f420e7b5a10f,143,2,0,145
a4a357179b61f6c96a70666c4533e17d7fb055ec,107,2,0,109
d000501d10c38eb5e10f7e987cc60379c8149b23,37,7,1,44
55f68ce0311cc28ee0fa29ef15f44b5526ed5b79,88,2,1,90
46e593d13412d64ed5e6543ee13ba24e3558f7b4,17,1,0,18
632f48bbc012892db92fe831f23042f934c079e5,23,3,1,26
5618e3f315bfac864e358702f2b5af1f76b58794,540,8,0,548
aefbada67ff5ec56c59ce7605c07863da87fa3e2,134,8,2,142
e4bb11735f4a1985ccade7146f9516bac8d63dbe,332,3,0,335
b0fd3a3be05efaa7e7ccba0ae65f2a6b8acc2475,166,4,0,170
248d2846b9b04c9ae838cd98f40ee40fba6ac979,8,1,0,9
8d9bf8c4bf8cc8e874398033896b5742a68661f7,51,3,0,54
86fe034738dd881214987359f5f1825ba834573a,56,6,2,62
3cd2082505212a4d43c314d8fd4e089a694d40d9,54,1,0,55
334b918c2e7832776baf52e62bb48d4c806e6fe0,32,2,0,34
35f058ce2f771b7adb1cf2d5a024efe931f291ad,0,0,0,0
823c801fafc2cb3d6df536729e108eaafa49e902,38,2,0,40
6c71c248439e35d0281882789d7dedddf95fddb1,5,1,0,6
e032ebf92ec12b0cb242200fef306f54015e3444,140,1,0,141
046578f38dcf28a7e9ddb5bdd7b4fbb9b620deb0,32,1,0,33
55839b446691139625f702093ffaf1ec6851e6fc,6,1,0,7
202009f973d64670f2a480c2546e4a7bb8f06e8a,72,3,1,75
c7450abf6a831cb78e6c9a8692705303d1432cc8,13,1,0,14
501eeaf0208e4e4e0d253c2d7df46088ef117c0c,24,2,0,26
153c52de62e282f5778e0534d626922701b96355,55,2,0,57
b2c8aed5f3861cb005960529d14f63e9fe255166,24,1,0,25
aaef725898fa8898ba63b1a8544fc558ed1b2969,19,1,1,20
2b25dd9dea910567498b1049ee14a0bce7fb81ff,25,1,0,26
dad8773ff9d3b445872d720eb6e9f663cc5ce3ee,1,1,0,2
e9a49ecc260e93ff696b9facf67c14a60b8ecbbd,145,3,1,148
7b61bfcdeae594915f1f931f0d8585b0c104a508,4,1,0,5
35f5e155d44a405ba28f74ba7cc4d08d31da2681,4,1,0,5
69db49139e0acec1c76398c71420cb5832622703,400,12,1,412
402e5ada034bb9ade04f6ea4a3690155876b3efa,165,2,1,167
c8d2f7f6cb923492ca7e7a6b33b8dd0e628addde,3,1,0,4
81219272261e5c86feab83e7e7c9280c532ae846,8,1,0,9
8c3edbbe69297581fa81c61c1cc33a61694c3adf,40,8,1,48
fdd9b921de9716caf26e8398bd611e43967ee9a7,1,1,0,2
f66c342fc3eef75a46335bd49a74e059d392b4e9,6,1,0,7
8036bffbc8113c8bf0fcdef6b3ac21851a9c72e8,427,16,1,443
a102ee0501385a8a851f245e61f9921dc0bbfa09,98,2,0,100
065599332cbd010ce550945456972c897f587596,1063,10,0,1073
3a9625bec5c5e986004f61246a80725b0c9bf4a3,168,8,0,176
08ad5521f059763e7b0488c71986deee2d6a0174,69753,38,2,69791
972472eff23af69ee70c9cd2892f58d50f90d332,4,1,0,5
b08eccc79ca2139954a60153cfdcf25ddf62b1cb,121,5,1,126
641e401061b33ede09868e4a2d488515a8f610ce,15,3,1,18
6cb2ffa55c51a2f741c1e63b5f2c6612a51e0f6e,320,1,1,321
2d860d2f33d079f6dfdffe69b6bc5c99fddecdc8,25,5,1,30
78bfe3e2dea4a8cdacf425fda416e1969378006b,81,3,1,84
23adfcd6b8ca9d7fc80e783dcf4151a702ab0bb5,166,2,0,168
58a926e994a4928609d003d35f2a1cfaf878a1ad,22,3,0,25
a2c8d37e5aa2ca0aea3564ea4c3ee6fde04939a9,245,9,2,254
af62e202ddffbdf8d0e39213631a5ff429d1af13,4,1,0,5
e115bc9f34f78fdd2d4e519273fbd82a3e1c35bd,24,4,1,28
0ee5a1d2bdebe3156d9efcb56d205ccde7bf050f,4,2,0,6
4003155be7d4e7a31d01b72e3a94ad44877bc8ab,4,1,0,5
435e8be323427057b6ed2b40887707e226aa642b,262,1,0,263
9c3b7a8b6a50ffd9dd582636d3e8e7a03c516e37,48,4,0,52
7516f4a7f14525fcb000807914bacb010aff0c1a,316,9,0,325
3a1e386e4ea96d1b8629a89e065eaac274553b6e,215,14,2,229
5344efb1f854bb81578eabc141fc107a7aff4319,4,1,0,5
e6f03416d1c7ae3f630399081fec5c60a3da4aac,250,12,3,262
5be8431d6a4984b7efa3a04cd5d9076ed48ea9d8,46,5,1,51
ead365ed4e5e131d2c98a8a875c9b0c6392aadbf,148,3,0,151
96122604232620897d92406992f922f485fe9aaa,114,2,0,116
c22a4aed36e7520fcae37e7da53b45ccbac8c0c2,4,2,0,6
26330f3a2c3309e7cf574e1fff86a1de9fb934ff,116,3,0,119
a5777cd1a108f9f7bf52feedcb6570cdb2ac6f0d,4,1,0,5
905688f9214f69770b80b2dbe5b73e8d6b6a0ea7,57,2,0,59
fd61e745db4e91133c75a24b7c3d7e911f0ab6ac,19,3,1,22
7ef519d16543ffeac6368b68bddda3c419b14a01,6,1,0,7
2bb6a43114f1645057a6c6a1adcceab381e4559e,351,5,3,356
4cf1898a42b9d177e4f6426ed78c873d262967ce,37,2,1,39
05bd23415eeee76ea03d01ba97d55573339097c8,12,1,0,13
754a028f7bc22f0dfe68164ac300f31fdb946bc7,127,7,0,134
443d49eaf9869ad2a8cdd5dba88cf9886dd474d9,10,10,0,20
71de311dfb329f94335cb683a2881377c43c140c,34,4,0,38
88081bd2730499e2f4af4a7ee2927bda1986777f,8,1,0,9
45521f8da88e31418a78d8fb652b9d45ccca9a5e,2,1,0,3
dab44a696cea604f0e369d88ebb241a47da1ab2e,1345,16,4,1361
24c7a8e5106676f847976da5a0e211c1516805ed,9,2,0,11
6cd8657b939eb0c0832e2353b47deac1a7d3632d,4555,8,2,4563
c674e72ee107a46795e24b3b024821fafe3d867d,75,8,2,83
945a167cc447b4d0234c7db4bf35611324806dc5,2,1,0,3
79b33687a7849e01800d5acdd6f2eefecee82998,346,9,5,355
20c2b150bd861d30fcb8303042357cf31e75bcce,263,7,0,270
d889dbd0c2b2baa840e0da602592b3bdc1d76155,4,1,0,5
e32a5b1634f221e31bd8dc49a2284b27a1bb4221,771,8,6,779
0839fb1ee565abd7e6058e1e0fc7372cedd2fa0b,518,16,5,534
191255b3f8049af484c682bc445ea1f1d0ada54d,126,2,1,128
c0120d72d79b176ffc955496dba3662bb018afe4,267,5,0,272
c18a785481e9c527278e4cea8ad9ca00de068f66,61,5,0,66
747f7a5c398d9e24114cc2243b4dc8ee40603f5c,85,2,1,87
25c36869999ad12560ca3fa0a9c1319cfba5183c,317,10,3,327
044413f12332028a3bcb9509743876342e879e3b,289,3,2,292
6db87297e2101cd636c9df4fece92463719e43e2,74,2,0,76
8775352a18b8839fda1a79949b677e368b7d7364,6,1,0,7
96752f7927968bc13bf6016dc203e29a48066c32,52,3,1,55
083b288ebe5e151d12ebbdffd4aba8d366ce2a77,57,1,0,58
937ecb43b7fac4fda5fe104961085660aac1553c,68,3,1,71
983c5d879e0cc9ccf02e0428bd48fa2da51d2970,211,2,1,213
955748bbd2b447b97eda5389e2dd3a5b5b898479,1,1,0,2
d403a285a8b33b73640a8969d11aa10eb66955bd,125,5,0,130
308f53bd4f4bb5783788f21a5653c3a57e9145a5,14,2,1,16
b6ecc83ca0d6fb25a5ad2b10bd3231f53d5bea8b,84,2,0,86
032866202df9d9cdb45fead75dbeed100be22a0a,356,11,2,367
222162323d7a782a10d831ced93b95538a90e74a,128,3,0,131
46accf2464db8b6c5997e3abd80490be2ef7c303,62,2,0,64
16c46f3d283e4dae95250841d4b78e71e4988cb2,97,3,0,100
f69e3d32386066e14a9f40ceba6e3667dd616de1,149,8,3,157
00865906cbd22130560fd1d78de503c34827e9e0,31,1,0,32
3b51d7ae2dcbbce1f7107923c15b60a2f27821f8,14,1,0,15
440a3a30b66c7b0a2bcc07fd1935a4201fbcabd7,98,3,0,101
8464997626272559ae9822045f3ea7bd5cef5785,49,1,0,50
32b505ce9d8d348238cbeef4c43b102af65e442e,86,10,2,96
f3f77ed6998a9e3cba83f123876b4b062fd0ecef,13,1,0,14
e8a620f2f7824594987d365d74145098cc1f502e,9,4,0,13
2401249ff72cc6eef4f8ff3c68754ce242bbbfbd,13,3,0,16
d60f4454540ea71b42230c82829965c086433c44,58,2,0,60
a023aa2680ae161da2551b0ba4f1b85ab28729e1,2,1,0,3
b7b6ba35dc6b5c39e5f4527e063e021c112a877c,243,6,0,249
9b737701d7e82ca09ed3d85553229716aa42c3d3,49,4,0,53
1e1277d80bb5efa2bc601da8982ac4d5b727c9e7,2566,24,0,2590
71a63c8fcf927fcb335f3ebc1988434eda0b8a38,18,4,0,22
7d695d82864771eb9077dee089b9d34c0cd768fb,50,5,0,55
3f9a2cbb44befda7957b94d3cfe60775be0f1e89,77,2,0,79
971c9adf091905d938cce0f97db63d806f0a1e84,38,3,0,41
30f3f0d9afa582fcf3120532e9f6f8a79b3f7d41,4,1,0,5
3c97209931c06cd5201ca989cc4c99f5c9c9e5c9,5,1,0,6
a9a075c0212df6e5250ccf242757fe8852428b2b,12,2,0,14
1df6fb7509901b892ddec0f82eb4292cedd0433e,590,15,6,605
b4c9bdc6fb4f741d1865077fbf6d2ef62027b430,2,1,0,3
e5029b6506ef18953dfa8b390ca07c3eb9ea8a6d,62,9,1,71
0680437c7619da3da1acd23445c0661d6a113f96,446,7,3,453
ac19af76d34333a8259536ac56d0c7fd3730cec5,4,1,0,5
e1e54cf9e6365641d0e08c87af22b3360938c102,91,2,1,93
04042c73697aed1969cb9284dca8c7267de9aa60,39,3,2,42
5920969434c4828b7f22dcd3b9d6a81da1619db4,8,1,0,9
db84cbb87a0a7c8d1b7b3595e278844cf9648ab3,9,1,0,10
84a34a215b026f8efcc878a6957966cac0d623eb,1587,48,0,1635
07061381b3619637d311ff00d9ddf2bdb77b8e47,52,1,0,53
29b918f998c24ad8de4e2bc7ec63a7180494824e,5,1,0,6
d499ba12fcaeaefe0c56d57e7df7a86c18f0ca1c,193,9,1,202
578f42e93631da10ff5e5152a2a645991319b625,51,3,1,54
18d628b8fda8cf27c58854b64b8d4ee177c5334b,279,18,3,297
1ac071f81ffd4e428254a9b4d1cd5ec8f795239d,247,4,3,251
74ddc3a1634ad9144fca3882169a4693e80b1734,43,3,1,46
e279dc940066bdae9728b1fa7800910ce43271a4,494,17,2,511
ca0b5b83c867c1bc703e00f680711943fb15bf51,5,1,1,6
40df151e79882a9debedc2971e71625659e4f24f,277,7,1,284
3cca15fe810b5e01fc76cc94de92749e73d656ba,104,3,1,107
3e6733f820d8f3b0482849abe6e1705da38e18a9,84,1,0,85
f50e87f14c3756f1673bc2c5d8f8b8d4cc1f74d1,605,22,2,627
aed4b56f8caf16dbf43acadedf0e75b9109e903f,16,2,0,18
c8d68ae67599d1d35727c385385ae7383843c063,510,11,3,521
f9df1393c3e962b3ce5bcaf839f43ddb713492a3,853,10,0,863
45c59f618c7feea0e50eeb579d604c21404b83b7,270,5,0,275
d2087b365859c215a55900a47b3f9a9355808157,10,1,0,11
7a391659faf15010b9594886a281592886ca1d62,574,9,3,583
bbf91c7210abf6399006b8770632e2c9ec7e159d,836,31,4,867
fc51fdc01d2b93836346c723107ccbcd5dbc6cdc,20,3,0,23
6b5b0912eb680db526bccd0d0bdf42b73b860063,83,3,1,86
956df6336bfa147ce7e2d9cf8992169ce44a1ced,35,3,0,38
e1e79bf8561b1fe4ab4b510acdff18b1569490b1,2,1,0,3
1bcfbb382a87fc14cf5a079529c450627e606faa,2,1,0,3
3a37067491baa48a9bf8ed129e158f3fbeaf8dfc,518,11,1,529
866289cf2671316d73195434c5aabd8e315ba18f,41,4,0,45
8a0b8ce75474cf4d116a639a61cf107f3375647e,600,3,1,603
06baad647bfb04ac7c8c1796a7318edea47815d2,61,7,0,68
fc524ba31024972a0fa34f906a24d7a0db8a81ec,12,4,0,16
91e4679f7b9fa338f6060ee019da22f3029e8b33,560,8,0,568
cb7dab4be3a5d1425c9ceb1875f5417193b3f2fb,21,1,0,22
7abbcd2a7845b6425700aca02a35c828f9bd3e50,3398,44,8,3442
7bb797d1ba1a8e2c1f1df33fb6b847e154df6423,162,4,1,166
45a8430bc3d981b44e2d8e242c75480d7dc593e6,46,5,2,51
fcfcd88266c163270169a1ffcfca3d61869c8e59,1988,18,8,2006
4694f67d45c99e27ee5757da077cbee27f6eaf54,28,1,0,29
447f7fc29019432a39fe790e2bd0daf470737e48,1164,11,0,1175
a22bf9c0b87d7d7f8599f48a387ecb26a7518479,7,1,0,8
1ca1436628f0598da4e108cb7c4a5c74ea24cffd,2,1,0,3
106c5a071c3cdffabf2d48c4c2de2255ca72038f,100,3,1,103
8c8c0ae999ab7277b90e003af9ab1a034f64025e,96,4,1,100
be6293207fac90e201240629fc5e484cdd2e41bf,2,1,0,3
3ce335a2f815d4f0818a60a3f6397ce7f5f26387,8,1,0,9
951a781cd044fa63476a917b2fede1d29cd2e0d0,14,2,2,16
7abfb12e1ad96614c1811f1276eedd3af16af051,915,31,6,946
62ce57f4886e36daaeee438c9af7c6dc279b4844,262,6,1,268
3b9ebea18ca18e1dbd18c6c12a414162c6c9ceff,67,6,1,73
e7681954731349be98318b4f52177e79ec638b11,14,1,0,15
27b61a1bf23fcc358ade6bf8ea073415fd21aa56,56,3,0,59
d540d95d24833216254ba2d1980955015e667c6f,8,2,1,10
f5c19f663b64ba573b1c5aed92ce3c08b8736fb4,31,1,0,32
0c7a20f3d129edf3928c3d7f4bad12b2b1f58ae8,121,3,0,124
22b56edc6cc17220a18675cc077e374bbabd8575,6,1,0,7
00c22042dcaee666b04c91e766246919b7571fd1,280,47,9,327
55a20b2d6b394482ea6beb57f10fb89de93368db,27,5,0,32
69f29c3c7baff354613ddccc16859ff5c6f9d368,1572,32,8,1604
ccab9a1986bbd86a44933df18bcd8dc824bd4964,12,2,1,14
3ecdc5cd1eeedac643f160f52a540b3bc5bb308e,17,1,0,18
4e3c7d9683bd10150d44ca5edab03dd2b4ebda42,2,1,0,3
4c9ac5854ca2e759fe57ef811bb53cd42ab824ae,1,1,0,2
f026f45d42e27740067c3fe94a2d9d3d401b2556,30,1,0,31
9129c062bc88f66ab36dd50121118332735705dc,475,4,1,479
0dfa0e89f2e8dc25feff9642bc24adb964c305e0,74,5,1,79
752196c659991792ae544dad4e7a356a74a697a1,4,1,0,5
8ffa381f32a034aae070e087e16db2e416df88cc,61,4,1,65
32b32b3d3f7d3b28c5ce65b72619761b68f3a514,3848,38,4,3886
fb086485d3a092914942c579b630a46ca2f22ac5,16,1,0,17
75667900a7ad4739069aa2220b778ab7d7b12a6b,701,7,2,708
f608b38d40394be616c1c36f808403b1c8d1a695,186,3,0,189
9f6c20bfe07b4356a5e5fec5deb3f8337eed3c16,4,1,0,5
d3a2a194ac740b81249ca75be2f073602c5607f7,529,4,2,533
caac81dfca7bb2de927e2c6306b554ac5cf5d6e6,120,8,1,128
28f38286cb03a5f88ff4977512334d81e33f6b40,32,3,0,35
945edeef24b0cca37c8106e90759a440303a8099,11,6,2,17
1749429d9a42bb303056420b90d473ec7760ec6a,40,1,0,41
9a7dddc0895a3b2419792d96558f80bbc8cf45bf,6,2,0,8
3ae95badf7e38a0074d36c2f00c6de0a2da69807,295,36,12,331
1257a3517fe46f9540578063d1a1cfd133140ca7,45,3,1,48
753801a301de25c57a98de2c1e0bd76a290a3942,6,2,0,8
c4e1ac91a68971105ee9f61e4bfc14381eb53a4d,197,5,1,202
23cb9ed1aa6934d0ae55c775309fd5f5be4dffd1,69,5,0,74
d4474b9248dac200e3935f6a83955e12dafc8632,2,1,0,3
6c4138fc98ba11d2ad82816581f008197679bd8f,492,14,2,506
38a1804efd97a10ac9968e7939207b521bc8db2c,483,14,3,497
4c3be2d55a74dfce75052f468174797deabde416,1,1,0,2
baca8165fd5a5b09bb60d2a0460d9b139b808e52,13,1,0,14
2a4b425dc00fa6565c009c4eeb6ea2263acd391d,122,1,0,123
9f3fe4e4ac42db2a39115cc4fe9a4ed7cd7599b1,7437,53,3,7490
c238c2b66a4fcc30c0894a465bce4ae7c1a2b800,99,4,1,103
c7e2481b3e8f86fc09307593a3f8378d03152267,214,9,0,223
27ad26c43114350d5549496b7c5e069f8f607c53,284,5,0,289
8b45b8f9a60e4ca05bcad94e98f86d61c2631b9d,1165,8,0,1173
891b31cf8a29edd7f36278928f607b7ac6d58d37,54,3,0,57
53903950a0633197947853ecf59b9473ee1716e1,11,1,0,12
e397731832f16c71010aefa71e65d3036e98918b,11,2,0,13
fc4165d77437ccb19e4b7fca7c80e49079afe6e4,7,1,0,8
2e543e992f842918e2405c276b041d03b0958bf6,2613,18,6,2631
eee245ee9dd01c0afaa9b7cbc38ce5eaade15e73,20,3,0,23
8db97955d48d9b4f138adc225a7229aeccaf5b36,2,1,0,3
ea42ca69d8c67cf6441d2ed90263eafa18fe9afb,298,2,1,300
ad6a46c3e472022ed23764b7f91aa19db97a1092,32,5,0,37
8fe5781806d846c4dd1de443f868f5483c1e2c7b,776,201,9,977
fd003dc747d85fa7ce76bae4b08b5a4888f97880,231,8,1,239
4ad049faf874b1726806455fda31d7a9d93da207,7,1,0,8
47e91a2551305ec751c29487d156d46404dab06b,119,18,8,137
dd7395769d6298a7146bab5b5dd67f20740f3fe9,2,1,0,3
9c49b40e7cad8ba488c7b1e255b35a51cb8cdc3a,51,1,0,52
43c70c9b700a7df9b028f0c435ed497ad777ac79,24,1,0,25
e604eaf2387fc016b51b02505c9c48483c696c08,18,5,0,23
2377037f0c816b722e156ca151fa15effca4de1a,155,9,0,164
84b814371f3d2c43d729370ce83a7b051cc07a25,340,13,6,353
5fc684d3021346d08fa55d65a46efeb42a3bef7e,16,1,0,17
0c339d978b055736a674b8276fa48da3b7da3c19,717,7,1,724
5b34223067aea8f8da9bbaa3373bd07e247a66ec,548,12,3,560
6005bd2076337e856a606b657e337d52c448f4aa,12,2,0,14
27c27362c8f3eeb692c64a0bd455e49408336941,26,2,0,28
cd823b7afaef175aeb2b95814710d196fbc283c8,6,1,0,7
d64aa983e56c66265b3be794491edd10f884cbd1,164,7,1,171
8ed5200e1d9a77cd341273a621e829c1f99e99ad,32,2,0,34
4d3d02aa4df3738b9cae3e4eddc0b78c62b006a7,163,3,1,166
17847db705cabd823c268342ed3ba6e1b2be4de1,6,1,0,7
3eef6eaa01684821dafe3a1bb99812eb14914fee,10,1,0,11
9497a756bfb99f8efff41a02bba3950cd782056c,23,4,0,27
81f433fbfd24890f9d003d02aaf3881dc33487f8,4,1,0,5
859c68c7f92280292bb6f570b6f58708bc53ef20,40,3,0,43
b75a4c00169d68f9aabc87b01424664b73081ed3,1498,75,9,1573
ab6dd9fa1b05ad2e395998e5dca3343c78983df3,574,6,1,580
4ce688e7b9a70bb99966c54ae558c02710b74259,40,3,1,43
866e29a0cd0e23ceaee19841167601e8b3b982cc,118,4,1,122
39811dfad79e621696a9441bbac7f0072f002c0b,24,3,0,27
49902ae309a7deb79aa788b6f0c6a532975cbea5,64,1,0,65
583548c8f26504518e214bfabbba8874e93011f7,52,2,0,54
db7cd63fea89cf26349e5ba05f8813b16a1f19a7,10,1,0,11
89a344998bce7aeaeda8a4a49d5df175bdb82185,1141,23,8,1164
cc8317438dd4edd6d41885dcf0471f04e42d4f64,258,2,1,260
3be84f225a9e62a7357d98b327d9646ba956b13f,14,7,0,21
5e2a810bc34fa1f960ce92ac5e7ff1309b854643,192,11,2,203
33756ef933ed6c8f186c69189552045c4e3c3c45,160,6,3,166
29bad867cb9c8165a1cd8d0fb116e8c5dc608c21,183,6,3,189
dc636437253118e4b0b3829033aeae27ed4fe712,521,15,2,536
e28eeb3de33ec52e7d0a25e372ad0fd61acb3cc6,5,1,0,6
33f583b2a84a8a22143a26c9cc6b80dc2a81563c,122,2,0,124
732a7b9228cb602f685909460e44a4ef76e77272,16,2,1,18
49d8fa7907efc4192c3ecd5fef67c33e657c39f5,693,24,6,717
02f6181e820d2905f3dc20ee7843cef08d0d8ec2,214,5,1,219
ae1ecefeaa2d2434028dcca723601bc65120292e,92,5,1,97
de62d8e15557e251cfd3a615828ef65009ea0b7a,72,4,1,76
7df1a43ab04fee969ce2d9dc80a42800b6a3bb22,127,8,2,135
e71ac1b34dbd96d832ed98c89c36195bf17dad83,13,1,0,14
0b8af630a33ef06d1bd744832d6f820cc9f2ef10,2,1,0,3
07e2c721d964c290888c66bf7750e6b2067d4ca1,47,17,16,64
52f69d16a0e99376348ad060fb4062cffc9886cc,40,2,0,42
a7c419a28e4d5a478933bcb82e3ff7e3c16bbce0,2812,45,17,2857
e041ec5439735de81d3f57af91db5b380b9f8062,672,13,0,685
6bec4510c6e239eabf10e18612e80e5d5921c2d9,1,1,0,2
dac9ae2885e79c215301e2ac05f4ffcb7f384d85,2,1,0,3
b6fe4e64030b6331f02bfd3721c8e1943e662424,33,4,0,37
bca67566b7ea6de79e28814c2f91b2341ebb9ce9,22,5,0,27
09939744b401e140c4724b0af9277a5822860f3d,92,4,0,96
aadcd36289c0da12f6f7e164928070a3ccb2d103,12,1,0,13
52f9b085dab355ae70a0b262de7e3c3c5500df09,5,2,0,7
2f691fc761c8dba517df07248024b1ff633f539a,28,4,0,32
079b86d897afb76a4328cb5a057282676b6a2213,116,5,1,121
50aaaf93c6ac51cf6b5faf86e586a5fc47e8e184,247,4,0,251
f67107202dfbc5ca766fc5fd4e1bbab9e503cb7d,518,15,3,533
626c43a37483af8b32e485ad241962935bd9232f,106,8,2,114
12e77bd2aa6a6264a772ac98ea20663a9baf8f28,96,3,1,99
e720448a5245d23dd9e637f9710f72f5bb5aef97,68,1,1,69
67afc71ba61b680ad169197b65d53d54e539c343,792,9,5,801
b1d28fd15416cbb5455cd77bde0ae26274c5f96d,179,8,0,187
d2b298194259f814ab7e7b9e3a308e3ac29faad1,34,3,0,37
7b1715c44f1a049d01cf739ab90d9defbda5f667,402,23,15,425
625482aa8bef8497e2a607bec93ece8ff52117d9,31,10,3,41
31d916ff6563d7cac38eac0d0b9d824825bfacf0,814,21,6,835
db5923cefc60733522a425be07eeb8cd89fdd60f,251,3,1,254
54922171e1483d6723a96238412adc19f4578198,149,6,3,155
e897271b4913ef60efe174d2a8df938d4fa14ebc,3,2,0,5
16f028ed5cfff621cadc64cdcc106cf261312dce,13,1,1,14
2e07b0bd234e0b8673f7ff075c49f454cff6a1b9,113,10,0,123
cd579b1ad8a87a5ca1fde25d6ddef2ab23b750bd,34,1,1,35
85b07f3d109132a8e089e7af7752e46463a4478b,26,2,0,28
365ee859bafe842b1ba09c88f4b20a0f0daafec8,374,6,1,380
9232bb5ad6962069724510277141e11ca7724e26,145,14,3,159
eaecd64e47d9090f7c37a2876fb5808cd3893739,826,28,7,854
024da51a1ddac76af684761ca25b081c6780cef3,140,6,5,146
25e7be1ca66b7ca917fca4f5f643db1d683cabf4,3,1,0,4
d18fab9536d73a541f2d142fb1eda433ff42e34a,202,9,5,211
2d0b247606528df20c081ecee1479a5b28e2df8b,3,1,0,4
6dc820a6e77e412e843b60d32c4b5b9470f630e8,8704,24,1,8728
0fded6321f2939ca6d525f113cfd60e4ba8b5dd1,109,15,7,124
523f697f7422725c1625105560ff55b331c077c3,18,1,0,19
a1fff551d143e99719e66cdf73273602fc993a2f,7,1,0,8
14ef543ebb701a8208f87e578b8fb82ca7786cbf,58,5,3,63
1642f00482d53ce3d724117ec7221f430e38cf42,27,3,0,30
eca1d2e3950ddd064bab6bdd824ad9cf8225a9ec,25,5,0,30
1d45f87be735327ddc6273df8d561d123af9b301,11,1,1,12
cac4f248258459e7e26599ece90d5f12bcdd77e6,93,11,0,104
c01b85241ea8001ffe39dcd99b214c57520cefac,244,25,11,269
c81addae871d17492fc0cb046b284b6f75a7a22f,4,4,1,8
29bc069bd88f4f96fe547d68ee3c81e3a02df9ac,20,1,0,21
9d64d8a664defa355664110ca89f2a80c09052b1,627,6,3,633
8717e3508202a6d4f6fa457f6f6e2384479e5b9b,2600,59,12,2659
551b5c3c1d3aa6fa74667d84512bdffcceafc95d,433,7,2,440
93166101f7d1d97c6042f519c2b019106361268b,1384,26,22,1410
c768df89ef52e80df1595a98721fdf364f37bfad,5,1,0,6
ad6ff6b8de06c82ee82cc46a1e346e0e41b4ad77,163,3,1,166
08be56ebc34533e3a8810da737b60f7d91d2ec81,2,1,0,3
1c81dfbfdfb8f5afd37993025c0caaec765383f0,68,5,2,73
8d8bf3b7582c1e23175ed894456d364b17b85797,31,3,0,34
bc268f19eb3055f6813c5001f5582e78e6085c34,22,3,0,25
fcc6994b2577d72007d8bfb896ba7e4469bd6d8c,34,1,1,35
02c6db60f63fc97e442ef40585a34713a405d66d,149,10,6,159
85d606dd5f59f8ad29f0430efd05664fc34029a5,12,2,0,14
dfdf443b393ce7c73e53cc86d9a1212194a41416,2083,14,4,2097
90e55d365637a25541326e1ab41e4fe83d97f99c,18,1,0,19
7fde37594bc644c9c868a0850c4af7103a4d178b,632,4,1,636
6cf8c60a982cfc3aa47d08ae90d2a6a9d9df712d,382,7,3,389
4fea0d4b0afb73715abd8934263b8dd30006684f,3331,26,0,3357
eac11ecacf421120a4732fcbbe62f99c5fc96e80,32,2,2,34
bae8c1fdb0f29a5c9fce9c8fbc03fe2dc2855233,765,17,4,782
8c15047b8f5f3d59634e2589c0b5e59d3efa5f7d,51,1,0,52
c88845a448d37c063134325ddbcc687a4e9c2784,67,7,0,74
4f6651392bde5ea106f0ff94a8df5955667d4c41,344,5,2,349
cd75e12286ab8539e68ea4075b5e69f4c7fc2c85,43,6,1,49
6c9486efab3d2c9b5323ca97fb758fb38d390d95,77,3,0,80
ac1f38702d861852a0b5838a614df87673bf7f9a,28,4,0,32
2bbdfabdb400eaefc2a98b5b6f66a215cb300eac,1913,18,5,1931
b73427d2470dea9fa8fffce35dd7b5a4d58aa412,414,9,1,423
d1180d996cf91ec2a3cd86647104b5593bbe85f0,8,2,0,10
aea8fca7e2535ce2e8a445754cf5c25bef0cb542,125,3,1,128
8e02f48f66283c9b4ab4768e8a9d72a86817ded8,1092,13,2,1105
674139674b0e72188b1b49c48f687303d3f7a352,153,2,0,155
af7578882e6149257396cf7d89d1e06630a34e4a,368,8,2,376
fa615df5c9cb696e01e86a2669bfeddcc6844413,115,3,0,118
a174d812011f5d6a6aa7834007809a67e9bd100c,279,3,1,282
61b2a0715cd6d3be26691e78611310072885c181,388,8,0,396
38fbae933191f72bfd4327be8fa0c96a9076eb8b,5,1,0,6
d3406274f567cbee3bec96e0c12dd9efaa560135,505,2,0,507
c920824d01a4e131e56a6a6be5db1a5c6773ba42,3,1,0,4
3236e40c2f8d3d603c82e706db41bf2c0c2eaf68,28,4,0,32
ca2444f778a15f6e44bb1ad0de67cc22f2f3fef9,7,1,0,8
115cab9649378dcbd6afffafcfa5b0bbca8c24f7,88,2,1,90
1d7b4a5763771f93b9abf25fef25aab7c83e4268,662,15,6,677
3299444a77f57cd40c1d835fe5bf91cfd6461121,143,2,0,145
0a13d98760cf5ac557e5ea47766b68a4ad3131b7,64,5,2,69
6e209e4e0ef138f8c21d597aeb20d1993fd1af2b,15,1,0,16
84464afa71b475e0ce79c10359526c5bf39f0501,2,1,0,3
4f8ffc760f5187883a7ea7561c536dca2d0957b8,2154,45,15,2199
4e41bc36b156b8f1d54619eb79fe161eed2c42c9,1234,14,4,1248
d120f4d2624695ae7822f2b00c63b00f7b68951a,12,3,0,15
0d69302007bc5c452c0c9dd9b2389a4582cb84bd,1559,16,5,1575
9f276fca9c0fe44be4a4a7c298386ccbc1272ccf,82,3,1,85
f3893c96d91de95c69c9109a66154f694f983a86,880,19,7,899
3d9bd65abe406bdfb47bac31e64bbb4402b46d3a,22,2,1,24
83cc88d76298edafbd0ca72a7d2fbde8e13dabf0,33,2,0,35
d261a76e3b78eeec0d560d60c8f1999df5d7b7d0,180,19,5,199
d62f467adc3f33bfe44017835659a920731c36a3,13,2,0,15
c0dbbfc81c1fa0d6be78c1b95448fff96803f0c6,20,2,1,22
d3c269534ceacfbeac6568311276b9d101cd3e90,310,5,2,315
cf980cbe564dda983fccf2bf7eabf877a7721cf8,8028,66,20,8094
66d31d6f148bf747d210ff488cb8f967b00fea0f,130,7,1,137
cf9974c3fb418e33a020d547824a31b454f1ff91,88,5,2,93
f6887760cc82380e3546862dd095327075ade565,363,6,1,369
7c7b6cc6fa01eb01a178bc82eabfe0afe7b6fbaf,273,2,1,275
9b5775e79c8881d06b2ed472698eabbff56317d6,110,4,1,114
d8d0bb56d9ec82555ca0777afe29741d14d1d652,16,2,0,18
38c73aa1c8d146fc1f344cb90a10a884b8734d6b,25,2,0,27
23ffd67d871e26b03fba1da16250c061924dbdf0,272,11,1,283
c2f6b25cbd3cbef4d69532d2956174233ef281e0,1560,10,2,1570
9edb2cc333d8cf69aa16b70c6ee749a1b164050f,56,2,0,58
77446e760d3cb4c137895b9eb9af121d2ccea645,288,4,2,292
e98efcb1ca23254753431dc2befa8096f6f398e6,10,2,0,12
9180dace4f8bf8fff158a3431c3d0aea3f48bd99,2,1,0,3
16cd4fa456c1828402ad6de24e732f212ef11546,2,1,0,3
c30ef17480489d36c59e22da492c1135a3c9f6b2,71,4,2,75
3216159261d7bbca28beba9dd3458520f9b40af5,101,4,0,105
fbc28d8aec1f1b1fb4a7573809914ddf582fd8e2,80,5,0,85
9df877d602bd7ab9d465b7a9da0c07d351b46976,190,6,0,196
584368d930f3e9f05ab2d43b3d061e689f79a2b3,177,4,4,181
f3aa4dbe5e67a016165210a6ec9c6b26454fc79d,4,1,0,5
a1c5af7034d20070bd8f1c87c9ac2774d8044f1c,1,1,0,2
05609e4a382746051080040973faf31e49e7b93f,2,1,0,3
76e0c626bbcc906de04f617071767994fa2e5f97,353,13,4,366
68092ab9eb83af173d725ec685c22ba4eb5bacf9,168,7,2,175
3c2f0b3e931c0f77bbb79bd5bc27353c0449e525,1237,16,0,1253
dbcbd2eae2430050c003de86c605a7ed8f0e1b9e,22,3,0,25
5e525d095cfc5d5aa20a2f3de4f9f46d15c4fa22,19,1,0,20
0a3230928a52814f6926b38038a2f0c9bc704f31,12,2,0,14
e70a78187d87914ff5015c24a680d07254d5c089,7,1,0,8
67ea9bba089db9ee3cc9664d329acb6ca2cac6e5,74,2,1,76
f5017bea196e5e8848dd41cc2926f277bdbd1259,1363,36,8,1399
add0f07cc3b6c7ffdde3afe950faf299f60443ef,16,2,0,18
fe7fff6288464aaf430ab850741000481fa704fc,45,2,0,47
8f9bb5d2b986e07bc5a117549f0a333202df4e7b,23,1,0,24
45205e85b1bb491230affe4767f480c6ce7400ee,10,2,0,12
fe292873e7b6231c5660fbd247e5879f39f5e780,138,11,0,149
76fcc86d96083e32a19fdfb443594d7ee830e591,15,1,0,16
09207f9f0729dcdac8f756dfa475b674e7f5c1f3,42,3,1,45
8d593f384787fc8cdec604629229f8d33ee15c8a,2,1,0,3
c7b647acd4c4f00d2337b09ab601abf55f238dc5,511,12,3,523
c87b110c70e7ca74dc9b17fc0fa25cfb99ae7687,358,20,1,378
239237eb645244e454803ab3aaff72cb206d2355,4,1,0,5
44d1ce911441d79782331c3d6ee3f07743706cb9,6,1,0,7
04c4dc28df45c9060154921f67ec5da231e133cc,6,1,0,7
eda4176dbe3fdcc61744ab8e0ed3cd1246542c8f,430,12,4,442
3668c7964ca6fa35374cb2490678e311fdce4925,338,8,0,346
f8c2cf3d87a2849c029e861c5470311e0c217011,2145,26,7,2171
a0c84fe2555720efc2872cbc188b6b8c05aa45f7,2654,34,9,2688
761ce2fb7834aa696adefc063eafb1f0c1a4a703,405,8,3,413
31594daf7a5bc1b52026e447cd18b593149d9b51,47,2,1,49
283a495d87a5205775043ff7216ac9a3a30e88f9,187,9,2,196
49a65a3987a78fce2a0851a65eb65762b4f3003d,79,7,2,86
e4471175899a2d0533d9fba2f481490ae18fd53f,5,1,0,6
ffa66bf3b5101278a475052878a722c53231ad3e,419,6,3,425
f30d83b288842732735fe9ce17f0efa4da418a6b,125,2,0,127
07c74b1e8a7d3dacffa9e41c649fa7bae450c49a,345,6,0,351
c563b82f21517f4336f4a2f33f8bfa4aa61d857b,19,1,0,20
bd1af57f0458c9dc64a2e9017e3890582547ab68,18,1,0,19
4c4800bf65413105ecf0fde7c189f3378dfa0d3a,92,3,2,95
09d373513c39791a1352704ee724eafd731bf288,1,1,0,2
a734931bfd7d9619729ff30d1e5c5189aa2676de,7,2,0,9
c44d371de89cea8ebefdea30bf48e7da988198d2,2,1,0,3
0b4fc0c09ddb05da5b32ea95c4fc7a92d2adeff2,39,3,0,42
ca01c86aa1658028c5b6e7bbbd0a33526d61d167,13,1,0,14
577f1cf6328a135f3a933dc0c9dc43bb21d34f5a,172,5,3,177
d30dfb0c1fc5462e77cefde185478faa5d4eb6d4,5437,76,14,5513
4b5c5acba103a7106aa361dde634d2020a2899ce,1173,52,2,1225
b0fe6818337dec5ad17d7f984e296f48feed0c5b,19689,9,0,19698
bfb518ebf90d423b174257199dbc9e4ed67a8029,168,1,1,169
b24816ada4d48d7305ff8f84b9406d88c485c4a3,44,2,0,46
dd4e69e1906495f41ccc9997f1b924cbea7a62b9,141,1,1,142
9cfcd305cb50d10392b4d32d90846f7fe25b9936,167,3,0,170
d6f9655c7117350ca3f777dc9f97b8a9e7ac76fd,1671,20,1,1691
ad391ddfc18517d78a596a2e304951917e240ec0,342,7,3,349
bb5913f6029337d2271d2eb7d6e4a3eea6eb5eaf,115,3,0,118
7eccc99502124c6c85a504aaff3098805b4b9001,57,4,0,61
8b24ec4943456876520240934463070e9dadb21a,155,1,0,156
8193e52ad23177700c66e6fcd5593dcd79c1ec45,1753,33,0,1786
8a80760a20483b878510d39a31e020400c5ee06c,117,3,1,120
7662937e08129b1b1eeb409eaf38b6e7c4689c89,192,10,0,202
26a0696232589fb6f328fbddda0cf6cabcc7b759,37,1,0,38
0b69aab2fc207dcb35458c3de7d852bb615a27d6,424,14,4,438
639f94ec388a970c1e9d87e25ee2021e449d3e50,14,2,0,16
97f8ef3c269de1ce464512c5907ff0001f5ade55,1046,13,0,1059
9746e82dc3ea69ace25cb99928f525e0a5a5e442,5866,57,14,5923
b07436f4a2f55c7d88528e2415fff78f05551988,70,6,0,76
48edd8d3207e29152c4ae848823438a15450e797,1653,11,2,1664
df183d5755787f50e615910abf7f088115ce1ce0,8,2,0,10
b75876c843445067340369ae5b0036926d258143,31,1,1,32
af48abce79de1482c757c3f250ee0a584f423b05,3,1,1,4
bed6efec8abd8e461927950513ec849e4ab071c2,33,3,0,36
8273f66cbaaebf1bad15649c54ebf4d9008d10e4,123,1,0,124
849ebcbffe792389b2501d5dc9384cd7d8a7224c,33,3,0,36
492d7808d19c9e12347cdd222dc63dbdb105b2c3,13,3,0,16
8249b6ba0d24c06c4f9297418cc50e3a9192c3fb,688,21,2,709
73eb06db3a2b64fca24e811c1caab6b998ea92a9,33,2,1,35
aa04c571c06436dc3d4163068694e5b693bd0b5b,12,4,0,16
18a9f2fa62e1aebe5c5678fa696faffc44e548d7,149,3,2,152
2d20c64793474125a575df3b9b0fd8d90a1afd1e,2,1,1,3
ce298bae09b316b40fa1af65ce96af2bdfcbc286,137,2,1,139
51c7a0f6b87f78d73a146607e5e8f4cdb8a6edd9,15,1,0,16
9362ba4d59b922b8bee30cb36e7e4fda2474b6d6,2552,37,10,2589
cf627b23bfb72c38f28fac2232f90f9215cebaf4,87,5,0,92
bcc74f8715a6cd003a762f0da44f5d6ecf2dea9b,93,3,0,96
b824b480f1110a16d5157f6a8cbd96cf860a6bf8,8,1,0,9
2a3fcdec6f7ba074e029beb1a66a38ffba3a3524,446,7,1,453
c37dc02c4259e7978feb1157fd96a169bff8109b,189,1,0,190
4d68dd1a3037b63f0d73f231d378aa9420530703,4,1,0,5
f58ba2db8cd794992659a83003aa9f9e58e71c56,1146,33,6,1179
c17827fe3ec707baf0a494485442818809ce41b9,30,1,1,31
cf954ae2e6e59dd0f3eda523c0e4a45607395bbd,1,1,0,2
144cd987434bac8c16022806cd3045bf4ec309c3,104,1,0,105
7540702c7751dc3f6129b9c2e5b6d42e8f47cd0d,276,4,0,280
4f997afb95e62b326117cf3dd431d36da371a8db,38,1,0,39
f81e07aa4bb246b18af721b35493dd01b3c556b7,18,2,0,20
1ddbd6eafbd1ddb99969fb9c45c9ae9927ceec5d,38,6,0,44
13ebf493f1177a8d77038284cbce898fd844a72d,25,1,0,26
f8b8f2759abaf587d438a4dd73ffe815e98ad554,137,3,0,140
0ebd321ab64efbb0d127f34b6fd1e3aecf4b45b8,52,4,1,56
eed7c1a7a18602b2eabd711eb01610d0ec6ab752,460,10,2,470
770381ffda6804d242cb83c93538d3ca28e6464b,4,1,0,5
4f386bc72ee92c95dba9b87e8770b6ffbac2adca,9045,9,0,9054
5f01357cdbb135d4740852608494c4dc8048c0d2,2,1,0,3
6ee6a41d86450ae05b5595609c39ec1386d99ad6,243,4,2,247
3579aae5a2cfb6086009cdc3c1b7372351ab8fe3,103,5,0,108
a78ac5c38cae0dad8951bbf1bd70f88f278e2905,79,3,0,82
dc17239787195968827562d98a1c097f7381290b,26,1,0,27
f245b5efc1566bd697dca440f5632a64e663efb4,12,3,1,15
e9e6a3354684a71946beee09efaee3a9ab37bcdc,89,2,0,91
a6f8f1e3e870aa3d242a67f92ffb28a7f6142770,7396,45,11,7441
860cb92c8a83a1dbbc4d7f857a40fb503db8e617,1,1,0,2
6bc6e55f5f9fc991110e5f84efd755d9d0033418,561,4,1,565
c1a09448f0f79d785af0e2b872b1362ef96b9497,10,1,0,11
15bde959a2d6cd090483d616d26532d29e57606c,115,9,0,124
2f3cd43d8ff1699b11eae0c63bdbdbb7fcff8a8e,13,3,0,16
f015c68f2f68c263da141394d64a9db92baabafb,19,1,0,20
1b8cdd867ac2261b4cceaa6a9f6b11b931b007e5,2,1,0,3
3a77194a9b5d83c6af2fdb6934378c255c3215f8,66,2,0,68
ac5ada21854d94c6d603558b988d53c09c5cf7ce,39,2,0,41
b00b66c9497e142ca46fbd1b06fcb290607e5ad8,10,1,0,11
2f7243246b11d50418cfac7d39e3794e61a88d0b,13,1,0,14
9c84de7b6fb29c7ede16e7d0462fe1bdfc0fd1fc,6,1,0,7
7d6687510d34c9e6918fc335b4924ea45b87430e,550,4,1,554
5af88ef909f1c2d71f20ce815372b3eec408ad1b,1651,23,0,1674
f3b66177078599bb7504326535bb8140573c2a26,4,1,0,5
494ff8a38080190c07f62072058d5e1275bf98cd,2025,17,3,2042
a8c6f8d3bb96ea9fe7b5336bdda7fafd127d90fa,114,4,1,118
3c3c71614ed69925959f97a3fca15e1eb289b173,2,1,0,3
1f5bf57dd7b4c642a5d030a3d36ddf4b1853948f,997,40,8,1037
74aea8564e6b8d289b2946247fa63e892c75453f,570,28,16,598
04f2b7cadbee1bcf8224c01f8afa9a5829fef3ac,3,1,0,4
716a3b256fec36dee9f2290ea393f483eed9637a,48,4,0,52
4f849eafd004072a130321a8bcd96456bfee130d,2984,8,2,2992
4fc317be2615eea908bb220df7d168c152bbafc5,2,1,0,3
5b97d06757027de04e16e36d7bf9b88c3b478195,6,2,0,8
b30a6928d63df6bc951808dba77a956b552dec88,466,15,0,481
8040b094b514cc8c756c8c315a24c3107aa1e596,582,7,2,589
367f7e4743f00daebb4c67dd9e9c0f31e62b386f,130,5,1,135
b48c412fa9ad57549cd33246c087cf70cf80f7eb,18,1,0,19
07bd379e2b2eb33777112a84b9140515a3cd4d4f,10304,7,1,10311
5439e77f60d6f7efb78acc928a58ba64eca87fee,1524,38,0,1562
6d3c7de777e65798fab2b203c4735fa73b36b6ee,60,5,2,65
22aa7816a2588abb641caa0948d8d3cb24e36828,61,2,1,63
2ce7502c1ed5daed7852f0a497fc1b4cade39539,322,7,2,329
5d304950f815796473b3a936c401aa489a0ccb07,36,1,0,37
f0c95dd6c9e490e8410141c246f47dd975f31301,249,20,6,269
4afabcab0dffe7fa818260a3c0d7cda04b6324be,39,5,0,44
a3977b91d9ff1951c3ba809cc06992fba46791de,157,11,0,168
fa0757997c663207d4110ff1cad98374e7b770c8,45,1,0,46
4f3d650ff095c515aa827b754409ec41b29c5acd,7,2,1,9
19ccfe0c733c5df8232e8472eab4e37825940e40,392,16,4,408
faa068d784aea586a7a7d2f7566b7f82aa24c298,1249,30,3,1279
1c6667229ef6da4f29eab123614a0053e162839b,3068,17,0,3085
602674619d772a0cf9e66a70b0524f588fec6248,21,3,0,24
b2b185213f11ce1af6f83242d94573889459182f,117,2,0,119
0614310d1916586f0bac6e49ee4f10caee0319cb,97,2,0,99
23303ecf822497cb0e139f94a058583d072446bd,9,2,0,11
363d47fb502cd2c18976676944366cf6830feac5,7,1,0,8
51932873e86db099704c1e9ef0f925bbe18f3381,122,1,0,123
052b73b0aed962ecd3916313a11e0dc12bc09b4d,270,8,1,278
4445fdcc465a481e25cd8e25257f6bc7d7d184e5,12,2,0,14
814771474d74d0f1b9d9b09db298257975283332,110,2,0,112
aba5482f87e96d41e0b0ee9e403ecdb4a7eeece6,1671,11,1,1682
343aadb28058ea4fbb38ef17887f0ce19ef8c5be,24,1,0,25
8516fdb8436faecf3960c30f479c6dc09cc0029c,8,1,0,9
ea3ef34b5b92f0f5253655ac5416899bc69ac766,192,2,1,194
ed4e3ae8e8f21df0d6edd45057a7f194a3610eb5,98,3,0,101
7790e15f15a69e800f8b49cd0bdb44725db8d6c7,40,1,0,41
98140bc77d7e18ad08060eb0c19449cb70d2c49e,928,15,3,943
103f538fbf75c302ac1ac733c45900a371bfa7b5,18,2,0,20
c9f465aeea6f2daec6a64338ecfb5a9ee5c423f4,40,1,0,41
64e1342ebd41bc5411eb9cd7834e1b1ce610f9a2,2,1,0,3
a92d88d123675b4768785f0ed510b24d0a99ccbf,12,2,0,14
01b1de5ce38e128b2285c9c6f8f68b335ee77efb,784,9,3,793
b9fd12899187ca5e63af4f122b0b3d607045023e,526,12,0,538
e92f94b55649747c6f83cd0fc7ea214873df9fa8,22,3,0,25
895c7eebed77114e962ab5e2dad028cc189e0b8c,4,1,1,5
e6624fe5b958d3f85812957c1ec9dc1049117338,18,2,0,20
36ef2c3114edcb6b0fb90ace11d41f9925a2e9fc,334,9,0,343
5282e11a75d25d09169fb3ab5b4f0b08e2e78370,6,3,0,9
a7b4aff7c98ab494bdf773c5959e7d56df979813,4,1,0,5
094fffa822e3c4c8bb340f06db2c35e8856b233f,15,2,0,17
2e221e64cc9c511672844d71574c3cc919654f5d,26,2,0,28
3ffbab91abcd4c67f54193b967d6d4f1ecbc3750,151,3,0,154
1f79d29f45c32f1dc22cd2c5fe0434415889a3f4,8,1,0,9
d764ea64b53c6255c805a9795239c38fafd25f9f,29,2,0,31
648d02ac6bcaa934a1a08f0c16dcc38cb519349c,506,16,2,522
eb45b438c5053f5caaf289614f386706a472947e,739,17,4,756
57f67c989e7783aaf5cd0057207c57d6fb78bba7,1248,10,2,1258
75dbe8cf78611c575863cfeee12ec620f62f93b5,821,30,10,851
687ac690b80620d491f3d81c6ea323c58ab1efab,13,46,0,59
85c7f5a2df96ca4a0b17be6e5c80b26cbe2fdb5c,36,1,0,37
c33da6b91c803635092303306382934bad796033,14,8,1,22
d4937078fffb76a3609039cbeabdcc859fefaa61,33,1,0,34
54a4991f42f2103dbf0bcb3f5c9d44d520f5a72f,42,5,0,47
3c00da7fd044061dba0124b922f7f7cfbf272067,321,10,2,331
12dd36ca656e43c02bcf75e799b64f69f84fc63a,84,7,2,91
a9f659147ec44636138d14d07dbde74fd5ac337c,426,8,1,434
2189c9273572401a85d5e9c69b3bc063328a8ec5,141,5,0,146
2f203df065cc0543d52be8bb2adf6d26cd63a94c,1342,14,5,1356
8763494f322960dae01ccb501c671537645e34bb,33,5,0,38
e189f5e21cd20183ee6c58636ed516a4aadbc2b9,558,11,3,569
94f687aedc5eb03ab316fb1cdbab417513c9b009,29,2,1,31
81703be9973282f749970bfa4a191a9697073fe4,2232,42,8,2274
c720b9934ab1d24272857f9c745a94d55994f3a5,11,1,0,12
5e5b32fcfbdd4267452d72cbf24c44e3afa90f40,3842,82,10,3924
9403cf1f0693c88d3be015cb22a3334f6cd8c8ff,43,7,7,50
e1b3512160cdfb76dd60b2376fcd551a5e997179,49,22,0,71
e6e7bf92c947a91d5c1e45ba3fef2c35665df4e1,28,2,0,30
1cc296bbe5df7466e9510384949e842b09b9cd9a,8,1,0,9
759eee929ebe8a2656c67364ded65b22dc62effe,76,15,0,91
dada6e22e4972e326dbd4dec16285c001d0acdee,6,2,0,8
2f18f65e86da48b8fa6bb7195586cb44c0325ebe,196,10,1,206
0f64e4a551703233041af0c23242e30e8b1e9597,6,1,0,7
98f8c9a56bef81adb0b78310de861354972ed3c9,2,1,0,3
c0f8b7a5736f860b338a06d9a76f1bc47125c272,51,1,0,52
5c02b14c5a1188ca0e72e3b636231dcb5ff831d1,1553,7,0,1560
54fb020b6acbb00ca2d733cbf4f0b3b33730ffdd,249,6,0,255
b558e81e7895cce3708c96df144886d49569e348,22,3,0,25
a2a27d8a7cb1cc3292cc227abe1d1f4dadf0040e,181,15,1,196
9881764d736543d3f88c31dcbada7d6b8448313e,2032,50,18,2082
8ba44afe99f2b42536b671ad537e34d7d3c58907,4,1,0,5
05c89fca6744b6f5d8ffd0e1c19c8ed0e28d0ae6,466,11,1,477
03ae23c23b4165cfb450f717d09c5ea9e2956f18,4,1,0,5
fdfe8a2bde481aa3233a7675fbf4040a330d4b63,261,7,0,268
1ba62059e8d6b8386e94d8d71a44b52db6fbf329,189,20,2,209
63ceb0c47759cf5b7372c03a2d76f7206bbec133,2303,452,131,2755
3e7cbfadd7d5253f5d3a0d57518e975f874f9b6c,2353,47,4,2400
3486022485b0f69e325ff6da81cb9a020fb68e2b,109,27,1,136
64312f4192280158ed3dc0b7eae67f09c4e4ea05,43,5,1,48
db913393d7f0acd91d61063fc3b0a4bd7c97257b,4507,50,13,4557
5d0bcca885080e29b3e095954454764b306bff9d,10,2,0,12
f3558b63f39fe07018879ed1e71bc8ddde3919a7,77,3,0,80
2201a22da6a5ff5d8d14ea18f8cb86f847a6d67c,262,10,0,272
3ec7548cd1a5abbebd32cb2fc28fdd229e47a2fa,550,34,3,584
8d08bcc498b7f68dd8e1a34fde85b85cb15673bb,12512,72,14,12584
82359d0fa78cf674516139f577e37f3422aaef60,25,1,0,26
d15b33a039cefb580f34da78ca31b531c2c46f2c,17,1,0,18
2552c0fd65e6afca121d8a5f515af0b4b883779c,1345,56,23,1401
a93f1293a99f0aecd3a4187bcae9f36725c35ce7,124,16,1,140
79407b58923d2a58f8e76129a783b61734bee406,9,1,0,10
423692b7f42239df5e35a5ebc1f3dbe3c85ac10e,2106,66,3,2172
c37fa7d64813f01448e1c37f627182514895bea4,478,122,24,600
c93c5235d1a6e69ff65b545e319948d92c1186eb,2,1,0,3
1d84514fcaeea824b6cc4092d4e891151b8385f9,135,8,0,143
3e285e0560a6ad6b9a94c8ca8bd8b253f85a7ff6,2543,14,7,2557
bc87b48055620f94dd52e56edd98d1e9fef15d35,624,35,12,659
7b4a4e7ff28a39a96c6b2ddc7183692f60b57377,308,15,4,323
fc12121c3246a4b511227c8741074eb61f753399,111,17,7,128
23d1437f19f97370a604950429aa62e95f0213cd,168,2,0,170
ef42fc45149809a441a0199e10f63b69db80034d,23,8,1,31
3a3f536c3f276e55660f47e6a58096a288eb870d,2,1,0,3
aca933f2ac6d4c9a49367f75e4c5f8b840b79fcc,162,6,0,168
e01ccc2b98a342dce7f3bd0d547cf7c3c66035e7,527,6,2,533
e4c3b5622ab2d2d4a20f72ce6a83402a53f514e4,78,2,0,80
6bf7f64f9f394851e7d7b8ae0d4e139048c1fdcf,47,2,0,49
b934d10941d9d32a5c23942c61a5c07ed3b5b3a9,143,1,0,144
1c582ed489869f3d863e58b321d52f43d538d0ae,45,2,0,47
29d88fbd5a44ffda982a237dfe215177d0cee2e9,91,9,0,100
58ff8667307785119a6e2e95e565df07d50f84a0,95,11,4,106
d046db18d0f362cb0750cfe24cc81769e5b4904b,47,2,0,49
fb5556c0d96877c30cd8e9b28cd9dc25d36d1e9e,75,11,3,86
cb7886905613e89936dc887f8d3181555c65b960,2,1,0,3
32b6ff0279d3891fc572fb5c1d599eab82768c03,84,1,0,85
7cab902ad118c1ece56b980663ff6e01390194f3,170,4,1,174
acaa78d3358a56004a54c6b220587d6d47fe38c3,941,10,3,951
78bd73730294d4a64e730e37cf37ef719b5973be,193,10,1,203
08c0c2b20e71e6dd44ffba6ceae190a7afd4c8eb,26,1,0,27
a9b7b52949c2213b6154ea135ad86d77d765826c,276,7,0,283
06c7e7d02a2ac569a3a31b7f2165702cb1764305,52,3,0,55
a55a13a7e57743fc0a90d4580cecd77ecad5e642,122,4,0,126
9a30e0c9ae5355a32009bab7076fa9d5dff1d1e4,355,5,0,360
6d5ea12417ee783faf41efea0d57659207860744,1,10,3,11
d4e367acc61e617b3a069bf89ad15dd6b0a0dd11,20,2,0,22
d196f3fb092cfca9a4e291381439a90276f31da3,17,1,0,18
da9d997ebc3f8b717c676d394965ce8f5d67e816,376,7,0,383
4391b40f7e26d2c370f7b12b2891fd359929f164,76,8,0,84
f48370c6ed2828d4f32747bd14627f7d9496490c,2,1,0,3
7bd5a7e76e54db5331fb934c56cff0714f3f7d89,568,59,8,627
c2e6251275f05e4445d9e98ceda2a8a59c46668a,36,8,0,44
34351deca10ea0d6950d5812f796c40e40fbc4ff,184,15,3,199
b250439fb7f14d1217e47bfdd22f67154d0fbd6b,414,8,3,422
0826de532519f0076ad4c98ba865c22bf6a8b90d,578,5,0,583
8619391c7dd28eedc35b74b2d988ef8068de4aa8,1069,26,4,1095
09db4d91ed11c871a53eeebd29a38aace767b9eb,388,15,1,403
b4cd708341b43e6c5cf55995eb7b0e83f8dc9a1f,60,1,0,61
5b5dfe864534f995fc2a778ba24e2d1a38adfe7e,358,160,16,518
dec307ef0ecf2793d4eb298e1b923730a836ac89,107,35,3,142
cc4a21303fed3df3ae9bfb62db32039a278c9215,10,2,0,12
c6d4aaaf1aa7f237ecdf6afa9b0313692d821fb9,789,16,3,805
2fc5e5de0d8a2f42f7e6d5362e0a3cca7a5dd55f,148,2,0,150
020040791c4f1f83e4953637ba95e33f8d252470,264,10,0,274
fd75576104df90c7d1ef3b2ec584bea7dab64118,15,1,0,16
499f03f72fbccc17e2ff1e092e69dab8e4dfa900,171,62,14,233
b9b146dbee606791432158e752d421202eb77257,68,5,0,73
9edad92cd19e3e9cd4089a62524405b6e9c9b19a,281,47,8,328
247af5d600ed806e3a1088ee8500e3596483e62a,194,16,1,210
a73e78b938485eeed08ae01cf67178d7b2acdaec,179,47,16,226
97c7118516ef5ded92b742f8cd89166b3c198b49,826,50,0,876
17b23600b8023ccd3d9da5f2c3367b0fcd5c3c4a,381,9,4,390
5503d4d6821c0e8495c5b7ee5b3c8a32bdac9dec,750,2,1,752
f15a7b02cef262b9283b16c29b0ba2413165789f,48,2,1,50
b5d1f42a1b6db36626935ef0d22652903f913e76,251,12,4,263
97a3c2161adbd62dce046cd962c42f116f9065d8,453,29,0,482
2a9df4e36ba931c6fecba4cc4303893b8068e5c0,253,8,1,261
ca0b5906cb242269d30308f0ff1fdde73a12bcce,394,36,0,430
e81e5303a2e6157bb3530c621c3b8ce748788a83,412,9,2,421
37886c4c135a276f0fd9b266348b7bab82198b79,239,17,0,256
4fa50901eb4cdce7dcc8ffffcfd4390be45fc4e8,3,1,0,4
a0fd481489ce8272bc59f8f02793be214d40dc63,12,1,0,13
35346c9f4450ee2b8be79892862af29ff5a16f01,28,3,0,31
5919af174dd006117ee497e1c6d692922dba9d70,69,3,1,72
29c6b39d34d51bb4165b0be63b17a427a45ebf52,1995,41,0,2036
6d98cd67591b91ccf9c0c67f5528d01e6c38ec7b,94,4,0,98
0eb1c930e34139577e457ba134d5ef5e1ff24d15,9,1,0,10
1f4080c8e7da2b3aa7ecf6826ff1f2f32baee324,14,3,0,17
71b0b58c106db62f034be816babdf9f03ff2157a,308,14,3,322
7ff9dd4a1c4fdf2bc9815735bacc47b49fc54a37,139,9,1,148
f990656ee442973d311157bfca993db6d8218874,1949,36,0,1985
e46eec3553c33de7ad5b01edbb3c75c62dee12d2,436,13,2,449
e29b88a1c0fbdbbe16dbe52a932596de02a2cd60,126,4,0,130
5b031c374cc673e0a3ca769d46e5c7d54046c6d5,48,2,1,50
0f7d8cff7edd62bb5aad5fe78dbf16f699af3462,371,6,0,377
49a56faa78daf4dd32e09d375d4bb11400719782,23,2,1,25
e18f1a1b8f7887bae4b1b8700f075ca27e9136fb,5,2,1,7
696a04ac9748edb38dce9ea22d60b9e9ac6a0b2a,578,7,2,585
c6065ae2b32cd639de8292a3d8398c973d2bd282,35,3,0,38
c3117d0ed32438a75bebf5f53be0b259f5a64aac,211,2,0,213
0819c1e26cb826363c268a803b30acfb4cf4b5ef,11,1,0,12
1f876c6d6fd89bb0422df5fa90e6b5a7cc6f9ce3,72,17,0,89
4d61045d8d64555679f2893429506d10a09c07b4,35,9,0,44
94c76757d42777ac4a1949f35d593e8b7f710ad1,8,2,0,10
995ad8331ccde0cc4e5d85dde7f326a61e2ba1e6,204,7,3,211
4ebdb085a5a8ae398c9cf584b3a5f423d373c0a6,144,4,1,148
132009c311eb72908fe1d25a7218b1b737bda9ef,312,5,0,317
23a4c0405c512e6b752dbee3121357f282716845,28,1,0,29
14d790f16e47cf64d8642ca8c76383c17d6f548a,24,7,0,31
9410dd16f3f0f8fbd4d56529bc8d848ccb59631b,51,3,1,54
f6d33be3098c16bf72f69dd8b965a8a90e5685b6,424,5,2,429
96a55cbc67fb3f03fe339f518f1d98aa99a52ef6,876,38,12,914
1d0c93613e694c8ccf135ccd5cb6a9efca590dcf,336,8,2,344
daf02ac82dce2aed403fd1a3ab1796621ba0b185,171,6,2,177
37618fb359ad85e500964b4e590c4d28da664263,6,2,0,8
f1d21b0d29c265c1b97ca570131bb78342ebe2df,36,2,0,38
622e00e2c31c7e509fb4f9352cb9c7e57d773ddb,245,3,1,248
a1d8e03a967ebadc47ca148d112150913fab4dd7,13,3,0,16
0e12cb72ae4e617259ef3e3f14c9d7f7bb7242e1,390,7,3,397
6a9712728a1f0e981f9726573533633579ccd35b,199,2,1,201
0c1be2fe52a07c482f40460c7e4d1dc2558b8d8e,30,6,2,36
01a918779cd46a08e7893444395ea5ae9c96070d,22,3,0,25
73b93dacc2d20c1c04fadf6cb2d95f3ceac9959a,25,2,1,27
76d69344d0d6be5f1e349f51e1f64053bcbc51ca,214,1,0,215
9232f59ed41c8f747dcf0a645eeca5c534121022,78,1,0,79
f3b24d64ebb8e90f87435cd17202b25c051007ea,5,1,1,6
9b5bdbb56d8628e3e650ebb0716f76438e65bf27,10066,5,4,10071
8c91911c05de181fa3da9931e2e8c4e196cd8d83,7793,10,5,7803
bef6fdab765458bb6be9cdc8cd6280406a5d42bb,231,2,1,233
89fec1e375ec480b47508e757974d1cdd65d2c68,168,5,2,173
0b3a60dcfef6bd6e81b0da55577abba4cfe8b223,3,1,0,4
f5fe4af026824c2096559c62dfaac3ef52542b79,14,2,0,16
157f128e32fb4d1283a4a984160d9f0dd91c3dab,10,1,1,11
ec0da530f6c581c5cf56dd5ea566d2cd6390a815,2,1,0,3
f515ae4bdf7fc5b3974f6f477e1f95bedb93eeef,851,17,13,868
b4b1512f5dbb7ec9f52c46478890c868b6f6cf90,94,3,1,97
b9e4d7d092c9d4280210df648c8df5aa10bc4dc8,62,1,0,63
0a1c17a42cfb7115f45e828c6b742045780bdade,23,1,0,24
49f890bd3fd9d52d5f2d9b6ffdda936377249923,17,2,0,19
da4e3de70cf32e93b36c552a556236365c53caf2,15,1,0,16
935baf72328054811f96a814d5c7fa83e24ab823,159,4,3,163
d6222f575715d58e8d237463d34eb0a8448ab3d5,3,1,0,4
c6743c0e30ee204e9fd8d27e1388002ce88d3689,234,1,0,235
783cb3825d423862ac514d96ba342d93d3f5437b,167,3,1,170
c9d88e47e02d799dc334d7dd1446a38d9ce161a3,14,1,0,15
1f4605bcb1c84c3202e9a54e887a2638937eed28,5,1,0,6
2adf39eab6f54a768b8fa37849b09df7a72ccc98,165,6,1,171
4665d8a012f4d6d7dc3ec5e8dabde8c0f8cb8e3c,245,3,1,248
24529612024cce47ac5907b34b1898b951d1cbfb,1119,6,1,1125
4af1f6107127cb981c99c4dc8069d0ee1ba6ce83,8,1,0,9
c39a002ac9ee7af831ba083cd7a54dd3ccf88d9b,2,1,0,3
d7eeb44430c75b2684680fa09b6244f989368940,251,3,1,254
bfa176ce6f44b6d859b15baa1eab5c071cc37ddc,124,8,1,132
7cca1442d7ad41705643862b7237f445e8803368,768,19,2,787
7f6afdf88b1cac86d260bec11d582b87fcb10ac2,58,2,0,60
344badeec1f2afe8ef74cd893deedb255be18c77,2756,24,7,2780
2a795310267e329c5b426dd639f65e510bcf1018,27242,54,6,27296
a257935d9a015a82b2dc54cc3a7887740cb67440,52,1,0,53
4be7490eeef635157fc62d8750a5dde6e5a5db5e,4,1,1,5
9c65deba0056d668ee9522f286442a8ebec7d4d2,3,1,1,4
94122e8bb1779dbea91f8c093c49052fbd3b97d3,32,2,0,34
884af430b684ec7e6c7afc5a7e68ba2ae9ed2cd9,22,3,0,25
4779341d1a4e0312efe342ffd59f6266695029a5,6,1,1,7
3c78a8caaf4aee997ede112791fbe119fea3b7ef,64,4,1,68
c613f4687a3a91bc8a91d3c09b78b0adfba03c1f,77,7,0,84
7dfc5c1f6400b74f9266c88b45b90798529870ed,101,5,0,106
ef69b752ad9083ba6672831d0aa75be90285be9d,445,9,3,454
35f21174075af3318f1b6dd59ec428579fc24a43,49,3,1,52
21850ba17132c52f175d85930ca561849a1218b5,206,4,1,210
d5c8398c4bf95d31e20bcac2946ca2ed8b3d7a82,23,4,1,27
4124563ecde36022f261f9de25459d8ac3812434,772,27,6,799
e44192ebca6cd42b1bc42d406d1cd805219d16bd,92,6,1,98
f247e777734f3e2dd4e8aa8b33272f80c12d5b4e,1469,24,5,1493
ef6509e442a48ef7f149c47b11a2f975ec48ed06,50,1,0,51
b2608adfc3cd3e3ccf982df6347e8d2cfa6f8e44,2,1,0,3
0e569609490dfa55146ebb1e4c34e3d138ff3bb9,2,1,0,3
26ead7d421a2bcc51e2acdfbd39d1775c20048a7,7,2,0,9
fdfb97e3da41149d3605b3931e22e8542704e36c,38,4,0,42
3126d56f7b4688f03bf1afdd9d13ff991376a762,231,4,1,235
3c91a6d5b446886b2f0e6bb43c920b8e6e397b26,8851,148,44,8999
00fd911936f10420c612cbe7200b9b6a89ddcafa,21,4,0,25
754532e9d795361f0882f26103e2735b177aa3bf,2,1,0,3
b880c47bb8c7db50275fb04f8b2b0d84fa8a5778,1,1,0,2
9f33abe5481c8f1ae4c19ee36dbe19d998280743,13,1,0,14
16e6fbfea096b151814c96ebb3ac6a8eef2da938,5571,62,15,5633
9abf0a4b105d624ec310273c2bd7f52c1f3ce12a,297,5,0,302
0f514cb6d6fb88179fa3be2da01f4b7e9647be90,83,8,0,91
67450decc72c0d89560a837a94bec7c50700b382,185,5,0,190
067915bf7a541edaf8c2da46ff5a6f214b2165fa,21,1,0,22
ef75b027d7af09f625eabb9f192bea7ca109e8eb,45,3,0,48
72f7775d06aa9277349b47d04cfdcdd56c8eefe6,224,4,1,228
f267c86017fad0e02b6d44a1da45b64abe2864ec,357,7,0,364
f2969b84e6406c947519c0acaeb657f84a3c733c,274,8,1,282
dd768ea7384eac964704b5a3486a36d4613789e8,5,1,0,6
edf1ce6e71dc5d1cc949d212f58ba55cb67b944b,27,3,1,30
565374bbabd1b359f8d4f8d85d62ffd0f3d27458,21,3,1,24
8ec849968f6025ca471929b6861c0ae1b5f993d0,277,16,2,293
2ec6ed8e0ded7fc9442866d98d2ce24513f03e7a,1119,20,0,1139
91850cd68ec671028f31031c0fde7b32d519e99e,65,3,0,68
3369a9d8439905c20a5d295cdb4277512adc6fe2,47,1,0,48
e6bff84dad4b8beea9d619614f03d249abba7401,12,2,0,14
5096a3737f554224f78b46636dc9395bca3023df,145,4,0,149
155cb3b27e2c4c8fb31ebdfe30f79a55c5a417ab,99,5,1,104
ce3b46ea302660b5351b9812232e6e276f8b1c57,74,8,0,82
a6c903db5fc3e8b8091d8525b4fc025a54935cc5,2,1,0,3
83215f025891979b3641af25b11a5f872cd3a3fa,4,1,0,5
43db343300768692686bc326d6efe9ff056fb891,135821,37,0,135858
a91ffd61a471950ab4460a40a18adfc5230b2d88,3,1,0,4
76f9c53b7417417c5fabceccaa124ba371a95417,1829,43,6,1872
a5fb1bd070ca2d9f9d937977593dce06600aaafe,78,2,0,80
3e451e7b87bb18592eeb0e97fdd2b0b6fdf43908,1373,26,3,1399
330f37f4024c5c7ab20f7fdd729bb029f511ad4f,18,2,0,20
5c7ece2ba85e93c221ce11697b87e35a7a8b99de,12,1,1,13
d8fabecbf8ae7d15beb9f2de93713952348fb324,8,1,0,9
6d8c60afe68ac33fe2dafe68538d218e965f606e,39,7,1,46
46698d8c78e93afa579ff0b968a7eb291090503d,12,2,0,14
6daeb59318cadfc1c355be5276a044904ba96f45,893,18,4,911
f7f9f4aa5fb6e87308a155a2adfc06c7fa7fcfab,20,2,0,22
6b6fa56ab75e5f59f58249f7a733a375421b94b6,663,6,0,669
888700d436668f58abe45ddd2696e859a5458dca,4,1,0,5
82cfbdda87767587f80544ea4b01b65cae1b54e8,77,2,1,79
d15a91ad61fa8434304593d3c251535284138f7c,89,2,0,91
d989427ec076d4553206e9fdd062be24de50477d,458,9,3,467
494874d51d07675696898a8ab2bb70bf1281b086,48,1,0,49
be37b56c8cb2036397eeafb070355dde704367ed,900,11,3,911
99338708cc074e4c7690da1ae3d69c1e40ae5dc8,426,98,26,524
4be032a873c9c190b28f800faaca58b19878b37a,4,1,0,5
1376331d735ca9d399cdb5ad9736c7ad596cc307,43,1,0,44
c81a656aea57ff5ba1abd856ca0f0026d8b5e0ee,731,8,2,739
bbaa1d9305c2f7ac265b55939fabc3a9a4e12243,231,6,0,237
8eb5933b75d4f3e181c728d7b2a3f7038a2e7478,12,1,0,13
e442bb91f74106633199e2d3b02041c24d307d61,6,1,0,7
917493fc96c93442571c47ee5fed36160691b924,302,14,3,316
32a54ae7d9859eeb9dcc4717fd57be812a6973cd,49,4,0,53
2e800e071e095a3f151dbb2d52fe6ff0473a7b81,235,14,1,249
d289db85b350e562d3c0b123ad64c7a2637db4ac,141,3,1,144
56f3e97e71364ec659771dd24f0c8dbad4691934,77,2,0,79
b8a4a1e8e2a9b5bb53afe1c2e8a4f4ba2b99eb2b,35,2,0,37
977c79c6959a4fd58cba48ed2305a4b560b6d7e5,55,12,0,67
2cfbe7e17ebc4a9ed6b119209b905adf91d8ae0f,192,17,2,209
562180dde5a8385eb651c01a480a24bda957f4c8,8,1,0,9
20b1da9c1b0deb564d01c10c5f958a44e5e26063,284,12,2,296
ef32b271ec1c9f2cd94017a2267366a89975f578,19,1,1,20
385c0d35269b3a2b62faaf290a837a2502179bc6,5,1,0,6
ae484e572035eb66844770db9c22cf1f0096a1cc,460,14,2,474
b8ed426b6ac47d38279be4edad6956d7e8f00c51,61,7,1,68
28f264352f10481adce90c838a2db7de196a2c58,18,1,1,19
4a6b21df1474cb82cdf790e7f1eb02dd4229a986,6,2,0,8
b274d028467d861c4ff22db81798f7b7c3e0f8d8,276,41,0,317
ed235d208d16d1e2a3f03c461f40bbc0df379f6c,343,4,0,347
8ff155a2a0bad5784d125d9e188fdf015acf5ec1,6,1,0,7
48fb505d6c561ee08b229a605928026f1d64a300,4,2,0,6
f1e20863c8e24300ffca3b37cbf0ca100cc11c2a,525,23,0,548
8f0ed556764bd457432e4d94b5c20de698485c6f,212,5,0,217
772f51e26336d4ad07296ad5d9fff85b739754c0,4,1,0,5
1f1baf85fb318caa48b3b207e032946ddd5de11c,116,4,0,120
00fcb1d27f8daec48c1d87d46abfc8b60cfb32cf,5490,239,61,5729
8dfa51af244f911d52824f94e95f983ffc50b5fb,227,7,2,234
9cb716f26d57699249164219ce2df1f827baff1f,464,50,0,514
67c30edd4a0168f6719b8a70ec1800bd6cd2104e,16,4,0,20
95e0f1d14ebaf6d3f6473812ac353cb984b469d4,65,4,1,69
147434473406c10f85f3513052ae2f5fb505e6c3,120,4,0,124
08e92ab0609714a48ad400673cc48d2d104f1f61,23,1,1,24
189f3b821f6cc5894331baff779ddeec090a1368,1294,4,2,1298
3a0ad728a8572bb7c87c8045c0b8e4b8d5734ce0,2,1,0,3
fedd1aeb48aacee39d590e22758556ab77dd50ce,45,3,1,48
f20c3d6bde53660442b36f9c663c1c20e99269f6,8415,104,0,8519
e09d24580f4dc9abebe3c702d4aa1f076102e904,350,22,0,372
221e73aa4614d74b91983edd81b9c21c168429cc,271,29,0,300
3bbaa03976b055eb81e93789d89e5bd11e99a3f3,50,2,0,52
ac327bb7aa78fc5f3acf5c8bc84c9add2ade0674,1343,25,7,1368
8278cbcfa7e757f4745798c4ac140d6206e870e6,7,1,0,8
20afda591969fe7e114fadcdf78b4c42c3ad5a5b,2,2,0,4
610350a04b58447a09687ef97cc5fbcf8ebd3b77,35,3,0,38
0d5b5e28afddf24a0b4deb72207c5418d3712a0c,54,4,0,58
4ee35c3c25e06e24190ee67ef6e998fba2905eb7,24,2,0,26
1baede8e760d593fcd539d61a147185816c44fc9,1718,10,0,1728
fc9f2a0779ef68c70baf76c8b963dcd59d12fe15,3,1,0,4
6b1c10d2ad04e84b58383cb159682faea7bc4aa7,207,6,3,213
aaacf8d238ebbacc62558dcd0e4d9a3e5093fcc0,45,3,0,48
e84a3afe7212196f639fb3b4023e6799a1c2de28,862,26,6,888
df3b90403a60ebf336496161eb29de962e347d65,16,3,0,19
7ca6f3396c3ff88832e3ca90c34f2372a2d0aedf,703,13,0,716
a1401de18c10fc07b557a6e5ce0efacd8d486869,69,2,0,71
06bd2c670ed1f88b17832ebca0a98aecd3297cac,19,1,0,20
60bc83a8c75c52480d196111132aaa663b0147a9,192,17,2,209
8f0d059193a01e2a5ea80295d6e988bf566cc419,590,12,4,602
6943212f8526beb1a6dbb5ccf1437af6fc59465c,35,1,0,36
62a3e54f42fdc50aaa0f6e6f8f5b5be41857e506,114,2,1,116
0a890fe50db38975fcb6f36a3ca475f7cca11fbd,18,4,0,22
0e0eef4384157ce7bb75083869aa74ae0abc3eb7,11,3,0,14
535700b62c08848d6fcc078ff93038b445f37428,12,2,0,14
16ac894344fcad449299c1cdb7241329f503d05e,54,2,1,56
33fc48573a5ad81b58a06805c1671f9d262ba24d,106,8,1,114
08844de269ec1e29861099b4fccb211c660367bb,121,3,1,124
235b474bcebd0a9a7296b001cbba38999f1c43a2,10,1,0,11
409d717ad7a6bf4ad55730c2ad78c51a60d4e09d,32,3,0,35
1e3e38c645d969295e7d824f43cfa356ad671352,180,5,0,185
fc2b2b74f3c508d81db861968e83df8dcb7c9cc0,53,2,0,55
8b1cde88a592cca42fdacfd2f9455da650b2a276,34,3,0,37
0880f10869615c1dad2fd29d3bc0a20599e02ceb,2,1,0,3
79c08388a7acc9b01861f608c496e5525123759f,7,1,0,8
7f04bdf9955ffa1c63ada90e40a899c27bd3eac3,954,16,3,970
881469d648d1e1610da774956675a1549693f600,104,1,0,105
159e4bbe8f70f646590b816f28cfff9c63ae036e,371,11,2,382
c92d6773c3c1539f9e9ec533dbe980fbaaeee6b4,283,6,3,289
889889e2020f0fcbd2ef316b7fd7fe3eb985c65a,4,1,0,5
b20ace081fc8566490d5e8addc211537843c8a9a,3657,64,21,3721
e0613174396bbd6ada847692af17b17f1b6aae2a,1,1,0,2
ca900e4f52f65738d5cb03ab10484f6c97bcd68f,246,3,1,249
193fb07958e394f7d627ae7d1b04fd046aaf7b7d,6,1,0,7
2a311119c13933a65baaab9a7120f0d18c767a3f,1412,49,8,1461
d68ef7b1cb57a95e159a431b909cf45bef1e6a66,99,3,1,102
142a86fd9976783cdc5416fa13eccd3b6dbfa5fa,95,6,1,101
e312a93d1c61c9664dc6cf6086e3c53e28207c50,818,11,1,829
a8a0a75ab23cb3a0ad843d7c720f8f0a41e06609,1,1,0,2
0622d2c492139738c9078e0a23ce226367ed2b96,950,11,4,961
c577088783518034e27d624e84b0df0629d22b1f,739,20,4,759
713dd1b0e50eec4a2b77799e6a65a0fa2a632fc9,6,3,0,9
78e753b4afc9ecfde8a17f79aa0f88018837ea58,19,2,2,21
7a621660eacf3ac9f52d94304e6c2531db976e5d,79,3,0,82
bd79861e7bca87406fc184ec70ce504667f76daf,1113,53,8,1166
52472b3cbb08d622704df59ee91abccb7fea55e4,240,9,2,249
fb043dab7d5fef3ef726896d2f53e45a2fd69f22,857,187,50,1044
79cc2a9076028ef55f92cf4c6c14b78312f27fc6,337,7,3,344
4ed36ff6653c53a8780e9a9d68b370561c251f68,372,5,0,377
d8a2705a69e3d785438126f74f2dc5379c89d4c9,14,10,0,24
f8b6b2b08733372ed5e7660c3583077dd0277372,1068,7,2,1075
b29ad2ed7a9e2cb19f744f1860dc5392fb4c8ae8,32,1,0,33
e60446827c59f90d506a3e6ea8621d627d498381,39,1,1,40
6b62a0af3c27c6e93ff1dc91f171b5c8a3e6a7b4,1,1,0,2
410fd708508cff3ea33ca2567a296fa62b5bfecd,173,13,2,186
62799a32c99615e8d08f0ce9e7f72fe5e666477d,21,1,0,22
7fd2110de66c2bb0b49ee340bac492fafe1f0693,3,1,1,4
f2c56a737dea42b7f97e09afddca6df0e7b4be22,436,8,1,444
22865e6dbd0f90674b1bd2172002e7cbd9373823,225,7,2,232
f56693237bace9cf0cb7c5b154178539fea2a85e,28,2,0,30
90c90602a96f750dd52e3e14d5d61a1f16ad46ba,6,1,0,7
1fe22b5b61f2fbab0c537602fa7103ea896f832f,202,7,2,209
3d9d2063afb513a979d7d4ff6a597dccbe89ba80,15,1,0,16
bfddb7a34dc60c80c059facaf0df3f7247fe81f9,1048,64,25,1112
b9e8d96776caf57c812bb2de92e2c654dff7df30,165,21,5,186
cb62dfcc92f8bd82287fd934a37076fbd59bfc75,39,4,1,43
6f384eaae973978c66f4032e02659d5a5947ebc4,982,87,48,1069
b0ad7ca706f59cb9c0065040841f41030258dc56,282,15,5,297
4c6050fc54d8fcb5cd78982f7a246bf620095333,217,10,6,227
6a1565cd053016d983cb0685b63bd93d55416507,69,5,1,74
997853d6cd7dcd2c974072424bf003e015d61a92,1150,63,41,1213
26ae5ee83f077d1719ef9f4a0ecf4e4af169e1ae,57,2,0,59
c87be271bfe4c923b59f4e68b85a51e518112e54,411,20,5,431
edef3097b09319ef55b93432058484c21b0161e6,76,5,0,81
2bda544f967e405a6aac20d2bb2abce430da9603,611,6,3,617
f08d3558c97b20ab5a2b3bc131769214262cbaa4,58,1,0,59
0ccb389b7bbc70e902c6b2e215c09dfb373cea12,175,7,2,182
b500286289353d7573da5b4c867a810281c6edf0,129,4,1,133
31c55afdb6a40f98189308ce6292587ead9d0dec,328,9,3,337
52001be6e37f07a7359766021df9495f7112fae9,8,2,0,10
413cbe0cd72583154f8f7a08b69d016957d9bb99,24,1,0,25
347a97f8964ae1d4ae950b7dac1e8fda39805974,400,24,2,424
f0ecdf101f605c0e5900fac25a91450477152c13,556,9,2,565
bf4ed667a0faf3d5864826f599f6c51f11369d3c,510,5,0,515
589b1aa8a4cfedadff27654884ae22dc8e73790b,13,2,0,15
e46a92adfbe7aab38e1a08883c7f841a41d1bcc4,2,1,0,3
bfd263a14d83a1764afbdd587f2a33a0576a31ef,110,4,0,114
51f313d75fcf52434b6191eca45189bc28aeba8e,43,2,0,45
aa0a5f144ae360ef447dea01c5cc949e1b327989,428,23,18,451
5cbdfcb4d54339145eb0e9e53391cd6f7166445b,730,8,1,738
d0a87b5d3868d0d1f0427c1ae1f69fad19e511d7,226,26,23,252
af5a90171039873c708e8517dc0d3242af41e475,153,5,1,158
9246d7efc7ce282f35215c887a96a1bca1a2a6a8,3,1,0,4
44b0a9117773b79ca5eb8cec273d6456556f61ea,6,1,0,7
1beaab59b73f26c4e35f3b9bc856b03806cddf5a,2714,10,0,2724
57035609b65a1afbaa497e41d2c12dbd921d9b43,1536,46,0,1582
c0cdb7218166f1773274c0126f21dd4494a31f07,303,8,2,311
f686218fcbea46e6d4e21834980c01dbdfcf837e,184,8,2,192
d54afba0418e4f9321fb5129cd4c3cbc01491692,359,18,13,377
1b28e5f5cb18fb0da2696be7d5375582cb9eae55,1649,19,1,1668
0ec64636e0a83b8b67c4c6da59f9b82dfd26bf2d,303,8,2,311
29ac1519588222ab6b31479df19c6c59f3d96402,461,10,0,471
1b4e461e25bc5c35f972e55487575ca8623ec5fb,35,4,0,39
84c9d5c09acdb0c85f8632bba99b888c33fdb9fa,16,2,2,18
e88f6c29d13c8f78f94815ad819c086500b5bce8,4757,19,0,4776
7562d4db4f9b95f35a86e1d5566dcab2e91378e2,67,2,1,69
bcb8342569566c24f609e7ec263adf669781b341,400,9,0,409
3aead875e6765919a29b1cad803b134ebe26569c,12,1,0,13
25bc1b52184882befe18b75005dfa1e37a57b1b5,244,8,1,252
8b0089f4e8f8d323abbdfb0d8dfd0c79e49b41c2,3422,81,9,3503
8d995fe23e4c14a4b13e9ff18122f3fd1f983b67,307,11,4,318
9aa9f81ece75f3d3a31ca26183fb95095e2a85ba,2,1,0,3
1e325eabb65054fc586fda7e15f9839f487a6dcb,123,3,1,126
8bd7a4ba51e4b28b575acadd7d3599760c87f8a2,426,7,2,433
a6fe685d69bd60c0fc730c80d98dea88713755a6,1327,15,5,1342
0e2ba53c7363b6bb062c4102e4d9b8f6bd3890f5,6,1,0,7
8f9a2f6c276a91c3c2caa3478bd4e7b39e4bc217,26,4,0,30
c7ecd5e9a0d4a559e2e2ca628a6078ec1718f945,63,2,1,65
32cb705bbad1debed68363773238448fc87f2e85,46,12,0,58
753dd34a6fd3fd4c52fd7d0dc8123ed979ecf842,11,1,0,12
535a2cb4afda0f27f630459f9beb5846ebb2aa1b,1,1,0,2
04e70da72444e7e0810de33c14604f00809085eb,6,3,0,9
602f28acae56dd598197a59ac2b425ea40149f08,1697,39,9,1736
6f840db6c84c69d2ebf137f1407332b517ce9322,75,6,3,81
2e39a2eb7f39df3a87c2a842669388c7466229bd,79,4,2,83
46e2701230530cd93491c53a6f83caad09bbc97c,4321,30,26,4351
516a16820d7be247c42ff0385654bcecbbaf560b,138,9,2,147
45524778e34f4689625fb2e8da4da4fb423662e2,12,2,0,14
e682d49b2fdb6deadfe69d4efeda2d515cce07b0,642,12,3,654
d7808ac5acaf8a4b933cf7564cc334f09fa2404e,40,1,1,41
430d48e3fb97ad66905b9fad117fd7de3ad2952e,142,9,3,151
5dfefe71210d1f799cd9d38dd9b7742635716612,12,1,1,13
2553899cd8c86bca79334219edae26dde909d3c5,85,12,0,97
86aea534ca51ffbf5cdc7e32599fba16570ac85f,115,5,0,120
9b65c9ebc12e4985963c93cdd0979f0f89e1439b,972,38,7,1010
34531289a65c7f5d8116460f360a3c289cc6f661,312,12,2,324
b61400fd44f3c8910d74e8dbceefaefa44a611ec,3,1,0,4
1e0cc16258257f5f1084f8e956a33f93c27b0d70,2,1,0,3
85474bae9752fea584ca3c2c88e961361dda5e17,1239,45,15,1284
4e3f06222dad974250c68d8a1e9641a827a752c1,34,4,0,38
775d57827b38f293cf62748b118d940617b459ed,761,12,1,773
0459b98b4970b4c6aea29a17ff1d2609bc375c3f,1,1,0,2
4f01114dd08de7d2f23d001ab2253328550d8895,7,1,0,8
6a2881afa8e7e1e8623c35c1d181a7e7bdb4de4a,5576,2,0,5578
a3ebd0c5981d692185d7c79a2ff1e8d682b5f069,100,3,1,103
70e83837aee25c381bcc2a6eb9c7129d17f8a38e,162,1,1,163
57d32d7a3e33db58257ad9fbefcb7726d27e0d73,133,8,1,141
ce534d980baca11f3330f8861399c973629c7e50,467,1,1,468
598c12b69effddbab6c011ec2fb6f87f6e03b7b6,3998,55,6,4053
6d3fbbe954d5d82f0993c94c167d16a6884357f5,2,1,0,3
66ed883627271611bdf36d63177e51ef80a2e53d,129,3,0,132
f8381eba9b07373b892ec050f445c3da0987119f,87,10,0,97
f35583f794f9f65778b5d2bb4740f6d41b009bab,32,2,0,34
3f8ba7104869be4fcda5080631d546a5d7b30791,373,13,3,386
d562e4258eeaa3ff096b0209094ec45ea0b32c24,33,7,0,40
5e49f2757ee36d8152f713fdacd4a0968189abc4,178,4,1,182
5223abfff41a26e91796b81b5c5161108c212369,13,2,0,15
4270defa916eab338e461c2537204e8f321fc834,182,7,1,189
0bdb89c4d4e8ecd4352a60a66b23806d7e39219a,22,3,0,25
41f7ef575109ab940bd26dc3e8077a12c4373a8b,76,3,1,79
ac443f4c322066311902e6628dd54f2acd56be2e,3,1,0,4
008be2db874dd1c0d7877ce712842abd818d89d1,27,3,1,30
3514a1730a3c7e8607c731c5aee4a000d6959fdc,2141,33,3,2174
b69453e272b09314071183fc40a6516d64b0a412,1661,15,1,1676
cee2b23921528392349549999051fc6ce5bbfd88,138,4,0,142
d8ea89c8543e4c97e2aa8cb2c272bc7bb12150d8,32,2,0,34
4988d72d7e878a74935553f67973d720d1763221,29,4,0,33
b6cb44c72f979a1880ce14d7f25a78cd25e6102d,83,3,0,86
7f10c5c9a571ba1ca8d8ebee5d2b74fc3b05cd7b,23,3,2,26
94aad60f520d627e257cac6c57c54abeafec37a2,46,4,2,50
6d929373d7c8f911ece32fdedb75133f96cafbaf,889,1,0,890
7310ffb6b7364e155ba8bb041f3015ba9b16c9d9,8,1,0,9
6bfcacb239f55c27491c2a580bf4a63cf2ec88fe,306,24,11,330
71ce427ea8da0ea64741cf25d5071f4f31e324d4,5163,9,0,5172
2807584edfefc710d7c084747a0a509526205587,3738,43,0,3781
79260b3078e8553fd6d33ff7284afe44d8b495c5,21,1,0,22
b40dd992874f9bc38b911870e041a8f6e24c3776,1862,4,1,1866
fb5b75f07f04bdb8d0f1a474af1640cad3b75c0a,4,1,0,5
44a1e2e237fc6ce7570241728514b55240acb52f,1157,11,3,1168
de97edcb22fe754073a005cb6062f3462299173c,44,3,0,47
ee21e793c0365f538bcb3b801f47122c59fc0e04,80,6,0,86
01a316ef16001786acddefa1d4334d0eb1b86689,274,5,1,279
563d289b109eba579c19abfcfe113e7e598c9808,18,3,0,21
a314d42e8744549e5c182383445f11c60ac4ae4a,5,1,0,6
ed26e8589fe5f91d2876d417aebf23575010cc76,2,1,0,3
aae985f1d50c911e15cb5a3bf554ba7755597465,2,1,0,3
8a3eb4315df59d6d73a4ec11308d30eab1c51042,47,4,1,51
056c930c6e62bbcd4cd3e8c659e16e815532dc4c,570,8,4,578
295300cc0a15c51b959304c8f5d20be7ced17293,10,2,0,12
572c7500b4d7d06a3e9ae4a59569f3763aa81469,233,16,7,249
8a8baedfa172cbd642d4ef18265205e16cb5d0af,2,1,0,3
f7417ff088365fee7bf956dfa0a5229f7e07d07c,833,11,2,844
5ebcacf6834daf7eb4a3f5b7ca72b6c655aee383,275,5,0,280
5474c4209ce7dcb694ab1122a233d7d6ad7f1ece,67,2,0,69
7ac4cd23dc43254b9c5cf83b4976ae46278c6400,11850,95,7,11945
72b5dcef4664b6da5e46382100ec6e4a3212c078,4,2,0,6
9f0f95c5e59a66d89271854b9daf22fa52d30f8f,314,15,0,329
df18e0ed90a5417403094f0e6fd106ce4f38ec39,195,4,1,199
3545a89113506f9e1e219f822e00fb234f93d8e7,212,7,0,219
4517bc46a2d3c4f26ab06498cdac14351f4fc439,275,5,0,280
c152f18f273042668a6d91d5d15c7ca018f31b4a,28,1,0,29
d54b04a2562f86dfb3adaa02ff400951d8108738,786,13,5,799
34435931c23427720c0c8eab99f045cb459e0a44,3949,67,10,4016
d72493e9ea58092e1fba4ecc9b7d78f6c1e54af8,122,1,0,123
04e12bd847b4a04e14d17e05e294680d396826d5,416,12,2,428
bea55a0d40fc5271f1bc98985549b948c7540bef,38,1,0,39
2e834cf0efc553f729e2f7aeec43725fb68da421,9,2,1,11
c139488a6c33e4328b13c24fbfd689848c816849,73,3,1,76
957b28dbdee7cc90bb272be50ea2db6f28c99e53,963,27,8,990
2b09676ace59f737409348c184900d074e5e4051,211,5,0,216
15fda7f70c632044e61a6cf6a9b099b6e31e7c88,49,4,0,53
5b3837cf5bd1aadfed1e0707dc7c41721ea2265e,304,3,0,307
a1a24349c821a1d962abc22c2594bdd12e52264e,1541,27,4,1568
53906986e376e7b454f1d23599794b07683293b0,245,9,2,254
2d28c0f8fce781e094dacd8d53b6299ee42c5979,284,6,0,290
bbc322820f65e8ab451eb8d029a88a62cf84f236,333,3,0,336
b3833737bb5a45f350bec18bb28c753378c8e528,2400,25,12,2425
4f4c587304ec32933b9d594a017b53d5440556bd,42,2,0,44
427a6faa22a14776e5c7968571a60e7c5cbee038,275,5,0,280
db20a2e50660822096b962ba0120a35c082a8b3d,256,12,2,268
17caad3910183c91535b8c6754c6403acb07211f,22,1,1,23
7b41f5ae7e544d39d06b938c0e91f746ebdf2771,85,3,0,88
bd1f2c08293b115eecb7810f5c0c6eccb0d6acd1,18,1,1,19
3c42e5e72f11d61133b7de41cdc5db3f1d191f37,5,1,0,6
55b4ddc04319578cb47741e6ed181bbdaa138533,16,3,0,19
f1f1c41d9f661d3ec1eb37c863d0049cbe5a434a,389,29,6,418
2692d9fa795cf7f7885ad859a0b0067abb7a70c9,2,1,0,3
7326d4ad7a7db1d07d760f6ace1b59fa4740a8d0,42,6,0,48
cd774c71f2856e7faf9502fc42b5fc43cc419f0e,349,6,3,355
91f8844a03f2e0061d4fcb437740fd7d9541eb20,2,1,0,3
fcc314407acab3fbf9f2ba15b4469ebd7cb41731,77,4,2,81
f16522a42d866b649e31eb54c0ed09dbdecd57c6,129,5,1,134
5e532eccd8f0898b0b13eef32b9f5335682a037e,60,12,2,72
33578ac4edbafbfca484c0555adca235231cb489,31,1,0,32
2c955cedd19523a5e96535e158c92d8f60e3da85,37,2,0,39
7cf96cc4dd6b1c0c69aa6c543b4027c6259b907c,2,1,0,3
679c9e6637eab310020b4bac20f48b44f616919c,2386,20,1,2406
808c1877158b3b95a6ecda25fc0ceb9851a50113,128,3,0,131
d8764cc8646e54c5d5d9a68df01b6c0dc6e52784,285,5,2,290
e19e1c5e75122b49b4893b480d8eb92c7214191c,163,12,2,175
b3a83688e66e9522e54f81cb9872865db2d30e73,955,9,2,964
17c9b4414b92e698bb3a4a5b7405cda0ea7809bf,4,1,0,5
159e24e6200c276704e683a9324a1351a35bb533,17,2,1,19
0251892e14887a71300ead0364617c9f8074735f,379,21,1,400
01cdc55f514b10bee2d8108d9736d4b57c48b517,13,2,0,15
380bfeae80749df4a30f6c6e2bfb499764119ebb,548,19,0,567
ada54f11ac2515340cfc5c7f8ebcf66ec3069be3,1336,16,13,1352
5b0b050e46186af94feedfec18edd59fffab5373,1839,31,3,1870
9e0496bb27e0d111d781cb02ebb4ac1eeb4fb41a,9,1,1,10
da7cbcfd84b12331c18ef90a8b73995cfdebe338,87,3,1,90
4df2d5f0550631acc7411108e9469fcf83b9c396,23,2,0,25
3d87cbb8116aa6a275b24c6237ae4aa40f1f909d,1,1,0,2
51fa4761d5e843d7007e8035a608dee42fbc8c09,304,18,4,322
b49098cfec58a20aa61c645287c3a00ab83c63b1,665,9,2,674
1b82dfd17811b930285faf4b16f0ae218d9eff46,15,1,0,16
6b88168c54aa2e9e81883b815c733fe0890743e0,4,1,0,5
0f586271068c7ba4e6ccce052479518e2c090908,728,8,1,736
a969ede4f2fd5194ba615f1c7782dce462ef722e,136,5,2,141
83c6a2d7ccb2b51624e17f34df5fddae663bb4e2,1,1,0,2
d5d88857657e4f67b4b5dd10f7a666646eed686e,1820,55,8,1875
dfd9bb1214d5c61f1476bb854787263f6af34a32,29,1,1,30
60ebe7180fd108c9353e34ae44b8cf3768c76b6b,897,32,10,929
64bac85f5db7f9f2f6d87d3f73a89af23a7341dd,14,2,1,16
332b460276574ffc2b1fc33ea0934584f467f83a,1465,34,5,1499
ab59c1997714265d4f665e403439dfa7bbf1857b,6,1,0,7
f8347f657a1565ba49b2a52de6b36cd1719b89c6,125,7,0,132
5366bc2d15e245f121eb2e8d283ab761baeff200,1084,18,0,1102
32feeb3e49821f10ffffa11bb4ffee0dc7fae2f8,41,4,0,45
a5de96cc585359c2684591079709f05740e41c0a,39,5,0,44
e3d41dbac6e809b4b094057e0e70729888af316b,1,1,0,2
9e913ade4c4919b61425952e672da3df0fd3cef9,345,15,2,360
33f5dd78ade1b082282eb64add226217b94bb230,4,2,0,6
c2a6a5d45738d8461bb5d42e4a4e1f9c19f67437,2,1,0,3
bd5957ae682624bdee431a285726ffeb6cc405d5,45,5,2,50
a3faa2fbfe77836d69d53ef50048fffefbd93fde,6,1,0,7
1d9135bdb84dbae28dd867be7c4a3bcdc667d4c7,3183,111,34,3294
5300197b98552978d55be3c5aefa15c9292811b6,138,2,0,140
2cfa42d208bea1e7a23fc8995aeb24e8246fa488,32,4,0,36
15fe1891c8c950420ddb392efadf10a8dd00582f,197,4,2,201
d283ba0efbb283d5278a820750cfb7712eed4913,8,1,0,9
f49328bf1d6fcc04eb73ed8a6c4555c231853fe9,324,10,2,334
7405f38651f892991531f60790777097bd6196e6,205,4,0,209
40a31529213efa7a5d03eb4e0ca020aa4045e0ca,337,11,3,348
47ff09b4c5d726355a4516d2e1eb72c9705b81b9,64,5,2,69
9678035115e3c9fb2e41a4f45176bedfb2f1af5c,145,4,1,149
72311af185822d5b0a91ed9de6ef8e3510151581,103,6,2,109
41127bcbfd69e66b862ed22cd89fede979b7d22c,42,9,0,51
4d37dee17123e173cdbfc655224f6618c2f40476,1,1,0,2
8af7d383e7522e9b39691c42357c3af94ab332b1,467,31,7,498
13a0c68274b2bb81e2607d4a603a09396260cc51,30,5,2,35
1a6915a417555478df8a72238657ea23e6fd6aee,155,4,2,159
2d53876f669e34d8536461c52d5fe344ad1d1439,9581,134,19,9715
441a285467258b1c742d6fa6bc227cc5716a4b58,30,2,1,32
a7ad5870a8907647844755688d07ad6fe5cdff41,3851,135,33,3986
a40b1de353e4926dd98bfa02bfa5285f1b894bdd,3,1,0,4
903282c371ef7f154119699a1dd7f5dab3a627a7,356,9,3,365
2ec7dee1597021742f68f0ae8b279f7560e55894,453,16,5,469
1a420b2af2b2cdd2a4f2a37969e1b077a72201e1,301,1,1,302
3497cc3f8c9bf41dfb988083e5b9d17d1d15682a,12,3,0,15
e82e0fa63d1a90bfc290cf92dd7dd999581c0651,91,5,0,96
ac083256364cc42383bf69685417244a0950bc20,32,2,1,34
b32750951f0fb24923a6280f066a6cd037e1f0cb,549,16,15,565
9196fcb6c8697f25e9cc8ea59f7a83e1e89404e4,29,1,0,30
2dc72a50db41dfc117d1a965022468d949888701,191,6,2,197
07938eae1357e3908ce624677728d555ed95a126,31,1,0,32
9477e014ed7e053e9d098b15742dbbdfe7e85493,297,1,0,298
020bb743569ac241d686da43de5e39681fe3571b,19,3,0,22
3b88eff16b3a449cd4a48b134fbe3d12726487b8,5846,35,5,5881
24b2cbae58c1f72750496897d28a12266e2e31d4,204,7,0,211
85ec229ad295d2f038e8147af54857f1efd3d11f,26,2,1,28
51765c07ca2b0b71887b53c3e85e0bc5c698d60e,1294,28,14,1322
4378e87aba652a727076b535f77f4c0bbd4473d2,219,4,0,223
df0f37c45dda57d5ca089900f9e161c407739316,2,1,1,3
e5ddff484d9cf5c7d3d68771eb3c457ad1364965,535,36,1,571
e8a57080c5d6cdf90b0330399020b5eeba9628b1,225,6,0,231
25aa780814809c3290d278bb2136373865f5c947,369,5,2,374
d6d2320715752f7077e8c858d6ca79d8cc8fe972,48,3,1,51
48d9ca72c97e8689da238052dfc38c33100932fe,63,3,1,66
a4cab5d61b3b8b582a44e1eccc3221ed616d004a,32,3,1,35
158f16c8a1c3c0203c553c6e8647ba016f9ef5fd,406,10,2,416
7d2e35b2e7071327d52b85e32b915452a049d365,504,14,3,518
f740456dc74480456e8039db440afafce472e748,613,22,3,635
ff7af4a6312aeb32c5dbfce12a151b8690612ff5,535,8,1,543
ffbc8c3f7c39609b10d2bafd13a5d7ffe6bca39c,60805,139,1,60944
7708341ebf4d3d760eaa11d83fed7ac5556d5312,1084,34,7,1118
2aad02beae2af0c55113de6ac0eb9ccef46fe6ce,160,5,0,165
8e412b5754bde73be0d3dd2de893d40fecbff2c1,29,3,1,32
897c96cf45d46ed664883a7c54790454266916f1,39,4,0,43
04bb73ff9d156076dc268e55794fec308efe9961,46,3,2,49
0927e150efe5aa84cfc682be1d142d24ef0ea95f,822,13,2,835
31fdc5d2baeec53edc8b42e5fccdab458c68ab4a,324,7,0,331
b8c1c85cd3cc3c8b00830586a69574d28801c7b5,73,4,0,77
c71044c3833787c8bc1323c520e02b47ec94aba4,161,7,1,168
152a8351c5e8df4e3fb54dc8b7578d0e07a7470b,577,3,1,580
5282563a7b2eaf1dda94efb265032efc12b41fb8,13,1,0,14
112489786834825da13834ca22d5b492befd62d4,3188,46,11,3234
2e16aa4676198f44c7a9532d1d229125069e567b,1805,23,0,1828
174eb4b99c1ccc0645e1ba47eb3f26a1c816efb5,1763,17,4,1780
f95ef04401e04bde9c04478d5785cfc45e3fda0c,105,6,2,111
48fb6f309a452707981482cbf2bd4bb18edf9d25,207,3,0,210
ee72faa9457f06a167cd3d5503923cb282b55992,22,2,0,24
dab1c2dcad3d6c9b8f01f3c208d6484df2679947,149,11,3,160
ef3e3c3b5cbc72df5697136ffba07e87ed26bfb9,509,8,2,517
cb149bed54b926b5841e7cc1919c5c3fc8dd8199,421,6,0,427
f5bb36b8e3b3a0ac01cfc09c9027098e3aa65552,1038,29,6,1067
2af8d8ee8b6a7587d988d29453379ecc375e5997,16,1,0,17
405b4ef7f529647095740db04798404559a7b77a,24,5,0,29
69111727f6f011a7d864698cde292df0cd2e22d9,753,5,1,758
540853d786c9e4b4bb27bf4bbc6fa73837ff1bc3,265,6,0,271
dc01cc8314f9f362cb15884aad7f53bd6e8c3cf0,42,10,0,52
8474f7e0b5f12b8c76886cce97cd542b188975d0,366,11,0,377
9f22322132fccd8ca1c777a8568962952daa27a3,163,2,1,165
d437487b08fd61ce5449bc5cfa9169352f54c6d5,22,1,0,23
b6402ad87400a658a40403871c71907c3af69535,8,1,0,9
c9975c5149e3ee94751df062bed49562185ebd2b,152,19,5,171
e7e4d19df995e29141b934f3a68d211a1befd71a,98,1,0,99
cd26b2499ee227131917019eeb886b634184fe26,354,6,3,360
bc2c0667a7df9c6c0f934eadc1389171f4e4a6c4,245,8,0,253
a910c04a19cb420d09f2b4fba5edaa3f121e20a5,742,21,0,763
a8fbdaeffaf99c1df4258f60ecbbab1f553d7696,325,9,0,334
0c4a6733c79782d193167a76d94efa6a206b7631,617,15,1,632
ba9e14f9fa13747f62e783d7278e3db59c017027,68,4,0,72
1f6904152bc80569ab6e4e90251ade344d72c14f,438,7,1,445
b1ab8910c2ab253344f3d625914bb9be661c466a,364,8,2,372
10117aef74f5574da422798cd61ad7e452f2b10e,45,3,0,48
cb7de2343ff5a074f295b1ab57a353f613abcc9f,43,2,0,45
0fc081157c88734af0433c3cd30f310474d177f0,7,1,0,8
2c0b999b279e17d5cce1e8065b277d78d2c8581e,265,5,1,270
097fce6a7a350353dfb19a4678aaaa583c7812ec,94,1,0,95
32348be61b69e11fb3fd902dfbfe24ddb7214f7f,9,2,0,11
31d4194a2dc8912656a40394a8556e8619b363db,17,1,0,18
271ea9fca960f8bb2e8be7e42900117297841a85,29,2,0,31
a3efba4aef942e76b024205ef2e67ae656dd8cc5,1128,11,3,1139
e2869915bb2e951516b74988b672b681e1881902,78,1,0,79
0e95a679e3f84831a629b517574f9398b44bbd9b,41,24,0,65
47623c017f79bdebbf4120bc300c779635d5cb8e,158,3,0,161
c2c623aec69b5288c365c843976d464df8c9e480,797,9,2,806
657e2452176c45edfe71a3c69d60ce3b7cec6982,710,8,1,718
81504cdff7c99a0361e8ffde5f598b6be52cc1ff,5,1,0,6
d1b458644e505f07c919e7eb983feb9dafcd0061,40,2,1,42
999f5677a34f674be2ecd1bde70bce9e086064e4,603,15,0,618
7cc75adb7102e41e36208f02486b4127e098923b,326,11,3,337
5d66b9e8962f23990a121a36bf9593c396f7805e,508,8,1,516
f2a990bdca52f2227b64e3629435b28e6a800f3a,57,20,9,77
17a38733c600d8c75b440e6ea3280903c7d9e9ec,46,1,0,47
43b01ef14d6d6b6933a81077b36ab755cb4b3e95,14,1,0,15
336131a32fda71787dec1d5c0b395e02bf3f42ea,1,1,0,2
bf928e96dcb215a41ccf56b431982579d71b65eb,70,1,0,71
71c77a5745845d8502d8a09ea41831c938c07508,13,1,0,14
23889f0e008f6bcf906b5b696a3882aca90348d7,14,1,0,15
41539581d72d9aafe903b0cdb492c14738ee5605,179,4,1,183
ffa954194e61e330c625a795cae94c15a54a2694,733,51,2,784
f68b82e511a0776f6f9c449637efcd332ab434ea,173,3,0,176
2e08602c086f02294714beaec761c2c6a9de7c30,105,2,0,107
ae2bd2f82f0cd8c19532a0c72944acb7f3d19b61,21,2,1,23
48d1653c012b42f19999b50dc1b5d3039a09eeaa,59,5,2,64
1d4d47adfe7abf0c3ed8a3a14929de084e979968,340,6,2,346
373ceb152862d4389b04e417bb64fd15bc06be52,58,1,0,59
608557811f49598592b203db31770095562ea8c0,104,7,1,111
fd0130b71235ab6532ac39ede2409ef89e5fbdbf,689,5,3,694
8a3cecb6dc1954caf7c3de20e24e1a48b7279c16,132,3,0,135
ce32362417fe16595e459e447b92b59fd4b03f48,9099,65,1,9164
cc7a3440253546d1aef2d8dbb4a00a29df6be569,710,7,0,717
7f8e65c09833c62864a142c385e432ed3b8cf489,39,3,1,42
debadaa2ffa64950e5b15346d62eedc1be31cb1d,97,4,1,101
63a4fd451cb0f4f7fc1a1103f0fe667f9ecb2f50,9,2,0,11
de14078830ea0690fb5092fbdd35dc3148901b1c,296,4,1,300
9f23e1857c5deb8eeac21f376f84665453fda007,2418,34,12,2452
57d4b71d2a46e8111ce61dcba3cd623cb38b617a,4,1,0,5
3785aa7952bfadacd014c48e221cd74716df54f2,261,2,1,263
c04b8b305437630347552a71ca99475b278f6f06,2,1,0,3
d8264c144f9655ebfa90059b5c9f74a007363f54,28,3,1,31
95510624a57a65f49207f77033db38e5f71c75c8,64,10,1,74
b2680122469441ac9a02e4c146002618218383d8,1377,23,1,1400
1c754f8744122bda61e2310e5df36101a02574bb,275,4,3,279
47323de00f23dd73a991122f0d0364eca917028d,496,29,0,525
db48107e1e13e26f91da038ca8c2c2174b1ac5b3,28,2,0,30
f4949e90c93c8aa3a4a150e8c72d0b5c820e08fe,132,1,0,133
bb8b19e48ebd20db1e09e9bcaf98f1031fdfa5de,5,1,0,6
d28c5cf4dcceb8ea90cb6fcc7b73b29ecc658d52,2764,33,7,2797
8ab032fa05b514ab6614396d632b9c9e52b9100d,47,1,0,48
eb0f7133ab2b71b346d5fa94a7e6a908d025e8a5,12,2,1,14
0b6ef986df8c36bc90cbbf479726357337c1dfe7,189,3,2,192
2cfaed37cf581362b87a36e924cdd5744d430e03,1322,22,5,1344
09e98049fa68a8c712986cb9ea5fbc700c34ade5,44,3,0,47
5469a84a33be99aca7eb38a2dfa6413555886a8d,6,2,0,8
449bf94d0dd9ba7e07f32d44bcc534e95248c321,155,2,1,157
45d5d29f2ef83317e6c4713af2cf2f846e2ded04,558,10,2,568
6dd54f8aee0678dca0c9fb6653a7f894158996ca,32,5,0,37
2b58bfb520df074f691277f2ae5b01ecb5c686c2,1837,16,1,1853
da1fe59027128453855d72a21ef0ba56772ef2ac,8,1,0,9
81e858b8f661e229e265ffc86d079da94f692225,195,5,2,200
2d94cb9696223ed949c6c173d0067067f10e82cd,1017,13,3,1030
bae21bf6278b0af2774552a1bce0266d1504bcca,30,2,1,32
7eff80672cfa0229a0dce5bc0d324fbe28f3a7ba,130,3,1,133
3173983406b6edd706db02a3925f1adb6cce5ee0,5,1,0,6
aab087cc9f044a714860b834978c6d0e41c60d70,5,1,0,6
ed2daaaa7057872d32007364e6e5b8150c341f1d,318,10,4,328
87b5b77264c1f05ac6073ff77e1728667dce1e1b,25,4,0,29
41dc432e775aeeb841f57bd25525832950698739,2,1,0,3
a7f7f46002ad380c5c9ca1894dd3cd80c148fc57,2,1,0,3
7a30a808d3885386b311a9c399bfc326dc68a316,152,4,2,156
e9ad1e017bf06ac579014357462c86861a31cf7d,10,5,0,15
89cd958dbabce88befa7561d3d4a25a9f97afaaa,578,6,2,584
3e794ca0c66ce36fa2efbb91a13edd514cc3b6a8,130,8,3,138
4fd70feca1e02d310905ddc82249d3aaa3bdba77,20,4,0,24
c5a8b02a491d22454174bcbb07927a90a339ec9e,3,1,0,4
be35e0aff6331d3f8403f69a942bd264a8df3b62,425,5,2,430
c223dfcfbda1ebbfcab5588e44fdfee4edec450f,719,8,1,727
addf67f9230dac785cf9047d82d175f783dcb1d2,24,2,1,26
e7e9775bddedf650d1ff197506d43089aa5d4f53,396,20,1,416
331b874cd68b9a68b91d20b694bce63bcb5a5e2b,174,6,2,180
d733a24b7055c804da97689f842376f4689e989c,5,2,0,7
ec27472bea8bb44ca65d29323108c54c1171b037,26,7,0,33
a9818f554cd0334f5786ad8db6a7c5fc0d0d2fff,1128,22,2,1150
262678b0dd8b431e9551fbd4310100d6f7086735,3,1,0,4
a8974c77bd2f3d3a064228889512fbe2e5014a65,75,2,0,77
4c4777dfa21ecf221912a75cce87d4642e4a9b24,6,1,0,7
1b3fb999395923561cae7165b7a491e061b096d2,2123,19,4,2142
afc75394d127e8a870206eb4300f8c773154a513,127,3,1,130
c425b0feabf674bd5e8de3b034c126bb8ffdd9fc,3,2,1,5
9e65bdf641ddb054ce1a4d874e76c1c5dbf383fa,2,1,0,3
ba55d58b6a7dfcec9d553398645aeec52a0cd34c,56,5,0,61
dafbef176f1f7517418b7b97a51b53b30455cfc8,395,3,0,398
ced3a70c5b53fbaed001e873c84257568acc642e,271,4,1,275
1b38909de87326f92498f22c4f6b9ec81a0dbb2d,2207,52,11,2259
9cd46b17533a62f1858e1902776c845ccdc63b76,5,2,0,7
21a372b2f58f9c6e27fe9710d6952ed519342061,132,1,0,133
e71622d258c27fe28ef62398b143c1ee1145b0a4,34,2,0,36
8f0145eb39ed84b53c9c4b858b5d9662a4386941,63,4,0,67
e4ea9fc80357837c5e91786efb5fbb7992d1cce2,86,5,1,91
6b78dcc465bc65c394f414f647493cb5d15ad15b,225,7,1,232
d47e751262b4b5c7d8e682159e3f351a8b31d4ca,3,1,0,4
701ffcbd5be5f39e91cea9a0297c4e8b0a7d9343,12,6,0,18
347eff12e59f479a77a854a766a428981657f7e3,14,2,1,16
c3446bac9c5c0882e0855a77674fc4eb211dbdf1,269,8,0,277
a892fb40bbc131017629f9149c352c25c5388598,1031,12,1,1043
d2ed761f3c310aec0932e19cd8006e3e2105cab7,397,5,0,402
2cbf0b5b8e8632d1751cd111f31fa961e020de2d,68,3,1,71
86a01ff6da71e433a29f26db5c3a586fa57e7ea7,1932,14,2,1946
a31c06a9f77314234190cdd77d4657bc373d4e89,619,10,0,629
42c6424a56f5fd1c55b8da418fab703e2b259fdb,143,6,2,149
032a7bf7f15c0361ad2a23d35a223a963d94b99f,96,47,0,143
d444285da9f5be8f7c6e73f67e371ea2b8a282ad,2,1,0,3
be27d521eeff764a58130fa015d47b488b9fd0a4,251,8,2,259
5139a6ae93a0be0b53b0d2b32cb116aac6195f97,8,1,0,9
d902c1a264851cdf285da621f92a29465fc9478f,3,1,0,4
7f1210539591e04fbb5fc4ef53e197405a40c727,431,5,2,436
f3ed95cfd5d8733a2dda8354e80f03fd7691523f,177,1,0,178
4c20bb567dfc57805de1cb089ba902468879d34d,1376,15,0,1391
8a31bf7a0d532d5e1fca46170047842540b020c0,588,15,3,603
2dbc94c201557e3bce5a3a944abac46c644c3cbd,91,3,2,94
c8db5589abd10bef94287d4c902162fa0a361957,9,2,0,11
1e17f6d64103cef2bb33899bad09e0d37c628710,3,1,0,4
8496317a688742aa5f4a750a6d2e117c95c881ba,15,1,0,16
023003a3b8b5e3df91a7e20e1825f35b5d22ae87,36,4,0,40
a21ec8ac47a018efdbadf06160e2e6d46c8f7287,925,7,1,932
6640affe5b2ac6bc0a972c7a9e291c1d5189effb,70,5,2,75
107ec3fbd5611adcc7b09afe8f8384bbf3096132,23,3,0,26
6d8ea7500114333fe6ccbe6b1d7dc712e0fe7b2b,7,1,0,8
8900ebb992f2872d379770f7196e245a6ffa37be,17,2,1,19
a122728f8b821887fbedbd837eaa596da962e778,269,8,0,277
024dfc2082538bfd38cc7686aeb95b404baefdec,128,5,1,133
cd35332a51c0c4997e8fdffca0dad9d090d0cf66,124,14,4,138
2d603122bbce5074423461f893ad7de585e8dafc,44,5,2,49
aa6d48f183a6e7fd7c3c09e71bd165926da561aa,658,18,2,676
f88a2759448b8d9eaeeb1b33b894e24df852b9c2,1460,23,4,1483
d062cfde5a7093a59d19240a1a678dea500279bf,201,5,2,206
3a47121ae30b72741a3a2eb1d93cef45c8a7caea,733,19,1,752
cd86f60f92268f1408b79423bfe6c8eccda1ba07,11,2,0,13
bfced82c1ac349fa89b197feb13dcd9f73ca328c,10,1,0,11
feeba9e3b4eae3501947429451fa39cc21dd8a0f,14,3,0,17
b2fa2ca800e9890aa75a53bedc77315e9837b024,36,2,0,38
473353db2aab0d61f027005c81db8a6b72c11c8c,4,1,0,5
e0f8c110994d37918f53a52ce52c3d457c45a503,8,2,0,10
462cf5789020a0a278b9646725d6687cc05ca437,3,1,0,4
41f3a9461f898cb054164b6034d1953a7cbeb339,23,3,0,26
e0ed179c249a4affbbf0491e4140d1c9fd5e9b20,600,11,3,611
0c1d6049802d7d4e2ff4c694e4160832c79a54eb,1656,228,21,1884
11fd62b77d84ba714828d0f85341e205f83c6c4e,62,2,0,64
13a281cff898a81a4fb857dc53fdb43131bf8be7,5685,34,0,5719
cadd61c22ba04b83fca7f205e4c0aaae7bde09bc,67,3,1,70
83598ceca137da00087f728338d1de5fc96ced9d,79,2,0,81
143f398fc1a3e23df991c43820049ad3cd1dc730,87,1,0,88
5f309cff34da802616d92ed361284d95b35ed9b9,36,5,0,41
dc772712f3d52c0c91caa774c320f9ca54b855dd,828,10,2,838
d9d43fb4b8d3ada5b35c50f0b5a858b93d661b14,32,3,0,35
f5606b449c51ec6887078057ae2a2c38820278d2,328,6,0,334
14611aeb616bc2a09cf75fd4875b827ee80f259d,43,4,0,47
054faf76cdef5a625d042a4d435d428529c8d798,35,6,1,41
5da34330bce20ea1f4b86b47b2b2266a764e29c1,451,11,0,462
41de9a62c6fab818d0e70a65701e00217cafd67d,4607,52,8,4659
c42c74056ddea201328b0efb35302f460490b3a5,3,1,0,4
b2df8ea51180df272cc7e67b91ac2f7827db4b1a,7,1,0,8
a123c60f63e3fc78fb691b380097aaf1f8c4d4b8,308,15,5,323
07666f92db3c47b3afc7ee0192bc5699856ae381,4,2,0,6
cf71498478f120fdc182c4aa34d156232076cd18,105,4,1,109
7cd5221e2407abdac8fb4da423332753f94473a0,72,7,0,79
2da8fd482bdc04588865ccb87706f416349e2328,5,1,0,6
e72a856bc3c8430c1502550494bae1224f8a9676,265,25,1,290
cef2740fa0fda2347e4d230fd3089844ceb9c020,156,8,2,164
348da4669b8491b4687ffd0953d38e30cd68438a,30,4,0,34
d9aec1735ea3a7f6962c3fb4c069aaac912439f8,16,3,1,19
5548e791f9273ec9ffd74f237385c9e7a531f9f3,287,4,1,291
8511410b9b93616642c94ae11fc072444555962b,2,2,0,4
0dbe06d1c720b36f872e437bb2c853a7925f2de0,77,4,0,81
fe047fda0145603ed7a8ffb4822f1de528b3dc12,499,6,1,505
919f40764b1057e80be1e96daed8af929601360f,416,10,2,426
73f0459dc0f173d75dbff56ca66ea670e484ef4a,4,1,0,5
b65fe43a883a8150b870515bba046f5f198c8e9c,114,10,5,124
274b4c297fad8b683c2b926f0f71f5e009d4f75d,8,1,0,9
b5e67c9245ef83c5168959f13b6e9fd1687bb97a,1775,426,190,2201
67299cde563b8a9aaecea02b2cc989e234bffcaf,91,2,1,93
0f8b1237f93d785c646fc75ad3dc37ae0767b64f,10638,90,11,10728
d4e89eeceb039ff373aabc844dfa03b314152470,98,3,0,101
a88e05ef9467f8d7200e45ec885508b8ad6d2f61,25,2,1,27
ed3eaaed61f1e583c6364fe8594e51279bf3a72d,6,1,0,7
5165d3cd2a33621bcc5259ce8a7a735302c071d6,92,46,0,138
6f109b9ffd67d78a0f56107c1a366fa33391cce1,2,1,0,3
07a6289a07fc5b268707a09086625f1fc023f144,84,2,1,86
559bf151d91dfa60ec7f0e2a70cfe38cb7c3396d,4,1,0,5
1c4fc13169ff3ed8cab3a2ddcdd15270e07d74fc,2,1,0,3
23797914c6fea24e34f3ebfca9a73e0fff72c2b7,16,9,0,25
26f6019b21b2f50dd23a014a6f015451f6b7e211,344,14,2,358
f556c59d1e9031276f0f4a0bb419b78b4f594ce0,8,1,0,9
f196dfc1b551912d01528f5f19806f875e2d42ff,10,1,0,11
e892cb2942f1f41ac7056d977eeca0e5b22897d0,3321,11,3,3332
40cb64d0606961042b3af8351b7da0b7cfbfad31,156,10,2,166
8d79e0a49dcb9c3f1d07618946d38e82f2e88b50,5,1,0,6
009ab53d1943829803fe308205dd951be2caffcb,1312,7,1,1319
e5cdb1e5d9347483abc8d8402dbda04b2f3af99c,52,6,0,58
4f2e767f5ccd123e689ecab719a83f0c16f41b2c,637,12,1,649
f4d96306fe99f6f6b4c9478b6cdf7bfa797cdb4d,395,4,1,399
7a40f11cd4ee4aba6c30ec8197ffd2f08c2c9d39,88,3,0,91
6c4f3c7aaf602e4d4ab4586487fda4638fe510d0,223,7,0,230
a0dcc662363e156d01bd6f199d2c66ff74dfa6d2,774,7,1,781
e303938ac530887c25748b295de08098beea2be2,34,3,0,37
14332cddc7336c549487c416aa84f43ded6f028a,26,2,1,28
8083b61e0fc61e4c87597f7e4e4b0214d33f698d,911,12,6,923
deb389182209db4a18761be9e20d7dcbf037b16b,584,7,2,591
a8a6ab2f063da85f7483d0066d0af61e4d8ef915,18,2,1,20
9929dad2e804f525b8ace925e859e07c6fdee9da,108,5,1,113
267abefd2740aa60af61d26ab48d390b6d06ba3f,86,7,1,93
1126cac9b04f3f0ccae3c1ab5a980af7d0d18df8,15,444,0,459
e4d7a102a8bdfdafb4fad04dc9395239544dae79,13,1,0,14
93238c9df378c4b8a64c4aae27b56b76f5587c9d,143,6,3,149
2afea5c70f2561d041d6444f5b05fea04ddfa0d8,2,1,0,3
11ff74a5af6cf2aaa7dd642775ef9553ee4ffe67,6,1,0,7
24147dd5b7dc188e01af283bd0d025a6cec3527b,28,8,1,36
be99d78e7139440104703719a822036d66b81469,138,6,4,144
b658925f82602d9a877d42af10957515fe055146,456,11,2,467
1b9dfb57d4113bce37b8f3708394b0a9f0594329,1107,42,5,1149
8782e47b45c945cd02ccb8f06597b0ffa66a735a,2,1,0,3
ac3f2af6a6c29553eb24d10a84be968df18745fe,2,1,0,3
02dd3e2f9dcb9df79f911fbe010a2d5e9db4721a,604,16,0,620
81028ceedec3b07feeb383063599c37dfd9b59a5,425,11,2,436
4a60e9be81322f50a6e33856056378398e5fb47e,3,2,0,5
0e1d4586989800934669cf76dc9f41e63e213345,928,20,1,948
fd78e6aa1c6f878ab65ef829b9068c4be41965a1,121,2,1,123
9e757ef7933b72d10457956f9dc87b53885004dc,21,2,0,23
6275818c20e059ad3eccec17bda01f03d383d924,148,5,0,153
86ce7c6638a56e28a18efbf8ebe19c8e565e8d69,2,1,0,3
33be20770f68604714c47fd0b5d4bffa92422ebf,184,4,0,188
e1ab4215a773f4b763eec814cc2e49f7503141f6,2,1,0,3
1339933367658ad9ba066cbc400d038623247129,33,5,0,38
65be8bd6ae5fc83c9d485245679e4d58b320e355,86,4,2,90
7602348be0e6fcd7c0bfa5b774caf11473b27fd8,1142,37,5,1179
c6c7d68a8be362d8c59c81c2d832e11ebd3eebd9,11,1,1,12
a910f5da2487a711bd9d4d82a3fe72d951aeb685,357,12,2,369
a71b96094dc58340274d11dad76b2bc58c7e09ff,269,11,1,280
30bed9b141d5896d4692dfc7f4be4e1e986c0e50,342,1,0,343
05f1a89b1890bc657b8ff9df9916b4bb1e15e807,9,2,0,11
44fcf1e6a6158935c9aff6f4e81b483d424e3fda,21,3,0,24
1750548f08d842449dc7742abae58f0a5c47f280,103,3,1,106
bb835df5f903d55c08ab263d81b1db4d61e44ff2,67,5,2,72
d2d47b21704b9ec0bccf0858df2590143ee7d5a5,2,1,0,3
2cd6abbe407abb1e24e2c910158f9b4c3e4fc68d,7944,36,11,7980
b22045a29a524161a76127b794df827610664652,63,3,1,66
e15fa8045347b2a73ffc5c1c05b0c0f095bca4b3,1128,22,4,1150
0c197417b5aabc38358bf9a90f60309d1cadbe02,39,2,1,41
cf675a5f9e09df12dd2726786d91cb214046f931,11,1,0,12
da451a8f3dbfcfe18d344e8b3b40c69e6ef08325,43,4,2,47
81248d1c5b4084a7fc37552df694de54ef10d4db,6,2,0,8
08c46a835829587efa6d9447c2d1f8b5a8ac67d6,104,2,1,106
2484f5b84af6f791e01c77be0910cd8b1f73aa16,79,1,0,80
df4911de23883a699225d3bf2b71d408b35feecd,2,1,0,3
ac7b0e76304f278dfbb2d29dbd8383090e708601,1409,43,0,1452
1bf5d021db25fe09d00e31871b5572c149ea29e6,1653,24,6,1677
59c188dc7b9e25abcdf9b869c2b30cf77360979b,15,2,1,17
d08fd5c3069d2c20124a5edb00d8b5506cb8522c,562,11,2,573
5817f15aa44cc0a45c5bd1762cfb99905ccede7c,28,2,0,30
1c17ab8c9213ec2773402d93a0099b438122ff40,29,5,0,34
669bd595baa671f2420476da94524635ab1d14db,82,1,0,83
73d2839ac1cd094072c3c031008d6335527c29da,657,23,2,680
5577e87e35ea64307d728a136295bfa26ac99203,136,5,1,141
b710e0945a5d7058fda6eb1cc3f297a5d017d01f,233,11,3,244
7e7a4bb36af84e2f4aef6d1dfe4126bf1f18a23b,64,2,1,66
05734bfe73aa8fbaaf0b278ec19429bf5cb4e701,118,2,1,120
ef970e67e445f1455784f35c90eb0eb623814a8c,247,12,1,259
5beb83abbb1899c27b6625cc5888857f82c5eb01,529,2,1,531
b97460cc14b18d0ada4f4a3126c667c0d10dcb4c,2,1,0,3
0b8cc8859dacaee870bbd96b3f92e047cdf9a6ea,2,1,0,3
ec1c85987a25416ecb3ce57961d888381b29027d,60,2,1,62
0f4ee6814a5fa103f5b88d4df75b0968dc7ce641,4,1,0,5
57d292c5ca87411b7cf0801d6720f3003b71e297,92,3,0,95
3ab13dfb515d81863600f067edc7662d46b18d5c,589,5,3,594
0f85a927e2c58645dc66b754a4609da7b68c9455,11,1,0,12
85a08047ed8b7d471464994501ac6e4a600c579c,82,9,4,91
ce4328896e93740dc9f000e56584d27125c0df6b,1564,23,0,1587
8678f5ec0a5a58a095b38d27b5ecda55efdde8ec,152,3,1,155
cd5f8129e126108a1bdb49c9ebf660167e62b5af,169,4,0,173
413b7cb294a59628a2233c6c593295f817c33455,1068,23,6,1091
637b0f100b6e2886ca31205e206442216c480f7f,9,2,0,11
9dd03e4adbb758dabda760006aa809e8754c0305,2,1,0,3
76eaf5107d93d664ba88d0ff83dfd3d74095fa0f,4,1,1,5
d586801a29f33ea6852c7a8e86618fd409b42ae2,236,2,1,238
42427065ccceeeb497515852cb77807b07e80c5c,907,19,7,926
aa883b8cee47a502bd534b3a23a65b4dfedb5637,1227,15,0,1242
e0f15aab71cda8fce3f06d2f53a4c7e7a4f3c523,478,2,1,480
e5c9bec4d970005850da548a42a4fb6ba79a620e,16,2,0,18
75afca383abd09c37403fa28dd1d674962c39ffe,141,3,2,144
b7819e1718c9ef292d622df981ef5d1392004611,109,5,1,114
d19d604a4d007e06def26b41f50706ad485ea314,450,10,0,460
9942424cb7fc682dd1ab56cbb5ebbb762f3e958d,2,1,0,3
e3b0bfcdbd796db91a606d591e492741799244b5,647,8,3,655
bee125efe3eee3c2ef2298168f12b723519fb1af,27,2,0,29
d033a118a8c3a6b406d702ea4dd4e76c89d1b316,15,1,0,16
ca8545b29218e79910a35cd592a547d17cb945d3,661,9,0,670
2d446d2e0e5fa0f58398f515e40174c6cba90719,183,6,0,189
45862790d34f6a1c7a8cc9dfc54dd2c32a384ee0,332,4,0,336
8ce2271f2e7b6e5cea71d4dc15814099aae88c6b,366,10,4,376
c8d7efc96c41db7ec1edbab5f93c2766f8201385,62,4,1,66
bd2a6ce76a97ed6dac7b8b1b56296cceaecfc05b,2,1,0,3
750af31133f758f3c13cda7d9b22126eb7d52512,624,13,2,637
5a53fbe15bec683b2ab553518f9d5ef376dabbfd,2,1,0,3
9eaea998fc74d4b66f5dc9ea6c2de9b8f758aae5,1263,51,15,1314
f40c2aca7ecbf3b9112a7bf2fff7c0c5b75247be,89,1,0,90
96647ad3c15ec180e4a1491850e2eef481ed1776,25,1,0,26
c757f2431363938ba2fc7587e3895d8ec8fd9510,50,2,0,52
b009fd889ca61cbb039e6bbf06033ed1a2909824,427,3,2,430
2a04de8272de3d865137e0243be51a418b874ad3,432,5,1,437
bd2905fd537ca337401fa9a572298e6dbcf4bc8a,4,1,0,5
f099515341829549ad722664ea18d9fc53cf9e7c,92,46,0,138
6d655f9bdc3c3934cdbe6e823823e84ab3acb02a,256,3,1,259
fa7b0e4ea05a02855b87e70b50bfd3f76e6afe02,578,24,5,602
4a6e0945e2442fdb630dbe9a1d687a8906484f87,87,3,1,90
c4f8ec120e3fa0eb0a01590e80b64811c01336ed,11,2,0,13
fe9d3c79d2da709e6ce15929df539f91fe960c2e,89,4,1,93
50df5cb9f3f87d6027474a9a5c25ec664f4d522b,3769,14,2,3783
318c1077bb4a8aa74a03acad8f236aff8eb9fa0d,106,16,2,122
0dee4d1bf2a2fb828ada437e65d86e3f186f9020,79,4,2,83
3eb0f9c9daf3e176d41775af515eeb982ff2daeb,42,2,1,44
b31b82eca4f9d7ea1df4e2aa500da9a211a75c13,40,1,0,41
d6862a24caf82e3a548ef28dd8d920cb81595eb0,79,12,2,91
5b0d1df2563b2ad77d5ea0e8c2418c889769a989,8,1,0,9
0565f86ff9d8fcb1345f3e393d48d1cadd1320a5,16,1,0,17
66e9394e6d0dc3711ca8bd94d3297e49efba5d5d,3656,41,3,3697
3b7bfd2a4611c23f24a6c028444450eb19b967db,64,5,0,69
4be939ae2a1a87c8e914208b1928d3f943698f4c,132,10,2,142
33e7ec8105144aad8c90368fab97c44861e7cf2f,775,5,0,780
47a30ba99f80e83a56f56dbbc009720e3227bc07,462,15,0,477
e8ceb2e74b0932a869043b4c00c70fd0eb63db4d,64,2,0,66
f898c1813ee2678e77c7dcc96194c64f441cd713,3801,29,0,3830
9ce5d78e1595d7889e903066d84684b284eb676b,2,1,0,3
3cf315484c15c2230ea76d5ee0d6fe936003c3b0,1057,4,0,1061
9a5cc4b343405d1c8eebf22658f2476e54d66878,3,1,0,4
41a77224f36557758f7962bdeb09183c68c8eb3a,39,1,0,40
8ecfd4a68594a229aceb85884e77149ccbaaff83,6,1,0,7
41a3fc4f7639c879a2c76e9c1e29efeaeac6e58e,689,9,1,698
70be687748df29d7dd144fbedc46fcc302dea30a,11,1,0,12
682c95f2b0a759eec54eb0d48c2228e695ff6a3a,331,12,5,343
22d25ffef87c1c391cd420abe09c7a7296aa3f78,1661,8,0,1669
fe2a63ca6d21015cbb09500f00d98a702338d488,227,3,0,230
ed9f1227d3d82e9dbc7d370b8f7ec9684c53be03,11,2,0,13
a6446e959cda5d03abc4ef02f9b103b03aadcd6c,69,3,0,72
c124334d7989a8f8d32015b0469eb7410154f513,295,3,1,298
d6484f621d5931e326cfde00e022118829ee3971,538,32,0,570
7c0e22d693e3b049069c677bccff899ce06ad3da,14,1,0,15
4ba7204a8778467043d8e54ccd0e005cb8042887,24,3,1,27
64d1054e9f2d6f616fd1baee678a35ec60d5bcf5,237,8,1,245
75f9fd3e94b42f30e2a54ae3ee98ed340d5fae10,113,3,0,116
f2c37d5149c59badc5a29e84998ab5ec9c9d188d,511,14,3,525
e691a3803bce4e491b99d472e0e300c27a27e4b4,2,1,0,3
2796b831f2313f9f7c6aaffb91c60e090d572679,118,5,2,123
4183ffe71c19944312a99555392033cbd7481ac4,328,6,2,334
bdeec8d84085b965b3808006a795e263a0152fbb,2,1,0,3
96443504ccaf26a116eb3b70f44236449205391f,1,1,0,2
946ff55ac5aadccf63377891833e931dcf8e1ff6,6,2,0,8
fb42e72234123349ac2cd0d3883d0417b4563263,350,13,0,363
a76e7662888553eb89d66f661e48151cd974d529,1193,16,4,1209
54320991f7f56ff5ae8f1dcbf292d84eb34b21e8,1088,4,0,1092
8e417087e1e98015c8dab1b52c37c240e2ffdb33,117,5,2,122
2ea01854866482fe8206a55dec4f2f1b2a648874,247,8,4,255
79b12ed36fccd28cd68937ad53d9df76cd29c9b3,123,2,1,125
0522accf53fe06e3cd99301bc79c42260816c023,3737,37,32,3774
003442a50253790f44564c89ac25eb50d76edac8,119,2,0,121
39a24cfb554ae32fdd0896c46ecdb6fa6c5eca13,533,11,0,544
75b07920c62c2e6d2cec450696ddcb75a2087cbd,4,1,0,5
2a7d506f24c2af8781092ab6689114ab045a141d,93,7,1,100
85cf696be3decb75fd8e0d9e5ec5ef0a32d8dd9b,5,1,0,6
10dad7d6c8c9697ff5606422afda1257fc5e3fe2,716,8,1,724
b8bc74fa79437a4f30cf1daed55f66b48973b7f9,78,2,0,80
7580ae4174ece4a9d85212fdfed8b56ed5c73ec3,84,3,0,87
33de6dc6374db26a801124543bc633ba859220df,652,11,2,663
6d8b09e0bf97c6c6580ad69901eda5867357ef2c,4,1,0,5
1bb6c149ee4412d4e5da3a3b23565d76378df4d4,2233,50,7,2283
fed6750f72ff3349c57c734f5f172c4207dee01c,18,1,0,19
e268a795a684f18e1876e4530c81ef00baec878c,43,2,0,45
ea0bfa04fc548f24de248b0d1eca7f8ef7515b54,14948,83,5,15031
4ea345d229215098ae0e15ad8781fea47e1b0902,184,3,0,187
b936f90b56eb339248a64a37619230ad3ffd8f51,684,1,0,685
6b43aef4c9d4bd558c29ca3b68552f91bcaff693,57,2,0,59
13bd443bec1f0c46e42e6bbbb977a74b993e6195,27,7,0,34
93a45153694cde0d27a569c12ef21c9b367fc9e9,99511,27,1,99538
19101e9fd18cce40e16206f36d949fe03746e68a,10510,24,1,10534
37f2e28a37df53f14daf4ce9205a71f9318dce1e,220,2,0,222
e87e1411e9c73876299e98f70fad0d14cf92111e,82,6,0,88
02ab1937808e4adc025ca63cb3cd1fceb503641b,13,5,5,18
8fcb17d2f4a6f9f374081d8d651f6d046c4da14d,349,6,0,355
8def7483b0f0d0cd09c5536f5792626d2d1f3c52,794,26,3,820
f09de8255b6300a2ca91f9d3d15b38c69beea31a,50,5,1,55
7e0398bdecfb868d862e744b64532117f1370603,2,1,0,3
e11bccef660d8f41be25e81199b3297b25274ab2,1301,17,2,1318
d04785c83f5740a5cec0a2c30d570949304cb8ad,764,8,3,772
3d4c98d0b669b2abb6a9e47bd5be98098e56ef75,1051,32,0,1083
e01869533f57857afa4807cca758c2a0a8dc6a04,39,4,2,43
a5c4ed27f36b88dbce061f636fb6cc2b4270084b,2,1,0,3
3e4c32504749f823f28f63fa8d06baa17779db12,37,1,0,38
3d243021c6d7b3aff1e19d9efeccfeabfec5f4ce,423,4,0,427
19e3d516e9a225b0d592f0e3a0ac830aa00f94d6,97,3,0,100
33830cb3ec44d1206678a73a3c4fc91844fd0334,4,1,0,5
68fbb9cef617df6a34c86a344a570c474dbd1a37,1038,5,0,1043
99fe2896318b23f6489fc55194937d0ba69e5407,11,1,0,12
72a7849b93749aaff06b75a285e6db89ef06c7c7,2,1,0,3
832ece75e7e2e827ba9a8d6765a4d80e61056001,7,3,1,10
8d3d4d49f7be6dcd63d3b5d6dc71f203429d1532,8973,50,4,9023
e8c46363d9810e71648b32c38436dea7a9f21a06,2,1,0,3
950295ab40844e628c5802649e99fc4feec4af54,19,1,0,20
d83e3710dae5c8c294578d21a589cfb78396b8c7,414,5,0,419
28882bac5afa983e35e9e520a383636c6a042018,438,15,0,453
8085fb76f8a70eb5bc6326850fcc735fe955d98b,42,1,0,43
ec29b82df91867715e39f2f845c8c8fb062c6604,274,6,2,280
5de1d4bf11d60c9c4da6c87c31a9ad00cbc99386,14,2,0,16
b592c8c4787f58a21be6c59be1fced94c6ab2ebd,766,12,2,778
60c802c019b80141d4b2009627752469279d65c1,13,1,0,14
174a77bbbca2ed1990e8f2816256cdb230913f14,382,19,0,401
079f27a1bb3825668435f7fa465db87355e79550,224,7,0,231
a36d1c04c720c0f47dfec078c24c84c98ed665c4,90,4,1,94
a56f330a709e9a18b3f858acb79a309ecbe8ab31,80,2,1,82
0417e20874dbf81f4fad39b09ad95ebfe3d844b3,255,2,1,257
79c946067119f3f42dc2fee84c0d13307cfd194e,108,4,2,112
2e7cdcd756b621b933c7a8257c31f5c8f11e5295,172,10,2,182
4a895342582e82c6bd2303f1b7266ab02b9eb4a3,629,8,4,637
0e8c0e2676ac956a918d565a5b7ff1f9fc060322,389,2,0,391
f17be35c348686c8041f0c3e2aef87f62e2cc97a,118,5,1,123
8c8897e36a3c9cbc27793576bb139208a508484c,59,8,0,67
f7af79888c2bfc65275324b19edd700c1d8d1ff8,11,1,0,12
7649f9fdb88cfc7cec03844dd5ea71dca1fa49d1,325,14,4,339
04e2bcce5026f5911183a27f5e8fed259572dfaf,2,1,0,3
dde3c1814f1f425a09b058c016ea0ece33cd7bf8,1605,51,9,1656
830eb94a4c058d41abbaed78a6e918dadfef9d22,59,2,0,61
ec15f4184dab89738807ec1100e34e3c153e8858,2,1,0,3
63d4266fa96d69c2fe60180845587133e2e0da9f,214,1,0,215
e20923016bdd477464a8b325cb7d6bfe42644eb4,76,1,0,77
e5bf05b0ff831f8654fd1386a76b759266c6f8c7,6,1,0,7
f29273083ecdf7163de04ac6eb52dc1174da377d,40,2,0,42
98803ddd2042b0c6082899af84480f45556e9b66,7,1,0,8
bacaed22b4aa3eef38f951fdb098396706df444e,19,1,0,20
fde307bdff25d59738dbd39ed0e8ef4ef84372cf,258,4,3,262
d7f4fec53b4621bebc209fe783e5363b837298e0,90,4,2,94
28bfad9ddbf51c7bcbae5df9de448f502fd5a69d,2,1,0,3
cf35e6e54a7daf4c7d53ceb10ccc6df963de0a2f,32,2,0,34
56df592ad16681ab629829d1b7e32df60777c169,11,2,0,13
b8f70e701c99c792fa0b7e5874150a119f338d64,644,16,3,660
6c30c76b9779eca556d9813bf188cf23d42ae24b,115,5,1,120
1ae53fe01bb7ca504c174c62dae44fce6cb9084c,60,7,0,67
0f398a7224823f7f76a9723cad2023487d526e92,6,1,0,7
209f57c659760114d44d35575c46b4f9d59cbe2b,441,9,0,450
12ee45cf771807f53c706d54c84acd8899b40796,30,3,0,33
84ae4f111926cfc8758698402b56702a96fa0f28,20,2,1,22
d1a0688688b3c0cf17e42e31ac543ac02a763dd6,181,3,0,184
a2f0dbd4a341ed2e3da9c920f6be34e97bd9f990,4,1,0,5
b51518f5929e36f0c63bec1e8603699a56eb024f,647,13,3,660
91d167983436c03bc3b74bb32a9f13f9f6fabd5f,1,1,0,2
2be1520d99206f1c606a9062544f88f958ff1da0,44,3,1,47
421828d4e3d8ceb14f97f89b73f716f3fa183f76,1,1,0,2
04265e0ef09e6100c4c36d6af435154905672b6b,301,4,1,305
20ff276f71166e4783934f2f02acbed55dbf2c9a,985,10,5,995
21b83d9eaaeeca50ee29624748208de75710acd1,118,4,1,122
97082929225817714e23bb7e78387ffb0ca44030,117,8,1,125
c736fbe1c2bbc91dff348e45d60c5be41e7f2113,101,4,0,105
43a3701bb83a23c13d66aa9f64249efcaf0e2d03,49,4,0,53
27e34d7f7c5a46321f74c3409c9ed3be01a12307,540,24,1,564
e62addb3b381e89d3afe24847a1bff06e7682246,488,20,0,508
162d0e61b6b1c3d51f915f7ad3e151a4fb24110a,9107,6,0,9113
d03629ed6294ad2cf5a52d4b5eb6c0adef58ad5d,416,5,1,421
2ee498cd4dd10a295740e72e74c1042ef998f26f,5,2,0,7
8013a2d97ead3bd3a5f75cc71b018cb85a796e55,12,2,0,14
a6196baa5c8dc09a28c9284645a5a96e69828452,151,5,1,156
779422f4e56414e7ee065b17d49d8ec383217fbd,9,1,0,10
e4503a3ea5d7779468a7c708549390b43a10cbff,132,1,0,133
503d0fea7c92845b7e3dd572f77dcb4ca4ade243,751,10,2,761
4effcf983f19d6b086f16be3d111ed3bcd43a4f9,60,2,0,62
7ac8650777d6b25c8cae4ca1bd5460f25488a694,999,11,8,1010
0cff39d6242e4f5e8d488c8743a45cf3eeb9b8d6,2,1,0,3
1e62f706dd8dd4aa7d8831cc2763145a173f2ed2,35,1,0,36
29cf33b280116c4cf7d3305204c3531f2261b1f9,225,4,1,229
19e96b595db4d0e26963ebbfdb3ed5e248386b47,525,5,1,530
0c4fb588d96a2c26241969bd1d00e2d5243882e3,202,9,4,211
50ac78ced4b332141888352d564b235cd9b01e42,64,4,1,68
a733317cad30f66455506c5dfb4facf18bac32c3,748,15,0,763
d0177f9bcf2b7ab017bcdc011ceda31e45889086,3739,43,0,3782
abf21edaacfbaec3aebe414991d13b4eb1ae6407,343,7,1,350
b97cce5dbd5a33ce5043b37daa7f8e7cea40534e,80,11,0,91
a95c9b2289e627c04e2dc99cc303189e098d7d2b,35,1,0,36
7a94181bba9b575241727c106c1ec1522f4dc1f5,157,1,0,158
1a5a3e016fd67d280985b1ad5f4dc4f7d61a53ef,26,1,0,27
e517dda847e78b8bc7966a37e7d526f4fecd79c8,13,2,0,15
60b0c5f2dce5e82c7b1013a3b8d8935774d12d72,1028,21,7,1049
600b91b9aba8321370575e7b16b13db2edaccf7d,2,1,0,3
53788b3fcf378fa9a0192b3a6599d6aec7f70dbb,54,2,0,56
5225ce8d82f59afdcd56aba9bbe6ae4cfe021160,225,3,2,228
4c3af59e19c33fdb9162589b18cff8040ccb3b75,1193,25,3,1218
d6fd42d7883ceed4f6e207dfae7b7b809d2c2c5c,738,18,2,756
d74224a14b07bbe3e5c4909b51856886e29510df,73,2,1,75
b06a94956eb7d69355c469b2cc5f29beca58f604,70,2,0,72
916494a73acb31f43d98b807e1db0251a9561079,38,5,0,43
307d9188d87620166f744c55d424da26a5964ce1,794,34,15,828
be8044c6ce04d774dfab683d0dafe09a72762229,46,2,1,48
6a927ca09c382275d1557443b147304fabe2b4c1,175,8,2,183
e9b364c735b604a66ae6cfea0ed98cc042532927,30,1,0,31
0433a2fba8d53f700887e241181be131de3d9542,62,2,0,64
b3de28669260255949678674e3dfae2d81653bfc,18,1,0,19
6850110ac5ee0a359cb82254ad24a75d280192b3,444276,2257,194,446533
7bcbee5058c6a56d02b2d34e173185009ac35146,33,1,0,34
78152cdb2892cf8c2df5b8a4d04e2aa897333487,37,4,1,41
98d569db6deaab6ece09c08ece5e29a33eceab0f,179,4,1,183
3adbbe48839b5f15ac8e94ea6bfa828f31f847a2,248,3,1,251
93e256056e3932c2d20ab4771a999a0ce8624c9a,6,2,1,8
e36159dd7a33471c3eec34c56c13f8f71936b267,239,8,3,247
2b3bf29b307c625df7820d5a0a44cb8cef06788e,6,2,0,8
fe1435d26e5601c41fcc9a38dd8c651ae9f82741,6,1,1,7
1f21403a29a40c751fceb2211437a1e27c58b5e1,461,8,0,469
ead8aa99ba8364117a08f235cccdb3b24f240d9a,43,1,0,44
e90a97345f1e0e6c17c376f84d04cb957df280f4,2633,66,20,2699
7a989f72d495c4c72904fa3b811259ac6e37043d,822,10,0,832
7e9af405d9d6f212f97ffab755f8a7325d3724ac,52,3,1,55
d6bb2c9fedf932223e5cf7aacbab60c768104aa6,52,3,1,55
efb075353137d02a1bdc755258f2bbb23ea35d31,357,3,1,360
fb0cea82e53c8c7390b425eb2facf96c1d41d2b1,2,1,0,3
fc266a473cfced895550730c0ce00148c9e6d66d,406,36,7,442
3cef97a7743550077c33f27ceae140d445adf34b,49,3,1,52
a4a05e3793d1e0264fb4b7382c6d8afbf27887da,422,6,1,428
3fb68ee19293ff6373dc7c374beb597493c15390,8,2,0,10
d1a9802187790bf25688430b6b8147933c46ce58,25,2,0,27
a7c4259fd94312afcaccc80d99b41a2ef85e256a,146,2,0,148
df767c09b6358bebff7522e27810f2a3358f6a15,4,1,0,5
b2d716d9c465eaf69685f8e284015de5cd7b038e,386,16,3,402
36803c0d4f734358432cfe9b0602588e105e6349,98,1,0,99
779c29ce99fcc7457e260be9e4cbb11c2dd5ca59,41,1,0,42
513702582e620829419a93c322740a7193e941c3,28,2,0,30
1dbdd6754bd6e03d68926bbd9e9abaa3d37dd0b6,1180,43,2,1223
341ef92376445a21f7f47e190ff50dd6156c7836,18,2,1,20
c1a43aa6c74b9638f7c2d6252030fab236a59870,62,1,0,63
66449688de744a119e32b114cd458beef17f7908,149,6,4,155
a73c52302715e1bca4b7860f2a882e3a4a86364c,116,6,1,122
3232db9d0696a5e1a65d38ab306f8520906dc335,2,1,0,3
318a4c8c2383ef3ac0e6da99d2e1d2daf9eb4114,11,2,0,13
3b7093039469b2a00269f747543c6c29c8f1801f,378,13,4,391
31bdc2b0baa8a971943b1bdf253adaa4a52d8933,56,2,1,58
59d02c66af3ab828bb3f75c0f832d03db0917f1a,645,21,2,666
b72917c19b2c76c92d1e3e5f17faacf34d7b02ec,93,4,0,97
f386ede0a3433dce8057d5617ec839f776709495,201,3,1,204
74e40375dcf864f3fcb4d3e22294251a4c5df345,1048,16,5,1064
4fac51c94a986f824dc66aa71dd4b857952a636d,1088,42,5,1130
2bdc92e143138d85c2627ada593fd8c568fef476,5,1,0,6
c982721b7e2c08bedb53bff5c1853a2c0b78d24e,107,13,1,120
36d6db64054a6252e2eecc4605f25b60fb84690a,38,4,4,42
656f279f3175af656374789b2c5a5b3063522c57,584,3,0,587
2731ce754e2abbb7c390adf2c9fe23a11bd20006,122,2,0,124
53c2a3cd3288157067192f3c7cf34466b2b614ed,31,2,1,33
d87755899eccba3554e9cc39a1439d5ecb53aaac,7,1,0,8
5d07ea40daf76f42674a909027b015770694bc8f,50,2,0,52
4ec38f79315d4017e5e2ac45e8989fa7fc4584fa,108,5,1,113
412de43c080b8c55376f9d5884623e7a5cc61e01,121,4,0,125
5312879af515363efa57bc4b1c3ea0ca06c66760,2,1,0,3
d1cf36a3cbf8653d7fdf49a3bfc422ee71d1d302,580,3,0,583
621ceb021cefa1640708f3bb4d576270717f70d6,10,2,0,12
acc24a105f3c2d728ed2589e4838108769e82e2c,37,6,0,43
35ec28746624a40dc29fc9b059307fa65187123c,14,6,0,20
536663564b76a7878e1680833b6e61b1bd89da8d,151,13,2,164
2d0d2aca7157ab23421f14f439e7792900507dd9,4,2,0,6
3c055f318f8faf0d56c32cfe6cc11e0dd4e9470d,39,2,0,41
593d23780d0110afabebd5a2127863ee10f8fd03,2,1,0,3
27b61fe6a338b1363efb64a7fed87d95cc793f8a,962,7,0,969
5d2bc0c6d83825e152d30fb4774464fabf3b3e8b,86,10,9,96
9275a430049ff0d2888cb353fc7ef369d53a171c,1000,16,1,1016
b48dac07dfce0769ad4acf1a643f3e9aba53e18b,2,1,0,3
8f53b9d2cb3117aaff7b8d2abacfd629b261883d,29,5,0,34
437a637aa19b5c047df163ee42741412ac057449,245,10,0,255
a84846eb002c85c6fe86ad30b71ef0f951c9e2a2,37,4,0,41
8dbb70ba08daf90f5e9067fcec545203ffefe215,1297,2,0,1299
89a22f097c5ff26396e58950c90d764066a56121,2542,74,10,2616
d77a8d8248ab6e0e8f7a55621dcf9cf6374c05c6,1567,22,5,1589
6c6d08ebbc0439a4c1359c95480c6fa767033f20,163,9,2,172
e8ef1de18a9ffc0a1e4f82c4a4a570ed50522cee,8,1,0,9
20c17f68e146945b69695cdd07feaab5b8a99a0b,72,2,1,74
56ef6803a962ad5f51295d9ff8194cb29f8fc47c,201,4,1,205
71463492749607314b4ae171b0c02e7bbac74335,8,1,0,9
93920b17f9dc06c4d9b9baeb6006ab780afed8dd,1201,22,4,1223
fb7ceb0cb67c32ff2f7086b4bb687bbae6cd2fec,1642,19,4,1661
e0c77e3f509fafbc483eeaa7fd8614f50c343da9,137,9,3,146
89407f91925c135cf9235cb7d1ae00bc387a85b7,167,1,1,168
d593478e89506800c07543cb01d10f7257f62d9e,72,3,0,75
98faf2bfac7ec69ced93eec25cf57237a911c560,2854,599,129,3453
a67cf873b5b5c390bd516f4d0523529b8ab44993,31,1,0,32
4aef4c48f5f459aefe32732db17598ef490e2dde,16,1,0,17
913492e443d71d758f0b88b17cb144b5a5a5fb57,5905,76,0,5981
2f8997198a7dd8037dc2c0165eb567c9c0a98c4b,1249,23,4,1272
737265de3256aa56ac4731d1a3c90b374f11f0b4,74,4,0,78
50a4531b33475327bc9fe3c0199e7003f0a4c882,686,32,1,718
4b0db5a3cfdfe69551cef235f9d8c25ffe31b254,145,3,0,148
25bd7547e4edea62c00ee4b2d7a1fa3d8bdf2943,3,1,0,4
4fd84be82ef3061f195e4a2ee7f3b7e3a41a70a4,4,1,0,5
5815f4cea5a71f36c7cec3b9f29ad40915bc4324,2,1,0,3
409e5da344c8ab4077fd318f6a3f801377b1b958,729,30,4,759
30280552f5f4973ff0e4a0451990c469e9992a9f,47,3,0,50
ab8da78a81a7a7d9877647167935ee4eeaaa38ea,22,2,0,24
99287abc26f716b25a118906c75a5069d8acff6f,138,5,3,143
e9170aa8e61a00032f036d6e56bf21f6bebef1e6,93,3,1,96
310c44e6a32309a54155c022fa1735e1457d3e27,853,31,12,884
40e5d1135863189e02bb0858681d17b0c92d8375,162,9,0,171
3f2151c69124b79d9a480f41ad3a993fafff12f2,416,5,0,421
3f93cfb93a386ee3e8bd108ffe34814b734575e9,67,5,1,72
b9b31e5d2ecdc954934cdc1143d6f729b9f22c0e,10,1,0,11
f2e3446e75f1ec1d553805d03f6504f05b3e3c0e,29728,974,263,30702
c7ba485eeb1d270a839f02eab23978c1ddbbc8a9,28,3,0,31
096815761e56321220fb7f9dff547ea7224a9d5e,10253,2,0,10255
7423986b7f1559ad18b597e1a529fdf80c6bdffe,112,56,0,168
c7c46786400409d122c21ff0494d922f199a0979,9464,110,0,9574
2d1588a3a8fe99410b81a6171e87aa87eb7e47d5,90,3,1,93
a3586c53daa115ea8a2f8b0c4561f42717befdb5,11,1,0,12
31bf05c0f26795b271c971c97f8e1e682d7b65da,3,1,0,4
1105a3ad2680747715e4c4b9612152acee0429e5,192,27,5,219
4295e4e8fd26fba496aaeab5b27d23684cb6d6ec,11,1,1,12
70ac1bd99a64a951f588a9513e95441f32fea2cf,231,4,1,235
7ce8b756dff2b153151517afd552759e44d46c75,650,196,47,846
5b1ca9da18fc2735c96697d0ec9f72bb32592bac,1581,5,1,1586
cb9889bcc6a9c93c0e6f39d828e883aefaeaa318,460,34,26,494
60d91978c0a3c99f8771946a40d295bce93a6d96,7,2,0,9
95bda214b81544e56cc5f313b034d667333c90bc,169,10,3,179
b44d4c225544be9d7af1b1bbcd06b46bc1bf8102,22,2,1,24
7d2affb1ba64c36b050710e4e2fb1332e841bfeb,2,1,0,3
9dd69036952e93875a9729f669ded19e7d8d2027,81,5,0,86
7c2393eba4f97e622b5b65ad9e17ed84e8a95beb,707,16,4,723
64eee91ad8c81a55b8babda10b36b27633e300c3,27,1,0,28
6a16ee9bc53d1dc37ecb2c86b9ecb1ea8c592d6e,10,3,0,13
0f5d5bd3511ba3b101b41d3179fb8c1ae7726c3f,933,54,42,987
1d1f1872f9a02c45e84ff84d6c0edefb0bad9467,121,5,0,126
7299b56ef3ca30a1730a24382a2701b8b2fc5c65,207,6,0,213
a18fe23b29f3d7491e6027e9e1da6b3646c270b6,9,1,0,10
6cd4b604d2f6e7513fdf7b4730e6054c9f2dc080,331,8,2,339
0d91f5572b854c7788be6abb8b49bbc17f114500,2,1,0,3
bba25358832d770adf6cf69470dedcb458757ee5,1,1,0,2
d5e7106546f0b134a29028b2065bba28929d5e8e,2,1,0,3
9b58cd2e9369be6eb4df5cd0d211ed6c78d38b6b,34,3,0,37
3e20979a3b359c5c56ef815ce771e749710e5be2,3,1,0,4
58ee1945748b8ab4c0e62adb7a691882753d0ed8,33,2,0,35
ad5c2b6197292d73221bc459db3d5bbb8fc8c2fa,3,1,0,4
6d34505ad9dcc25c2f48f9aa1b0985171fb0351c,4,1,0,5
99002a9b63d1a6f05c59924ae681fd8b4138f799,750,10,0,760
ac5aee70bf25aa4680a115434066287e3456ae71,35,13,0,48
0dcdc5b5beb928b61d54c88d9b9051d23f656d77,22,6,0,28
75bd7b9317058e7a2d1c2b6e3f9ce3069109ba1d,3640,137,9,3777
b4d75a30ccc26b30b0779433c5f009afac5b5588,256,36,3,292
4eb6e3a294663387bb5503059d93df8befffff3b,9,1,0,10
043172c087e5f25b2bb2b3055ce8dca34b25bf8c,1762,15,6,1777
a8640f863ebe791002f0ecc7a90907ee1e68f363,69,2,1,71
7c8f47dcd6e262886470c613bf7d0542543a5356,1565,37,4,1602
b249a4d5025b012bb65c8e6e4d3256268a590f56,197,10,5,207
c29d73481709874596198a7dc611ae4ca9fb2d30,1979,22,7,2001
9d13825d0664719c340cbdcc12c2f2e735ed04b7,1032,5,2,1037
b66d874f84c4be8dbe4906557c5b2fbb7a61d3e5,539,7,1,546
782d14dc3fb56256339cf5071d9fbdc41b7e6370,48,4,1,52
6c43af70c76c14c07eef26fb97c9759e3f7b6f9e,21,2,1,23
23c3d24f23d14c61e8dbacabf15f53ff6de34f3d,32,2,0,34
34bb823b3f1fe176de7fbfef1ef1d157b7ae7df6,48,4,1,52
ae2ff6f36c6bf3c11b23e2be2d4cd1b8b03d8ef0,20,1,0,21
d033b3f6ba370b3d1cd582e44e9c0818bf50d5ba,670,8,2,678
1c09b7866b4d1c8267847f464e9c4618787b5a15,10,3,0,13
d63b806a8ee864adf2a8e9cd767712712b269eec,658,20,0,678
fe10fc1241fd664f64f424a5ca8ecff2a7198652,44,2,1,46
fe596b610f0229d2dc25de27d3d5c31ecd1e48f8,319,32,18,351
73426bc9c9526c9db1f73d9f0649bcd365f1f784,1103,21,9,1124
4f0a7d2e1572fe05c31a9e1dd59722b4ba5dea1a,44,3,1,47
d0c678f6905b72ae59f0b020cbc169a1dc65e05d,134,1,0,135
bb2519494a15a3125dd509286d60ffd124f91c37,14,2,0,16
3c40c78e74a345140ea2b4eca1f4608729f85dde,10,1,0,11
2d86114540b1ccb9d3d4ceaa11c817add0380077,10,1,0,11
9b87787e38610bfadf897b2b9f46ad28c50f1ba3,11,1,1,12
32e055b8a65dc27b4fa74f3006bebb7249bb238d,179,4,2,183
d6f4415a5ae6ed65b37522994563ff21d3d6004c,64,8,7,72
bd4239fc6908096f60ead9f1ee2c3576f256618b,547,13,5,560
d2961e7de0e725e02307921d46332c7ace96482e,2,1,0,3
d83f188226884a1618ddfeb06c0880cd7014a705,172,7,2,179
f09600de430139d5b8081770c3e4cb80226eb559,73,3,0,76
ff8700ff33b45dcecdbf3912bae11853487cde9e,463,2,0,465
f0648115b34e23c5eff9a3e86748e09b3d3d04e8,25,1,0,26
185b2492d0ac90442b2c4303c4d37bdbd7a970e3,1220,11,5,1231
d76d5e26d961f21135420ff977d32ee69197b8cc,1524,35,3,1559
5faf33d468b89a28609b40a99cfcb202b48fd25e,164,8,1,172
9b44c2164ad5ce87a6eb433ad90a7bbcb714fb0f,668,20,0,688
dce74790b3dd1eab96a3b3ed0a32f4a7f8ae8d4f,77,3,1,80
046b2556f02ec54e98bc6df2cf415ebfbb3a17bd,961,26,17,987
428e2a8dadd6f45d87359cf97da76bd18845e4bc,21,1,0,22
086c3f6af1e417449bddf6810776faaf1a2367d9,81,4,2,85
7b4d9b57729cf94ffe70e6c9df9c740c8105f6d0,14,2,0,16
244d64dfaa42a7b3d06eb1e0ce1b4363dc29ad65,13,2,0,15
8102e4361291860c7dff3d4558a969eed0b44d2d,1042,14,2,1056
07246b795352790f86a4d9d3fb9b5396458bf484,32,2,1,34
903532355ddc4b61dcddb6a1f632f2ba2670531b,76,1,0,77
e1d6ca4bc492fba7d7349a1b73d3dd46b174844f,9,1,0,10
1a38329256ba3b42c90ba56e13a6cd653c0b37ed,10346,12,0,10358
e3792923afeb731848e29dd7991fc33e16c3be3d,334,13,2,347
59e342df9ba7895e1d404c7f681b7c8ab664d7de,18,2,1,20
9c95b4cafa7fb3cbdc54d1ad039efe518da66bb1,324,6,1,330
6e7fed9d79b265cd82e9c74fe8e3a07843b192f6,777,23,0,800
c0983f78f8aac1253f5fdbbcc38742fb855b0c0b,41,2,1,43
5b7023a4e75d91ea75d4f5f575d440b602bf3df6,35,2,1,37
5dac15bcdd86a9eb46b70f021fedeeeef3f82fe0,236,5,1,241
08ed07ce27cd56b341fa634fa1cad9e440f39f6e,16,1,0,17
9fb6d4da1188fbfcdd033242451047173234ceb8,290,4,2,294
98891a3b7ee4a9578caf285a914ca5f9014bf083,167,10,1,177
9becc57eec981d71d5b45af5da7b720840d18f17,33,2,0,35
1b0bb7212dc3dd577e72aea9b9a9ba849d6642f8,249,12,0,261
57c16032a1a5c3ed9b5fe508296270690c7cc5ef,273,4,2,277
fe322f5a7a0739d4b60f3040ade8f7e1dbbfa6f8,262,9,1,271
6f4790fcb4c256cb2caa0fc747ae92bd68b9f420,408,5,1,413
7b44624f2c955ae080439d3ef0c6d6354a1b62b3,40,4,1,44
e40056621a6b6ffd2201717d3da5dcccdecd7257,132,5,0,137
f4ae3e0a0a46f75bd284a852c936bcb27bab1aa1,170,6,2,176
d63d6c53cbff2b38559293c4da44572b04954ebd,7,1,0,8
16f94a19a82807244617e7436c7ba57a1ed56164,262,12,4,274
5188d4e07968bb1d620757d6722d790f024bf672,78,7,0,85
c5bca8a538402a26929981660ac72b69bb5ecd49,2,2,0,4
08b909c45e85f9bf8d8659561a2d13b4cc443ebc,186,34,13,220
4d834eae6916e198a42ae4221e126d548dc26fe7,79,2,1,81
0d6ca90059babaa4fbbd70e7a466bedd6bf18e60,10,1,0,11
f15225f9c8abe8d9efa52c31c00f0d7418b368eb,5,1,0,6
71e156c83030ea48cc8f6eefd0f6986591189bc8,582,32,3,614
1209bccea59af053e5eeda76f7c6803ca43e950c,9,1,0,10
958b4d4e0a50685a5a95a149144e9f4ac765e7cb,228,3,0,231
9adbe558322037126ca4cb281e1a2a7b3f22e3fd,20,1,0,21
8878df5b42371054db818e63c990bb0a64744471,1051,41,0,1092
2b5500447cd82cedca9dd47860e69d321c4e00c3,1651,255,61,1906
4675b4a83e0382d50e002d5ce1020cac02f01f6d,81,7,0,88
1efde00c91655a361dc1c5fb2868a2693dbe3a52,64,4,0,68
3c7dfcd8d65bbfeceb4af77d23298515251eaae6,889,8,3,897
0185482d9da2ac299b4b15bcd2998165ccbbdf71,112,5,0,117
c76ce2aa9616b4b8ac61a99776f56be525e9c0f8,1057,7,1,1064
b8a92c41e3d063c436e37965ade577ff8e2b5f86,14,3,1,17
6388c77f52f781791fc018f3bfe4380c2d7a694d,5,1,0,6
ab5ace882169f99c7d4f2b216bd680a4f08982dd,80,2,1,82
0b5dcb7aed1b85ab26345ab6c1076ccb88358f4a,471,15,9,486
856fe090e54b42cea7c0458205a2ed51622bb162,12,2,0,14
d6154188ed401fdbdea8f78c9675fea0237bb6a6,1626,18,2,1644
e0b2be8c989aa35d966808989d62fb5def00e088,699,2,1,701
6fcccfc39c0179b9ff856d5ebc11098dbaaaccf1,261,6,1,267
4fb234ae89173bfda3e4ffd6686cb4df5d2a00b4,434,9,1,443
211cf8a8b9476a9756d2b40f1d0660cfcb1d4235,52,1,0,53
57d1a2ae7878b8b4132b80d2c5fbfeff1b2dabf0,259,4,0,263
79507da8edff75e931226f31fe349483f55e4406,908,22,6,930
90405718aa737924b40715b3d4e7d424b03014f8,453,5,0,458
02d54b9d986a72e6155014b6e0245d10d85ff6c1,11,1,0,12
dbae826cfbcc860258eca298397d81eae17c0466,79,2,1,81
637cc34941372c7b1154534e8bdf52df504189b1,26,6,0,32
4944731579de1b17be23404618e1bb4dd8e5e511,45,2,1,47
2b65845ad86845e99e4e15229eafbc6f9966d3d3,191,5,4,196
0430cc68ccdcf50842f9419b85035a0e47afa78e,336,4,2,340
fdef9bddd8efa6a6f96882370ff93a72155ac546,26,1,1,27
c859044c009a5f642ac7aa501adda62e83338217,154,4,0,158
06e7ac6e9e472dc9f96eec6733c02cbc3e6b0b15,467,14,2,481
1d1bf4d96785a1011066f6ee897fc7985b31686c,26,3,1,29
0b14b962be95b28fe28adc571106be3db9fdbbbe,116,1,0,117
fa1b2b850eae353a579a40c3a0227d4f31239243,626,21,11,647
a1c9b631381a25ddd6d3164d6a9ce337c3939b9f,929,11,2,940
e91f426ac179d12e6ef310ddb849912b693bef96,140,3,0,143
88843ee8aa44c82ab6be82a35de7dc59d9c02ce1,2,1,0,3
5237e67b76260cc2fe09cf3d5390e8c9dcab7366,140,3,2,143
d2bfde570fe84499316ed24de34b18b334d7cfc8,2,1,0,3
6aac7dde6bd1fd0a7656edc54941d929da89560b,18,2,0,20
176cb85cf187297599b2245b794c5f6a9431fb4c,2,1,0,3
b0ff2586693fa84c8baecb1a37de9baf3a866075,4,1,0,5
2de40fde8051c2c0281416c2da11c179c2190435,72,3,3,75
929925568ce01b0c04d129253668a33e14ca1615,164,5,1,169
214a2c019bb61e6f072691c145aaafd36ecf33a5,19,2,0,21
2a5d5b7517a46ec76d73742b31c6d9e457920f21,744,18,4,762
878edaf78bc698cd6b2d79c01145741914804bde,12,1,0,13
ed5b75457cead359ef4465ee14eceb1ca948a86b,4,1,0,5
18c0d9d7002faded994c4ee66ea40655b417c93d,3,1,0,4
f8e7f06ecd962c40e28d7a5353c0f89f8aee1122,25,3,0,28
9cc0c758062e98815fe138c23e8c678c8c583c18,19,2,0,21
beb58041b62b82726f9c6ab8e48f1b5b144c821f,225,4,1,229
01f206b1ef69ebaf27f0ac9fc1d92518b85bf0b1,4,2,1,6
46009e152b8f56c244e415beefa81dbc626de7cb,47,3,1,50
4fe7153eee33b2bb66a69a9b5e58fe3ecc832830,186,9,2,195
70816838dda11f91708d482e8f4a400324e2f872,4,2,0,6
0a020b4558c815490b01516fb41556e6f9420406,2,1,0,3
b826f2f588bc8d0d05ef466468c2317119ce46cc,491,13,3,504
f369da1ce0111adc34b4f3ab1d265b8992782b70,113,9,1,122
92868e62764fb2867d08ed8fc09abb2f4f071136,4,2,0,6
18051eb9fd7f28e2a4c84ae689345205023e9cd0,56,2,1,58
849b4c1c84e8a30489746d92b5410bf5d00d8f34,194,3,0,197
f7732082dde93a590488d1e5db2b583050c9fab1,71,4,1,75
ce419d223385ec5bbca177d8f6b0daaa29301ab0,32,4,2,36
9e26c242cf8f89ca4352d51b232f7ac19115fc0e,336,8,1,344
282edba94d63ddbaabc8bf2cfc55030bf1c1f30d,250,11,0,261
bd792a3dc489546d6b9661ae20e98a7b7859a8f2,351,4,0,355
80fda686272d52f74057588d95faefbc016bca9f,4280,26,14,4306
f4e55182a8c552c8493d1693868b0c752b1a1d56,1303,36,8,1339
01b6c221059c7d90ff618c47b09ea6db338a0b54,1953,22,0,1975
709abb01dabe8487856c1c2a2cffb01795f2a00c,94,2,0,96
c856c6ca1938d52ec3e287e112695a1425032e51,1269,9,3,1278
064a49226454b714c60b47d808f4e8b9b36454da,185,13,2,198
ac8f098e8ff883abb8323391480039f3a5b8aab7,2,1,0,3
156141461c8cabb0dfdf212935de29fe97853ee6,3,1,0,4
0c813bd5edd7d1b714242dcc07076aaf2db8c4d7,25,2,0,27
c9509261672d0f9c2b35fa834eb8fe998ed23161,265,6,1,271
43a67b82620b1650b63e92a638e15c6e81a70a10,10,1,0,11
8283d396ec8557d096e8d208a6ae58a2c39d1617,261,5,2,266
350307497aea000a30cfa130c3d66b6c8e824193,122,3,0,125
3976eac09f1e44f202f83ff7b60d52f1959e93a8,138,3,0,141
47f1d93ccad7943757bf80d5eb042c45ccfe2c5b,33,8,2,41
bbdd6151b8c6b596621addf1ae06e779c4009006,6,1,0,7
0981271c4040aece9a41dd763e7453d020f86267,44,3,0,47
24750891e42641fa49a6c5f018318d7ffc7b6be6,6,1,0,7
47a75e5093129cc280de4c118434ccb337cd3da1,4,1,0,5
ea3566f9b633c067ff691be859596837235dd7bb,9,1,0,10
f38609b8dae9ccd1b2f171de0212aae3ce47bcd8,2479,65,17,2544
f809e50d678ddd0963350a6e59743788c31d13bd,5438,50,9,5488
0fb92090efd9ae7fed071c35b6e33069287c35ef,291,12,2,303
025575765e7ea5ab2c927b95e57f016599055647,2,1,1,3
423ac354bb8d318fb308324a644164bd076bf663,8,1,0,9
70308f816cf5843084aff4f0b08097f2a8781e27,18,4,0,22
84c6a6ed0c435c3e79ed2e33f324208958fd8bdb,745,7,1,752
d4d0b93f246aa32f2e1a93d5588e148ed4f3cf75,31,2,1,33
f9f58c715d39c4b1ee46741fa59b5bdb4c7cec30,568,10,3,578
1ea42605f874a77debbb918ba35abb6c33de3289,28,7,0,35
3c033a6abd0f67e292a42ec16da7471db6da5d16,49,4,1,53
0eb0f89bd1a956f14faef9f87b474f6a8a00302c,40,7,6,47
e656e1689789755e300d364f31bf7e5a1c23f4bb,303,18,7,321
1956c07708fb3bcb0ab5f0c9e569c21a57b36cbc,133,5,1,138
b99e804ff1e4458cb73e4766cb0b20fb9b716494,23,4,0,27
4fdf01b0bfd77569d35078974108cbfec49d2a97,12,4,0,16
a251c423183a0460dd4bf1e6dd644a935003725a,211,8,0,219
4e88da63949824abac0eea04baa1d6fe0292108f,20,2,0,22
01022271614af6fcaa060ad6276c01b63229d5f3,3,2,0,5
c42aef6a52f7a888435d3dd97dc4091689966221,57,2,1,59
8b5c0acc212ed9a8adee88d10a7253f8680f91d4,40,5,0,45
88bff607679ce1885cc7ca65ebdeac3b67d055ad,45,1,1,46
1a12510df303af0774293f79e7b5caa91f329c19,29,8,0,37
7fb65f0beec8e0758ed8101b6536ace6e468f8a8,2,1,0,3
f0675af0dd092ac35da5a32969ed56e9d3524908,198,2,1,200
0500c121a115b4412b7a5b08452359e76d93b095,5,1,0,6
52d733ce6dac9aa6716cb5191bacf81e899a1f1f,3,1,0,4
7233e2c66d8a6640cfc067dafc694fcc2ed2d584,315,5,2,320
0447e74c4b4250c4ffd79ab85d42f5af309bf85c,3,1,0,4
f04078e6fb59a72e88eff7ed653e4c022b98fe54,4,2,0,6
e17029f83f69fd9b092f290abe800e1ccfe00c74,46,4,1,50
1ef50f72ab2ca9a3630041e8931573b778386a5a,377,7,1,384
db5dfd7c0ab452a601a5a5cc2551b8d65da856fd,85,4,0,89
de2f0e04dca8130a09ea902787a75997b70cc16d,194,1,0,195
34e82571ede9c36ca6fa20d9ec2cdc3d80af7ee5,8,2,0,10
6d0ab91de409fec8ddbf816c2348c8b95a37e393,2,1,0,3
dbaac00b6f77161f079f07ff7d337cbde55d2cfd,80,3,0,83
480395f3630a37b7b4182450befee34faa0cb577,2614,15,1,2629
a766c653159b970470e968ed411ac3620df54336,5,1,0,6
db5561a99d7a62d9819586883e2dd375a25f1f15,163,6,1,169
738a5844c176f0b345f5a15a3424a364c839af7b,1424,24,5,1448
b6907fc717a9c8f66b2288b1afb16b3ee1abcd1e,4,1,1,5
fe83e95aa9124ee59787c580846793ff7456eaa5,67,2,0,69
d6462cd6fa073b8918debcf54adcc2bed16b7859,24,1,0,25
febdcbc3552a6b6c3a4b02633676ebdc96ba1398,66,3,2,69
e0163f43a44b921faf62ca2066b3e6269dd8afa0,772,10,3,782
a0ad49d4e0819731b54e6ab541541f1e2ed0aeaa,6,3,0,9
4c04e1f73798db2b739ae151c030ef2564be8367,478,5,3,483
9e81326c7eb7431bdbcece9a9a7050adcc2a1638,40,2,1,42
039bd7b9d82d054b41224cc794c5f41c33f498c0,2,1,0,3
2f3774b09a1122cb8d0ef00e9322f7d247f07aa7,693,7,1,700
d09c0add495a6d38b29126f663879b59cfbaab43,42,1,0,43
ac7e5f9c298d13c90ff31521e128a981543cfb42,34,4,0,38
c6c407d24c3e02e6b3f628e691118f379575d6da,13,1,0,14
7e6cd9e62894ce3063e84cb307eb3f26bf417655,205,6,2,211
25d14c2c0cb8e76dc2b3975ce1e413f33fd5e314,12,12,0,24
87ee80ade1550fbcdfaee03998b6206d8cdfdf5e,2,1,0,3
717940b5d1c0b9aa0fea149384f12c77b31cefd7,392,11,1,403
c2c887afe2445d61f97130e82b6fcaa5019d5174,240,3,2,243
069bae07be0cefbf00ccf99625f183688d57a490,10,1,0,11
5af607813ba2cdb63694592cb3507600d98f75d8,52,3,0,55
573651b28a6f89bd4895c992a5e8fa8e23df4615,223,12,0,235
5e0dcff779faa290a9d5285b039bfef2002b49a5,4,1,0,5
df9f5ef484a94e936f97a99bb79d0e26c317891e,135,3,1,138
95a6ae86e61fa88bbe7cda6697157b4848f7edb8,11,1,0,12
78b08e4af41adc2e5e6d7387960df0524e2a7e90,201,4,2,205
06ac6491418fb8b8b538013e7868701638851e29,20,1,0,21
28312234d1a10224f92a055c89cf3b606e3350f5,147,6,1,153
29a6ba9ce4bacfb89037e434b6845acad77b6426,507,15,8,522
c1ac8a18b65841fc666722496cc5f4f9347b3dd4,18,4,0,22
1f2463016cd1e38443ec627a9b264de18a41ee0b,103,14,0,117
6274e86cb3d805f877ea23314cc425c2a75fa268,381,20,9,401
4da1dae06aef50f0a7c96b5a22019e541310fdd9,4,2,0,6
066c79399922fecc428ff05b2b983ef7367512d3,14,2,0,16
f99a2e62f91876403ed69c63363b1be93fba83e7,2,1,0,3
329a419abb51bac4b6978cd657c79b56572a3b79,101,28,0,129
0d96c7f5f58191a823956cc1b1a8c93914fd73b3,86,3,1,89
82fe4fae32bdba37cdaa80a0874d60453d462c27,39,7,0,46
d7e08b2ff46b35588c9021ecbaa7fdbf5469dd23,147,4,0,151
337c58cec20cc60a99966351d75c7573ae2615a4,28,2,0,30
52272667e51acdf082b90766673dfcb77f6f9cc0,229,8,2,237
e4d391c47b5aabe7e254b71dbd6c172c9dc5098b,1269,10,2,1279
7add77202e543f0932db6c0d8557cab9baa95bc4,402,23,12,425
c2637d139dd5ba79682b4244cde316dacb0852ee,4,1,0,5
d56361150b231c0ed2a0935df02db8093ba62b09,940,8,8,948
6ef7f9423518cd46052c682dd37b62b6d860d655,132,3,1,135
44f31ac8fe70947144fe383c44d660128e7952b7,411,6,1,417
385b3cf47c4995e250d18c0d8c0d601955722ffc,2,1,0,3
6fb51d2889e5b269e52f483f3cac89f5562a3a62,3,1,0,4
d40e2d35d89252226dd56977b0fe4c08726b9a06,2,1,0,3
b0acde0c8fdd9cddb4e43c1615d42b105aa8666e,252,2,1,254
46a4cf7856a9ea7ac927f4386b08aeb19ba68e5c,45,2,0,47
0ea617f00701401f50d0adfac7d996fb3d51602d,159,6,3,165
dc90161ecacefb6a3036d570fbbf10f15d0d2a52,330,1,1,331
dbaf658e8dd6f177fadfa94f06dead274d52cb10,3058,69,28,3127
fca88a20e98edf363e9721bf43e0487e9aafd7b6,4,1,0,5
7b79388417b182003f5b3500c20f742e65462b7f,31,2,0,33
3b1c1f031ec244d66076927a1a5b7017d096f613,784,18,0,802
50884b756f0b5e9a12e4196e5e6f06098f511ff4,61,2,0,63
7a4eaa97b6968934268e1b64decbb84e0c9438d2,13,1,0,14
43ffa03f7558d0b3df5b137ece45b9ec5f072e24,8,1,0,9
12e5bcd37350a3e85a9e9630a7f6de05d91b5a24,162,7,2,169
761c0e7f54493c9e6a40f992199f741e293743db,957,124,16,1081
107255a9e681c8c563be211e4c2b6c9787534723,228,9,0,237
f034e28dc0a95ff6caa18462518f51efb872d294,180,8,3,188
d0b8d88ec7833e367393bab71772a2d730738416,570,1,1,571
c15249484a5bbe0e9fbbee311218c163a26dd263,90,5,0,95
5ebabad77688db16408b869d69a97bbf71fca383,287,2,0,289
a539958eef8480cf95e39ed4788543e3d094c7bf,5061,229,55,5290
ae835271fb1a3cc76920fae1e1e49604b4812a0f,4002,181,41,4183
cf68e22cd153d9f4d82db960cb89d73e18df1a8c,90,2,1,92
f11b5d6e0b5aee6cc4ce361e19eb2cd656b1e307,8,1,0,9
bfe64b55460986135c6931e96e0cfc6ff178ad8c,7281,38,10,7319
aa5f318d0708b9b0a3e570706c4236df94d29141,1871,8,4,1879
94b9ca326b398105fcf1a19381070a86f014d51b,144,2,0,146
892a0c124b5c6e24bf1fe1f4f9381737d7d417cc,2,1,0,3
f3ce66fe4781205ee74b99529918888347575f04,3899,172,26,4071
612803e06471b51784edf42cdd0a3db68b9c25a5,23,3,0,26
52a2e40857ce276ec519f92f6c06c53b7c5a016d,9,2,1,11
a074cde132d69e0ad03d64f6c07b74f822370fe0,529,11,3,540
b71f38a2b2ed7ff715b03f4b780105653f726969,346,5,2,351
5417cbb5ab371de7393b8b055d8faff277fd5041,132,7,2,139
91167104e2edff427b412b0dfa8a802bd3429975,271,12,2,283
48c1fc0ece689a9354155bd06bf8ba68949926f7,2,1,0,3
888c9613ffc434b583918b207945268853fc8621,133,5,2,138
7e9ca6a5a4afe0d4e283ac1307c45430e474cbf2,20524,946,231,21470
bb34406aaa205f5c85b88c928d477fd267eda1b4,4904,152,56,5056
2fddf2864ce067d1891b6322cef50d40dd7576d2,2738,15,5,2753
4b8ca729f457421f514055fcf8a009c1b41a1c40,65,9,0,74
7a44f4af2c5e2cb5dfb96c33d2010efb8e5f1e74,622,13,2,635
58d86a661d6ab5a71375722ef28a1da1b526d704,2198,99,14,2297
ce2c367bffb988107d3baa3ca804ba955042ce59,2190,109,44,2299
94c695f1a466baf81e54d7dcb7b7149b42718182,11,3,0,14
c907dca917b208cade9d46d2e0804c335901d9b2,56,2,1,58
3bbc2d03fe3300a93a13bcf6be207ef3c29b6fd7,122,61,0,183
f951cce796839ca62185fd6a26d1838096731b25,581,2,1,583
767a149773a27fb38fadfd1448fd6162dff510ac,241,4,0,245
c419c2cf667b9cbb72a110b9feace7d82e7b0403,34,2,0,36
16e4e3fdfea681be52f5953e3f0f3a343605cc5d,39,2,1,41
2d1f7dc9060d45ac9f4ff0621da62790ea9b8e64,976,16,6,992
a5f8cf403b1c939ce788e31e690c64ae942fac50,6,2,1,8
7016d03fdb4810df3a512b2044f38bca9a7be7d5,8,1,0,9
70efd033ad4f6438652d47a984e8ade0bacbd21e,270,2,1,272
93f2efbb951cad1f43b2a6ffa6e862f1cbb850ca,2,1,0,3
004c8af5069957151ac2675dc19da464e65b0eb2,149,5,1,154
0681e4b55524ad316123eae40e7990a3e59c1781,2,1,0,3
c5e8ddfd21c8fe5ed8195cc31334fde066e91ee1,2,1,0,3
38928124496237402b2260c91fa170b2f3fa0779,145,6,1,151
c62a1fb328f1b151fa4a7a4a6ef17875662d6059,122,4,2,126
21767c6d64f38dc47837aa26dca39b5decccf0e4,179,7,2,186
2302bd2c01655d803e96e825143f03c675ed32ff,4,1,0,5
d412ecf388f9ec244d70b170ce8870571994d455,36,1,0,37
f5f072ceeb151e2694f77987f56b88334d6fe79a,425,8,1,433
29f27f88abc7759e90eed08e3a3801f3722321f9,14,1,0,15
71b68900913d2382e9c72c0c93b46acd2d3de2ff,278,7,3,285
de4ee0fa6d8c1ff654b0ce0bb5582319c4f233e7,1237,22,3,1259
27b4da7a8134a442466a42ea40d309036c6b7739,20,2,0,22
8fab3be547d346deb2872cac96e7c52db2c98f1c,60,3,0,63
8106b69a823fa525ca3450d747b0eb315ec0a67b,153,4,2,157
5976922d85ad0de6080b1dd63289b2a70756fa22,319,6,1,325
fe14d60a5fd3405cc695f9a3a9d1df73a0dbbea3,6,1,0,7
6294d1be67c465f907aafa8ad74f8c949c193991,1,1,0,2
e7901ee8f72c0650dc348e5f9b3cdef7df1566e0,4,1,0,5
58fcd5b724288ab24b2c899f165f2b192701110b,92,1,0,93
c27ae814c2d8772b4ebc27436cfa22b43d9c8f37,36,2,0,38
91679c00b1efbdd6b5ca2e6d48f82c3ed34dd78c,1385,18,0,1403
3d28c0e8c12ab4e200938f9189847d6040424709,3,1,0,4
dc80d67bcb69d99e5ae1d85473ad52e3449febe4,15,1,0,16
514f4693d2c739f41ef6917fc30a232e8f070950,282,4,2,286
ffcf9b991431067c834bd4fb56fd7641c7fec172,16,1,0,17
c1cc61ebce35c33d5772d1a8372c15ca417dc437,347,6,3,353
1fa6edac19982b3fd73ffc1502acdf8fccb59c08,6,1,0,7
fe03999a9c59aa1a97eeb5cf070858c6e10f23b6,19,1,0,20
f3068bc93165e359cc3d846c40f62312ecc98af3,365,10,1,375
0e66d688c6f2c9bc41507d35450bfaaf8c12f7de,72,4,0,76
0ce25462a3959e5ea0e268ee00573fb81e8f1aff,89,6,2,95
11f8550b9b2881ede4d105416ed970a5dd708463,2,1,0,3
ad2e0632fa8d8ab84316d25ce2cd4c91c18b11bf,18,1,1,19
a5f3dc507e6441baca35dae5bbfad122356683b6,1883,13,3,1896
69a91acbead90b110800bbf98424415630f78527,38,1,0,39
0ee33e8756e45d191617660939f9af67c33bfef1,12,1,0,13
6605bc0aee6082654603cdc5c39ad148a2712e81,378,8,2,386
2dbc982c59493a074ecceaf91af120a934dc24ba,2,1,0,3
6a7cbf1fce4ae2565a3968b19f60d9219b7a2424,37,1,0,38
dc78c79076855ea0b51f0a9c15cea7e4a9a2ec33,854,12,1,866
b23a1f39e35e807c81886209a058c216e80db453,225,10,0,235
31ca84e749722e57eeb70edec9d5d98c6bed92ae,290,56,17,346
0069fc3545b558cf7e49bccac4bf37a614433e48,39,2,1,41
9c2a333f3cc943e350ccbea8c95b804819009e20,46,4,3,50
53cfdf3c7bb97bd2d6624f2f9be9db195983c32b,447,6,1,453
b990c57838d02478fb56727dcf30fb59af40c5b8,260,7,2,267
fabda2b8b102a1824deaed4e1e4ecfaf4b423e9e,266,11,5,277
2c74f203c19d88ea2ed536365d9ce42b73565682,2,1,0,3
92245902ed2e3010e0d6ec551ace2cff34e856f4,43,1,0,44
0f42295d2b03f999bb659071eb23de1bce77f7c3,39,1,0,40
a3df3424f6450a1d2f14031039a5366fa9234233,85,6,0,91
6976697aeaa3aa30377f958181eb4f2ba6399fd4,43,3,0,46
49721105554f77c1e0ab7d483875161178d11cde,267,5,0,272
5b15f0827170be3434c4d5229250d23056453e11,1,1,0,2
c22886a5bc56cb6a8c6ae9426acb3c854eaeb592,95,2,1,97
72d05a7729448099a5352a19be28c1890178550e,4,1,0,5
34d987d17cf1baf61c899c8fb8617bfc1749ab29,46,2,0,48
fcae6e058c60a702b8d0feee7d8df0fb1a220421,2,1,0,3
b2bac682ac43e435b4258c67a19010089f4f49aa,15,1,0,16
c31d1a1426780b21586305f9f0dfc9a40bdb6116,8,1,0,9
8aeca69ac27e095addfc3fe79931ff5e1d563d72,163,40,5,203
043c658e23282699ed95dd864cf87ff3d4cfd0f0,4,1,1,5
48e5aaf60db3f494f66904ee32f42fcf43d6a952,30,3,0,33
400056804fc1c0da73c5ec78ca3fe1a1bcab9231,158,12,3,170
f67666aaecb4eed0acd30f4fdb6924f07fd90491,275,20,0,295
8a05ad82b36b121778c0943f3529af81511a0d1e,2,1,0,3
cd7cf773ec8e6982bf8d82592432334c5b77aa08,8,2,0,10
d99eb3ca9b0813d73b187565e5ac691bfd286ff9,1717,17,2,1734
f381abe652a4faa4b08bf99f4d6695a20f02c887,139,2,1,141
240bcb80546454d5ab449d3d3b13867f4943706d,63,2,1,65
bd5bff1bbace1d33dd9e1f4f1d7ff5e7a26d9da6,17,2,0,19
debb132575ffe3485ba3f61b19fdaa6ce33da425,241,18,4,259
d638444e7254bdc881a299f37ac0909a5664f0ca,469,10,0,479
1fdc2eb71c2428f7cb177233cc7b2967bc0b1575,4,1,0,5
70374e2be54aeb2bd64d5d9759e5beff62d4c81a,10,3,0,13
9b42278690a4ef295fa5f86b73cb4f25ab047db3,149,6,5,155
cccc1e3cd04286b99d2459f7541b159bc8d76bb7,2,1,0,3
57614d101f6b854edcc6a5eeb231601f50cbe485,137,5,2,142
76023ae15d47124236997bef53741ea7e19d436c,5,2,2,7
30f5490968f1c34f00f431f55a7c10a9cfe5cd9c,34,7,0,41
c9e36dd0a53370d7b8dc24459426dc77497eb8ac,327,11,3,338
517a0dcea48a7dcb8616addc403c20e0fc23484a,143,7,5,150
02c4998c9e1cac35e7102def23fc17d6645e8232,272,5,1,277
f3064607539ed3a5389e30c2f1af2e3f5627650f,16,1,0,17
af90f7972802f03b211c2c22becd8a838c46854b,78,6,1,84
9410aefcf2c9e4f6c38a9f2f15809759f5d5043f,155,6,0,161
63f7ad9b81688e31d0a047cd8b2aaf6a58c50bf3,206,2,1,208
7be21c80b352a02c58807b3c95d535f5fae394cc,462,6,0,468
19f66fd0065a12e3cb9bcc61888197cfb4c20689,3,1,0,4
acb775dd8c083a62e39be419953737eea58b0920,176,2,1,178
1be1b480a02829553802a525bbbb602179a1c726,6,1,1,7
8f416212f13c1e384ed1b4abcdcbed3504fd0664,4,1,0,5
c8aa3e39ccec1971dd71863c10b07254fe2cbc78,48,2,1,50
57a1f3fe9674c57f29c470e3613d68a294fd7604,143,3,2,146
12b106bb27013c3d845930e2c7a5c629b662f778,30,1,1,31
6969b38fb03537e77764ca5b9e9524165f97251c,185,17,3,202
c36d2b975041e08656598d69e3984bd9b3bb0c81,55,12,12,67
9ef1f490fbbbab645a467b4464cf6c7d05a88ae2,19,2,1,21
6c01ce2bbf551768ae27b394c44b91fe667eb75c,578,4,1,582
95b0eda056d13e97e1588f2db05cc656571d9df1,198,2,1,200
9a8ba67b6f51dcf6911b811ff39181df7536b462,838,16,1,854
7fe59d55f5a8eafed6c3f4dd4d8f18ffd22e5172,85,4,1,89
493ed2c0433fdc40f605f0b06ce5f6f98ce62725,438,5,2,443
01cb4cd2f1dfa29ccf3f92f302d5bf3a1c2d0494,14,1,0,15
1dda74a6ecd96e2704147ad803135d5046a1e13d,35,4,0,39
4ba806100565cd209cacba914acfe7d3e344765a,148,13,4,161
bd39dd8a1fbfd27ecee57c72b5ceddfa39ddfe44,262,3,2,265
8150322d8033b91bb8775f7772a158ff7b781f58,64,5,1,69
ea3113773664f7533b672c18a0ff9c74e7143856,26,2,0,28
5eee297dbea7b3b73ae853f2479a89e9ce017363,12,1,0,13
0ecfc11535e24ed72404662e4c92c9cb869228fc,193,13,1,206
e6819164e217f0d4254af42945fc60a51a8e9453,437,2,1,439
9f0562ea09969581585fcbff852408987fcf49db,217,7,1,224
c9e27852689af762921a95e6c952b506db63f02c,65,3,0,68
ac499780933c83f8b2f497d029e0e7a2f64c4c28,4,1,0,5
5106a92d84ae29c3c02320fba5f1e516f9cb01a1,206,7,4,213
042119788f8af3cf22032895909245593bab0e1e,10495,51,9,10546
3ef5a37f489739d542491abbf7bf03cb48e94810,36,1,0,37
9d2a9f37c86c22165210e972d128d6dac2d44531,16,1,0,17
b8d3c2e0d1a7384b7a1dc051eaf586fbb5d3b2f9,65,6,1,71
85e0d9e4f32df0cbcfbaa03cd123164506bb7139,341,4,2,345
aed6adae5b57c76b16b4479bf1b2155daa6884a2,2,1,0,3
4246e0f2b1dfb6ed387d584002d70a226f6fcd91,1288,16,2,1304
d5953465f0c1a96829b0271b79ae0e55e7a4bf33,11,1,0,12
a735bc9f40af0fbb8e649b1d1ce5fe844fa0df8a,45,4,1,49
0648f77c6d0bff6d468110fe9166cec8f280773f,209,7,1,216
cb065e4f7ab74d4e8d4e485667bba8fb80aa307d,302,15,1,317
471d16cf5d835f41293b09d991e3d279a0b9dc1d,43,3,1,46
0e49e74afc0798708b4e27f8a6b08a06da03a042,22,1,0,23
5fd0231f8ea5dfd3dfbe2945c39627db5ca8318f,20,2,0,22
1bd899c9ba45676d1ac25979274391431bdf5ce9,48,3,0,51
6fef2108098dfae4173b104aa5e5e221cc89dc9e,451,59,14,510
92074f964b82646b6bf20da1ae6d88e2312453c5,606,27,6,633
1ee3c020fa421a44f7f199299cc6c400216a972d,197,5,1,202
aed13072dac0d8dae29056fac77f0f457be7adba,1307,29,4,1336
a114cd27d61d5947ed80c6245af428f74b093dee,6,1,0,7
7bcbda1680922b97aa1ccaecd3b5eeaf75a87a02,40,1,0,41
032793268997414cb63a82f1b6908a42b1bee910,53,2,0,55
72b8fc14a2b78d5910333a2500fb65bd1aba3c8d,32,2,1,34
c3d57c117647e380710ea1c50af0266ff99e91eb,196,3,1,199
3e4d70b11d8e17dce935c28dd16edc66c5e28099,189,6,1,195
ac7d17639fcb2a7e0e421e12aacb01b8fab62fb0,4,1,0,5
d42e415020d53afca55f04a3f89f988ffb9ca045,5,2,1,7
40cef4fd132a40ff27775362e8688c38e7de8742,93,7,0,100
c15d2f0095c3bc7103d0e20d6d09c43df4f8e55d,33,8,2,41
d4d6be4e4cc9c84a8da9722b001e8f70ba3781ad,484,8,2,492
756f78aa7a13dcb94967f009fcb3d2690e2f445f,4,1,0,5
ed335ef91b5082cfc19be0adef08bb577cc29ebe,37,5,0,42
8dc28e010be4a9870db27da8765ec0b825c2cef9,378,12,4,390
da3bce50eb79656d967da7636a741653735abd63,1981,20,4,2001
011bc0ffdd16182eef8242270149ac6bb106ebf6,32,3,0,35
28894e4dae02965cd2136bb286a13b47b57bf02b,128,26,0,154
9c47f3b4e9d72da35c0e483bfc0d4b80c7cf0ee6,105,5,3,110
23f7002831c00e206b14de9c084465f278495470,226,7,2,233
0166135772eb165e52900db558490e77eae767fb,382,9,2,391
3734ee2021a2141a359aaff28a8ec37345bc80f7,88,3,1,91
611f3b11b1336bc9f426ead5ba908a9632a50fd9,73,9,1,82
127f4c3b6966686ae984ba47dbd01a4432184baf,109,2,0,111
19eb97b1bdbbeedd9f95604de360505b12ec33ee,372,15,1,387
41cdc02b27f69b5f6842e7530b4300f773e1b9de,6,1,0,7
db11e0fda8f27651b0b1fc30d0aea6a25bf7eccb,237,5,2,242
24681e726b98f5cfe4be36dc23acda2bd1f01d95,61,4,0,65
a910beec052fb0a7b315beef4272e0bac406bcb7,272,2,1,274
a875c99df978ace644863d8865306989089d4542,412,2,0,414
372afc9ff6ff8407a20e34c12bbff9089950a269,21,1,0,22
fbb9e8ede974805868fc8eaf33b46840efd54f1a,80,3,1,83
5208caa63a86e226cb71f516ea1d3a18821dd299,72,3,1,75
02338c08c89c1e9f98a864c2fa23855a8de0604a,1095,7,0,1102
e814203c24c860edef8277aee50e54ff8d86d042,10,1,0,11
5becf5b81c996a6be39a22fd99aacfa7f1b3e1ac,542,10,2,552
b2add149688d28150561c6933df6f753db5173a5,42,1,0,43
1b4241d1adeb590b7d7c06e943f895b7bcd2242d,3,1,0,4
0ec77b561b3d2d73b6005b04cf29524a7af83999,180,3,1,183
cc2d63c92b8586a988a7514f66cd24a139b35ebc,298,6,0,304
da98e8b117b0f992ca5bceb084dc7e60321a0164,173,4,0,177
990ae472df55220d34e69836ab21a37f57a38b29,79,7,0,86
6af5f4e1f710f289c481b40b0b08e8f146f35472,13,2,0,15
894841552b258edb8b2ba5ae65e2d18e921160bf,19,2,1,21
2107b2cd1880ec74934ec5412dbee8c874f05610,1,1,0,2
5bf15cfa2ae0fedcedd16417666c7dc3e40f2743,14,1,0,15
421645d32f08e1fca2e33af2c20093841ca77098,33,1,0,34
278baf84e9f3de91893388388431bb1ecb89e3bd,20,1,0,21
14c377d3edb0e993925d0e271f17e9dc81b2e4ca,212,5,1,217
d8961b074ae2926bccce9c77542e977a13ffdecb,213,12,5,225
f20a3645de000060b303ff720bc0b47c7b11e370,8,1,0,9
e80198db7f71f6c043e4ffc728d6cfce6eb9b729,8,1,0,9
d7c0944ad76b02ca8a695caa3f0205b3c7a8b49a,1221,45,0,1266
7d61528f171f02c7425596e3da84008dca7ef045,10,2,0,12
edb3af6902ac79cade148440dc3c10f882a3762c,89,2,0,91
c594796c33264928c3d3999ae6552333f433a833,75,3,2,78
7cbd5ac21dc0c5c3c4ea007edb1980723c90e393,245,5,3,250
91d2a958945f0b5d862821a216b0cba065be8461,163,5,0,168
3b0cce494be1267de1a2257038e0f41b6c102bf5,77,2,0,79
f6d7a517d1ec86db44a80ac988e640b73208f3ed,201,3,1,204
827c1cef305c2ecfd8c15945ff6f8f39b89fd63e,72,1,0,73
7a24845634b79f768e2af4d7bfb29d864615ba78,624,7,0,631
a17bdd7eab2196fcf2f22f4aad06e6ec5d456fb7,6,1,0,7
2605122b56b3b08d0fbbdad48d926317470495b6,10,1,0,11
52ec46e882a3ff132f603e5531bf07e1d546fb39,139,5,0,144
67b5b673163aeb9e41ac62f31635b9a1c3672444,13,1,1,14
ada94c21b6cfe033b8328bade1c4df672ab68362,500,15,0,515
94a17f376c85f6d901abcf8208017e763a1f35a8,107,6,1,113
39daba6caa0258d98f155cc8d70f9a3118a5ce71,323,3,3,326
2075cbef39008e0faa3b4f78d9f0a2cb47b3deb0,7,1,0,8
ae6ee77bf853e4f6331718c1c793fc8dbaadd478,85,3,2,88
8d839731cccdfabafc23357e823e72eafdb09b39,1645,13,2,1658
920093a52634725ecf47decc88d03c82e04ca815,9,1,1,10
c9ba48ed5ec7db19adc26b4a18c5404cb784a9cc,681,27,11,708
4f22c8672ce1aafc31e4e806b3bf3b3c596c8b33,314,10,5,324
13c9ee9556498bb6dc4ab60734743edb8b89773c,776,11,1,787
b66643aa671c8b21b6e6320b25fed1a03e15d1fc,44,1,0,45
928d4effe8f429662d1188e2b34d203c24ce0c49,6,2,0,8
af01aa5778a3097afda48c154dfe6e68e36f63bc,74,4,2,78
94d3c5f96aeec5b6ad2bd709d02d873c8c0c57c6,2,1,0,3
540e70e9e3e24bdb2a14f56b2c1264180abaeda8,161,5,0,166
8442bebe4cbbb48cf07ccc266c0b9e5715f47fb9,30,1,0,31
570e9833314390de92d8e869699fb5101a6ea44d,16,1,0,17
4b2d31b69388ad6adcd76eae1f1ae6cfec9c6a52,394,26,3,420
e3d238ac1d8633331d9507713266e41e6b40f870,270,3,1,273
97ac1190723e1d7f9856de0f3b7f03fc85ce71ae,1,1,0,2
b313a67f70c18428d5b85fe25e23e8af63325cd1,10,1,0,11
561b8a3c6fa832be3ab9e540ca3688a38a11e4c8,17,1,0,18
068549c185eacea4b8e0eb4126bb62cc33157f15,196,8,1,204
781f5cdeee37d42b0eb0eb6069107f5b4588b13a,236,13,2,249
4a540edbb1034f5994fef6cadff429a789527fc2,1,1,0,2
362f3e1acca6b50dcf2680848ac6dfec71d37d3b,92,11,1,103
05b74b4ed52c5804b55a2af51199d678a8648de6,2,1,0,3
d54792046dd76e16bf8c1ffcf732efdec3f754e2,6,2,1,8
5def5b9c2988bb7d03ca29657a80e4ce6719fb2a,299,16,1,315
6611ff82f46ea837e6bd8edefd46ccc16d4e2002,40,3,0,43
d1606cd0f3877c1a8ec08255d003ef104a94c500,5,1,0,6
09bb91cecc8cff459a9d7814a7fe61aa67f2a393,8,1,0,9
d789ae70eec7ebafe0a688017c78c70d8caef798,128,64,0,192
9662399a60689ea305acd51fad0f775824aa18f3,702,17,3,719
7c695e9adc6da23d7373bcea7f80d7ac3cbf22e3,20,2,1,22
b809043d573b0457e38021e0b4ce8eec676f9afe,37,1,0,38
8d87ced0371e2851ca03dff458b6b0036c4ae70f,1,1,0,2
ab01ac3b94fc13f404357df4e1ccd9fa6cdcb2d9,52,3,0,55
e44d2e46f2eaba5f75d789d92ce767fbee96feba,16,1,0,17
667b55d4429e7a95db077b3d038448af4dc1305e,32,4,0,36
dc25cb35147cf14ac3dfb3b5c179987bdc5f42cc,8,1,0,9
6b33448da58992773ee23b863da029650e9ec37f,445,7,3,452
a83060c700e61510d51d9d7496ca55672bb39cec,9,1,0,10
519d7a3d64536f282f81f1e9651ac7047bae3563,3,2,1,5
b7b82584b3abc3e4bd679058a69604db828a6d25,15,1,0,16
6a032ca1eb91addb5c7c04ac03fa0f54ed9ccb13,78,3,0,81
cce493214ecc5727ed2748d0d260fa7ba9e304e7,15,1,0,16
767aa8abfb5bf085ba0a7ae5ff4024679f27816e,129,2,1,131
4aef0ba75baa6874b6b4eb6aba2ca0d9a2733ab6,4,2,1,6
a74d94405987df7772b33de697bdd38dfd28fd4f,105,4,1,109
819cba00a3e24b849bc569c9e9ce113ad5a5704a,598,18,4,616
90f58815f145ac982add9be89f6a2ff862739e90,24,3,1,27
eff535134290a61b52a68a813a6022519d7ad1e0,34,3,0,37
1e25962ed807ec914e76d7726a321efc956e0352,20,2,0,22
9ba03e427e97e81a8bd524b3f82f8ed342b6d74c,94,1,0,95
dfb7feef549f25cc907171125d7f77ecafaf2094,4,2,0,6
d1727372a5bfd48b6f3c1fc0c8a22d39c243c1bc,470,13,0,483
eff570b251107e5045102b66b5fe7fb97de68c36,40,2,0,42
9b2f15d1e376efc0bcbb2bcccaebf980036c154d,11,1,0,12
fc3de4572b55bdab3428644ca0e5a733e7cfe535,4,1,0,5
5333b6da3c5bcac81d05aef68032c4c30cda8402,55,2,0,57
34782f5e81a1afaa426b8a7b623b85fa775082fe,41,3,0,44
098d0e77d61cdb5575715d4d2aa06f67bef670a6,355,16,7,371
98c536ee80516effc6fe2df642a07c8b05962532,2399,87,6,2486
0290d74fe601f5784a5da2d0d82a16d186ae3f35,83,2,0,85
f87c29b28aa28c20c707e995e86f3bf8bdc104c5,132,5,0,137
b9da1416cf2b9c078e033ae8d28b638170366e16,119,12,0,131
47e49ecd6e11aebe74f8868cdac22051b175d4c5,55,1,0,56
41c98d7dc3a4fc35b0cf36a0d37dc3fba03ca469,21,1,0,22
1baad80ba176f7dae28505fee60fd08cf77d2abc,4,1,0,5
38da86da73beece0216d79d99752251abe364dcd,98,6,0,104
5006bbc609b34dac0d9b86f5415beb35a94dbdd9,107,7,1,114
5b9b8364ef546113ff548b41504cbb0dc2aa2eda,1240,6,1,1246
e572ea02dd942e3eeaad71233b91d8d003f5f2d4,6,1,0,7
4dc213566e0364fca36caa23055fc0269465cbc2,89,2,1,91
673ed51da8f6b4a0272756acba46e9ef6bffabac,238,1,0,239
22b8969d62eccbb4f028bfb5a847da0718584ea2,118,3,1,121
0423890089c96ae2f1c73e70241d8be9eca137c0,60,2,0,62
c999a23caae3e3769e1729d56da4c5c0de594b31,2271,14,3,2285
fcccf1b5a15847c541f5cf6d96a05bb0d15c98df,5,1,0,6
86278194233781d8001498f0c2be4a8a3299cd9d,197,4,2,201
24504b32e640a517850e294903e898809c7805fa,85,13,3,98
af2858aff26e169f348605e61d0c5e21ddd73dd9,10,2,0,12
cf628c858848c4a4599e1e85a578464b2f907ff7,5,1,0,6
fbae5297fcfa97e19024c72d6d9b053a212f74c1,78,4,1,82
12edbdb1e521e0d9ee35a2d6ef2fed172e5beaa1,1230,14,2,1244
fb12a509056b4e36724126cef9a344a5e1e89bb1,30,3,0,33
ae443e28f10acc349f3a3c4bec9a510fa6a4541a,544,14,3,558
9c57b4d7bf0a0fd63d868789d572adcab6f660bd,8,4,0,12
9127286a365c25036dba2112bcfe367b33c3f361,413,7,2,420
50e1613503cd74b26cf78873efcbdd6e8516bd8f,14,7,0,21
9ed6498cdf9d32a65ebcbcce9158acab64a8c0d7,10,2,0,12
c8071f79aec4a9cb2cab3a09c7a6ade97fd3ae01,11,1,0,12
aa2da071a63cc0d8a06c84fd54bc4c9da9c851f0,136,2,1,138
f9ab252980e4f973d60b9db2a0f5e7d5764bdaf2,1864,31,3,1895
77a706996099f9bb44b90ad506f5205b3c4d7a42,1117,20,2,1137
6037cac427c310c298d78b5fbcd11b6757982f73,60,5,3,65
f27cf0b3a412aed01169cb47f077a55a6d210e56,56,1,0,57
71fefe2f16f15c112944db848f9a72e6e6e83ce6,56,2,0,58
93c0404da6bcbf9bf4e165f1e2cbba069abcc872,10,2,0,12
8c50f8a3779e816cbe484511dc4b9a9f1687fd57,365,4,0,369
eb51880e05ffc461704b395c709385f66863985d,24,1,0,25
03e8fcba4e7154fadc77a4a104cf1b6ad9661ce9,9,1,0,10
58e7f10c7a0bb8e9137377e913797d54f9b89f8a,16,1,0,17
2ae4f3afa92cd21784b12d5e0348f05b166a2ec6,6,1,0,7
0eb63c5e663fd93a932be511f037c0d4e9291e3b,36,1,0,37
f8c7e1fc8603f4091e418f3841dcb6bc2d75d5d8,149,11,3,160
0f685533af14230cb276c7502daad48a7dac0ac5,16,7,0,23
b2b2a144a75ec556d4280dabaab02ebd30bb549f,29,1,0,30
29bcc827bf259157250d5756acbbd38a7296d569,756,17,2,773
afd51159e1d16295ce5be83d1da86b863e381dc8,43,2,0,45
f2eb2fd824b6576f21a67b13ff6c6e654b7968d0,2,1,0,3
652cc9824d260a46226d4733b5972a6b1e7d65e1,37,2,0,39
2b25edeb2ce615b5a5df5bacea8c79507d1100b8,21,1,0,22
b6eeaf3cf3fbc4592916c5d9db12ae9f9798db6a,13,5,0,18
bed2e307284ca2e43ff6e572be57c01f970645c3,608,14,5,622
95bd5b14063171bed6b242af8534a9cb8ab9deab,3,1,1,4
332dabb20dafae5551b36a7a6fa5878d129cb482,1,1,0,2
428e3f231a48151edb86ca4c9a4326aecacf5e00,130,4,1,134
0bf408615cb8dc96defa80f4b8a0c302741dd40c,80,2,0,82
d25a48879ea8b7f7b7595249d412705b670204e5,173,2,1,175
3aa4f5dab085f1d2f55ea37a6790477e97ddb27e,2,1,0,3
99762cbb89e6bc3c2609667771a04b4c70e0056d,159,4,0,163
88f1ddae34fc214d67188e3774e3faa36c62b69d,96,9,0,105
6789b601b70e63a472422bfb948469011f24a133,10,2,0,12
89529ff05ae38859321c0a36418941324a8e5b3b,74,2,1,76
1e27f01c85ef20b503ea7ae6cd166c14a08402aa,118,4,1,122
74707616158b33e178b450d0a1413342d9ca671a,18,2,0,20
a1f3c30e2ac74dd0acb67087a86d8f03b416f5b2,80,8,5,88
f2f8e38f9424bcacf3946197c9afcd50ef1d58fa,49,1,0,50
0df84927f1b5baff5b8fe3f3c3936fdc8602e9e0,522,4,0,526
3c4285b108eb55f6e0dab45c66806997475fcde9,229,6,0,235
f17839ad93ffa794f142eb5b72bc4315d70d74fb,4,1,0,5
131ca717c0237822f70089ae35dd3dba637d7b56,9,1,0,10
c0b3e9ca6a76d5eb797675132bfd9d1589d4f72d,11,1,0,12
4bae48b091b9d7e5ed03755f72cd1854d62f8d4b,50,2,1,52
0874f5d0d8900adc6096830065c783d9ac4e6516,71,4,2,75
06888d8b60598b661ae90df7e7a2cc628460191a,159,4,1,163
5e64b8fbdf324c382d5b461841171461b1d5ea3f,68,1,1,69
f026577bddb05da36feec2dc37f394cfa1bcc92e,112,2,0,114
7030260b9e6ac38a3caded34cb47c56d0ddf61e4,12,1,0,13
823aa07d7fc61543ed3d91992749d28aecd192ee,57,5,3,62
2d81c4741ebd18d389f54f3acb3ab03aaf8c7c00,647,4,2,651
c85ff1d334e2bf3cf7973178660de2d85211d05b,4,1,0,5
7603a4f79a51de7095f79f4a6e546906d29744bb,277,11,2,288
bf4bb9ae867925a4960bae777006272e5daa0531,8,1,0,9
44c4b65b990e4e05dbca973f3d7073c89dc3dc65,2,1,0,3
35cef48b8198937684a88e57baa85c01b2133ffa,2,1,0,3
61608a40e11bbbeca124a04ada91d06ec62c0230,19,1,0,20
22d583c0933e4a59bb6ec19eb6eecf53e9ac5c6d,390,4,2,394
e31e6f90cdf9b425c0584484aaac0db4a79b2c15,1111,14,2,1125
ca089681483bb3066890d0ff9b4cea25428b1d12,31,1,0,32
c1e9072fbad8e9d6fee81d1bdc6290b310a13d2b,28,3,0,31
eaa518080d2c232d25700828a37467990cc6256c,138,4,1,142
1d1a7d34709b6a89985a610f46dd1c97d6c9271a,20,9,1,29
401ef9605505120c96f6432104f75262967d9947,1,1,0,2
f85a3df141a3ddccbb7b0667b9d1163b21cc41a4,7,1,0,8
84b65dcff88cf9d423f0c0c7652b34c8c2aeb09a,37,2,1,39
a35ff2490ecee7a68a6d2daae04085056f4f5cb5,67,5,0,72
cba1cb5e2bc5e044802d94553391b1b2802a15fe,184,9,2,193
7ec47c420be9c6aee6c8e95644266fe9b7fe7a2b,53,5,1,58
8033009dfe2bfb23461d3b176420c89500ad7c9e,21,1,0,22
a9cf7a8b2bf36b3454bb27384aee83bc45bf1531,46,2,0,48
ef1dec9219eafb8dd65b8ff47d0501ce2c90fb6a,24,2,1,26
b1186001ef637c5719c76716e5ba76c6ce963f4e,281,20,1,301
02566f2ab8e87f5e4e8f0f6c0ec30f3c22505042,4,1,0,5
8e6ccc486487e92a285f3625be66791bd313a158,145,9,1,154
20a92a9495693839dc3024340b526b91ff8af829,280,9,1,289
d317c5909454a3732716f24008d2bcf96305ef90,247,11,8,258
16a0881a5cbe6fc7ec2174aa62e6bfd390de88ae,4,1,0,5
8ca40266414f19f73eb27d728019eab61935e7ff,200,14,2,214
ca629d6c38ac2458ebc9635273e1e95b50ba89ae,364,16,1,380
c24f1cc9f712bd7e8c804cd50198af450b95b0dc,83,8,0,91
ffb2368999497c5bd97de70ea0c84831c0f369d0,15,1,0,16
7c65637ed37aaa459504e3adf54f21151bd256d7,9,1,0,10
5701117fed61476e2da2e4428216e02f7d5bf217,33,2,0,35
e23d5e7b80a5dfaa44b7dc00f2548da24b500680,2,1,0,3
4e4b1eafc98aebac44b5fd198084e6b76d8aa91d,40,2,0,42
9f40d1bc9eb22585595b68f91297194f55b741a6,6,1,0,7
e7ea235a1e0e94da02b5a8b171bba0b00d0d6076,136,19,0,155
b725d3a93f71c1d5d7a87981a4c81002d0929626,10,1,0,11
cc2f3fe196d29a0d716bfee07add9b761e8fa98e,160,12,4,172
c8dde9bc7664bca179754046b0ba366103de790a,7,1,0,8
4d10e03ee21e08c93f1ca0bb74566e9712824b54,79,2,1,81
18777b7149b665e4c5a22e27f78a78fd63bd8055,6,1,1,7
0fe7ef89127b9e920ef369cd9adad9c8b817dde9,61,1,0,62
3f11902d3f570ef6d3a9c0eeb6504f911e039256,29,1,1,30
dd73ee7de1d8e8439e71b34d24627db48e06990e,72,3,1,75
7cd53e465894c72ef797964b29a68ea86a446ba2,145,3,0,148
6a8210284a3de617d87083759f3b641e006dd980,1261,18,6,1279
4e595a24267a0521420c5401ca99d892e076a3fe,1186,10,3,1196
513a7b46ed18d84bbb90ac13f30a2ed5adc0719b,242,6,1,248
2a36d4cb7ac2265828fd0f9ab4045ea44cbc44f1,8,1,0,9
00098773109187ac337f51597d1ab12a8648f74e,1004,13,3,1017
34f371d1cb6dbe9e174094d373fc8682e814ffdd,173,1,0,174
a22cc0022933df6de85b4b966556e95ab5b81c5f,55,4,2,59
bd42dc38a4b44b03112deefca5498f8bcdde43d9,29,7,3,36
6eb71f601b0a8fe33147e984e1de5ea93960b9f2,4,1,0,5
71e28a2313a0e175e64398b195e488b0fd67d49b,171,4,1,175
88dda0e2a09fa035038c8af98aa0ee76ecdff136,13,1,0,14
3f761544e2fb6532558c9882f18bfd48e4c927e6,193,6,2,199
86fe41e2e9c17090f1fa9bcc39dbd61e3b649402,42,2,0,44
3c98a4469644fe94c40ec004c0792870ef9d8af3,69,1,0,70
d08c7f8841360f46dc9ed68e07bf1850665c09d7,53,2,1,55
ea2f0aa641e17301293662c8e79dfd94d8568438,310,2,1,312
45c728b55af185dbbc458a91d4f43e23c0b741da,281,9,2,290
26bad8bd755ddd0de549f2ab2d47b9aeb5440a91,50,2,1,52
f4a8d9d592add5399e8c5c86926dff3043f35696,177,7,1,184
8b26df6b758cde4445e8bf3682a325226fd020a9,28,3,0,31
4561b343529da8433e8ff132e0cc2a324acfda56,224,6,2,230
df2cb534b9fa48b34d8ddc462d58287ec71e0bc0,46,5,0,51
4fbda5968fa1f51cb1a569101a9dea2b7682332e,11,2,1,13
efb10d19821e00223c9d8beb7ae972a28df985e3,34,2,0,36
a79ff951b36c826ec1b4e274195385a9c17d79cb,727,9,3,736
5f813c92dffe7ca0d451a9775b235c242ecf3a0e,305,7,3,312
7d74c8c5d08a7f9abd3a65592eee51b234e77e51,36,1,0,37
e59730ae2a93ae749cb89c9dfdd91d96f5ae3701,5,1,0,6
e71c1b16b6059d70ce37813a8058a2c6d1e9d7b0,11,3,0,14
c6ad763a5013825810a0af5448bb4a1d8be0e230,426,11,6,437
39721040af5ee5a9422ee58689d6c30711f267a8,93,3,1,96
cac657adec6a9220c0afacf711962c551ab08caf,26,2,1,28
af742f7d7e1dbe4325c982f3a0164927d8a0037f,8,2,0,10
03ab034bec5c61c89fb6edd38202b13966f03387,146,2,1,148
ede1882d55978fb19410b5eb0633049ebf63077e,50,5,0,55
9479c01732cb77c0b06422aec43ef3a79c9db4dc,35,2,1,37
c6a48004e9b83dfa69b2384343ff1837ba3b14fe,13,1,0,14
9785ea3d6d30b20541e9ba3001e85ac483aa429b,10,1,0,11
8bbf93aa4377dbdf597e7940670893330452b33f,57,1,0,58
320a5ae6a91c965d75868414464de8a90e05a88c,2,1,0,3
fa960f11e180d217a9a2b62b0d77fe616378985b,90,4,0,94
5ac0daf06d3bf6ebedd45cd2d315b46831caa777,104,7,2,111
1684aee448e21d9cfb25c9c50851fb5db98247a4,127,3,0,130
df1c2681fd2beb84864927f277ebb858b29c378e,212,3,0,215
08f0f32501602c3c74f8f70a124f0190423e43c0,39,3,0,42
e4e5c6db611022bf721c33dc07d073fceac528b6,6,1,0,7
a47af499ddb3b878a0bd0c62264c8bcf1cbd1f20,80,1,1,81
65dcfe785e0e65779e12a1e730365b99bc825428,120,1,0,121
d479ebc87e1367ec3b7dbb1ac995230e6f1a4db2,4,2,0,6
1382d293236d40e80d1652729fdb1632f92f7e48,97,7,1,104
5fa4737072d7b4e38164f44bdf563bbf3d6a62ba,154,9,1,163
6f4a50d22ad34b2ccb2562c9b98c2ab202ab9ddb,4,1,0,5
6844cb32e2ed10b3e8640bac8ef10af09d0a6b76,71,1,0,72
8d867ed792013930f3eab753414bc6f25b7908fa,29,1,1,30
b404e4adf15c897321ef62b9e986af1ae7e946dc,6,1,0,7
a899110dff559bf42a5a68fe88fd3d93bf710e4d,479,5,2,484
13b4533f940187456d1978557345c645907d6aee,174,1,0,175
b12b7bb84d1669253a04c0a0e31f60be92f1ba2d,76,6,1,82
83662be0edb2bd39c95948d123dbf62fa37db930,11,1,0,12
58f74ce3a9decd02cefeaef79691d9940f509e7f,102,4,1,106
fb572bd0aba20d2b8a83320df6dd24cb0c654b30,39,2,1,41
cf58d37c0559ce0492f7fb0a7ff4423014544ab1,46,5,1,51
6df4b664002661ced05aee9df5894afe5fd9fe1d,75,2,0,77
22b17c3391be5d239bee879d5102123b7d385edc,114,4,0,118
37f27f571411370b124aaf78b81d6000733e7185,38,5,0,43
bad7106d5c714edf9d52b63dd4428d15cabd79c8,456,144,23,600
e7f806bb4978839915b80449cc75fdca12201868,23,3,0,26
a6cb4b4ee61b8a81b9d77c935f1bb60edef8a056,213,3,0,216
88db0fb384ec04b6a8bef1860c0e5efbb482cead,6,2,0,8
f12e62522b8d09c8525a7482c92141042e3155c2,136,10,1,146
273e5166db1ddfe0f32e68fcd1527ff8994a11ec,1223,6,1,1229
df39bdacf09dff5a00f5180a5d1ce838710b45a4,14,3,1,17
561621babac7f91a543aee754e0081cf1bce8218,172,10,3,182
76780194c5f4e9955eed59088415fea41b40623c,178,3,0,181
3d37a13da14dea21e5f1ab74b4c6c60d1590f9bb,388,5,0,393
80424086e701a0962656d1bfec2b9965cc36d22d,283,4,2,287
e8c849e1aae70eb332dba3e52aabb1bcba18b22f,115,1,0,116
916d807c8f67b32c1a430692f74134c9c976c33d,308,1,0,309
39254e44c3273a9f1d4697135c7cf25a92a717f2,59,21,3,80
950ea76d090e29395607ae75b49d412ba464ab63,19,1,1,20
0031f2444c8684eb515245d9298ae8b336268aa4,12,3,0,15
d672aa2c5fe8c955f09202d27e528059b4e99a36,230,7,2,237
d047e7b8ce27d45a9444f9dd857b1e865e8659a3,13,1,0,14
fc16bad9e25b56cd73c98c22b44795365cf24b35,83,1,0,84
f720a1526bb92b4c3d6f54c326590d5bf3c27413,11,2,1,13
582d621e2a07f605ecd1edac7f97c65ade3a2d41,92,4,2,96
de1cdf2190cf91e53f947735cd364a5fe6125829,67,15,0,82
8f0e49ed804f63bd583ac207a41808e3b059b82f,261,5,2,266
287f55212d012b18803bfb365ba7d4ee501f6acb,282,7,2,289
3abafb836665401b0c854931f3d4f721561160c7,2,1,0,3
a9b64da7e7a97dfa2d2099b70dcdfdb6b869ece4,148,8,3,156
45c1062ca49f32d3ed9ffee736ed4530f1df419a,312,7,0,319
4f17ede26c3a5c92dea5106654e685a2a411287d,48,3,0,51
31681947ca1952e6ac226c99b91589b4c6bc4942,604,13,4,617
21632dadb8cd2d8b77aec523a758d73a64f70b07,185,5,1,190
fa0db64facb0f3102ebfe9052fdd83db9f532ce7,2,1,0,3
1db6b3e53c468f8fa31661f01493286b7df3099f,6,1,0,7
ff210718d8f3dd5112a20461c882e974796c82f8,4,1,0,5
72885092319bdf38c0a6c9b0836cb9b1e12a5091,61,4,1,65
dfc7ea8a91f0e5d1f99559f6b094d1ccc1dff5a4,164,5,0,169
5f2cb0c6c3c02ab510abbc2a03368224f0340e7d,4,2,0,6
a68f61a2f5a58d0d47793d9dc1d2372adc2e42ad,83,8,1,91
a1d440b85a26a3421269c2bd74d7199d2c2a39ec,141,4,2,145
9536aa538df4bed07e65d28c655118e1db665df9,141,3,1,144
27d690dfd7d4f872a095c3376ecf1edbabee8c16,16,2,0,18
0ac5f1fb8897c05ddb9bd059f849d2dc540f44d1,65,2,1,67
8d1fad9861c25a4ebd1919315147de8f9476ea05,119,16,7,135
3f98ce37fdaef0335fcd82e621489d65751b1f55,407,34,12,441
d999aeca31ade1fa4f917ef9f5544ee13261ab7c,29,3,1,32
e6330bb7297c2d6f80657e4db8619ed34ccfda43,2,1,0,3
90b54928a13f6edc0e19e2239b7b0200b720e80c,657,9,3,666
9c1a490a945189d7396efce084e580304bccd27e,43,3,2,46
7cfa2e4a4bfbde585b7b213941c2e032ab4c0c91,67,7,2,74
f0d2df8d30c77d7e60f2f72b1543db6db97d7d81,45,3,0,48
c77c2c3e034d0cbe107142f62a2c89d29c566dbb,79,3,2,82
2d65534de47e16cab78bb7d48ff7e960af2a00d5,14,1,0,15
1c4512ec88a302d5702a2334afb90fa79aac188d,1500,26,0,1526
b8fecb9d5a8fe524c42e29ce99ccf5012a2ebd49,70,7,2,77
fd9c58a11ed16d27109baefcee138eea30132ad3,354,3,0,357
70155ec7abde248aa65e3f678cf4dfcde1ef457d,78,39,10,117
e498a71bfc07e7f6ec163c61c4c14aab2e1a5ac9,73,28,4,101
2edcb6bec50dc66c9ed0fcb7e2e94578dc41f6fc,4,1,0,5
eaf656bb19211fb4322a6a55524eacf26f373796,361,5,2,366
235e21ba062f8c2ba515076d0b45fb3d0e9d7818,153,2,1,155
46ed731c4e60c308c9559e46349a984b0ce05ce6,81,6,0,87
890b9bec816d128e5e517eddbf34759afe744ed8,182,1,0,183
90d11365ae80ce2a232b1338326589cc3c00bbe7,228,2,1,230
63b752a5d0b02a0df3d1e9525f73b494a2b02401,2,1,0,3
f67b5aacc5b494a2f5d78e87d67a84ea3aadc99a,51,1,0,52
e41d86b4b1225a4857767960ce595d735d5ec620,13880,21,4,13901
425055d9ce7be961526d68aaa37602ec5c0aba5e,262,13,2,275
308b3719a5d685e26a01766460abb1fe826cbc59,170,3,1,173
d3fe9510ba89f9d4781cce19ee081df56bdf57b3,881,22,3,903
a208954682e73cd19f0b99b1052692d2934cd99b,50,6,0,56
b7c181a77289fccb10cea139a097efb5d82f634a,10,1,0,11
9380b1432eb203bc37199690aedd2b5bf3b43640,10,1,0,11
8bde29eab89c92d0ee50338e6134c8d183c6b478,307,5,2,312
115030558c9a7ef62c9e73cb400a198826315cf7,249,5,2,254
ba0b0163a2687bbc69a5ef4081c6f72a1c966c38,286,3,3,289
53fa9a5e56a568ce1608bc40ae1bc56a9a3b72eb,405,10,5,415
4e98070244a532e78adee9ac720936a4bde0c719,44,2,0,46
07a7ddb3e0799454b05be4ad1a7452e34b74ce4a,17,4,2,21
b0f5d1658d87230061615d6dc9ccbc1792b0a2b4,48,4,0,52
1a701b7d52c5d571689d4b2f8159f8c0cdda0acd,212,5,2,217
e87c05594f5d48143c5df4f9c498bd9ba74f7e8b,40,3,2,43
8ef4dbacfb42596590d08c7c6f14f88093dfe7d5,321,11,4,332
9ed08dccb48729dc85bfad99acbb5a40a58a24de,276,8,0,284
262dc50e236ed2af25a0cf8c67658a48731ce573,2,1,0,3
91c2ebbf297c4bf3fecb5f98413e9f00e324e2dc,2,1,0,3
6fafa4c3a3321c06ca8516b3e15683844cfa9178,1009,22,8,1031
e6a15a226ae77119003a0b6fa78062ea9604c187,1261,10,5,1271
cc33e2c109750894504c8f941ab33b8f0d158249,32,2,0,34
aa441895675fcee84617cd84137a642628a966b3,535,5,2,540
c9c185a6c36de65637250ed4e82205f93da87049,47,2,1,49
6ceecacc876c5c758c8c7141b18523f6edddb6f0,175,3,1,178
98d781092136eeb3a80e9e54fc8736f4c3d270f5,236,8,1,244
435ff0dc6c178c88e2665dcef842aa13e0618204,74,3,1,77
2e8a5198464a81042a1cdc60b74c9893d891588f,14,1,0,15
c533c6c0776722be017650eef69dd8b4d3382df0,1,1,0,2
7c54ca6271e10eba8a7267ab8737d91ecb42550d,5,1,0,6
f60bfc8df6172c7d00f7ca9bd9d2995dde8d33e3,567,10,0,577
360a2051c1eb20af552b8222eda97eb4a3e95387,227,8,4,235
25cd6e34b7a6b1b013e7181bfe466677cdc0a61d,67,2,1,69
cd311bcc2da2d0c7ecb05970581926b5af37f358,36,4,0,40
114e4c58d3d4ec9010d46f9ff0085b172986dbf0,173,1,1,174
b05a5419c88fd61450156189c8754d8c10614423,40,20,0,60
681da619a3921e6cd92179a0d638d5b4270100b6,158,3,1,161
24d4fd268d28473ffd3ce1ce262322391810f356,3,2,1,5
764a330848447e4639fd36dafcef51192f9aa026,1459,23,10,1482
34002c7d63734e1e55d71e74c0e08a5303ab9567,174,7,2,181
078c711d35769be2dc4e4b7e235e06744cf0bba7,5738,30,4,5768
f97a23fb76ec529c3ade23dc80a914b58ba1fe34,46,2,0,48
2d809ffe33e75ae5d6f8ed2c16ec1442fa1d6adf,406,30,2,436
449cb72fa43990f4796ca60c84be3b8a0cc471ee,2,1,0,3
ff66173a27eda5d327eb06c669e76a6488c82045,1149,7,2,1156
1e90f141282e40f819de806920cc2a836e0e35ba,92,2,1,94
b345357b2d1c8aad47c39e698c5cd32353430ead,452,7,2,459
7cb2c9ca5b93fb33809854c97c01458d5eb12bb1,414,5,4,419
bc96b13333a5d7da65b3f6b9f05d355a537e9647,91,2,1,93
2d5cbf726730fc8c148212aeb8c8d158ce84a7d1,2,1,0,3
3a86e3d0d09266b626ef545ea113c6cff0332584,18,2,2,20
60a65a38dc2c53a0168b1ed5f6d945ceabad41cd,26,1,0,27
07570b363ec6464dd08aa7204c4500833174fca4,21,1,1,22
d1b7679d20d71e03f615245780b7ecff84d49867,139,13,1,152
6d2f74978e9fff85d0786ec3d231d157c01a770f,9,2,0,11
5e7c0050f684ac15b3d8a249ad596c2aee0911f5,93,3,0,96
465b0c3c7d7eea6cfc0a8cb21c1265abcb039337,61,4,2,65
a388f670b6f8c78ae4b19626a6c4d29eacdfb336,12,1,0,13
a9ae53e34bc5384641dfad2af8294b4054976e38,118,2,1,120
65b9804656f7a357561889af538c5f197f20e75e,602,4,1,606
3ebbfcad987683b61aa23c2ee353f44db154a5a7,13,2,0,15
2ac2883bceb63f2f6897c8e45860cf7b2cce4da0,161,1,1,162
975b11a9a012e0b45db6330101ad60457f044375,2,1,0,3
68033a686d95088da23526638185db232bf0e3fa,9,2,0,11
95d88f27baee8690f8ec70b8fdfd96befdc3ac8f,369,2,1,371
4bb7e4ff49e21735474a160bbe3b0dad0528e9fa,22,1,0,23
37fcfb8fd51120026169a0653031c3049b3a5583,17,4,0,21
54db0915c9ccb744639b2730b32a540d17ab9cd3,125,8,3,133
e02bdda1501abb82e2efbc27674a74a6fb5519b5,389,18,6,407
ec95df484464efb358b76013f3c227eb21dba8de,54,2,0,56
bf70c654b7c6d675bacc328fa3785ca389a82094,2,1,0,3
515f7a2f9588f6fa96ae3e14a83ef9264e96531d,17,1,1,18
0d6b5da7c6872229501faf6cfc27481f35f52584,383,12,7,395
649f5988d5746869ef6a690f4747ff4d6fb9c607,4127,34,2,4161
7655fcce5d13309d9df383c8a5608b9262500c16,416,22,0,438
a4794d4f19de90435157b06f4074800d803be6d0,973,23,0,996
189fd7a818802b825c020addf0211b27dea4174c,1082,21,11,1103
ebd20a4e00f6bb6db56c0703b1f1a3adb5e1d14d,1791,20,8,1811
b4da2dd83f5df794fc6e306fac23336dbc64811d,26,2,0,28
878cf75d71b88b65fd43045b7ea6061081587c32,142,71,0,213
6ec6d4a4732b78e2b42a77014980cef4da497ff4,28,2,0,30
24cc357b2ac78cc9522466aa7ee0a6eaeb478f21,60,3,0,63
d2ca07ee57edb8833ef83e4c2bf40915f1e4879e,338,9,5,347
5b44c22b46824101381c71e712716e97dd960657,15,2,0,17
46b821c3127093c9db64da246a1ad42017f415ff,549,24,0,573
67fa9dc4e7f7e5eca8514ac42779ab627da35d40,13783,39,26,13822
b2f0cd892890c12254d494fae6eb1c4ac838b2a4,419,8,4,427
deaccf776845d7dc670f686b6d12bec5bf27f266,66,1,0,67
2279e71416aeae4182257e7b682757f0222ca1a8,1176,20,6,1196
e2053f6776911dcce5f1ef1e32ed35063ca10bea,81,3,0,84
51904fb99e4368c430503b2bf0eb5c42ce5663d1,225,11,4,236
c6f07626add770df224784c186130bb16f799d10,2,1,0,3
91c9ce4aebca3913065e08263c6e80f7f515dd50,2,1,0,3
86958b6e0bcdd51c3de0afc1196baea64bc4b92c,2,1,0,3
8dcb25580e21b001633b9931107ba0b5baa037d8,131,2,1,133
8a7a64d98d936e3299979ffd0be8a2a759d0dbab,127,3,2,130
94a869b4c2ca1079fe7229626776eb65614c0417,13,2,1,15
d454acdd44d4bc24de1dd1bfa8668fb445518919,15,1,0,16
e7a2f5b2c08b75a718bf2619dc9abe51a07736ed,12,1,0,13
370d86c298c68def6e830b868fa16cabda9d08ff,85,4,1,89
1f5c4cf3de1ece67ee20b6ea4363249f577fc77f,494,16,1,510
5e56b9a155b9f5d7ba3cd7214c15b3f1c697a351,29,7,3,36
164b7a4cd00967c662508ae477fdb40a0941ea3d,394,6,0,400
2d22c6d12ceab2e50de0db72510de47fb2c6ae48,2,1,0,3
d7be2ef412db8b3609806f7c06bd19a0a1f30a2d,279,6,1,285
9178618ff0b1b613c9dae06aade832afabafe859,90,1,1,91
52e5a2c3a6d60a7201fa0d8bc5e22ff1a06287b8,90,2,1,92
6849441b5b676e1b2685bd4335093f140d423c5b,730,16,1,746
e986d00548cfb2e8c25770c19f3fce076d9ef49b,47,1,0,48
8e21aec1c2308b8e6b37f8086a696a72c4e03252,126,3,1,129
7dd374f2c275a00e0186ad4269f88be3c18e91a7,106,5,0,111
9314e600808c378663de99a2cdce4d5542ea99df,34,1,0,35
436e8ee85c4972c377a87902b91347f99127da84,55,4,1,59
fd3eceaea0d9dd1fe3581fb235e1c389340f79cb,6,2,0,8
b2e2a7e503695c4a0bb7c317181b4a3a4a514aba,18,3,0,21
2935bb5c8c3b61f23a02051d20e72313031930cd,2,1,0,3
be163f6f55cede6b31161238c2250a3dab82eeb1,679,19,3,698
68c89b74f5111a0c53d632f932f080b5e394ff44,497,10,9,507
c0309a2737c37626dcaf868e08a61de2344ffe7b,158,4,4,162
3556e7149e8ae8bc19090f9e92e62f9b32f1f361,30,2,1,32
bb46e466af122a0dcf0f2246db62615d699af625,8,2,0,10
44da1a098fd47ffb533da6ca1386c64fb86e50a9,181,7,1,188
348353be88b6f1864bff5d474ecc9f9c254a9eda,51,3,0,54
e4b1d050a2c94ecbc1b4db4d652abad0b571b747,83,10,0,93
ad6ae117b5b31c840b5b2d3cf104239d3968782a,40,4,1,44
4f30ab2b89368610b0482252a7e3ca6a0665c82e,349,17,0,366
900f01f288c8d13738b782992b0f29c55d5b1a34,23,4,1,27
e594388c20823d3b02efbec878855b8b2dfe9d51,263,47,2,310
45e382741ee22d29a12d90e191894f10a5ce111c,24,1,1,25
6debfa977102e072137dc034290285b83e09b875,108,7,1,115
a2f63921f0fc3b29ef90cbd37b713a8a3715cc1c,99,2,1,101
cb8bcc4d14f141e8834feb2b3e08ccba02920a3b,1538,13,1,1551
400b603abd699895b2f1833490e012183200176e,60,2,0,62
58ffe947b6c6509697fca8943282906e76351c90,477,12,1,489
476679da861f20b7c7b1100f818a03eae60a9776,242,5,1,247
12227c5d70640f9c9d10f53cb8f555d9dc484a07,119,1,0,120
5ae960d0de383d12e9e8dbc34204b0654c87b7a9,946,21,4,967
aadd0cddcf5fb59286d4205fa55a9e1ff2879bc8,95,3,1,98
fe7247fb96c6627eb44f30d6199ffb6fdf5f835f,144,2,1,146
d503d505b29e5cb1d31bb3e545cd9c4a47f07031,10,4,1,14
05a7f28b7316a35b171637c3be836345e4ebbe74,42,3,1,45
734d203a50726318b8f8a6de40c51165429868ba,14,2,1,16
87fb007f7ddbeec5412b526f94ecd3bbd8fe2e08,322,6,4,328
6fb7e521efdaed96ef5f18c5d9e108e8d54c270e,18,2,0,20
ce0a08a49d18d9ac594d46c010ae43e9320982a0,1346,28,4,1374
2704d887324014817097e609b1e7d794a898ea99,16,1,0,17
acfc618d0c8e110a30921eff0f1933039a0ebdd0,1,1,0,2
f48a22a141f1a3d340cfb41a7d88ea453b3f11ce,1,1,0,2
82f7aefe3d0e9e9cee5ba519279a1425259210ce,1318,4,1,1322
829ede946c23b8abd66ba81c3f86e999e5b6ec6d,4,1,0,5
399cb97f30223fbd40b41e72ea19f13bc3f92421,128,3,0,131
bc363d82470d323bae95bb19f94f5e94b974fe9e,94,4,0,98
6eff17754a0b0ffdfb8670b54b5ada38961b7917,693,9,3,702
5687f272146135215e62179b968abff77ad23164,108,3,1,111
b025f437eb1eeb0d0a35e8afb4c24f1bbedfea5a,446,5,2,451
a08f8c637a2f82c4879461c876317f590554d6b4,15,2,0,17
727d0c9cf1babbd7d062c32945517629ba504c39,2,1,0,3
7e060fdbdd02ee1e83cf44655423613010ae607d,74,3,0,77
d2cfa0737a899b994abe2658485926a0bc01db13,27,1,0,28
fe1423162eabcff793da3f88228bc234134136ec,166,55,23,221
4f788b29950f72ab1504096d717f768461425274,201,2,1,203
2fba4b0cb74f1d911f3f3b3756e40184d1d5903c,298,8,2,306
a954d85d290f4ee5e58165ee46be03a0d9acfe12,17,1,0,18
d15847828abb412242a75afadfea4dfffc39ab3d,139,7,0,146
f200ec515630442f95f6fc55f568b00f7cb04f4f,760,13,7,773
5eddb19d2486bb45ead9ae1b1fb31037ebe788a2,153,10,6,163
8b5314dd97f1c73096fb8512072fd08cc068e7d4,97,4,0,101
d6001a258afb574159701db7f8443eb5466d352d,890,12,4,902
75bacdfc00e535ec4cb474e599eaabf0efbd65d1,14,1,0,15
4d36f3dfbfc68e5b4f5cf24d7313d20a31e74155,1443,16,2,1459
1d6ac065c11efc3907b12b075a1976142cb34dbf,102,2,1,104
b96ca6c1fb0bfb68aa70defcc04a85168773a1bd,4,2,0,6
b0144cfba1959f7eb800450c2b3f44c3d85dfeaa,118,3,0,121
89836a57c0d2346e4a04d43c8a9d8ef1e7900b18,4,1,0,5
6484742ada6bbddd1d5976c075d7ab4e225e0093,55,2,1,57
b38a59be7c128310a0fee2279472d29e9290c347,362,7,3,369
7ab421d25510632947f90b8bcd8cedf16c72bf23,13,2,1,15
5d54386ba46a566cd7085f5dcda33c940fd5fc84,69,5,2,74
232b946419d05b785610e9b2daf7467f5f8bee82,347,12,3,359
71a6e6379b9cfaef02b756c9442763e15c334220,14,4,2,18
c373cb86e590e5f4a3e845c8b23d2d1c4f2b738c,105,1,0,106
d12c963b377361f5815c9011e06975fb8bdae169,6,1,0,7
fc12dce890aa51a7aba28abb2c379eabf974a264,11610,54,51,11664
498387a3239d611539aad1badbbabb5d5f66b75c,531,5,1,536
d282e455234ea3964d24235c5e45ec4d4d275a4f,2026,90,12,2116
b5690a7137a6b7e3313bc665104ff543b659992f,729,20,5,749
d49d1173f9b4b7f1e4e834db593dc6def20a9217,593,7,4,600
4e14101f57fadf6b00b83befb83a37097768bd72,267,11,3,278
72e1844559055a71b877fb911bb6adadc9cc6e7b,484,10,1,494
60ece7af170588d107cd44090caeadfda2b8538b,2074,65,21,2139
01dda9ddfa2dab4ad71f953855b960f1b890cc6c,526,10,1,536
f693bd3edc9099e50674a6d27f79eb332b2c9f00,4,1,0,5
2e0f74d208314739f815e22ee03564ad642b8792,2,1,0,3
cced818177855b4150f72af1acc7e308fb6709a8,17,1,1,18
907b0239b16e2b1eb71508d2aba36275891574ce,1278,28,3,1306
1b2c278daefc3f4c9d085094217ae9de469f904f,25921,265,98,26186
7edad89d612438c29591167781518abb1c384519,74,4,0,78
43e1298e322f2e66adb47c54b8bdfd2b7e57a552,146,9,1,155
9873ed9b967b25b64b94492df1490797a768fc2c,491,9,2,500
b3172464cedff45a1af2be59db0822a6aeb6f403,1376,11,3,1387
d5740856f481c34808b7027c0fd1b6bff068d04d,356,4,1,360
9bc1e059fb5974a8c49523d4e9be1bd47bd88181,74,2,1,76
784860e3b4b096c5233d051d9dbff62ec7310665,542,14,3,556
2896b1a9dac810f9f835821d0e933854280496e8,292,3,1,295
74ee7252b4e0c765983af799f17b620195b05efd,55,2,1,57
4a0c57498321928aa8eded0407dc63e4e808f577,86,7,2,93
60e2706533f3df040f96220228668a0efa16f86d,14,3,0,17
328c0c23ec2b0a10302a476dfeba2fd5f7a69ac6,2765,48,2,2813
6192229a601a368ec8bb7fc114694f566c3a1e15,4,1,0,5
ec42a3a6a4d2091a2197bdfab0c114a8f39fb4d7,79,2,1,81
d0f9aaf5b3161ecd19f4395c03caed977d54c9a5,46,3,2,49
b4943458a533ca29f13b9e4c542cdf1fe19dc121,454,17,4,471
c0056dc278e6bac6fedeee51aa6cccca80310398,491,8,5,499
8fac50c038657f798f1c852aadeba1c7728b1cf6,4,1,0,5
b9bfb8e752f61079f42c2c857cacbd673eadf5d1,83,1,0,84
497d0517abfe62f7a95f9eb0602a2c5fa07dc531,704,9,5,713
d208f577eda795490121a30c010d7297853c13d5,606,9,0,615
abf62f571d420b9bd40b2fc0f6cd8a0fde487c50,51,2,1,53
65cecd259ec0924673c77f12dd3f017bd362bb76,157,3,1,160
f4c85e95969b0bc7276ec18ae118051af93e9f2c,323,3,3,326
5135acb95d336a1b5f45ad6efe2a4b737aee2d33,157,9,4,166
d616a097e5b28443b42a9e84113d3fced254444d,496,4,1,500
a12b760b74b7ac9e1b30a8fe990e6c30a35e1275,2,1,0,3
d7f2054b6ebaf094c5e112870ba86639311db177,98,2,0,100
23a81d07b52dad6181b696562e07cdfa0932d191,208,8,1,216
a7e2c12c993fbf3496e6bd89e8cc8848649ab6ec,162,13,3,175
59bf3827dbdf54cdd93ea92cbd0f69e5e1eebba8,332,20,1,352
b58650658c0aac258e1c7932073188ddc5590d89,421,11,3,432
56282e8b2f35bfd4a86d926f47aeedeee56aaf65,11,2,0,13
6d785e0eb383ee87e83db7af879d9dcda3ff6fb7,118,7,0,125
e12bda1cf6b9d0163a17ee545c0ae4cc00296612,55,1,0,56
24a86acec0e0c77627d8b913308905e81ced2772,2,1,1,3
f9e55ce7a60fcdfb0fee688059d50af6b6cd112d,121,2,1,123
df29b81c2719d532ecf002c7bce8e19d2c466c09,32,5,0,37
088da3f8c2f7077c51b7d8531b7b967ad1cf58c6,56,6,1,62
c3d17b9ed7616e88352b1813f301949777d8c4d7,77,1,1,78
cfb0074a2a6cf281c9cd0e9f92ea25f02638092e,2,1,0,3
f65b401dc7f29c66687b14ba24b04bca45cfa91a,55,9,4,64
d06338acb8b9cf05fe085b7ae1261ea289c5d91e,2,1,0,3
3983728e64838a5c28d820c9027feb3fcd57ba6d,88,2,1,90
078d8969bffb0d76e5250bb1b3d728b42cc05e3a,4,1,1,5
d3c97d54d24ab42203c760d1ed5cbef981b13f44,2,1,0,3
f90137b1d5aa4bccd6c136e1200c9b9775960c77,258,15,4,273
e4a8e6ed60364f093251218c83a07e4584db3455,25,2,1,27
e788a0afc6693234d5a7625a050c05ce1f0d7c18,83,3,1,86
159afb7820c30f5eadd75a973ccdc1d99f4e2539,698,10,2,708
7548b67592833e16bbbb8b8576035fb2256db891,303,2,1,305
70f505f028201392527e9aa805d157aae95e8bd8,4,1,0,5
09bae150300f1fd96440a0b457702d0177d649ca,1605,8,2,1613
d62438c36c9f8b539724b5939adc668c036d1400,3,1,0,4
b8af790c2f26b5bafcc8f154e1dae2edc60b43c0,526,12,5,538
b672af1b9f2ffdea1312207f63b5f8b90bdd1b56,99,8,3,107
3bbae6ef6145ca29af7f8d0f115263437eef63bd,32,1,0,33
2c3813bb9722d0ec6053bafbbdd07d7d2bd32cc3,1104,53,5,1157
d2396dd983acfaad534b20b1c2f47650572d7476,261,2,1,263
ae02ecefa4b4367fc3547fa5bfb718d63b45b477,1138,35,23,1173
1b3819e7879947f1337045df81f2ae411778e774,78,8,1,86
1009159feba7487cccd1ef65e2bd09febfb876c0,13,3,0,16
b4c4585813fefcd711ce4ffb23e08b613c702383,299,3,1,302
96a02910f358508d9e79e0884e3d7cf4923a2405,15,2,0,17
c739f423eebfd9751c26f6aa410e5e8830ecde71,109,13,11,122
c50b3c4bb46b9559ca143e41ec91599258f726bc,92,1,1,93
5cd6a7dc05135a82f8dc292efcce682c8d377338,69,3,2,72
bf48b59c41f2bcf967c609ce7055f2fcf9e9cb80,104,3,0,107
167fa9476c554b4118e52a4dfa9b10dbb8bcbd3e,42,2,1,44
7cb1473b8fa8aa54b9d1ab5cef8a51e19a2acedf,83,2,1,85
d1de3a0008777309c3058e63a3d029f85e0a4b1d,7,1,0,8
6ad79739712c006ad728b0e3cabdfe57fa3dc230,93,3,0,96
047daadd237ccf7268a3e980e6f7d938aec1a98e,122,6,0,128
821976610e7dede823807d34660b0dae6576e7c0,2919,19,2,2938
2e32ec25773ae664b538d306d6166fa3dbaee1b2,42,4,1,46
80db1657aba6edfc2087f4e03b52c6eb22d5a697,2853,32,31,2885
15416e5e8ada7e8ab546017f048a011862d65ec2,38,7,0,45
cfce5e1c7ec650f08059fb4c31b199a75f5c677f,504,10,0,514
0aa643d00bf9eaed1d45ff97546952df2d0cb44e,43,2,0,45
1c3a2157505568415e0a32c6499493604ef303f9,47,6,0,53
c7e835f9613d7bcc94c5e68c180dfb225b5acc1b,313,14,2,327
6da48a842dc9f88e9197b3ddb4090ffaa7c84bfe,30,1,1,31
39b9eabb56b58f1204ab5d4b27bd230419162247,10,4,0,14
5bf902eff9497f639d3000e1344d67a013b35b62,132,14,1,146
a307a23a0defc6941a1ed9d25695e063a6b416e3,95,36,23,131
d4c99abe7240e3a2c24958d6de246a73d7558b7d,939,6,1,945
963d4483db97598919fc514609496d9ecd6667d2,28,3,1,31
9beb63049fd8e19c08c8fba137547f2c58dc9ca5,222,37,15,259
36298f0aa4d3d8e2b8d30768cd8cef5ee4edec7a,919,26,21,945
fc564e90f513d6adcf7c82cab27eb43f5bdb9ed9,56,7,0,63
73316a6cf7016bf028b002a93b27da1391ce88dd,21,1,0,22
c1134a039b19e87752825f8d22cb8df56d9f5168,291,20,4,311
c4549e2e60e464f3224ec92752fde606fe0e5555,117,2,0,119
11a060c606d4338f171e8b58d24fdad02780ea8b,2,1,0,3
d281a1b18784060cf4eff409e8b4bf353b289dad,242,9,2,251
8bfec60a86eebb063ead113286f76810126069fb,113,5,3,118
fb66e0c19f0bbdb6177c64555fd7b050c382df49,41,1,1,42
2124a1650232d538af2b95d649429d02a778f630,281,9,2,290
294ea08a32c2174c56739517c923f054aafb8435,710,17,4,727
d2fa9dd097f5c26c20da46b5ac66da49f302d0ff,512,3,1,515
a359c4978737053ed65f01adca36385de383e2d2,682,6,1,688
b6ed91458e28569ffd761426dd3e09393e38a87f,9,3,2,12
55fbd011e943ff821e438e4d9fad58b44eb94685,9,1,1,10
b597226592e0b0cc26b423c95d9479cc39cef6ad,8,2,0,10
9abf15fd6dee3323f90a1c6594ca68ebafd8c858,2,1,0,3
ae392432c41956b20a20c76d3fb81f1b68213716,590,10,3,600
4269bfdeaa161109f338f5533457c01d19abea1e,31,2,0,33
07b3ee639c6ff75b13465088208287d3297afca1,55,2,0,57
8b2b8f576209eea0b03f4c929c3c80f19f214908,64,1,0,65
8788f1c0c31006b4610993397a6272a25097d0da,29,4,0,33
2b82366c369cf668175695605f0b77d7105f4aff,1523,35,11,1558
b0284994393c09d79917e529592b8ac10258e9ea,26,3,0,29
7a311428bcba238514e8206a6c17a6b7bed8db14,242,3,1,245
7620fae03285b989b2a4ccb4bad40e1b9ed7beb0,29,4,0,33
7b9e16b65dcd63ecc339a4063a4b4269d1f8cf6f,19,1,0,20
05271b0b09c800b6925b8eb10b85030e3430cf3e,38,4,1,42
cd55015c0ad0875c47061ce196e2373164771243,10,1,0,11
24e2ad53bf0339ade81812ffa6fb21279d509e70,21,4,0,25
e55c127d5e6c2ce0230ba48ad0ecc6e610125881,33,2,1,35
551d53b6da0a5a8a8c57691097395e5c45a1f91c,76,4,1,80
17404b200ecb119f45c4a83f44dfa86b490680c4,497,46,0,543
e8f9d88fc3ab9ba8ca9a4e0c2dfce49c0dbbfd7b,66,6,0,72
9617f2c1da875609be395d03420e28cd0f1590c5,48,1,0,49
babfde1eb175898156a1e7896c4ea2e890d815a5,5,1,0,6
d1d2ddbc116f6dddbefdf1e69dd409434eaae0e4,34,4,0,38
15eae8a49bdc413efb9b3dabbb6da5db17f9fafd,5,1,0,6
041b62f079eb5d2eaef380abcef2961e176fee8d,18,1,0,19
810541655fbabcc44dfa38a95023f82ff1e68148,4,2,0,6
9f2f1b2bbcfd973b64740c06c4814fdff13454d6,84,1,0,85
8082838ff2720b6fa87a9e57f569c3a2b199ad76,8,1,1,9
8a71323c3f6028c221c426f2e1942d5625e2fab6,117,2,1,119
dbfe39eaca75585a2dffa9ebb20ad63e6d7ae5ef,10,2,1,12
966d828d3152fabb37e920bfc5cba70fc08b3f7f,1,1,0,2
ab9e62f94e4c76a3c4e9af8f1ee61de737829022,2907,35,2,2942
f1e6a33ab540d2172d4555993aa65ea2f9747ed1,3727,54,6,3781
8b4309500cb26909fbe53cd3cdf8cdfc6cf91ce8,628,19,1,647
0b414974789b16aa6b54ccd4062f34bfd085db7e,2029,43,5,2072
f267e5845df0602d478b9042247c30c5bb705914,29,5,1,34
57cf9e6f5199d5fa5633775853d36754701fa5e5,10,2,1,12
30e21eb394a9d022a40bca26b7dcf5e4641f688f,2252,19,5,2271
6b78c9baede14fd7261da22312a145d4c72d42ab,256,12,1,268
b3d704c6123b0ba53647abbf0e7740c76150488d,722,29,7,751
81bda1d26a5c5173864e6edc3081e7135041f4f1,85,6,0,91
ea564f0add86b4bb7b06b611ab4276934f35f061,83,7,0,90
bb508919abd09d582d8c0f3a48bfc2b884f6e977,105,13,0,118
129ec543028da41c6e634b9bc4369924048082b2,257,5,1,262
f1a2eee76d69d062f0bf94e727d381e6a278d355,6,1,0,7
af429094ef546f078eafa2a91ba14b88aad94058,2185,29,2,2214
da0b74af8884d98ab8cf467917c0362544de97bd,689,15,1,704
6984719f24ecc6f7ee882a2c0f9012cc57037640,216,6,2,222
90fa0f910449ef194b253a081ddd4cbe02710aa8,450,24,10,474
6c7c5df3fb3d4498fab8cca58135c7a199a610f9,894,6,1,900
754e807cf027746b0ee7c1f88670a017cfbfef33,51,5,0,56
aed8d4549c2147e63e99a8642fea925f44c3b9af,9,1,0,10
9c8a689c431c1aa663901d4aeb40b1ce642ba098,7,3,0,10
f3bde9ff674bc50ca296e22a0a8df2ded0168fa1,8,2,0,10
c802786ea95cff67b83ff4d24f796b965e565854,627,27,5,654
caf8d755820d6bf27bc7daeb74ac35d2e70caa61,86,3,0,89
28452e010c8971191325f9e6892ff1f0da3c6e63,21,3,0,24
378bdec11c68a54366cd98b0f2eda5807e454e2f,538,8,3,546
15fa8ccf55ea0908fc5d98ca51353c875720991c,12,1,0,13
00ec12113ee03843f08c547f697ba2d8b5e7212f,38,1,0,39
a13c5d8bf00707f886375cdce51c8d77e6ccd23f,6589,2,0,6591
080e849a6c68da8beb78ce9c9f943d7f5a8a8f78,42,3,2,45
d437d3a80494828889be7b07d61ddce21a2d781e,352,2,0,354
7024a6d5e3be3a33becc0ffa3319b3f1102d884c,253,13,2,266
52bf09dcf7dd6cb250710dad59133fb32ce63916,19,1,0,20
dd1894d5497cad5049fc2ab7dcdab6e18c2536ad,30,2,2,32
b791cd10febd94b990ade4b21bfe6ffc72350491,32,1,0,33
e159846ecc9117ac93e0b655cb03f0dc8f0a4ba6,22,2,0,24
40848084e8a1730a42d6a0ce970bb1140dde1f95,46,7,1,53
4548783928c92340849de908262ebb2a50f1e286,1409,47,2,1456
5b5072663e1668948dfde428cc3175e8ca810cfd,9,1,0,10
0bb9b5f27f5e66807f835bf172c5a2bfe1334cb8,1194,31,8,1225
7fef95ebe6bf76821df9d40ceb46b622c8037ad6,481,17,3,498
eb5835fed9cf692e58ec643183ffe16953c95188,8,2,0,10
517b8813b8029bfcb75f90db043817256efce997,471,10,3,481
09fcdd59cc07e2faa154858075473cdec3518b60,23,2,0,25
c77c73137e252455e0d0658abb7bd88b12489ae2,2,1,0,3
5b2b4aab825194210ca1ae1d009b7147533753ec,314,11,0,325
94643593247729ff5319feefbad17f17b9531d47,48,6,0,54
291ed9179775bdc01a22ce5582268c76408e62bd,91,5,0,96
2644f48e7c896efcff4d5411ff81ddc09e13c3ac,129,1,0,130
8474baee80831fccf14d3218c26cd68db7a1bc7d,162,3,1,165
adab6e1a445dc66c42625aa04279dcce7eac1b56,1399,7,1,1406
5a50954ed31db21da71aa606ed1777b3e646c64d,1006,8,1,1014
91f288c19b6d4a4fdfcc93829a41e9ef42745bd0,35,1,0,36
9c3159b398c59f25f442f70d9450b5001e065dff,2,1,0,3
12dd211dda3ec360914fc51acd4763b8a6b17641,27,2,1,29
09b0f2b5ca0f824b1ce19f5350bacb173fe5df77,129,1,0,130
3a8079f4a140f48c24cfa6b195584f0cb67771fc,4,1,0,5
5f86b5e19a195449806689cef3332c94f27dfd10,68,2,0,70
22c81de5383b19671213e8377445e1b3c79342ec,217,6,1,223
5cd0ded9088be55dc2468688bac79fc24b080b03,247,4,0,251
81b1e031b464231ddae398292e6166642228bb41,12,3,0,15
47c637c38c5f9dfc0c79efd95fb761a4a692cfde,1,1,0,2
6582750ea6419233eb1fe5a6d196921d23ee89c1,14,4,0,18
7c15bc326884620e2aaded78a67d4fb8fc577eeb,20,2,1,22
db07f2928a10907badd6b4c1ed583020e1b2d9d2,70,2,1,72
f820daaa80c245373ac847e169624f1f7d55ae1c,159,5,1,164
11602800d9d38c8738f356e808dacc4c74823cd2,164,11,2,175
72c2e77998b19a358f9419c2d898764e0874f095,263,13,2,276
b3263337a8763d3d3415790270d7b2dbf8cc3194,253,11,2,264
c2258a6fa43b05a26106422d1197a294eacb762f,2,1,0,3
4152f60a849fe38f57b95600570555a5522c0c4c,2937,23,6,2960
bae91b2d0d4b7acd3eb66e0a90e391e5fcb5c651,2,1,0,3
37992b98ce5770de5af6bdb9eac936903cc22bea,13,1,0,14
d2031e9479f8b56326ee025e9ac5f549d9665327,87,3,1,90
1dcb2c4581c704b1c17c2b3b422bf2c4a6e84330,159,2,1,161
9735291f025cb470c28baa085030ceaa02b761e3,1193,35,9,1228
ad32a2a5ec113165217066ff9dd2a8b5d297ead1,591,19,3,610
db452c5df1553627ed20f93272740a090b4f46ad,2525,9,7,2534
bc27ad99ecd68fd4ae8522055f8a6a84e27fa3c1,602,6,2,608
d86d4abc63e84857f3d2980799feadf86c9ad080,164,14,1,178
d4a64e3853102b220cde905f79eaede0054bc43b,280,6,1,286
eda488f5d7aeb68255c3452d00daacffbbbdd477,255,13,1,268
792ff66eaf74357d00e98b921c6fbcb242cde807,266,6,5,272
3ff4d13af7b693ec8f4766bbc281c1b3034621ba,23,1,1,24
de16a0a35d93f3fe0393df563015e7dd1298ceb9,437,14,1,451
04cc62b363b3d9360b00d6174af04b7bf0088ba0,88,3,0,91
e2ba55bed54cf497cf87fd955d61224e0030c874,27,4,0,31
bd251e4dba15441033398695620c64b49b83f3c2,9,1,0,10
ebf8a103c033f55c243486d3df113d41c238743a,22,1,0,23
1bcc032d0b03215e08d5200bd1974af3d00d6476,274,4,1,278
c1dea5951fd513d77b479fcd44c77be81f757ec9,55,2,1,57
8d0afe3fbb431f8fde3e6dd77de7de0152729a72,10,3,0,13
bb0505f0560eaf41f24dbcbdd1a0f7b59570213e,105,2,0,107
7b3e01e5d314627208df74dfdddeae519afa5f90,28,5,0,33
524dd0a3f2ad75b4212cf97243f721493bf1083d,2,1,0,3
5625beab4164346d1e884d19a294adfc8fb668f9,880,7,2,887
892896b4942f4ee75bd1d03f9c605e5de76d2c1c,6,1,0,7
63d53d57e5056485c267194aca88845c68d437dd,66,5,1,71
a7c8b7d0ea07c3e1ed20a43e2f7604a0fe261df3,19,3,0,22
0c55422d8bb5ff0df3e7871c9b1a1e52be38aecc,352,2,2,354
2d68f5c5525b68896fac09324d4b5f3bb06b797e,175,19,1,194
84f51127d09d54924f33847b8ca9211a969498fd,71,3,1,74
0b657cfcd496fcec11ad371069982ab05b897df7,259,10,4,269
25ead8d58a968e6014267e6aba772ed8008b6924,1507,32,0,1539
8e7ca65b70dc03632b324c07a1666cf5ca503410,198,1,1,199
7eec296f3625d276c9dee0be6fe44930d7e668f3,144,5,1,149
94597d3330bce668078bf5c2462adc594b94fab8,41,5,0,46
9720d5577ba20e063738a4a201e1ec2b074752eb,5,1,0,6
63be561513d0e4ef3a9128020cf0c545f977d305,57,8,0,65
aeaa26e225606a22ea7e5fcac33d4efba005c7a0,70,15,0,85
572e9628ad12202e744a4511fd3dbd9c9f3f68d8,87,6,1,93
99e79480454fde74c609af3db3a27fa826d2fef1,101,2,1,103
a2cde564f6821350854a1e78935354fed812d3b4,169,2,1,171
84478b645188174a9e56cf565f813dbf80a8acf3,148,2,1,150
83410f69b49988f4a1c1f0f373c8bafcd25404ba,285,14,5,299
a13dc032e50381e97e99edf0cb56f5a7154e13b8,39,1,0,40
9176db4c71e784ff679914160e375a1e1e7a43d4,16,2,2,18
c006f5911112f242c34c3089caa9d3eb063f57b4,130,5,0,135
8acb17f1ffef9f484660ea2ec9fb0a3df8dd934e,2927,71,7,2998
eeeb3e0a3710f367676f4538f39459b7d4f3bcf5,72,3,1,75
eed8e233ea99762c5e3f00377d97824dffda8187,12,2,1,14
f002ca60cf7b0a9a58888239541d8c41c2770acb,2,1,0,3
e92147b25d47f29f1564b3cc66e2381cdb2c2c9d,30,5,1,35
f0a4b443699bd550b1608e4dea7cd68bc9bc6a61,355,10,0,365
6903856d399b4d7b09548a75a888382e1659e9e3,532,17,0,549
9f37331acaa407ba2cded5ce6a2157dcf55a27c2,7,2,0,9
f6c5e3a318ba6ecff773c1477ed90933ac3ce72a,3,1,0,4
989df641b7d29e18773a668663b0be894835d24f,702,125,34,827
24130673d8f23f297de30fa1600f42954184ba62,20,2,1,22
463bf976ad6a7bdf0b994b7d112c08bdb7b541d6,427,8,0,435
7142efe68a475b95a934ce08eac90311010e0c35,8,1,0,9
f70c38bccbde2b22a00abb788c9ed02519d04be0,6,2,0,8
1211f07ed9602e130da0e83368fcc465519f0fcc,33,2,1,35
b03b5e434f8eda78cbca3007d285453f1d48e1c4,903,24,7,927
8fe333119de79218211a0aad68c31efc13de211e,665,16,5,681
bbec0a8070ce1d689a382195b291d68ca945c040,485,5,1,490
2f0eee9f1205f5119c940e1cd33bf31e8093347a,93,3,2,96
9a49ab2dedb4d9157af99cd42403f4dad56b2b90,63,2,0,65
dc2deb8b3ba05d55864e384dd149f002b53f1da1,5,1,0,6
0c1037ed90d75bb7cd95315cd6a6bdd00f34a6c2,7,1,0,8
6e0adf6c41a02b448400cbe5e457dc90fecd01f9,36,2,0,38
0abd8f87abdffe304121982597e329213688ab8c,243,9,2,252
3c799cef75c04bda6d24b96a5a86b63a8dc48360,15,2,0,17
9cf7d81dd01ce4ea651cd6c2d5c0d91b7d1ea403,399,13,1,412
49c0e24e3d85a97911a80352f93e8ebf34214812,140,2,0,142
c675c2882f45b7d2bb02ddd38d3f9ee6ab19b411,54,2,1,56
e2b54e586b973064a822cb8330f7b56578d4f8a7,36,1,0,37
fc696ceb4b9386f3023ed9911c88022e6e2fa152,399,13,1,412
5a6a6264cc71fd6a299950ce9451183caa659b4b,506,4,0,510
2676ffa1c26023e6774a4ef6b8aba07ac5d9122b,3,1,0,4
4084b6031b8313cc77b515806485510f0351b8e7,276,9,1,285
68ca538ffa63f4d604109a71b4d409b815745b3f,18,1,0,19
396f37daec153eb584094fbaa9450010323d8933,179,5,2,184
c6ac7d6df285e51193651413232dd7de560c1aa4,118,11,1,129
9fb30d350fb99ddc4924faa47f6fa224543f6d3f,4,1,0,5
91289be930754dee74776e804ce388d005b06e3b,298,7,1,305
7197461f29e9799e179997828a436076f1b0a130,15,2,1,17
8ece2147eb8dfd916774d814416b5b6c23432de0,43,5,0,48
bfb604a883a1b63f85fce35fb8fb559cd073a728,174,7,1,181
32afa701ab5d4d65fb6f84d29b2d8ac38588b3ea,8,1,0,9
280aad15882e2d6c5bf80db76f6767c79808e7cd,24,2,0,26
8806dc35ecd09297c72d987b80f37b190dd7974e,4991,11,1,5002
d0426e9864a1ab6b7b8407603f19b7a30503e46a,226,4,0,230
cc8362fe6033b11b5b83fa1c509ea556f6ee1c25,7,1,0,8
55db06fab16682fcac40d12cbdb7fc1df3ca6a91,339,17,3,356
3d2b6f3429957e47c3de1764b9f87743a0770ce5,667,13,1,680
dad2586d5d313e7d828f183827a9e5379abe64f9,6,5,0,11
913f0d81a8998a2faedd4dc4a581bb53ea9e8a8e,426,5,4,431
561e471a86278e0e486cd9e602f8499fc8f8517c,243,3,2,246
0be79c9b370dc0af05eae0ab9b21a5867b06efba,139,13,3,152
86a0cd497a45ed0ca1b34b8359f286cb5c899aab,27,6,1,33
76d1213f217dbd8be2643e1c81d5a2b59ed38281,2,1,0,3
778141958fcca02df99beb1f65fff22f31dcea56,1,1,0,2
38817147f2847ac5f384069d2666750ec7dd7540,171,10,1,181
d617f3b6c89261164163028789d16697b10a7ff0,1567,31,7,1598
449f89a3d7b809daa5504147d283e763d7f44a53,27,2,1,29
51698e9b298931dc21a91c80135b436b41215ab0,158,8,7,166
2eadde49533d6f07229ea94cad6ebda1fd30795d,49,4,0,53
fb4966b0f79dcd830e20c53305cd0ecacc0f5440,315,13,1,328
e8a8684e2de9a3536203f6c448408552be2ded64,12,1,0,13
22843c6118eca91a369276977cc18da4c6bd25bb,155,2,0,157
4125daa4c7979cb785d9f401cc4142b3dcb6a42b,86,3,1,89
0aeb42eebc0846611762a9ff2cdc1e1ede600727,191,9,0,200
7bd4dd4be1a49f42b904aba783980b893b5ddba9,29,4,1,33
1cb172aae7f1d9cd5855c74b9f004405aeaedeaa,648,20,4,668
3e98c65b6ef0333e954eb31481d7ab7957aad423,322,4,2,326
cfe95f4ba49a1dc95b18bddc744ecde731a7e6a4,126,4,1,130
67344859c270b9e64638b6691d456e57a7570403,44,2,0,46
19938437f11ba9590a739965a3c9883a064dea92,24,5,2,29
6c9e407b06a267487133357c316b183aa6c9aab0,14,5,0,19
d70edd60170c03c0f46b95aea5852621f363eb4a,7,1,0,8
f3b2919d5517c8896b2b612f7d90b484b4a5c2e1,365,3,2,368
6ed17d298a7d0fbeaab7a59b6d998e4bfeec6ba7,639,7,1,646
56927a193a31b42e542aec75390a4a0bdfac774a,4,1,0,5
54d2813c00093e1baada9f7c8627c9360f133328,191,11,1,202
802c596e9f7b778c72c81e2e144a0182358c1585,76,2,0,78
42e597de280d2834d66a94a993262bf214512abe,6,1,0,7
6bf696ec25f2571c252c07099b81f9876f839b91,1273,16,5,1289
834909e2bd8570205e9de7421fc3f043fa377ecb,10,2,1,12
2f19683470c9011c0c56a3c2804fdcf9bc60abdf,12,1,1,13
2a43d2a2fd8cfe7cb761a7a1f67274717cd69368,2,1,0,3
a4e3adb7365ef64b02d3fb72505b97474e3d7244,833,16,0,849
f3ff5eb5f00f496d0a63207933ccc43bdc2b0b40,62,3,1,65
7818167fea7d3581e7f885b0aeeae8c7d1b6a4c0,3,1,0,4
da7d534dacb40bfabab986383ea6502f794627fe,193,9,0,202
6fddffe66d587f45deefaf817ea1d6be45220e02,341,8,4,349
2aa2165367696fb0085f7343e7d07efda4839dba,5,1,1,6
661a7d6a5d482e98987317a94fd12796b47d82c4,187,4,0,191
5c703695d245278e4a47ab066c6d6477dfcf487c,27,5,0,32
807f84392cef640db5f7e87c210a05c025071f93,19,3,2,22
fe909789392b053ee7d926c4e10ecd3d4490bba5,2,1,0,3
c1bdd10e6b95847aef5029a8b536ec09e37a5097,306,7,4,313
d41ec0bfd4282ff2121ecb9b1b36af48c1890c1e,1176,27,0,1203
3a655d2d0e86cf208a1d84e4d7c776fa093dbb2a,761,21,4,782
766769253b4c5da0e0f30a19216af882bd92f135,45,4,2,49
8f495aefe87dcaae160a9618e5d03bd2850488bb,59,2,1,61
cc92e4cf68e66a88b8f06c72eeb608d07c61f9e6,36,5,2,41
3cd195213e59ecfc5ab625cc89b83bf197819332,43,8,1,51
42a2fc70ff37fddaaba300becd36b41f170e77bd,494,8,1,502
bf66eeeef42a4e1890b9a57cd38153b51f2f38a4,243,8,1,251
6c5d85ef7eeffcd4cddd639865b81764fb04dbf1,462,7,4,469
f473bf656e9d94b57cb8ddd492ee8ad2fb31a61c,789,3,0,792
6e6e0a4e86918e1b73491ffe0e177745db7645fe,21,1,0,22
e6c2f5bd3ba02d87a329fde99882a6c01d69894b,409,13,0,422
0a272b29563638d6abcb7ef41ef3465ef4716f27,1,1,0,2
7af3edbd52c80dec2fb46830fd84cedb985b6b82,189,1,1,190
a5a83aa81bb4e6872edcd891f18168840d36cc9a,39,1,1,40
718f41f4110998e7cb6bc60ad449711c722568c2,100,2,1,102
80e69c5ab948cbcc3163a40ab4863ab8043d12ec,30,4,0,34
13b363c109e69d5069cc41490cc9ebc37078093a,58,4,0,62
9bba76f45af49423f0384672475da86e14a7a86c,20,1,1,21
e01f8c20e0e46765634a5d9d0f3a122fbc87ea13,2,1,0,3
fad3de8023ea10e3735db54ae7565d610908d2ec,275,7,3,282
fd5c942fc8d5820219a2a2239e47f193e7051801,280,7,1,287
0adf5efe6742699080b4f39c76ad50e0e23da50f,134,4,1,138
dafa5bff8d54ce56dbd9789b2c03674d124255ec,23,3,0,26
e14fba0c2b158da4d6a85dfa7a91a3ad5932bb3e,2,1,0,3
526653067ad7b7fe402ff1b6aeb7000925fb49f4,6,2,0,8
022fd37d24af7156c47ffa9c6f02e0c4e7b42e44,3,1,0,4
4f95945c49e5b0f8b3442d23bd16ef5aa73b2b60,598,18,4,616
8bf94e72526cc02bd1538a05e5faacfb4fd1ca08,314,10,2,324
7d9dcdfd836a779c5791af1a154111fe5fb7c09a,233,3,0,236
ae8781959ce0837f89767aec08783ac71c27f25c,418,12,5,430
f6e26c2350d7b997fa6d4bd690bc9c9058875309,323,15,2,338
d778df2c0fe6674387bceb30ab20343ac381ee2a,267,2,0,269
88bb40c3467033f8e2693526c2d2111117f446f4,966,7,2,973
acdad54b49411e2931f5fac8a2be64bef76426ae,31,1,0,32
1bef3890d5f34e737caf535b0d031a8793fd6f74,684,8,2,692
70ecda495281a6922b725c182f27cb010530b5f2,447,13,1,460
53c117f50194754aec3ecbcae0e065d0901c0712,130,6,1,136
15b16e8f1029c745397dff869fd0759434761011,37,3,0,40
8767437931d0523bec888af13ab040c26da2cec0,4,1,0,5
5ecca80cc8ac763d5c3ee256ea9504f60c581ecd,29,2,0,31
a273af026221be6a0d1eb6268f091429ce3fac39,148,4,1,152
6da31ab7980a1b5ae34bde4b582f8760173aba33,2663,77,39,2740
d1a71d8518d5bb0c5cffb6046f50c76bd4603270,3,1,0,4
d0b4f234e5f265f159ce607818c640ab11b2c3aa,17,1,0,18
74fd91aa185ca4f26033174781567bd60b84cddf,544,5,2,549
784f995566c598e8052a5978f987e08f5cca68f9,94,2,1,96
b837350034dfb9dc5d8ea624b1e11bbbef3b4948,246,9,4,255
755818438f114fc5f12011ff7cf19ff5b6f8710e,2,1,0,3
1c9528c1f54d90a0a62b1795c8785cf5647a676a,171,4,1,175
22de7d27a460f85b76afac6b9f497eb0a092dabf,1,1,0,2
0a32e0a13f10bb7798d1a2eba94382a7d1a9b453,578,11,0,589
8151cea439f6f81b05e6de9d46916d550c41b7cb,152,76,0,228
a5227873d60ef02a771ef01bc7fb7ed262ada614,29,3,1,32
04c5a1af184b0f181a44b3f7f0fed63c18b450bf,52,3,1,55
d1bad1d29a435386dc945e65d5e875ed7cb2e2ba,76,5,1,81
e5ad87c7af1049785990f519c8c0961e843ceb5a,2,1,0,3
4ab1076c29a514efc2feafa3cac956bef884de57,679,8,5,687
8e17e632ce432d746a01ef7832d54abb0142847d,559,10,2,569
6047b06ac6f62ab7349e854a94f50199512ad973,192,7,2,199
c3c9e2e84a3acbaf5df8c6400d964bb7624d8bd9,95,11,2,106
b4c8271757101e5d1061e08d929d200823a69c95,32,2,1,34
0f4bcfcb601eec41d9f131b25b49a009a8621c24,19,2,0,21
6a336a97e872a6b05328848f00a951223d92d355,181,4,1,185
e930244601d9b639927bef248408daae9ecd550c,2,1,0,3
0af226d62f298e417aa5e1675145cb78b3224d80,188,1,0,189
5ca2ed4cbe16f33f5404824f4bcfdcc3e0b54f2e,539,12,1,551
12e5b34b2d5ffb2a79af1d79ee45d1544f749a5c,2,1,0,3
c08342be840aee510e2dc30f39f9c3ad65e69e21,28,2,1,30
0067b64bbfee96ec178ea8b5a6eef17732d94f50,109,3,2,112
857d2775c762a56b337beff932244e67d1aab01a,241,6,2,247
77c1f697d3641cf3b1fad95ab7c9cb15661724aa,2,1,0,3
15e939818ca913bd9a5f0162300057c1a8b20f39,235,9,0,244
06b76e6dd1bf72768b850ac50caec428592fd6d9,391,3,0,394
334c978367182af58b0013e5e188d0af90e2ecb5,989,18,5,1007
cf13b24b9c8086a3c4ddcf1357814f535042afb5,104,5,1,109
43f8903de0287cec93b627c8b325804bee95d3e3,574,15,2,589
8925ee85e9665dcc6cb9f81980211f2dd5765510,6,1,0,7
9d76fcf2444d1c419b48d0ad0d1740b0d887ee5d,15,2,0,17
5bd49197a73a62bac47863055378420af563471c,10,1,1,11
95024d1bc9e1acd75dd3a8bae683279c6e39e328,5,1,0,6
33dc520f3a00b73a07c1fd1d8c7e8d26cc7e5de9,2,1,0,3
c8a114db4835ce88654708c26a535f9779dfab15,333,24,17,357
a92ce22f0abf321e2267b8845a3862b71a1489c7,4,1,0,5
2afd273c84673fc321eb7f1b2dcb5c13d991b358,11,1,0,12
230c857972072d5fdba7e844a86b73e31c8a79ef,4,1,1,5
e3939a4b8617a6c3cd10cf9764e5ce4fbe8ed718,2230,128,1,2358
1806676002110e49fcb56729b14aa9f80c0a9d27,50,2,2,52
454a1d87400b3033b72b5a6beb06432134ff3c5e,164,3,1,167
ff98c5ad1b4a50032f53c2b9e6b634f26f0b4785,96,8,2,104
f796de43d669a95439ed8f91ef1423bf31bf7b52,2,1,1,3
65e97d23efaa3afc5b6af653575b5fe5bd26756d,75,2,1,77
ff0a3530fc0b4b92191c7598829e220994c0e68f,375,21,8,396
c8d108506d098b6de8017b4226b4a8911ea0d775,2,1,0,3
987480ba2d6c6575ccce06aa10702a73e6a28f9a,87,11,3,98
45cc5dd0e155578e9c3acd3efeb61cec239838cf,90,6,1,96
7648a96de95c9ba8cb1dfbacfd549e0234a773d3,163,3,1,166
7f8ea6d182c418d64521ceb08a002df652c69bee,51,5,1,56
5506871181f302c0786f84a6c6877eccdf646086,44,4,0,48
6a5fd21cf9253b7ff67e20f94a33abc978f61708,39,3,1,42
3112cac380218008ea50413eb9abeaef8ab814ce,40,8,2,48
c5a2ec5b4a434c3bd986928938c235cb3edd2f2c,38,4,1,42
48c0ab457a9fe9bf279ac86f69bb2bce4a709add,65,4,1,69
ff2a33318edf9669daeb23184c29dd595c8b654e,59,3,2,62
b777a620c48c542fb6e42e04da4eed1b9cb5992d,21,2,1,23
92f90566054c71a92c41e5ccaa493e4789c49802,375,30,2,405
d2b65db6df9d313ce17ff0bb7bdbc8c2898f8828,558,8,2,566
a949f9553b239e690ff44ba0406d795c684eb1b4,817,4,1,821
61fc9190bc1c2f15b3775acf892689a30da6df5e,137,6,3,143
c9587df919516c43e4b0040e53dcd3c83843031a,4,1,0,5
41c4aca21748667925dcdd16121a0cc68f9a7f36,24,2,0,26
2bb224cdd2c70ded78c6b8d400ad237d9353ac5e,115,12,7,127
50cdd28e9e3ac16a910f63318edcaa8b38230b4c,71,1,0,72
bfa2a5a23c556b4720cbd8a13a7028d654c12b0b,483,16,3,499
9b3ac2a63ecf367b1644132dddebb1beafacb35e,114,6,4,120
3633495f5d09de36a2a3155e0e9268ec48ad05f7,112,3,0,115
2d6665b8e5fa0842ef67b3d9896c5e04ecad78e9,379,13,6,392
d1ccee675fe1e77de57d4f8335050547259df4a2,13,2,1,15
353774faaf4afbdc79e8edcfa5d200ba2dac36bd,38,3,0,41
6cc24223132724d34c69ec6d8872d5baadfcebba,6,2,0,8
6bf11c8d18289dd78d62951d93fe6f69962bc973,5,1,1,6
974e1ea01f1d2635e2343473b089048139024bd6,354,8,1,362
985d0b52c7bedb08140509784ae1c12f545930cb,2054,29,18,2083
b043dd8604cd21d67ee5909c5cb40e6ea60f4d5b,40,1,0,41
ab2db0c69340214bbee4ca901616696ae396ed87,502,3,0,505
71b84452c9a2d84b9e111e278479f21c81d321fc,310,9,2,319
7be06af22c32433f6031fd7e1d29be1d2b96cb71,34,2,0,36
0d14363fcb7c31845c66e522ac914277dd380026,125,8,2,133
b6f3331e22af81e5b80a1524575989b7ccb1d4b5,204,9,1,213
b4b0a947e4b5759ebc55c86930ae688374513d79,15,2,0,17
65f1f22c5d2995fd9eb0b73951dc4769d3d8c919,2269,32,6,2301
44da34884a69ac0d6f2a8dbd3d974da7216440ef,64,5,0,69
fa2328e4aa64114ae60f38976486eb6ba60555b4,38,17,0,55
7af0d20aaa9e8ec7ad652a0209457cd226a2b0f0,771,19,3,790
69722b0dbd8b8e578b1739d59b0fb4eb29554ab2,18,2,1,20
bdf632ca443efa647d9591078d8a1e8d4fe788f1,157,11,2,168
d4392f9a60294f95b7001079322d96037defe799,3,1,0,4
89711a517a11f9565b92c985f9f0abdaab079526,946,5,0,951
aa1d2f68c1afa1ed715013724004f153843823d7,136,8,1,144
a07f757e409b2c0e0bd4e5377a729c82960c9399,237,9,2,246
fea74a4f151339cd534090b4d5dccd3d82e385b6,42,4,1,46
165e26f5ef3739a266b1756fc521e99f80f39e20,80,3,1,83
67390528f67d2dbcfe48e6cbb40bf874b6f1508a,445,23,5,468
96f4d1e96d8e46c7a3948db1d7bdbd9f317c09f9,216,2,1,218
fd579b02d4fd840595a4b780f543d5a0814d4025,6,3,0,9
4326d8de868af1e1b6ca8627474dd162ea9b35ee,20,1,0,21
e314a1ccb6ffa298c81b50bea6e82cf145aa4177,16,1,0,17
e2d8aaab7236aa8dccf6b5cfaefd3d98ea0e4639,870,7,0,877
dd8397df9607c191184b7e92e96f96f19c75b69e,2,1,0,3
7b4ef53e3619651a434afefdc7477985cbb52952,51,7,0,58
4d799542b4539263dba0632d1585ed9e42bc2b11,238,6,1,244
6e697d8d9fb62a8336bfcd4e19a33aff849dc352,92,3,1,95
b3332f1ac969311764e7c7398b06d8397f52ecc1,158,7,6,165
66a9e0ea44e4a2cdceb1419c2ec4da913940df7b,96,9,0,105
83b7f157f77c07675d7760569a796199a41b5555,30,2,1,32
38183973aece090433b4019593b46a3f783f0b12,338,27,3,365
a6ad9f75cb3e0ed751263a5648ae26974e14edb5,353,14,3,367
8e1a87fe665b263c9ad988c25abf3f65493a9bdd,8,1,0,9
9f92392b902fb9f25ce0af63bae9d925a4b9525b,432,9,4,441
e926b7dbe79e5a106b55f73a0e4646b68b780366,289,12,12,301
737d443f601703ce17d1e3b8a27bd853c88cfa57,825,31,9,856
550cb0233a9bbfa4a58b83e542f5e928bbcc2d43,390,8,3,398
2daa8632adad5c9565e1e2465b049df3f1977a73,1,1,0,2
ae239cd10056330c008d23b1faaec158d660446c,57,5,1,62
ddc5d431197a5453ecdd1928cbeb4419b9f8cf3b,3,1,0,4
d2619c1613e143ba4ab81aecb2f2fef3f5dd6539,194,7,1,201
8e80093a3c48788330c2e60ba0cd3de072a656a2,83,4,0,87
dc84310077765ce367d380c97aa67f9e4caeb0bf,156,6,3,162
3057712fdc468951d72be9d676c17b5a8f0af850,129,9,1,138
14e3670ee5b055b59f7f46417d9787ca49e21d6f,52,3,1,55
41e71cd2b0cfa79870e3c5d989e8efdb3ccb42fa,2,1,0,3
e917bdc5b71df66f46cb805d3a409b7850f2b7a0,1008,10,2,1018
96f297a447e8edc4635109e692272a528c17b88c,38,3,1,41
270315a13f457376df04cd47bc62f84d1c1e558e,360,34,27,394
db9238569f8974d7f2d9a6f519a4271c2f92e171,268,5,2,273
0171f99ee1feaeb11bd84e002fc4797991a07d39,419,5,5,424
19cec5b19501d02ba46806c586758423116a638a,1270,21,5,1291
b026d321d335b0e452010bdd51ff9b09ac6f55d2,179,3,0,182
03b9d4a708e6d09838e902857ebe1f255ced4ba1,50,5,2,55
0770bb12eaaf2979f5bec4e33a11aff6b64dbae3,100,11,0,111
a12c54fab25b0178429f987d27c92c4f732b4827,78,1,0,79
cc14ec98459d4eba992363c7a39655c13eccef43,127,4,3,131
aade773e6af04a269a39ad37671d61f26aeaa074,2,1,1,3
15f27118a994796db15a10d281ad8656681d49eb,24,2,0,26
3f2547195c36937cffd4ed8332d2e691b008ab2c,924,109,25,1033
421154f1d9450ef813da6806c28d6fad7c500ec6,7,1,0,8
189fa185e6feec9081bf50b6382c38d8d3de2fee,254,3,1,257
64352999e439467431116b32d2e69be7469c768a,605,28,2,633
119c4a2b68be728a0389c84635d4f37bff37bce5,4,1,0,5
cef84f0737fe4f207c3ed2dabad3bed17caf75c2,9,2,1,11
38ac70a9c17c647dbbad090ca9fd60faebac5418,370,11,3,381
f3eb5dabad4992cf74f78f342794f281f0036adb,125,11,0,136
4a8fac2800f4f08525a83b1a9b0e790121db8e56,92,3,2,95
79c27e0c2bca90159bdad5980b36606f032b3543,392,9,1,401
e1aa147f0fb3920d21bc4c4a9a9e2c27868e0f53,8,1,0,9
d18d41b7449106fca39ad95c786c160192a6612a,3,1,0,4
3fe4a9b8a49db17efae7716a1d12feee9f2e13a6,24,2,1,26
b62fac4a4c0e1f4f3e4f649e1a4cf31ff3053a84,4,1,0,5
5ca72a377d98b5b4e98141ed1c2c14f8bc6e9961,17,1,1,18
6903648df81fbbb43e8df13b9c36f89d5f849107,10,2,1,12
d9e8719d696188e36af7aedb4321b8e11df8653c,337,6,0,343
c79d029384c25241a4ee114fd5472cd6b4cb6d47,21,3,0,24
c145ac853b10d1a5b3d7c9038bac4d7d4d0bf3a5,5,1,0,6
fe91910cc3a40a735b796295486fd320c467a67c,18,1,0,19
5a2ed96af2020532dd1ff637e5417d4d2035abe3,295,8,2,303
c5d4b15ffbba015776086a67eb48530943007287,25683,23,0,25706
749857af4e267d75cb50bff7b6664af93790d25b,686,5,1,691
f34268464548126f56aa00936786e4d0ea1977fd,484,32,5,516
1c202c7ea0a184de4c216943b1e36ba313431d22,60,5,1,65
eb9bd11f1bd04468b75a9f8bbfdfc38c5d4e73b2,24,2,1,26
0fa93971875fadbca17e5577fc45a9434d395329,114,2,1,116
75892a78be165a656c0a13b460cfb9e8aacc6c1a,143,3,2,146
8cdae925020dc8ae32777d3e6205340d22bac7fd,8,1,0,9
fd95f75d3ea2f85b00c174e1f60a50649293ebd2,118,2,1,120
0d69ae11570ef15fa663d750e7954838252a15ec,85,9,3,94
7681dff274abf8405a323859e20e06f473c88ec0,6,1,0,7
fa155befab3b52c35483fe72359ec49a1112ee51,24946,24,4,24970
b91fa406bcf7db3a88012614e549cd3f2ddaef3d,1373,34,9,1407
65e01f1307c349d7cf46f257e0bb76d5f23d0b2d,1118,26,5,1144
6ab65f8cf734a40bc56c26534c2fb82a2c3c8849,244,4,1,248
03121cf4553ebbd0251df028a55387f96db0b619,83,2,0,85
6d2a886f28909c6ab050ad5f15386eca70372abb,10,3,0,13
a71a2b9bf6ee85dcf0cdacfc47d02b23a09815b4,20,3,1,23
e813867985746e916c8e898a530002551b661496,3256,27,6,3283
2d520d41c91c00eea8d3cbedaabd0b5208c91ee5,250,10,1,260
00d35a284c9499ecc2aaab0596a707ea76584f7b,7,2,0,9
c581fd9157bbcf0b8143781fdb8bb0d9432fe228,175,2,1,177
97bff5916d1182347225bf98b2fb17a403fdc8b8,104,4,2,108
cea282c3682001e3af18a1e97627f2a7c5ddfcf4,202,3,2,205
9d168964836a55ea2631dcdcb12250c7d8044693,120,5,2,125
d22b4678f5e4a0436f03ff7b0927ecaeaa7dc2c1,4,1,0,5
a8d95f234a85e2aab10cb9090bb766c08eb7edb7,758,17,4,775
4caab2b6ff91691bff84fec37d9811f11e44509a,35,4,2,39
0a442b90a337b6dd777a1d55a4361e9654e7e91d,121,12,0,133
493532678507ce8e39f576b747b2a9eb684676b5,1205,29,0,1234
edf0c01be06158c920f4803f16b41df1c531f786,283,5,3,288
52d0eddf76031ca5e3411fad5c5b101f82bffc8c,358,5,2,363
209c060191812dd3f026da07e0cdd6dd639f8f5e,132,9,3,141
ae93ce74e7dbff2efba0ed0c39eb458495e67e1a,665,6,2,671
d396b973a44b1b363113d487d1d83e81a6302e5d,120,3,2,123
6b3689c5efbedd3c179b06062dfe1f1ab13619cc,88,6,2,94
287534262fd9ccd8507fd06efaec2dd14a4d29cf,8,1,0,9
63c6438d3cd3f31983edc8324325a0e268332f37,4,2,1,6
96fb243f22df8891eb3e0bf79ad4e07c289b6553,8,6,0,14
722141b24867785f0b9eb6b621da7d9ae928f880,11,1,0,12
fa955699deff89ce471519e4f6978b01e2917ba9,264,8,3,272
d580bbcaec42281c7bc0667c4db228354b56a889,453,15,1,468
4439197054c97b1815d0334de9dde59c842946ce,69,2,1,71
e7159699d187238045a6d90c83afdff72e8aaff3,112,3,0,115
aa6bf865ba7c3ca1d060e9188ce15a34664ea229,773,15,2,788
c3a5280951145e7f1831d2614a45c5c1e5314662,72,4,2,76
e0ea3e40f69aff4b5c55f6b273a0933d41e67bdf,220,6,3,226
ff5f93965396582ec9ac4511fb6ebe8d6fa10979,7,2,0,9
2d78b358ef491da33167d3d905273c4b8c8483b3,65,2,1,67
510051a011114c3129acc8307275b7715f087c57,810,22,3,832
bf70071bc1d488e7b2ad7aeeb832b1e5da230e0c,65,3,1,68
5209000d0cb208b084e24726a63510b79efc108d,346,2,0,348
3e1aba37deee21ccb2e764afce789e463098246f,163,8,1,171
a83a7fbaa117da873b5fc042842d6622cefce4de,1825,23,5,1848
7de438e434f84da094554fec8922bd7d8b23faac,118,2,0,120
2210254397c3317bfc27e4913e2bb6e1a3c8a537,12,1,1,13
273e1de43036bdb780c945c0cbe5fc6d6c0b8149,105,5,1,110
bcc9587eda0581926d8ae9d6bd179474722e630d,5,1,1,6
fafb518f757cdfeb198c3b4accd0c72b97e9d72c,15,1,0,16
97e4e3ec9339cb5e6d766ecd297c0bee8389a51f,2,1,0,3
3de1c54f072a14a981c11eb3a2cea41bec282210,2,1,0,3
9f5aa89809bdad5c4a7a84f3611963778921314f,65,2,1,67
b2da31005b9e958a022150cfaac228a951daf0b3,2,1,0,3
77fa36d06ff9ed10d5b4a4b2cdf166abd38417fb,49,2,1,51
3dac920bfc97f33ddbbd2c97d3fe771c1549482d,84,5,0,89
c5b8c67be4e64a80390a1c54001740a8311ecb5e,63,1,0,64
5539eb67b69606b63335a24d267e0bdb8399be0b,791,15,4,806
7518b3dcabb37b899f4ad8f3efd355bfe0e0fa26,31,2,1,33
382d177e607fee93fafd8ab3be66f1d0317c2d17,72,9,0,81
62f6fe1d1ae31fb1db488b488c0287d430fac218,41,4,2,45
46aa54139fcbdab36851dcc2c4349d8ccfe3da79,14,3,0,17
103e6cbb26f259375280fbed7e9c574ae4eb3f23,163,7,0,170
6ffb9718e40dcc65a50b1c8854904a04a0f241b8,60,3,1,63
585e0448d47939e6984676e44db808f6e531d671,152,4,1,156
1e69c8dfc00b96238d2a3878aea718cfabdac519,53,3,2,56
5a38fada3781e331e91d608991fbb44304bd58e6,2,2,2,4
cef0dfc81eea87ab8ed7974db3412f67246aec06,361,25,20,386
f7c5511ca3cb4478287059285529f516eebc8897,312,3,1,315
91fa86b2a30e1d7ec0ac57f5ce4e22b42ad5cb4e,428,7,1,435
6f9079921b23c899d1bb906c5ca6d30159c0b555,758,8,1,766
dcbd4d790708a55eb432bff622b470952728cb31,42,1,0,43
2ba230c39aedb2d88958f2001b859692d31b10a5,238,5,1,243
8b03dee7adcbee9c8d92b76a1597ae804f150383,3,1,0,4
dcc496f63b4488989808ec144a7e2ffcc4697c75,184,12,2,196
7a93045768ec7feef3e127232e73e1c6b6d62e65,78,5,2,83
85ee94f004adea827ad7543fb12b1816b1ebc84f,2564,3,3,2567
694999cbd08140040eb75af40b02ad05f743330b,750,13,13,763
e4ee05355ca4c177fdc10b35245c37b6a94f8089,40,9,0,49
a5413962abe4ae6a24473243a48966115aa91f98,1656,9,9,1665
351cb3e4e9277676e2c5a75dd931aa6cec51ebd7,1155,8,4,1163
229c55e65ad7d3e0185c57b5a6da53c8adc0a9d4,227,16,5,243
9698b3e4ddedec0a78aeca44f5cafd9148f44fad,8,1,0,9
2cee782a2560c4e340e66ff98d55fbbce5752d9d,12,3,0,15
d2fbcf6ccac18f7d9d61d2d9fbdafc4c823f5b00,7,1,0,8
5988ff3671a660ce37663bdd2fba4036b2432782,225,3,2,228
9898b913e03592200e5743c61b1c18972901346a,122,5,0,127
a3bed7c06d06786377ec7ad6d84e9f769cb8f3dd,160,2,1,162
5e4589e5b88caccb63a615e3497adac27af5f76f,26,3,0,29
d530695c5759ae042896d40c989bed1b4ea872ec,63,3,1,66
34a5c944bd6ebb7e1eb7b6738d52ca853bb47424,112,1,1,113
22b345526b2abada6cea219484696b1b78669e08,377,7,3,384
4b36685daf9fcdffd09b332d8134b0c8d9cde5c0,125,8,4,133
aa013a432a3464e658398326a3a98ff045fcfc9a,731,24,8,755
2f640ff8683728b844be9e045d5ce0f026d09e71,6,1,0,7
c8c6b253ae8f0a8e9e3293b99bd37d946f94a19d,1220,23,6,1243
c9a6e5207a6cedf325f4abaeac2970077ab5685d,1037,21,4,1058
f5fc107aa5751c6408d211876213e9fac98707d9,993,15,11,1008
58c1dc9b7d8e28ac7207fa7565b1ed76f7a0c2ad,452,8,1,460
2e36a7057db83469c27f8def8d21eb9be4fcf536,172,6,0,178
818f59af5eceb4fb1bcb1c4bc6c6c00c5a495577,248,5,0,253
01b0c5b0955c5a3d55c99908401d2fe26576beb7,16,2,1,18
08a0ba628519db9ecfdfd52b59e69d35e5d8f3f6,116,2,1,118
e3f2835686e3619ee0febae4ba19823125440e4a,555,7,3,562
c48926a13bdca2742e5dc58a053744371d6a8369,34,3,3,37
715df15ffaa734ec3973942f4262d964f01d33b7,841,4,3,845
8c9af20c3feaf9b54f129b7923728fc08fa205a5,400,2,1,402
3252a620626cd1ae94eb9a563267dca80bf65e7e,11,2,0,13
2c38d292ea85d86a166addea9c8e85b11654217f,21,1,1,22
15bca84bade51ceaaff8b27c5f4b817f5ca75616,1980,11,6,1991
6ade81fa61a32c8b48e752eb3f5fe6c1fb0c2272,73,4,1,77
8fb5d48ad37c03a9f76f1887d41cb54960bffa6e,494,4,2,498
1de904f54576540cabd425f02134e4b10597ddf5,302,10,3,312
d24f31ca76d5c4ca3d426f88b68afad93d51a9bf,6,2,1,8
dc49b2cbb104df0f3e5d97a26130bfad5f665188,873,10,9,883
b0a671572f51d6b63bc3b2000b7c4f0c9feb9c16,55,4,1,59
d71049b30742ec1b7a40e560baea9e9f8452e32b,93,7,0,100
cd1a017debf95e088881b191319c521b2a3a4296,557,5,3,562
463c120cfd517d70cf4944f7d8cb1425709ed9e8,2,1,0,3
daab972af526bf1d6d4ee47c9010b0cab5310b37,132,6,0,138
df44d678851adbe58ee265a3b245b8c66c742885,76,3,0,79
e13ba3e2a80257ad93a962dca312465e185dece1,23,4,1,27
7b98e304415c1a9df880b65e4214e6e202d92d86,275,4,2,279
78504b941331681a8b5bd27e37c176a97e5bbcca,1261,17,7,1278
e307106a59646a8e1d9475baabe66fa3cde09490,87,3,1,90
1ac7fb3e147dd5c702ff32b0adb012ee722484de,6,1,1,7
47c8f184365d6ffde870f94285747b9e009c7c15,71,1,1,72
342b6a57b510afb7181704c772179b0bb5083eac,779,14,4,793
7b8c8a0fe8fca07d0cad66d0bfa4d02d31dc74c6,367,6,2,373
2987f7ad082cf8f6abd7a9f82d4518734b3738d3,287,5,2,292
00294bdd935233905d8a3f17ebb4b00d4418ad43,343,6,2,349
9aa49778f22540ab9f7e41ba623d948a7398fce2,199,5,2,204
73e6129941d5099e83a0ceca1eae388a38f6b8c4,415,7,2,422
150a6eafd2625caf1c2148cfc890e8aabd513b50,43,2,1,45
16704a3cb1fc04958483fb565cef44f69e51cb17,32,3,1,35
6d49424f1b5ab5bb93b302762c1886cb4851a7a5,53,4,2,57
50688476c20eec5a593180abc1524963c695c1f1,45,1,0,46
bad572ecb636d766862b048be47c9b6bfa8ab4ef,32,1,0,33
ec47f5af234c22734590dcd21c990d04b62d129a,639,4,2,643
e98fa6e47f7534cd8ce6242f59247814f4dd2814,526,4,2,530
3724ba27cf5ceeebdd9805327b7f3d29abdea47d,356,9,2,365
2cd03495ffe64a790069cc35c9711d4b4ccc496b,385,12,4,397
84b8563a49ea350ed1a8baafce659e9a5027e7ab,248,4,1,252
591356a8a6d7e836eee8ea85ab027c23161ac9e8,33,1,0,34
1491f34471c95d85407123f0b152874095e3ae41,29,2,0,31
24ec46f99ae10d13937b6a413ef6f2509f7b0d92,62,4,0,66
20720366c4bff1de142db2b9a042748ebe2fc378,51,2,1,53
99fc89458576546605baa74f91cad9609f199d5d,4,1,0,5
f2b56d9788bd01742e56576c92ffc5c9ce8d9b8e,300,2,1,302
6cfa6dca8b0c5b38f2d4c3684e43aea3ad7242a9,255,10,2,265
69ad81b61667f225f801e3eb0591d7d0b835a737,3129,45,6,3174
32314bb4335a455c474cab3a0710b363bd114cbd,32,2,1,34
d62a867d46433567f7e2c488745013a6a847e4ab,84,5,1,89
214095425e3cd084e2cbb53dc6a52e65cf0d6e9d,115,4,1,119
caa5dbc4efb506054c20317fca818e95ae51f3a1,34,4,0,38
0d3e4a3cff5e38c2656a5fac1ed7404e57654e9e,27,2,1,29
555e5a04439c614bea8915c9e69327d7390260de,256,25,9,281
0c673299b022442c064d2d4f4bcfdc3e15f5d26c,111,3,1,114
4303ad9d82e7b46185e2399bca8b182b97d0cdc9,78,3,0,81
aa839c97b5eb2efc41842b63421b392e1450546b,16,1,0,17
27d4c3ee2779e78a960e7d9e9bb20d1081a4561e,618,5,1,623
837aff94a6791a7482edbdd5ff289d98ad7bb6bf,88,4,2,92
6ef4dfc50063e74b5182d9453bbf5ff7005a0597,331,9,2,340
375b7d02699d65c4e6473cf5d30c87ada687290d,111,2,1,113
86f923de4533c5b1573854fe5bfca73e15d98604,285,4,2,289
03ce7d3bd9146eed6011db9f65e5262cf3d0a37c,199,6,1,205
443b8c542ccad511c822a82543708b8698478e29,1110,37,0,1147
d458668690df6366ebab7a162720d081f9647a2b,258,3,2,261
26a83ba4f302b8b402d38d437f635ff1a4903767,43,1,0,44
e41bdd0c6ff851ca65102fb7bdc83161753e839c,541,17,3,558
74e13b1aa064e13aebba060ec1d292689721ff91,41,2,1,43
ca4c16cc616a977349996717f0c16c37e5e22b3f,70,2,1,72
d50f9ee8b04f615abc57eab4c08a53ad4902f72a,4,1,1,5
a22250270da250b03943624eae2a9466164b864c,98,4,1,102
4198af7016c0090f037f1e1f6090946c05a7627f,40,1,1,41
28f337a6af255d06a4b031a5181fdc2174c40408,2,1,0,3
99d2eb84c9945150c7d0f772fca3c87dc103f4f3,6,3,0,9
9bd420fc4a53f13f19e921587cab8c9ec67cc233,101,3,1,104
6210f43ca0bdb0d8ab280c55ff89284953b343ba,1293,5,3,1298
041865a80f7a2359270571a2343049bb1f294fe5,1141,14,1,1155
0a6d84391dcbc9924b2b593e53121f981f1561db,1133,21,2,1154
2dae95127da06920b8d0a40ddc7f28d17cd1d24b,380,4,0,384
f6f59ebedf8386fddb3e6895cc7c078acf64b43f,74,4,1,78
b4faa4e43a216ac30aeebf05d7699316fcc3739b,201,15,5,216
9690b2dcdc8555de16e64f09ce5e232e67337bce,76,1,0,77
716797fca1f4d140fb6244c7676b3d8a4414a57c,2,1,0,3
568d858f1654dc35cd07ad28978ead1161bd65d9,17,1,0,18
42354206b7cc79aa02ede20e73f6b0f36ee1d9d9,460,10,1,470
9b8809fea50e3d516a4f4bde8d0c6341f30ce158,72,3,0,75
85e413ebe8c80513a8a676fc090b1af0f50861f0,29,1,0,30
4ae6d35ff1593688c799be3c2dace8bf9fc9eab8,67,2,1,69
ecf41be2ecd007853c2db19e1c6a038cf356cb9e,119,1,0,120
d5211a1439cf8a2cd1043df1535940c9e9daa7f2,504,3,1,507
e883ed55e5097276935579cab2e839708c859e78,196,3,0,199
e6d3dcdbdaf9e08f0ffd939e55361bb946b03f93,534,7,1,541
a2fe26b6d9d738be3482e2fcecc80b8608f37dbb,534,7,1,541
7b4cc830a695b399ba5915e63841fd451b3f19d2,44,2,1,46
a1010a4e263d086789e317e81f658a0205012f3c,127,9,3,136
fb48288ef6a22c80a516087d95fea841f69c9af7,681,11,3,692
e6a9881d7d1b397934983756ca4f14f3419d6824,857,37,13,894
4d1602757a6399092491deb0377d395ca9bccd97,44,5,0,49
b5233dc9591623a49a03ae15bb6a3b3d602e76b3,39,1,0,40
969a6d59fa1f31d979e3a5977368e1513ae1180e,166,7,3,173
173916e42faee24dc1bb3f3d4de2c30bf2efd7a5,5,1,1,6
76c649258c625d431a42ff1fbc1b3003fe013066,42,2,0,44
66ed9b7167241da15c171d667006a3f00a13734c,32,1,0,33
bb83f5c7e2bd12d4d028bbf12df19cd34742cad5,19,1,0,20
edffe1a832b7a534ebc40d0cd1ca1bbccc1eb02e,50,2,0,52
cf1e073bf1f5750befb4aa5534269f669cccfec4,6,1,0,7
d39b844c9c305b87596359ea7df0372f73673625,201,10,1,211
8cb4cef68b4ad05ac5db3eaba08804f8070053fb,337,13,2,350
1353c38fcf7e12a77cb3a41e2825444099be0224,4,1,1,5
ab223582a96019c494be2ef36e92f4991b0de3a0,18,3,1,21
280c2255d16c1264f6096ccb7d59b28ff21224e6,24,1,1,25
e4184fc3be55a0dd7a9a622f24e356e2a7f8b992,45,3,1,48
17cee10ceb838fd792af7720c23955a74c99ee0c,33,2,1,35
8a2fbf9caff8cb1bc7ec4bda94827fc556fc3866,163,9,3,172
eb5e5d304595ef1538c0fd42bfda066f36394342,620,7,1,627
e225528786d9ecab654cc0e1d01296d72ed1c5a5,371,14,8,385
3a37f036b85dd935dff1c6d068ff97062ce5ae62,4,1,1,5
852477bdf312607c9a0eba7278453b7957139466,1641,10,3,1651
d3ea8dc1628a885f4faa8e8cf7b7c69c24782f79,404,5,2,409
0f3e86bd8e3209a26e63b03b1f12b9d7f570b8e6,6,1,0,7
630f94da4c333403ce9449f9783f550b39982787,63,6,1,69
2ecb2aac8dcef728ef7bce545e29bd96692b2edd,47,2,1,49
06ef52d4a9b0d54f0be92194b4e31d5cedde4c71,345,4,3,349
0fe6603ece46dad5fe765cfdf7fc44a38cfe9301,192,8,2,200
9ef59e2231f577587699fa8fa0f0ef0d91076fbe,35,2,1,37
07516eedba04f955333944cd8ab78d64ae87dd87,18,1,1,19
60a62fe74de597956818f7a14c37fc1b1a136625,43,2,1,45
6abfbfb6f738fc8b19778595d63d31b2f96a5ae1,702,19,2,721
b3d1ac3d28dd64f168231272e70919e55e75e473,637,8,1,645
0ca5fcb4727184545fc3913b4a7e7d568fa0985e,3,1,0,4
2253bd717a10c15220a1157316e233d11531e04b,520,17,10,537
9c646723403d8a9e2d180ba68ad306489bff48b3,89,8,2,97
86fe730de0464ba4179b2f06259b6b9821f92f39,2843,20,4,2863
fb921d080b3e5682d3a02300bc08247c10af0514,34,2,0,36
6a5f58b8e194bee7211bb9bdc97ad855486b296d,112,4,0,116
7f643b1df8ca4d9696e3876efcbd82e280b2886e,182,10,0,192
0338d5d6817658b4bb1a73c0d27cf0752ead45b1,4,1,0,5
c56a023f7ae38e652c34d962432ac09ee54b727d,40,2,1,42
e092140d5fd94c54268f06b35f47a873f457dd3d,194,7,1,201
bb123964063e894f00b1c57578f5e97d5c177c26,270,12,2,282
1870f662b34efeaa2c6bfc8b9e16db6e7b53cf38,110,10,1,120
7d20fbb31298b6392c547568402cd86b988878cd,6,1,0,7
f743ff124ec7762636f9069744f31de8049403c5,20,2,1,22
2d0cbc19dec47d3aa9228abd85ffba3a9abe821a,79,1,0,80
f54e3e73ffca1f919488e1b6413334b535acb194,79,3,2,82
f7c281f2dc5d76ed787e0aeebbc6c629c8cec50e,49,3,0,52
cf4356738e6493b04c22416856f4ebbdcf9d54ae,92,2,1,94
8bb551e27b5295d693d6b80d26c83b7e44f0d126,567,16,7,583
8fbb2d545185c4def350fcb962719aae48dc4e36,138,14,1,152
7eba70c0ed8159ecf2bd6b152a2d0374916cc068,5,1,0,6
09493b700ff7bdc347e121e9005dfbc1f67dbae3,24,2,0,26
c0345035cc96f1d700eff109d69d85fc98f63a5a,61,2,1,63
54046e1547a139a04d62bdf1c365eb6f0166adad,561,8,3,569
d5e79064485e5252d86800604e3d2e3d14ac0d72,47,4,1,51
f57d92275ade628cea515060a3cdb5852c68a5ac,9,1,1,10
f1807c9cc5137aeba59de3e936b2ca2d98adf820,77,4,0,81
f2972c98660a40c5a39dc9e2224727c838a6a21b,199,1,0,200
5dc60be5d522a478721ef082105fbfe41bdfbe94,13,2,0,15
dab27dc0fd19421d6e8f36d3c3437123c9ddc17b,2,1,1,3
20ff0187faea95d12e84f76f7a00227834284a6d,228,2,0,230
ef9e294d0c5e7cd37d411978191886f5c35ee032,85,2,0,87
36c82b66b9845e8f1be7c8f3070656099d10ecfa,184,8,1,192
36cb37bf8cce147212b4b7898cb8121bb2153abf,2,1,0,3
6303fc9940b77358d259607e8328a13c5577773a,629,8,3,637
880a5c779fc441124ea14013a52d966885a58074,51,4,0,55
ac5cd0baf54436580deb6a6d57f0bf7e6adc9f03,133,6,2,139
3fb211845d75e9e5657fab79b5766a20ee232024,72,4,2,76
431b91802c10401264bac8a30b0da12cf6a43614,43,1,0,44
e312661bb6a5abd3c759ce8e30532a05201c8a41,180,76,0,256
c02927217bfcaf324930fb01915495e4fd78846d,204,7,0,211
27ac27ead0158f994d7d5688debf69f6ef26201c,14,1,0,15
b7e93ac14b211678a3d602c73dcf746604a55fe8,165,6,3,171
53e1dbcf63a94c16964288b360c3d354d329ced5,37,2,1,39
c124c6c2b748d33c88549a5a5815534f6f3e28f4,65,4,2,69
98bf0e681c0321c114d72178c70b1b75c7fba5a9,52,6,1,58
9c840fd2ae38afd26c1f75be8feb9b9eb33ed9ec,25,1,1,26
c50cef11a79065acb6384336f9b7fb47524cf953,3,1,0,4
303b1a7cbe78244491f0580eb88e966a41b56b25,558,9,2,567
98c39a5f718b7d1f623cd4f856a720206773544d,528,7,2,535
b58514c7995b0489e560a6bfd76ec2eaa0300bbf,196,10,0,206
a46b05f8f6fc5b380cb54e83b4dad3f9adfaff90,67,1,1,68
c4ae332df95162d741cb8bde4a64b28cfd651264,19,2,1,21
2b7f4ac295e3d8cee31c48fc3d8083258083e864,47,4,1,51
02dc4b4f09ab2fb6ca0a9fe8d87a0fc6cf431cf6,38,1,0,39
036f7ddaa0ecf843582016eaf4514cd5ae0114a3,131,3,1,134
fd0267df81372aa3a9c138f781a14974efe607a3,563,8,1,571
97678f874590721c8e70076e81fc617cf7c2237e,10,3,0,13
782c3c2df59d2b173ba9ef595aeabd27cb00a332,785,8,2,793
2a9c8b61cac75b9e098dba41db1e93807f0e3c1c,67,1,0,68
04d09e5986c9fe1c69c3001549bc0e0be43b3a92,6,2,0,8
10ebfa51eff4dd85520e9dfd1eb3b9cab47eafc8,3,1,0,4
93fa0e72e50b3161e22cab09a21dd56b4b88b6e9,2,1,0,3
f7c42c82ae752f49aafb17339fae38de04fd3c74,17,2,1,19
f9c8983a1c42ed97a61a2778ba91d014ee4171ab,6,1,0,7
20ca63f4be66de20590f0fbcce4ac0a381cbb93b,2,1,0,3
fa5526748a4e791a55de118e6353b3e289b27297,546,6,1,552
6a216c5a4fa8cc91dcdbb4c40949d2d2b83e6453,735,13,1,748
7751867574a58c81c39ed67ed715048d38796c28,225,12,1,237
e63ef628f32578af3197392b7e94afe7d91f5983,170,5,2,175
139245edea20491f28c4498f4b0dbdd3e4465a62,747,10,3,757
0446989ed660c46083e3b4633885abcde0737ce6,19,1,1,20
79ad59ae4d8b79a2c699ec07f5b1984dfe5d1729,179,2,0,181
b09e9e645feaf013b2257e9cfeaf33d1015892fb,851,16,2,867
2c798e7c42d307172fd8bf7bd2b93bb8b552467c,189,4,0,193
c3c96adda1a6c1fc82b70a43c8decc1145caefd5,2,1,0,3
8022c792f10c997335f510f1eea426ffc27468b5,10,1,0,11
f5a27359c49c31ce3a08bd628ca8c1bfad064517,1429,12,3,1441
3b80705f8963f9e957ab28ed3a26bdc0eb14230d,115,2,1,117
b1c3e38da368b3aef543809edc3a4ddc5e44ac96,16,1,0,17
96bf3e743420b435198fde2f79c963cddae88750,488,14,1,502
5a64475502f98dc6545e6b97c335b5e072ba3323,49,3,1,52
bfdc74802ca7b2b3744fe33dd026ab09d56a79a8,215,6,1,221
eb2b941a1637287f8b489db36e8bfe2146ef89b7,113,8,0,121
79a7ccff248b7b8d7bac9fce39fef4edb510c6f2,10,1,0,11
ce35b36c3f172f1bbcc71dc7a924912475b3488e,9,2,1,11
36307cb5019836c755a2422fa63ef380839eba58,223,9,3,232
c84eda42c23c47058a58dcc91390d2748d73b1c0,220,12,2,232
8e7708000785a6a20b54ac0efa3f6c2ebaae5195,145,4,1,149
ca86efca006453d407475ba074af1d4d492b920f,4,2,0,6
50b629eb8d5f7e4dbdb39325064ad9c644bda8ac,231,4,1,235
7de02e837d29a50f9e02d65c529000928afc85a2,28,2,0,30
c9ef76fb0471175c5d7a412dca46d10a2e2f2e2a,13772,31,2,13803
82589e24dfb5fa59263172a63440b6959fd9364f,42,1,0,43
cb79e5eb4d751a55c3241a2d26bc842634972c26,2,1,0,3
e29aa12ef96a267a533856ec01300335ef7c46f8,35,1,0,36
d63508d4b81fe99b5d5e0a8b53f580cb82d6af88,8,2,1,10
eaa60d93fb032114db618d2f0ef329e6f8fb7cf2,3,1,0,4
58b113225a3e518dd261553274c0e75abb69a29f,367,27,9,394
df66d83eeda85d8c130a320d913665b95126ea1c,15,3,0,18
93bfc527e9f4dc2b700094168a1ec07f1ffea28a,107,4,0,111
2d43123026388600ba7d3e57c159d3139da919c6,416,36,6,452
5e76b100b924340b1f401994f3cd84c876377291,1063,13,2,1076
1231a2c9852d9c22b1ae7268aab69357347b24b6,787,35,2,822
21c6532564cb0fea682cf362a4d4eec37ef831e4,20,2,0,22
112893bd6ee1357d08b9f889535c64a4b654ea1a,45,2,1,47
5416652ff59b150d455c1f4764d2e0bc561d8cf3,907,24,8,931
d4356b47ede99351625426a08117e18c00facadb,657,14,11,671
fbd673482b909e656c924274927ab3f58d6dd6cf,184,9,3,193
4d7da0abab9563d95d139e11d054da2f0f5d45d8,8,2,0,10
a8a3db5ef1ce8388349a07ff589ea4e8c093f7c8,547,20,11,567
0507a842ff5a360f692e559df742d42aa12d9ac7,26,2,1,28
7d09489c5b939666c0561b6301c9287ef34ea239,3,1,0,4
d2d74d1a0187ff11b73bb2c3252550a68010960b,254,6,1,260
2e44bae857f49361844924b0089c03a6bf4ac908,248,5,0,253
4dbd8d57615771cf2e50a90eee2f4c197bf0a682,1,1,0,2
f004683cbaffcadd65485faec5f7bb867ce27530,37,5,0,42
f53bdf8ce850cf1084ab2283d4c26e15f5db95ba,5,1,0,6
a519b4f8ac55dc1eae609d6bb2642deeadcfdcc0,1757,27,1,1784
9225ec01449ee1b894ffaaa01e7e2e3d9e914cb1,180,7,1,187
06ed8c32c1b7edbd3ae3d2453025629f4d38d46d,593,11,2,604
12d54127aec0c3bd5148663ad41ef8aab3075acf,9,2,0,11
aaf603d0df50e688aad66211b145c665b67225a7,42,1,0,43
28b3d3e3964c905ef2c4f25b7f25db514e4d7f0b,37,1,0,38
9105a06ce8d7c0e1b0988c6883f620801d07bbea,591,34,15,625
952a2e2b6b934ab9c4297ea701f3dbb9608f56d8,72,5,2,77
2cd914869d7e1ec81e30f737ba7d2eea2b2385ea,640,12,5,652
ed66031579603d73df3ac5a70c0d62333852aeb8,20,1,0,21
9b12f3d33c7be54e37fcc1320b27933102555777,18,2,0,20
01f3528ffc1d6db548cc38ad483bb7c061076b6a,249,15,1,264
09aff0c3dd52f0bd8e93357e259656304bd9b9b1,52,3,0,55
e6f77dfd3747d385fd2e13103c2fd893522f5b8a,165,8,2,173
7af2bac942c64ac16ab7be3cb5b24461574b37bc,58,5,1,63
0797e05da61c37629da3e99bdeb4d96dc60d7911,62,5,0,67
1ee4aac5f75b9b71397095330bb9631fbe65745d,63,2,1,65
90e4d57cb279d4b48abaad480957248549dad85a,7,2,0,9
8e8634532b3001704b05f8eb3d045eb43c5998a4,10,4,0,14
819168f2e87e5b0499a64c19a99db3e63033a6e3,818,4,1,822
9f5fe2b7be241f778890483de05a1b45fed4d2d5,175,4,1,179
99ceafb2eed1e633914778227e755a264e2e2484,12,3,1,15
0a774844c888ffc14ab367dda78146ddb3fd5951,2,1,0,3
325a1628c4f5676756e31573dcc8ffb402f8f692,192,6,0,198
544499cf3be45bf6ab6e18c6615a8ac3765bc402,80,1,0,81
c03e17d339a9af84dbfa1f424a0bc300bce44f2e,7,1,0,8
63f21c864e638275a39ca4233f008b5c55cb5f6a,250,5,0,255
36e741878715fffbd51ef918036642f46b16fd0c,5,1,0,6
1d370a8c24868100006c38575793fdff0a53d679,2411,35,5,2446
7b75ed2cb7e8372b0f860e66fd0f191eba5026de,139,13,0,152
76a38bffab2530ca427e1ee281d50056a6b90633,39,4,0,43
5f3e1dcc477798bcda1f6673d4e61bd3958c2710,108,12,0,120
af12ebff762ad252b29050c1264e79eee11a1c72,122,6,1,128
5a89491ce17618a60a8ed952bf7da59e291aae11,46,2,0,48
41d51ed9dc29aa5c15a0c1abfe9ed48e39ff076f,14,2,0,16
c70fcaa28299622e7730e84e7991eebd5654c79a,70,3,1,73
4c05a37800ec609a32bb8f81d5453e264d879aa0,10,3,0,13
ce0af821315c15527e79c6c076bf38222b50c18e,12,2,1,14
0bbb9455eb7aa374e0c8b1e2c5ec0a4d6cd7a93e,458,15,5,473
b50c58fcd388519572a4863857fe385d2ee63f00,2,1,0,3
d3e0177c6f5244c4ff4324aa10f123b82b000986,4,2,0,6
61c9b8e5800677c9aa82baef7101604935d7ec32,32,8,2,40
3d6163a73bde38b0efc086d3f6486047c27a9bfb,2,1,0,3
c6b7a9ef95c188369defa8f2abfceb177be3bf06,319,11,0,330
b1bf79ca9a56c678926f03c334b822274cebeddf,11,1,0,12
5e0a8dbaa11986079c8801b9f423fc49b5681205,16,1,0,17
f17c82004123315a5c0a5539e942934f38c96df9,99,6,3,105
3c9a9df8ca33c64be026f4b4d37021090c750bce,2660,23,2,2683
b284154731d2f658eb9ddfc14d25ea509c76919d,97,6,1,103
0f2d51cc80e2bdfcd73bbf8cc75a1b2ab214e722,55,1,0,56
10747952f9c9b8bf9ae423e90f7360b7d2f82644,835,8,0,843
a22fb68ffcfe1827efdba3055432c850647854fd,49,2,0,51
63c1e504db3b241314899a12d251b39d2604bdfe,53,2,0,55
2c57462d3bd3e5b2e15283e45f263adb773f1dc8,263,10,1,273
d3c3e3fead64a999b5560067f896e6a25f3a46d6,238,5,2,243
dfc84a529b5b5b3fbfd3a9b8884249478f5d54e0,11,2,0,13
53e80fc69688600c0eb0fccff90b6c2865999183,26,4,0,30
28c439ca98e255e91f205a2350ea54f3d01bb89d,22,2,0,24
874d9d688be9d02059ce74221728091927652e19,2,1,0,3
cb952899d4472984665f6051d0dd14c08aee9811,11,1,0,12
f5579184afe79a2bed23bd58004affea830de936,18,1,0,19
6caa8a038f328feed381511c382c8593e06138a0,144,3,1,147
41be2e439599c4cb2b18d0b29ce4247bface907b,363,19,4,382
a9c827379f7575caed6280828d2e2c290f2e9ab5,30,2,1,32
c0f61354aa9b6a03f5f136798bb50750115886e3,5,1,0,6
f4fad9b1cdc47a0dab9dd4930d2db8052d4390f5,5,1,0,6
addb6525fca86331dfc468209164bab1636289fb,44,1,0,45
e3a70d1186105349a75c4f8dd2ab3538782a0779,42,3,1,45
a151bba92946c05aaa1c957f7a92af9bf00386e6,22,2,1,24
b19f3fecbb29ba7660c925b719a11256e7918a38,276,16,9,292
b66f49a63e4de2acb6dd086120caa193f5042d0b,319,5,1,324
0cb28aaba294907b6d464cfcd0e0160bf26f9652,26,1,0,27
02cb2d4970c71a2ea5b4c140a860fbf220e11bd3,36,2,1,38
2f345da102b4b099fa47d67fcc793dc3266d072a,142,8,0,150
a0162559b5dfbf5ac56c342afd5d576532b3dc3d,495,20,1,515
2187a9b63ab930427c53fc873b679fa965515309,19,2,1,21
cd6f9f1b3be0b2889dc819a01eb112453eab3b3d,12,1,0,13
4e0afef5320c799e3a4083bb0594de1427ac70da,7,1,0,8
ba8aad7ad0c2e13a2e357ab68ccb817c375ae190,91,2,1,93
78308da90debe5b2fc958750a9a11acc3b9a9e8e,36,3,0,39
1033a11b6df14e83baac176c185beeefeafb3eeb,220,6,1,226
0927e94b0dce761fe65ea0a47c5e2d8a0887ac06,5,1,0,6
442bfc3af1bdae230fda6aa5112f028e7620c5b8,6,1,0,7
83cdb398e9b939b5f4120b403516b9f681c6ad3f,213,6,0,219
1aa1368a1a4f6467a2e49866f3de51f4d519942d,1023,12,2,1035
0722bf077b2d23783ea463a4f615847057e7dbbf,1371,31,12,1402
6aea80c2d578913671f9f83cdfe7f24b51a5aa61,145,8,0,153
fc40a97c247c15a018eb8a37b31ee82d08ea26b8,195,9,2,204
c72873a27bd7d4150a52599200327313356554b6,8,3,0,11
a591090f2cb73ac7937ff6422b482580c71ba8dc,44,2,1,46
1fce07ed77ff31af6d3b85a6b03a4b76632ed133,18,1,0,19
9b49bca55476b431171f4face5f28e6aeef9fe7f,420,5,2,425
02baaac1c157cd4a260ce6ad01a7063b07755adf,1566,11,4,1577
69420af19eae2dc1759d354e56e5597199266d90,14,2,0,16
a1d1c3b1afd2451c5d048b725eaa2547a75f3956,204,10,0,214
d3c8ec2ec0dc7da2c5dd441eec523a567203b4c4,52,5,0,57
1f726dc6fc11204b46c9485bd49bf40defe0e754,4,1,0,5
e8c04d454cc309355fd2d85c310c33160b1126a5,14,1,1,15
3772b55dc4c35673762a182b2ee650469560aa97,19,2,0,21
69d2fae2b4c8388a9ec7a559deb07ea2e62d8f26,494,8,1,502
f39550ce0abb4bca7cfb7b56cc245bcf9de034a5,5,1,0,6
9d5ba2c3d36fb26e51ea989de5467b0d9fe2634e,8,1,0,9
3ba6d2682b05b6920baee5ccf80103678dea18e7,87,3,0,90
0e88f54510e58d61ce00337ae01a860368683a73,196,2,1,198
555a4a35ef1cb9918f221e7b22ee3aed48d9886b,10,2,0,12
c5dd6df27c384b523c77adcb66956bf0e5c37251,444,11,2,455
2dc26ac402db9fb1d83c0e22b63b66025f60461c,238,6,2,244
733cc2fa6ba7ec4fc022a4a1d951028b2156e43d,68,4,2,72
ea6424e3d8dfb6ecca103a910b376dd2d0f0e62b,220,7,1,227
8ddbd25e18fa558df522d7dbfec8644822a67317,72,2,1,74
135f13e32369f7b0178303f463207e273065ac86,5,1,0,6
246f4db352b282d576be44348b5652638894e8e4,379,10,4,389
c58a01d9f0d12fdc7415e6900f5154d68a1ffece,65,2,1,67
42588248d4d1cedc51e438db87b1485659b98ffb,696,36,3,732
697adabc2e80793107fc40907d0ffefad6d907cf,50,2,0,52
9c7e771d22a0cbd3391593e9976669fff4d4b442,64,6,4,70
398b7f53507b731b98a0331574201b319562f737,16,2,1,18
b6bcb0552253af553d5b0dace704b89f4dfe4a1a,122,4,0,126
2e03df02f65d766bde040389e4e6b12ea09710fa,557,25,7,582
6322d39e186dacda460a879e2921aece9a40cd7c,81,2,0,83
f28525b4176b39c45bf326bd8ecc6234cee1e027,78,7,2,85
e342b1fb5d6eb0117b68f5c159a93bceb30feb4b,3736,15,4,3751
3a307f1521e8525565332950b8accfc922b248bc,521,9,2,530
0c0c6550d805d505824f4cc35e42efdccab41a16,25,1,0,26
5d0089a6faea2abee60f462f20be80f042af76c8,92,1,0,93
2e55d1c04dc66da80d1bc72f347952d9cc69797a,4,1,0,5
4eeaf821853e7c3db8e232ac7c546cb3931453cd,945,37,8,982
585f62a3c7262e316d1a61bf850680b417f35e59,128,4,1,132
52761fcb722b0a23950801af1ff3b57889d56754,369,1,0,370
3ffa7c3e3237277c6a60fb3379d0a5c44e8240e0,105,9,0,114
7c3c8e87052edca26648a646850b2b17ec0aa690,805,19,5,824
221db828cf535eb751267124bca35c9a3b1f9c52,119,7,0,126
6bd8a7dcfff67b6fb80f96a60e502d7a6df65336,525,24,6,549
dadd42cff16cb8f4b7ec510ad73455a198b60e37,2,1,0,3
5b289fc2e5acb14388f84cb60b7c5d2d71f5e6cf,1394,36,10,1430
b62033a3aca1e99dd9a997733769f280c6b686db,393,13,5,406
2607c0ee1198daed32845ac25b14f76c7170e43c,8,3,0,11
be9dfe74adbfe7607f0ece69f8bc22b0d7c4a913,1,1,0,2
6db6d65adfc7b54e9b07494f2420bc8c1b90d612,26,2,1,28
d475712d3136f3841169e66d2ad4da104717618b,3,1,0,4
41db04509f538e25f979ac909a094e4f6241e0b4,327,6,2,333
15cb707e869e55f8e869eb91012b6d49c6b13559,768,12,7,780
f8d432013bc5672fd04088106bf2efd69a0d48a9,518,14,1,532
81ceb1d02046f7e45403227d41d06ccbb77336e3,255,8,3,263
3bad67db074aa7900ad811a7dd1fcaa5731afeb9,701,8,0,709
01ff18d47caeaee6e31b09b1b6486f756eff0db1,5860,130,4,5990
0b111a13100c44909a55df681ff48a5319261875,2,1,0,3
856503256fa55ec5ff7e48f3beea9fea88a9a406,252,10,0,262
11b6bcda50469898e96a03aa6a0c92bbcbe6463c,327,6,0,333
0362ad369db15b696b733038d16f3a129585b660,364,6,0,370
ce299cfe80754fb307325fb037c3ddb22808f970,12,1,0,13
16cae5d9c630dd247fb037d4c0e7a18a8374178c,16,1,0,17
00284b9ede6349e9fe4d65ceeff74878b5675fa0,1154,29,11,1183
40a7911c53035d3f653395af64a653be21373f0d,16,1,0,17
dcddb9ff02c8aca4ee1d5276032d54e0b8c05248,50,6,2,56
e01df9a7ce4867aaf663ec5f6ba5b3df41a61ea4,544,7,1,551
bc9aa755859497aca3fcc0736c1b4db694f44127,1357,22,4,1379
dca5d383c672fc84f675328d494a4a0efffd6a59,517,30,2,547
bf5528c8858a672d505e6748f328832dd7db24c2,4,1,0,5
5673c8e6b2fe771384ba7a490346802dbe98c618,940,17,1,957
d9c4315ca14997e6e0300d04f788e07723875159,1958,24,6,1982
cb1069f11d8b89291e777c6e2c7416753bbfff29,166,15,5,181
3687b2b732be22dc59f6ba08f90bce9e8b4ee45b,88,4,0,92
854e7f8d2a679b3422db2e37924ce391bee55677,494,11,0,505
ee71befad3471d387fc8a4460391ef48370384e0,418,3,1,421
c0d0896ac30ca04229f641b960c2722d98398de3,2278,16,6,2294
8452c25a096dca0e38ed5336c145cd96faf00722,35,1,0,36
f3c2c0d98f4639d4023e159b29e424863c1c4496,13,2,0,15
abe47bfc526c351d4ddd3def4f40ace63f544541,1860,13,1,1873
11272b7eb25b915df617b783f28b06fb5ef9c87d,63,5,2,68
316842f66e8470ba03042bd5e4d41e09e1d73492,456,12,5,468
8bfb0b82b231fb1cacc58fd97709dd7f1032d40b,2,1,0,3
40b2a65287d5c7d8a3ed715e7f63438b06c13956,57,5,0,62
3f36623c563b5ad495a502a00f627b44bfc0861d,525,7,2,532
d1227e466dc6e350214485334cdf4eedc7502d67,172,11,3,183
ea0ecde9edac5e0889f628446bdb23aa2bb605f9,4,1,0,5
173edb49258736f9cd14bcbfce6c0270249c4992,2,1,0,3
b57353921aa882935f689b0e57064042d6fd7c4e,14,4,0,18
0e6c3860941cf225f10d072eb459f1883ed0a0ce,2,1,0,3
a44d5354aa1a819954f00f7b8d8c28feca450a6b,773,54,5,827
549d565ddde42bb819e1a3378d73fe4a54afde76,147,2,1,149
fd08b906c09ca89fb7d9c5c8ab5a5ceaf2d18fe4,23,2,1,25
f136a08831bed50270658707ea89d4a8463f69c5,2,1,1,3
a7b2b6736134b8283ad78eb873509ea1346a0de6,38,3,0,41
38211a6c795ddb27194bfa3b2c161372790bc55b,1314,7,1,1321
1d02d0eb50da0cc32d08dfee3676f98c3cdbe8f4,1195,20,0,1215
d40cba4d50ad656f7495d029787aa6ca413d54bc,8,4,0,12
c6c4a2990fa1212e2e0c6d0ec3c29487456d3eb7,539,8,1,547
889ed7b3ec26b3b8fe47f5b0748f3bf6d2de92fb,2,1,0,3
81e02df0fa8b2b499d941a459dd36cbf7087f48e,86,3,1,89
e185c5c90acbc21d1c485b9d0516ee9329d01987,61,2,0,63
ef3ab8788e95dc8ff9c788f56c8f6a46286bac2e,60,3,0,63
399c793376419e4033dfcd406cc93484be43fbaf,2,1,0,3
c4af1811af2e83341beec3d48e40f136508d97fe,2,1,0,3
a257cfb28370d84f574134394fcc76fd9bb6a35c,164,2,1,166
0c6c54e9e555d6defb1abc498314dd4e7c445bcd,38,4,0,42
40ac22da06b3f2f7cfc3eb90a0b00afad08e8be8,78,2,1,80
2ca27edf074fc82b100d6d61065a314e1a89e12b,15,6,0,21
985d48294ae2835e38f1798d988669d3b6ad3b6c,15,2,1,17
2c5adc820730a3c0b4f6cdf741cd3e9533964ed4,1520,30,8,1550
d97f2d92bc6cdb1f6bafb7fd98f69afae1266caa,29,2,0,31
2050376adcb67041972d9707b338373a5e6bc468,174,6,1,180
641ec601d577d09eeb339487cd4dd7dc0441cc99,1105,9,4,1114
48deafdf944fd320ba3663ee9579c353e1d03c93,707,11,2,718
660d3fd02fbe23b6afefda57bacf9f0567b54cda,1992,5,1,1997
acb452ab7222c583fbfc1e38837c7544f6d80a59,2,1,0,3
6e9bfb18b37f280ed02683c32c6560b16534ea89,22,2,1,24
f69557e325c5bb9e4e250bb0ec2db12d85298211,10859,186,37,11045
26a6c501805fad382e6a2234aa38ae5b731f2a48,25,2,1,27
32eda70f6e81aa8935802b4927d509704e25db6c,6,1,0,7
60ee5eb0e8a2cf8276565ae8b20fb81292315843,768,41,0,809
7a89a4d13b520e59457b8fae88a42f6e4e95cfd0,66,3,0,69
d7411c5d381e0c44df09092af023f5cd113e6584,98,5,0,103
941cbf84f912d7cd47f86299c8f4652cd046e097,326,16,4,342
3062bd0e54723375157994f1921e526008f3748c,35,3,0,38
c53a62c9ade11e7b645e9d44cb009cc5585f850f,91,5,2,96
25c5da6aae91efce008d3df8fe573d3940104253,4,1,0,5
caacf849717fe97e4b655dc9bf885eb4eb410b21,138,2,0,140
8adb692e4b15a90b095bcdc364e148f4c0992b68,13,2,1,15
114a81ef022722eabae66be6c685f768c6888ece,9,1,0,10
bde66ebdb9d1b73b72b7b182d89377fd4332fb40,10,2,0,12
1fc81505e4ca39e2eda9d8912e79a01e686924a6,4,1,0,5
2de7d462560444a3d5cfd759fb7022dd8d894a49,3,1,0,4
acaf201153593fa5fbde4fa0758b9359acbd2da1,182,5,0,187
145a8c00a19cfc8aed3521cbd4765b679f620f02,17188,63,6,17251
513fa3147bbe1679eb247e5f169d458c35cf794f,2735,24,2,2759
a9c279ad75a14d205b5006017d1e87aaf5b13244,4,1,0,5
764d28a053e4454b811087210ebe00aa7987b12a,98,7,0,105
29fd5d9cd947f936c52bd768d45ab52088abdb30,56,3,1,59
e3d74339a41c7fbeffe7904adf4fd9ea27398ad3,93,5,5,98
586c937114fd21ad910781b3b7e0bdc92f87e497,41,1,0,42
1772b2f527158e8979ee1a23f504ab0c6456374e,25,2,1,27
f6c6d14540500867a167859a05e6822b60ce25c2,108,1,0,109
8eaeb036e353eb4a64570df4cd3696eaf56c2d3b,157,19,11,176
0026369d09532e3ae27be96ae4a216e69f7e4427,398,5,0,403
5eac999cd5d5f6e5b693d73e4e7180e9fbd0cf32,1000,36,22,1036
0df38f144e4cea23e1876e6c10f9900222475094,16,2,1,18
6283ee7fb8e583166966f4f5a520310f135c50d3,1860,12,2,1872
28c602bb6a7f91f746e08030e141add1c2b8788f,30,6,1,36
ea6361701872a753df6faa60e949a40cb2a86580,24,2,0,26
eac5895345e0131f88ea341fd1d457c8688f2d6d,851,18,9,869
440a938106a9c97a1e56ccc975ac009c8c705eaa,2,1,0,3
70c4c5b8019b3c3b71865bde71e4899c3659082e,292,7,1,299
2ad741d0b5ada013a3b39f157e473e2b4f26750b,1368,6,2,1374
9e4b5ade7e5379501278e3551c556a7de96ca06a,193,8,2,201
d3cf729fe4eb4af2b7b8d5d72331c515332a2fad,1368,6,2,1374
7f4c4d2da26f2f93496d584c8755dd54b85cb29c,115,2,1,117
cde82bb88377751f7ce1fe73a8231a37fc7fdcd6,176,2,1,178
fe7a72b9d27d8764670778474595ebe18d101e16,517,24,11,541
a679fa0b94f7b01d33fd26f694c2dab885117ef9,291,3,3,294
47b275f2e796db4fa67565cf5744bab30872a341,4719,6,3,4725
f6cf96faea81f1d7f94b12937eddbe6dd0454cf0,22,2,0,24
4fe5227c09826b75d4e16b4391bccc2f92dd5db9,18,3,0,21
7c1d10a358b4974b3ddc0b56c8d4328e0d6d579c,110,7,2,117
0cb456a3b03805dbba5b7b34db7c0d877c08c58d,2,1,0,3
267e51d4c81fb0b139f8c009f775093c72b1756b,295,21,12,316
003b2a825623da54781cefb9e488e372433820f5,225,8,5,233
13a792f03f267bf53e36fc06340d43d8fc1d7af4,9,2,1,11
c7e05a7b58f5435080ab26e9ef8888e2b07dd974,21,4,4,25
27a8a26c585b4219830d5a111efcf2a343a54319,8,4,4,12
d03eab22f7ae0b876fd04b2423e95a13111fedf3,491,9,2,500
178aa200a78d5ecebff163529c965739ac2594e4,108,3,3,111
45190cf85911f4a1e7d5bebea68b937a96a83b80,34,2,0,36
44fe6940e19cbf29d2f5f606124c2f6b77e85360,55,3,2,58
ddff096e4fcd389d3c5fae06d8c5d9ce669198f4,561,4,2,565
4457e614efc8b734d9fa9935cca45878284173c2,219,11,0,230
873cc0a21552aa4f4fbf048af5788e68bcb1a78c,54,1,0,55
8dab8034cf588be5d4d6c92db55dbbf3ebc51f7f,45,2,0,47
2bde942a4cc5a6ddc45f497a674908da88bea41a,7,1,0,8
0ebeddc6813e03121b4fcbc42317c3934e314442,71,2,2,73
89039205ed436f30a40942849f971b9ba9938e9f,5,3,0,8
f2afe21b9962a0d676a7887edc999bcbee6c441d,286,6,1,292
18adba0c91f7b28dec829b5882420b6d7ff7a833,241,10,0,251
b03f5763c4541b50fc84ecdc5015d113e4195dca,180,8,1,188
7adac6f60eb6bafc98eb0f61f4860fadf40f4f03,69,8,7,77
a48591b335e0a1e59779e38154c823626e6f576f,16,1,0,17
096d9ca8c6eaf17bdaafa1958caa9e04e03902d9,299,12,7,311
2d6a38c0a13aecb055ea1d81efdc4cc8dfba197a,385,17,2,402
9d9c9efb607fb02d9a8401d48f9c360749e50da9,33,2,0,35
3a631dd05e4eab29d3bbd420e4d7d9b6f0d0f6ea,2,1,0,3
4481e1b1ab44e6fac53049a4d6612da79be0b92b,727,26,10,753
529432c7d7b26cb9690611196210f187def473a3,26,4,2,30
4e50229a643e18ae04157465157ff04f219b9592,49,4,2,53
13dd8b562f14fa90fb0958ad7ff0511ad4f46e82,30,2,0,32
03511e980ea7698fe8a95a19a3e78b2bda85998c,540,4,1,544
866c796bd56cf846b654f29f024f3e610557b2c7,2241,16,3,2257
49149472630159d7a7f5f49cdf81cbf9b0bd5e00,1368,6,2,1374
a130cb2b1e465ad9ad3bdb4428a32fef5bf54cdd,177,5,1,182
96d34fd280b154c9d6f8435ac787b7bebd1e631e,76,2,0,78
8a1d92fc066d9fe107f6b3d218bd69ec89a9f69c,4,1,0,5
6d73e58fabc92287a829e67ee52f66fb1221111f,266,8,0,274
45eea269e8942dd5c031c5b1789199a6c5397cd0,141,8,4,149
797eebad7025c4703cc9379fa1da7b17f429c405,5,1,0,6
948957a29ee987d4581bf1bd29ca282391f60efa,281,6,2,287
bcfcd0a4ab0450a7bbd97b1a5b4f625590981d4e,4660,59,18,4719
d806b5f8f2750fa5611584537ae1451b332f649f,9,2,0,11
499a109ed022497603df279fd73c6ad7017d73c3,15,2,1,17
2b9aa48807d1732ea8902ab7d7f3f35533057a21,2,1,0,3
768a0b90b6f2a149affa4d18793a4c1d5ae679a6,25,2,1,27
4a6e31d38ae651ab8b173af472e03bd54bf22228,63,6,2,69
f5dba86d5cb19eeee9c8eb7a7cff81d92fe9958b,1825,41,11,1866
2bcf592d433241b07dcaac82833df4b225617410,1537,16,4,1553
228afaa3df59df3698b014135fff27dac8c892e9,43,3,2,46
ab79548e981425033de70103de36c4edcdca2fbf,19,1,0,20
53cb451ea9bdb9f375bfdb9775348f8d5e7b23c4,228,6,2,234
f5d75866f6d833504ca5e0675066cec0ea5dab0a,199,3,0,202
b72051c3ebda8f21c8120c7af4521d13ee96c7e8,160,4,1,164
cad764dcbe8793f7fb1cbec37051c27a753e4f30,33,2,1,35
1c4d0fe0a3d41a9385d6de04829c282a484aaf55,961,15,4,976
1ffd804e4da35ac14440a648316213b18b98f41c,600,15,2,615
b190599cf1ac2a16fc3ab43320dd7fde092dd734,54,7,2,61
815cd6ebb7f2236b127a4b7a7f8d59bea2c9a1cc,720,26,6,746
c47e7e55ce1713a0e63e1eb75c26ca9e23192f3f,17,4,0,21
6c62784c5382d689099617d4020832d603761c46,403,17,0,420
054dad1d8732021ffd4d0da44d3a6ab58aba752e,4,1,0,5
7c3dd06a9b0966551b84512af97259c6c5c35537,1305,60,12,1365
e1efc1414e0a9e9b80fef4c79fcc5fde1a590c34,154,10,1,164
7dcae9208e7f297fa559fd7e59be9ffeec09d14f,9,1,0,10
b97ac02f34e095bb22698e66e3b483d57c89a057,239,8,2,247
7ab0af00a1179b011a8ab9211f28eeb318ea336c,377,8,3,385
102a216366de72108429c4007ce634320854097a,51,2,1,53
7a673fd6044396f79f1c4ae4b5d28bba12dc7b58,2997,29,4,3026
0a0ab995ee7504aa22195c2a747725ac75e6fdb7,10,2,0,12
a9c97e30450aaba56869773dd6958399a432ef3b,76,4,0,80
53469c0b75f62ac768e5cd4cf456b6dd88250cbc,460,10,2,470
6eeb9fb5946c3e08eb3f48c72205092517539e60,31,2,1,33
4f5030530f55e9a08ad9e3cdbf8a5d96319bbb57,118,3,1,121
cb0ffc0307708cc18e443b061cc09c4d7896e6e9,890,13,0,903
1763e70f79ed1328e3e33ae3817557f927d5fa38,76,11,2,87
738e607106cf57adf8740691c458a17eb591ec56,38,2,1,40
3a8c57802059c26a4b8733414407be769f732816,84,13,3,97
fe98bb0783213504c77be397b1750de3962000ef,2237,46,12,2283
78c05f6301e4d9a537de8e537ed2b0236400d353,240,4,1,244
02d2390d6e31bc5885fc43054d31a4c435f0784a,86,14,0,100
9e1160272aec88591d9e768d15104b72521b2ffb,1665,9,4,1674
0912544cce9307462c5931abdc61131ec2d50bfa,160,7,2,167
dc3b6fd3192b9301017e91a564241479e67727b9,19,3,0,22
ca37a1e90982b2495632720645ff6a5414508afb,263,12,3,275
27eb9601fa7491820a7d0e5599de1426af94ffba,54,1,0,55
579082c8030d9c1d9f61cd078229fca96f4d35ee,47,3,0,50
41fbb32846eb5ec6e656db6e57fa4aaa7177ff9f,1136,13,5,1149
12d86902a84d4bc78b6f2f7bc8bd002659ee61cb,151,10,5,161
59599872fbdc39af364996d9212d8a6066e56187,72,4,1,76
4f1564137937bade8be9c76020819815cf40125f,283,15,7,298
ab0c27e947cbc280d3c55217a7a136259044de01,13,1,0,14
61d6b1075da2ae73d817c3154f942af2d45021b6,125,8,1,133
cb607a8594b606b596af355779dde02bb6ade240,3,2,0,5
efb4f46775490d2a2179a235ac42bf8c0ba37823,2155,42,6,2197
8293facfa065ae7b317403a1bbeb969881a84ec1,106,3,1,109
e302318d33d41facdaff0c03cfbc96e423f41d9d,1,1,0,2
4a18a3d28b408ad58a6eabb37e2652b86931400e,16,1,0,17
3851f3309457340d83f9341c8eb981da1b4f8bb1,12,1,0,13
c78026da7372d8ab4c71360df20c32c48a29da50,4,1,0,5
5577c388d0822188cb23115639becf2b3133012b,631,9,0,640
101b27e2d014e016a5c2ac787c42a04b206ea4b2,187,8,3,195
d6862727c2352c939ea55e14f834e73d8b39cb95,60,2,1,62
fec7b885c15522332f949f8b4e39a8e79014913c,34,4,0,38
1f0100c7fe5453e6380d2e6c519c7578ccb17d6f,218,9,3,227
b76f24cb30c7c92c2839faac5ea6a97ac01f2044,72,3,3,75
c4ee122df56d2fe229fde98cfe5e5643c5c8fc7b,166,4,1,170
f3a07dfdd2ea741ea056099d507397e8d8a8e698,185,12,2,197
00d3133ccc4c878f4371a213735e3558510a0d0a,81,3,1,84
fcaebab69a8a9d129cfae0130ab67c88815630bf,416,12,2,428
ded7e8f5ed63dbf41fb1cdff2e6bc86672e496aa,871,17,3,888
434d9733c3f7d6fdbae256895d8322bd4266b964,11,2,1,13
2e6f1e63f03530a89aaa15dd850186b05d23765b,12,1,0,13
5ee6e137c02e3e0a149a7c44dd6a9f5deb29cb5d,235,17,6,252
c8531ce4d4fee12d6cced5badeaf9d1cd4919592,265,8,5,273
51bf75efa65cbe8bd8b497eb20e34869205d74e8,212,12,6,224
bbf5c141791f38cdafad484ce9a91d3f47e1588b,16,3,1,19
c48f4b3771f62e6a6fdd32376baf6b4c8701b0d8,253,5,2,258
6a7ca904f497c75d91ae0700ae551796f4b0606f,15,2,1,17
d8b78c3fb7d1138edf55a2b60bfd417b1794644f,118,5,4,123
ab4e8fac84d07ab80dedb597f194f4ff9f2d1f0f,50,2,1,52
37f44f08d92701104f7bf64494b41c1c3f782e26,461,12,2,473
714ea4ed645407d0e3b9509bc702fa5967b0046a,1075,21,4,1096
6dbd9e23fef8d326fa2f2467ae8a10e2b3fdb428,232,5,2,237
60ab652e3209927012fe8e7d765cb0e2e1ceab77,123,3,2,126
84688577e40ef34dcb2aadf558ec759ca80466da,49,3,1,52
87379fc6411a928b18d5ee8f6ec4a07f5cd0f8d3,247,3,1,250
dc35068da1c253222de76027d8ca2c9458814dfd,74,4,2,78
da6944882da5c30b1f790b21d1e247a8466da67b,3,1,1,4
6a7a0668cdd47f0ae0c9b5af218dd2d2b6f1994e,2,1,0,3
0b0962d6a853677e311753868cd7bde2c47c2087,38,1,1,39
5e442959a4bbae87766029529970c6edb469752b,1065,12,3,1077
f8766129f06f29894b7e7c2dc1fed3b36af75d16,7,1,0,8
0f244ecf21885ca1487ba2a7a459c2513088f98b,27,2,1,29
9fae8ad72e59e07bdb1e39acc070f4bf7f4d88f5,140,2,1,142
3b2e31cfad6d327ca41021e091812f0f7e17e453,10,3,2,13
4b0d0d86a9f6f29b4da92d320f52fc0880dabdfd,97,6,1,103
4b9af9d83bf66a27fec99e458b2d898d0c002599,138,5,1,143
0f58e48c8e82739cfffc760fcea65c8165028e9d,22,2,1,24
24b50ed65f5ff1405479cd4136fda85ffa99f9c1,5,2,1,7
03c49e43b4f20f1248ecdbabf6359b59b388455a,65,4,0,69
c704147d3e97d41bf170671cbd43ffa1064479be,3280,36,11,3316
26e5952d75ff5accedd05c5eb9812cf900d3f413,192,7,4,199
a75544f2c644874a88b61cea48b640d9cf05283c,35,6,1,41
880a074c7ae71ff3937171e504f6287d48c0fa7f,774,21,0,795
d9fb58def90d6f496cea04f841a15a3b4d466bd7,148,3,1,151
b1e8655449abd903330993370dee2541869f8be9,11,2,0,13
86b3b3e1c5bad5092f357358888ff28903ab05df,575,1,0,576
207036950ad5fc13725ee464a2d0a09f26776638,14,1,0,15
0420414fc2a5408dc7aa32fdb9d359763fc3cb34,162,7,1,169
3dbdaf60b5502dd004cb213e541dbe5636fef6bd,9,1,0,10
0a97ca81f3973c3e22c76bb3c4ea4d3eb7175583,56,4,1,60
1d9682fc67aca813d7a14b3a7415f545f9420078,15,4,0,19
14670f49f6e43007bdeb1a06d09d049229639342,402,9,1,411
449c95c6b93499417a75574607d160231158e2e3,207,5,2,212
bb4091f12f380a739ae08619c18c7874223d1be4,920,30,1,950
81813c28fc53b7f624cd836d0d0abec20cb9d277,26,1,1,27
a5327e70392aad1d83d339e03d52fd9323703483,28,3,1,31
90dc3a3c566e5d634aa00632993ab86ce0549ba5,149,14,2,163
f1966d9fa01040774ff2e153ab69f9c69903fcbe,839,18,3,857
85bb1fab54d44e847195e35e3e0b117022985d36,3,1,1,4
b2efb8117a5f69c68e3d742031d22840fc70d172,8,4,0,12
9a1795c2b0e3e60b04c3d0e06bfde6d11563aa82,14,4,0,18
e800693dad1038c5f6a09d67ca753d71160238bd,2,1,0,3
2baff8180f498119a7f367a94b376553b81a8333,2,1,0,3
ce50e71d1eaf7ad9876bf812be51f0662c6d537f,8,4,0,12
a8988dd48f0cd0bf25960271f80bd475eba79ed8,2,1,0,3
4af43665ec72833af89d2ee0f5e90edcdbe1b403,2,1,0,3
8b2fb03d8532afd092c0211990e61f156fb45b73,235,2,1,237
9443c5f0bb5f9f7b8403ac42e15b8fedc4ff5a97,78,5,0,83
70fc973d662ef2051dbe2c0b261d1ae4db8c4e7e,10,1,0,11
844ca4d671ef5bb86a4bc8c90a7dc70ae7a607ad,13,2,0,15
84bc45f713daa2bdde80f30bd3e2cf0c3dc7fa95,25,3,0,28
d6152a86668eb40a2028a9942285f7c181e0d432,15,2,0,17
493d4e5c1431bfd7d107efe497c9012baa9d67b0,4,1,0,5
73830ae3ce94428b7e9991d1bd160bd62a14b7c1,358,15,7,373
b699cdbf814d1a1a480d376faacdafd698c46ecc,12,3,0,15
17ee2024dd7d49ce2f5ebf00ef9d71b6ca589a00,903,9,4,912
70020005b1a878acc4efa5f813162dd8c3db80c0,4,1,0,5
30b5da9626a774f97812b924c917fe766eba4b53,14,2,0,16
2b47dd68926dd39da05949fc204388797dfd14cb,2,1,0,3
aea890a5ee715bf06bf7dd1643a4e8ced3db67b9,8,1,0,9
3a326b06569a6b88362d27eb61995c38ac5237c1,2601,7,2,2608
84aa659b713c3970da41a43925427708bc72a8c2,124,2,1,126
3c92b327114c4534f354e8a8f2755197a6439fd5,370,6,2,376
e658f86a8ac9010079abe7960a66c8c20032d48b,6,3,0,9
24c5d8fe8521b91e68dd07294a3f57b067c0d525,514,9,2,523
89ad4d80bf0604cc01672d2a0bbeb9377975fbca,56,3,1,59
f90331464549e85da8c9c76e5ad8cb92f9cbd2aa,29,3,1,32
a2086072545fc67a35f5d6756c3b9efc97d15641,100,11,1,111
7e76cac5866e5f40b734692fb082da683d2f4cab,133,9,2,142
608cb8de2bd19c8497b03be07a087591bfd1c3bd,1537,32,10,1569
f8e783899f9a327b162c8cd62ca75cfaf410cba6,4,2,0,6
e8841316fa63bf5406d03f3459ae0c40985fbf10,47,1,0,48
6a47311c03fdc020a4e05a3acf5cacb7843e3307,223,12,8,235
8170d435c5e8999daae9bb393e9d172aea2bdbd7,5,1,1,6
48df78e4764e1b004ebb19b403463ac0c666d612,242,9,4,251
a62cb0b2716ad35d275db6d7705b8805746111dc,2,1,0,3
2d30e28bedea29d264b0d7946ebb3f0e2cf1b5cc,35,2,0,37
3b07def33122b30cf3820b28ea55397862022217,124,5,2,129
fc9f56b07bc2899fa18ac024b2a0878aedd96a5c,12,2,0,14
b001c40182047422ab40665ff6d8cc0a0db247dc,153,7,4,160
238629c41c551c6f42e38f817749aa445beea343,263,4,2,267
04bdb9a39743569aaacfcb07e2cc7eaa08854791,106,6,0,112
45a32eaaad594955754732ec18ee78abeb8e96b8,167,3,1,170
82252ed84340627223258ba1aaeb1b372a86c2f9,805,21,4,826
5c3cf01cd8b092c6e385b6a6f3427de6f54b724d,4,1,0,5
ed4774c5d95b3975a72295e52268c47b3e9819fe,378,7,2,385
db0f3dcb73bd338d4b754329679e5f3e4d6bf7e0,14,1,1,15
fc26d6d8975b4cd46e26e460236a30e8b1eb2cde,65,4,3,69
9374964ad4b5797329333157fcbb1de56cc66657,35,6,3,41
db8793f780c72e3bbbd66450ebe53eb5cdcc6ef9,2,1,0,3
cc5a9bec7d4341533613b87e62707a9ceabc0cd0,9,1,1,10
379d7610ac58724d1dcfe5968ddad8bb37a988d3,83,4,1,87
0b097a8dab7d2953d331010c856420967fe873e1,2,1,1,3
bde2d01153fc996dc46d9a61c6a9dccebdb997d5,140,7,0,147
2e346d4a6a5bba818dc3261c5ec109146fe36b7d,2,1,0,3
49efcfa5875b7eb1ef2649df3a5e661860cb1fee,2,1,0,3
fac02cf4df857fbf5f3d09ab2c3eedba0b265ce4,18,2,1,20
25173a3f2855d96abdbb2a239ec5691c15e8fb5c,17,1,0,18
e1c4e2fdd165694927b06abcfeab425ea693279f,103,4,1,107
9821cee0115be999dea6d18389ad7411f8ad7c47,6,1,0,7
b9cec629b74fb42bc49f196797d55a4468d30567,273,5,2,278
6f2bcde2e1fcee73f81cab24f4054e58d41d6b94,12,1,1,13
a6ee2773a28b2339ac1a4fc80fba978ae69dbbde,2295,11,1,2306
0821e3b967f442ea6e9cb3d9b5b11f95d151020d,4,2,0,6
eefa8fbfe86bc5b1412f9b9085364fb8a773476f,250,5,0,255
ffbc5b0e52e2c8ba507f088ec1fd39996f22e8c1,296,2,1,298
f7a076496ae6e07a42207cb2c978dc74562cf0cf,2051,10,1,2061
6c8eb96dd8b818a6d5179a42fc669b0019950fb1,3501,36,3,3537
2fabbe40057d99afa497071f7083b4f16e40137a,70,3,0,73
a0ed20fe864a20d6d77fc005b355dc6b914b28fa,196,5,3,201
f3f1c3ecbe79ff23909049d09687b32b8385c44f,125,2,1,127
878f61357b6868d98a3eb8c84ec1dfb414c44b6f,162,3,0,165
c29782f895b4bee045ecc0bc814aec534293c3d5,43,3,1,46
3648f182feaa36ad7d63da8388061d0ca6acb4d6,11,2,1,13
f09a91ca8171681921cceca614695e89a069b827,8,1,0,9
6d99eec9977677cca1493e6ac0ecfd7d20502cdf,470,18,3,488
31b01fe699abe8926b0c2aa3d816293e9055eaad,12,1,0,13
393f80bbe2e0b80f56e25a6f2c6e667b4c606df9,4,2,0,6
9b21eb94c06f880502b34b816050983809989a9f,7,1,1,8
68ab6bcd8da321960cbad4715ae80dd33ffd1d60,2,1,0,3
56a78829d9a48205c116b38169f91504eef1d474,2,1,0,3
96407ecc5fe0773abbe66c7011110468e8b0b286,2402,60,1,2462
ea651ffe30e49f243753b942c4aa5d821142b9be,8,4,0,12
022e430c212621ec8786acb8b2f360b95a66e74e,8,1,0,9
3bc8cdf7120add44a4ce4ac89288bc7615f8b206,2,1,0,3
12fb274ef79851156adaaf6c1d9c7e8adf08d625,2,1,0,3
2e885e44fb32de3eaa61fc23621a810d9d5a69e8,2,1,0,3
4fa9c5335d9e4798c3ad28e1b1fde7e02b01ee0d,2,1,0,3
729e86ad138a81a72e07892df2d427d8458ee2c8,2,1,0,3
1b81ebafc878a0a0d8cff1ecf9d828963a44449f,2,1,0,3
457c2b776f6d66b0269aab34ad2ce6dd49de8e37,2,1,0,3
ed5dea97d6d277cd6ccfd16d5cd87c7cf970a5f4,10,1,0,11
abfdc6161512b25c9d9035eafa4ae4b9f96b28ee,982,8,0,990
12a090d90d3f339b7cec674e208dcda3b6b0bc8f,36,4,1,40
10a18d55b9d27851fa2bba1f77eda3e9d600aa37,32,1,0,33
e3cac6428deb891ab66ae9dc5704442b49dc4c0e,24,6,0,30
8171cfb000e68c40f08bd69a9c1f84e99b7c38c4,279,9,3,288
b56c7283e5907d3a185238e31b473fb9abe5b84c,523,23,22,546
19dce0e282ccd40f3da0fa2c8168efbd812f60fd,2637,24,3,2661
4bb7e6a7b0bf9ee502b814819c7194d4974addc1,660,23,9,683
9bb3cbb3d6ebf5a9fcd8a5410a5794aee02c7ee4,2688,18,9,2706
1651d989bbc955e44796b88e5b33c4c9f6b79478,2,1,0,3
7c33dc4d9247b090ae141d0db5a2be0d881bfb3d,4,1,0,5
f26af9018c4736eadbaf6fa2de830455e9f0b0ca,380,12,4,392
c9699594c1eaf5aed70756ebc166d1b9462d7b8f,2,1,0,3
1cdcf70dce5a7e145c14fd617449a431863b8fae,163,7,2,170
437504331eba37f315cdd88c570c2cf0ccf234bc,65,3,2,68
7f855a522026db423c6aa722ffa0907af8c8ee9b,77,2,0,79
0350c9b5bded49591231719c10fe074f74617cbf,5,1,0,6
3f15e10ffd0bd65636c0d2653ff6d707bc6f0894,293,30,30,323
5b157dfcf572c9c94264de98f8b1fabd5dccd347,2,1,0,3
4f45907931c27713623d916ec89553530bee6fe0,10,1,0,11
02715141f5d344490131628fc4b37554d1648aee,4,1,0,5
c302354dd7668e96b827b9d8e11861bd00ccaaa3,10,1,0,11
20bef67a561f4d78b72a12970547b5ca5306b8df,15,8,0,23
4e1c8fc94f405c4a2e06ac8db22f778d0a885598,22,2,0,24
b39329966f8aff7bf3d7e7b05fad5f78e07ebc6b,6,1,0,7
1622a9e7d689537881826549a9323237ca7d7e44,177,4,1,181
967e83b32b1180a10af650cf7cfbe5fc64e1d556,353,16,0,369
6ef119005ea322071386e5451c64e2c7cf076d6d,81,2,0,83
35d7a8faa5e969602a637a68f158c51fdc594c38,23,1,1,24
365608fbb94a0f5bdeef682a42181524ef2460b3,79,1,0,80
135fa4322e77c43fe0096ea3006aade4407760c9,13,1,0,14
ebeb0d84950bf1ab5b046ccd541a0f872b550690,2,1,0,3
3d60d556c82a6b3282e740af15b30eb67267b36f,95,3,1,98
85bfeb4e17383d3552fc4beb623a3c3f9daec1e3,23,1,0,24
2c3ea27f3b69c39efffc49de074847188234c6a1,6,1,0,7
abf395996dfd6d46a0f0a0115478e847838e0a6d,4,2,0,6
c32318360e46a4030bfbff9d11f57b7fa0564397,12,2,0,14
7422edfc1c65f0acd7cacd8227c7110cc05412c1,2,1,0,3
ffedfdfcb988506b5aec004f1c01606019c0ba1e,1,1,0,2
abc749774485405a75c1ec06dc6b75a1b89e68ce,2,1,0,3
95eef85a31ca85e1134dc381f8b2e71c302f34ab,450,5,2,455
43bcd1ea964362e152609268aa7918aaa0f39279,46,4,2,50
8fff7eb70597eb74c05ee788378eb8fa1ed8efaf,6,1,1,7
df72d1dfb1663739017212b3ea1ddc73e8455190,166,3,2,169
ad26013ae7f894bfeaa1ea21119ea88766df4142,146,4,0,150
218ecddbafe6348873f6e50d137f8c2f0db3ade3,2,1,0,3
9824f603f353e86fed8b9de18e3a094ddd9dc5dd,39,5,0,44
cfc3abcf71decbaa2f4bc25593ed2d5f1c3c187b,988,19,0,1007
9cb876422c8c9a329aa5c0fdbbe0f0a8ef8711dd,22,4,0,26
961695798ba143101b6b4bd90b0cc8f61593d35c,204,5,5,209
ead75229af648e260c68ad991fb80a6f81af5712,284,3,0,287
7e782ddd8be23e4968fc327206679f2304b42ed5,3,1,0,4
723b764bc91275c0b8361d3f9135f151b6404c39,48,3,1,51
18dbadafeb0538f951d87983053a2fa0c8b30adb,2,1,0,3
12ddd3310b65c2e3e871a8fba0c8ccc503afd980,103,2,1,105
6a10bd8acaf59c7d62af40873ad022c4858b69df,57,5,1,62
fc5adb790cb404e00a2acd4c8d29f74058e22c6f,2,1,0,3
fe2b013a657e1ad6ac508a9a37933961bc4c408b,761,14,4,775
4dd2bb5bb4df97c529dba2c259e23a12837077dd,77,5,0,82
cb0c86c17885df4c5fc42df521ecab2aabffbf65,6,1,0,7
635c2fb96e6901d0a0660e1a8878d9d493852791,4,1,0,5
5eafe76ee89adfd12007db17de7a50c5dd7a43ac,593,13,3,606
35fb1d0886b7757adfc6fc4d0490594d21609a3b,8,1,0,9
41b3c70906b9d1f4550c3d3dcf9c3a8d99c65cc4,50,4,0,54
ea493a253297a3e086f264787fb849e99ceb0bef,345,14,2,359
4135e072201a5c15dbe972fb12bae8ce3b349052,226,11,3,237
ff6d527fbfe71cfa1afff601627b796ea59b168a,149,2,1,151
06d8540378d9df6220c0e0e47d42841b3376bd96,209,3,1,212
1d61fc28451d641aa6f0d3295f9342de446ec632,10,1,0,11
6fa8cab1e0ad9b3ce1ffc2d3ac757e03c29b51f1,157,2,0,159
a7530255d4e1dfa40eb591acfbf174bc61f0e056,174,3,1,177
7231ecfee875ac80ea61b329887ab16ad65fb94f,14,2,1,16
d5e6a56a6a48e58c99619ad367453ce6101022ee,3,1,0,4
b34fad125139fcfbde5daa1f857227bb87254a64,16,3,1,19
9d55a460470d76937b55ac8c4b814a6873e5239f,387,7,1,394
7191cc54bf823509bea1bac56dcbdf5ce9ae0a9b,4,1,0,5
f793bca39d535dda6cd05e61319abd2d8c8a6f2c,267,2,1,269
c4015fafedb89c3fb259ac7220160f60a5d95afd,15,2,2,17
4823c958aed8792d61c198955f41b1f594f365e1,370,6,3,376
9e079b1da94e9b3b980a3a4df4807e8091bc681f,6,2,0,8
94bbc671edebd95dd90c3090469215e168dfe326,8,3,0,11
d9c64f347af0d1c6e27c8b0c304033be9f463f69,341,2,2,343
e87a05045d3aef04d2978868a0b6d79f38add51c,2,1,0,3
09bc525598c07bcd27531288dacc265617920c16,17,2,1,19
4d72eb5a58ed7c9874076d9d488afb1a81eeb54f,1685,19,5,1704
a86ba9c42fa94703988a477620966eb5f31f6d89,146,10,1,156
a0ff2e8420820aa5956403d7290f467d2d62f24e,211,9,2,220
d83d1e87133d151da4fbfade35815d1098803e44,675,29,6,704
1c7fde0c5a686cbffbbb58ba69d50c9bd68fc55d,2,1,0,3
61dcea6b71a99746805bc7f322daed67f9bce265,929,58,3,987
a21380f82d2f0d8a9006a860cfb6d22e9b350712,24,2,1,26
4a12ebf2dfee0800c7aa88a90840564de00a549a,26,3,0,29
11b85df3318ab414a7dff30e2b1d979259b984fc,112,2,0,114
44baeb3a24ba46c8b789872715c3fc17fb6727b2,24,4,3,28
e1e1a8511f1a74cdb2db515e4d66bd987ed7a056,40,2,0,42
78736645f4598f4a8749dd2f97e3749bf93127ec,408,3,1,411
b73b7a10aacda14b47fac0550dc2f5d7dd833609,358,9,1,367
2904f1bce19f93b4e6f2f6492e741a5adc02dd82,145,4,0,149
459e88aae2ec1c0c10922e005963c96731359ce9,2,1,0,3
00502337f667933ff7832e2a4ed4635b132d3a52,280,4,0,284
d736307f8ebad9e80de98affad5fe1c46f3607a0,31,1,0,32
35328c0f123337338a128145cbaf8e2bbf2b4be0,147,5,2,152
98e482c91139a00a4d24b5a6350e98945461998f,1041,22,8,1063
b69f438a79716179c3a7c8161a67d675bdd9909e,38,1,1,39
05989559e06d448d23d55147672345ede624381d,892,13,1,905
019f4c5fbf5b6976c61cd9f68247871dcf08163e,149,10,3,159
44434cf9d820fc980573274a835502afe12ef4ec,8,1,0,9
86a5c2af8b50cc168f5890fe9731725b9b59bdb6,20,1,0,21
834c9707e81dc6b40660f6eb0737f5ca3293a2e2,108,1,1,109
93af58cf0cca05e102a2e39924b956b0854fd718,662,8,3,670
8d3b305be37b3d79a54e890c962f9a3fcfbcf183,41,4,0,45
214feadc9a8dd7c79f133b1ca6c3a5a4a76fb0e7,96,2,1,98
57249a067dccd6d2070d53e2fb26d6b4eafd2dd6,3,1,0,4
030d9c08c8360c49cc6094efc7150182552e1be3,2,1,0,3
e809b4e81e8c8571f9b407a28931fc2b8b20ba3c,821,8,4,829
d359b72ff4aec3447db664715edf22dac95c2cca,58,2,1,60
27ebe7e582be7a4b8d2f5a3c34fdfd1bba325df6,28,5,1,33
e49b5c1b14c376503e44512bc5d083c34f8a2b9e,4,2,2,6
9d7676ed8cc21914bb64126281bf9e626236e82f,120,2,1,122
d2789319d56886b29433e8e4594c3f309a2415c4,23,2,1,25
c68b3be360fafac1c38f3322ed5fa64201d08daf,327,4,0,331
e7e2affa8f91e31ae713da43fdf43874f0f7347d,10,1,1,11
6bce5faa5480e3f5943157c4f398cbd9a360745b,129,5,2,134
98803b786a0826ce0af88be310765f458cfc0450,37,2,0,39
103b13e39a5b0c24113fdaed9bdd6b260f76c76e,267,4,1,271
1e58df771379e009e51518231462da8a8540129e,69,4,1,73
83ed3972103379709d773d8ae96d479e126c19fd,252,6,2,258
659fe7c68a62d553e5ba24dfe996cc18f5a3bcea,238,4,3,242
42897ad448735cd1f80c11f8b9fd882df04c0a5b,589,22,10,611
044588f94f189e259b1cacb7c9d1c3da57bbb824,186,3,2,189
5d312e5a3f9e7c6edf152e60506c3c7a222c75d2,870,23,7,893
d01d4f9a3d0b1b7e17dbbcf11bf6e6add0e9c36d,58,7,0,65
9509248132f846c7c7974ca2b528597e7a53f017,31,2,1,33
6a71cd56f26bad7eaeb7400b0806ac22e62685e1,26,1,1,27
b1318b4a9af63ba37286c5f1eb671b251a4a9608,3,1,0,4
49fe4f2c6eeddd64161bc4d9c9dfe5fdb0c34d89,7,1,0,8
43eb011c125a0d35bf1204fb8794293f66633870,433,9,1,442
37c618445a5ea6344ec388950ae68eec1a585238,23,1,0,24
583c205d7f4121700680c5acc7bd120503d9d286,46,4,1,50
33fa27704f04076998f6a34c5199207989100794,262,5,1,267
75a4bc3f39ef825665b368929520a543b74bfd54,51,1,0,52
0984168988551b97c5a2884f3d2588e75975ff3b,93,2,0,95
1b0199e7ec7eb5c6afe0ae735ce4946241154b8c,51,2,1,53
a46ad72797700ba079d1dc50cb0ad5b0223969cf,409,5,0,414
8bc4febba05aefdb6dd088e886131e0b74164ced,8,1,0,9
c1e3159b024a17a3159f6ab11fc891a0ee535614,65,2,0,67
f7d55c5d925fc3e3daf75aa33f48f911dfade86a,2,1,0,3
48490933ded6f20d94139eedbb57971fe0cbcb61,707,11,4,718
bc4a2254286338c4051bcd046a22c425bc908fbc,3,1,1,4
f4e1ce91104a80af25a98c42e921d8907171126e,8,1,0,9
a6e23c1f73e2867f6bc7f6cba76b70e83c49c354,8,2,2,10
d7d3bdb1abae539542191e24b5198dadf7442960,4,1,0,5
714aca6eef7169e215b309667f57c7fa6ab896ce,191,1,0,192
9f1ab2a25ca1f2602a75123760027659b2363b93,141,3,0,144
95f2382a6e4a76b39677c9ed5aef1fa7f71a50d5,14,1,0,15
4b30fa5c02bda49856e13d3c8b8df1529cc4fa3a,11,1,1,12
2c4b3ff1f288e0c69f08ba303f319ee92f5a966d,3,2,0,5
6fa426886e8c363de715eb7f638cf09d20c18263,80,5,0,85
02dc4704b1e94f29f8e6f23e473fa19d9f37e5c3,14,1,0,15
ee4044c54bbe0613ff5d52b218577ce19865fbf8,1,1,0,2
0addf8138ec1e9ae7b2a5eaa9af069cb58e6393b,56,3,0,59
99a6a0458745a9f627abe72f788403e38bd718f5,2,1,0,3
bf721212bf9d5849ce5221ec0b5dd2e6aff41dde,247,3,2,250
3bdc0e1c86d65676b2f361bafa29d9c780a35258,174,5,1,179
3fd8c36de07a49778e97db863bdadf886c464a90,72,6,1,78
527eb4fddb70c3760ef81674182dddf4656c755b,1,1,0,2
c6dd50aed78645327d7a2e151c7fd28d7f6f4f71,725,14,3,739
d6b1b4feba1f9a2168f5119e1b673d7cfcf8d146,1112,16,1,1128
c229f97a1c009cde8ae149675de6e42b9577929b,16,3,1,19
dea2cacea987d2bc7ba6a0a0b52bfc59f53a733f,85,4,1,89
93a5a7eb46eab387724c1d6f696fdfdd0ae23da2,7,2,0,9
5290b80c9b7a5bea97759f05853edff4a47fa846,23,1,0,24
8a86c7b1f29b19102ee6198732ca02fcb80ea14f,59,2,1,61
4325cf87ec02cb852b97becc5c28bf5535c8714e,89,1,0,90
51da2f5f67607ecff4903356d5ef0da47ab5ac06,725,51,8,776
169797a40b96dca1145788470c8a6f893e257ebf,12,3,0,15
cbfb06f7773d195e6d7b0a4d2ea71a1b23dfce4a,4,1,0,5
165008567e8fe4c10249e5e29561e78f96b73d4e,20,3,0,23
807052305cf3e4809693b98eaa6a3c2fdb01a69f,2,1,0,3
2d95baa100e940c6089c857d5cbc5e247c0bdb70,515,5,2,520
6764244bf643c1ef390e278c4bb5111ea89561c6,22,3,2,25
f25f3ed1f242513b90207d082fb80dbfdc9b06f6,1404,14,1,1418
153aeacbd12752d796f84f1a8719439dff370599,11,1,1,12
916ac181a862b76f2be5e0ff389744f7e0dcd4a5,16,2,0,18
8318650f2fad839dea3f5c19aede084cd7103102,215,7,3,222
80d3d48d16dc9ef968fe56bf0885a57eb9b220e9,220,3,1,223
8b71e3560e1bb21dcb6e228b47334865d224698f,2,1,0,3
29e08beda2c22242cd02e4f75f0c8d655d291338,1258,14,10,1272
ddb12dcd283e01e880d0dbb442d0642fd4905f6c,5,1,0,6
75ab18bfcc5c6e187329564b47ba9e6933163ac1,762,8,0,770
4c307e1bb2a5d2ca31cb2bd041c6608eb692c640,8,1,1,9
e4220ecea583ff439363fd505497a3ec3cb3e4b6,6,1,0,7
f82d61b6b735e419cabb916b270ee0e4a881aa19,78,4,0,82
344f3e00231892e46f0991d8325db3b1f96aa54f,2,1,1,3
b0c360aae186cce8940ce54fffe4532adc7fccfb,259,11,1,270
3b8390784da62cd1da564e74afe93ca8dfef2d21,439,13,2,452
088599f7be8c3c14e7311d45923eda9add79ca07,849,10,0,859
575398dae0841ba152c31306cb460cfdc776b04b,377,9,1,386
1c61e4cebf29920677680277d05a562621e8e2d0,97,4,1,101
decc4eba2f5f1f4e13ee5f97a62d51518063a7de,564,13,4,577
624478781d31dcea072ecdc0fb38973eb9ee487b,4,1,1,5
c64040b0171fd0ac5fd0aa9942228100166b86f7,125,11,5,136
a5a1641e60a6b484e1c8c2c5e55daf63a8412fa6,2493,52,19,2545
dd22f8bca1aa25260aeb2b320debc3a716b13915,34,2,1,36
1060b4c785105790cbef5d1e661eb8bce1fccb64,6,1,0,7
534f158c50ea44a436cff281a9a9bf3fd1518d0b,12,2,0,14
1783f2a10aae605dc424689be3a7b767556c27b9,25,2,1,27
430734e9508b8eb96b4164b0514f57553d396719,10,3,0,13
6c89906dd69cbf5cb93faedd19a132d8b0141489,4,1,0,5
2c023895a22ca9d1897c632507850e4832b896a6,201,7,0,208
76e3899bcf671eae2183d3843c88a1e3cfc3b54e,592,26,9,618
2236237f30b962ebed918ea3733efc7b8a935ff9,9,2,0,11
bfa4e9a36bd42354116904cf2717472305f70755,14,1,0,15
4a263ea7d91d5dfbddbf2731433680c5fd7bdb4d,552,10,2,562
3974b1681ae433711974c0f5cb5dc1dee2260ad8,7,1,1,8
adbfd23edc0cfa1467dff99d8da9fe14559130c4,24,2,1,26
5915aae4fa542cdc42507ed59ef3d9f424e2340c,38,2,0,40
afd5530230cb73592a65ab8990148fc405d77a9e,430,7,2,437
027943b6e4da1b495dec9dcfed5011bf90680780,368,4,1,372
e8da9eb0536529e2e6d837d6291a2fe8f9ce5cd1,6,3,0,9
800220b860a31243b179554c9d87732f9456e372,214,3,1,217
32e47c7b0027254098818234e33cf0939773ef40,8,4,0,12
e0d0aeb3d4d47e4e63589f7f96e194403f839075,335,12,2,347
ce7208add79e61f3404514ce680f094606329d59,340,24,6,364
f31ce3835c8a6b1c6cca9e391f6f624257c59ea9,5,1,0,6
e6efb9c504cd87519b26f12f0344128bc76ac280,10,2,0,12
c17807325a631fe167408794d95ccf4ca8ce24cf,4,1,0,5
b670c552f5b8ab8cbf6d1eaf79c79a0d926c7ebe,335,9,3,344
8ca6435209ddeb07d756435ad822cc9e142676ee,49,2,1,51
4ebed46eb18181a97fb74e2310b94a4535a89373,555,8,4,563
c092b105e197b099bda18f28c1dbc91000bb0830,11,2,1,13
11276c6cd8e9234262730227f42436fa46f2c464,316,8,1,324
37e70ecb77ce441445591332863846fbc254c4fd,69,2,1,71
d91e5db76c53af9774db1c57c71520f4c196c059,1413,10,2,1423
2b4036292e68f97b0720583e04f3941644d4ec89,7,1,0,8
5faa792762a2a3e7ed5839eefd80b578e0cd3d46,137,5,0,142
399f033ec3917df2bc478b5904406a95e0bc7258,638,23,11,661
94d3b7dfe96092fd892274445bd9c4ed34f27849,2,1,0,3
2e1e4756977e272572cce7b53df9902de6167686,53,4,1,57
c1693f8715465a9ef42a815bdd4001ac1967596e,129,13,8,142
9e0752c267bbac1239ca776267c3ded113ee5a3c,15,1,0,16
7a3d89cb194977fde429ae34f2a121d27e5f89ec,35,2,0,37
6c69be463fea9ba9c0fe0103215f47581d41f8d4,3666,52,14,3718
cacb0b12e86f0dc5269438f7ed07b13d160047b7,16,1,0,17
513f79df24501ea75eb172278ffd0129ac791d94,15,1,0,16
d7aed2e8631ac1c0ee107d520f334f067117fbc1,2403,26,6,2429
fcb7172408401835a9afac7854bc99f194780d3f,100,1,1,101
c793d505cdd44fa38c68756cadc65dc01a62865b,159,8,0,167
0817c5e848c5640f635c4a5b9515c21d9aaaca1c,44,4,2,48
f14700a1e2d7ba463ef1c4afb0d7ef2366e1c4f3,11,1,0,12
5bee13a68a15cea0acf445dd4f04ae0fd33b9734,2,1,0,3
b3b0b9ea8ab99e66cb77afdd8eabc1bb03cb448b,60,7,0,67
dea0cd3c04d6a4a5a615c89b1fb9b293df51a0a9,44,2,1,46
86a6b78935e98e6f6e9999d4a9b61b406f15a1c9,377,6,2,383
ff3dcbc3d92c94ae7e85d9aa7715bd715520fc83,2,1,0,3
a29e93b92f3d3a8df613c3271d12674545342f99,16,2,1,18
a022e4194d48cca27a674bb4aa24e08463a4892f,13,1,0,14
fac2d9ff067398673aba3babfb3e8c0c1da06ea3,3,1,0,4
43e785dfb31d388bbb3bc3dda36ee4016aa8868f,48,6,2,54
2f48060d37f94a4570a0b15b13a58391e177ee8a,42,3,0,45
385878711cfda3d79cccaa6c245a188c3cf96876,61,16,1,77
0ae7b8b5650d552b77d3c42ea279c4a828716279,662,32,2,694
d8d1e92cb9fd252b00b44f303c77e22592c47ecd,1845,64,12,1909
c48d7f8087605ce2370186ca20e51d2354f54f1e,68,3,1,71
a485778a8ebf684bb38b8c596c60bd6df4598c73,2122,32,2,2154
b2eb24a9a721efed3c952750fed16dbe76d1cc21,56,2,1,58
7ac65bb7024d2d74da1765cc6d6be5a3e843f9e5,2,1,0,3
4aecd77fd5d98d3b69da895a5550daf5b9d11a14,88,3,2,91
d97651bfd9703f83bc4e471ad1ae7bfe0bea482c,2,1,0,3
2ad5351023688e4afda4609cabb9519f49b0efc1,12,1,0,13
2ab25322d249d48c3b27c412e0f10d02b6863233,187,1,1,188
5baf56658c8d8fd0173bdb15cabc2a96a98b600d,36,2,1,38
ecf7c7af42fbae6db6e781cab5addb13a7b90b9a,54,7,2,61
af8521cb03d132c172a7923109fc6a28ae2c0acf,47,3,0,50
f5e94c2277be1f229d84037a2dd9227ee9fb059b,18,1,0,19
cca684d89e4596568c079b81fb7e54290f344290,11,1,0,12
3b2fd7d3cc595ad32af0967f388ed0e8053379ec,508,13,1,521
5ed8fb01ee96bf10de224fcd93c3be21a7bf38c2,8,1,0,9
18f3d0a8a5e1faa6ddcc74562b9e3c464945ce54,1442,12,1,1454
b25b62add539da486034ec08f9a6b00dac7983b4,25,3,2,28
cd32d16f6002bf420296d5de20da2731e055084b,20,2,2,22
e949d958a8238a48ba147048fa72ada033ea889e,111,3,2,114
32d25ab0a6677798fe3f0c56228c5eb0c2acf3c0,9,1,0,10
444e445dbf4df9173e11f1be2d9a44ad53d8dc23,8,2,0,10
b3c87ec195c67d43d5bc0f1f6f836bb39eb4a215,40,5,2,45
8e956ff0e2ece1266ae04e86e340221976952850,2,1,0,3
53be25eaa281ac6b434953199ae02eb47100c5ec,8,2,0,10
1238c1a43fe47fe4ace9108d2a8828eca3222df6,7,2,1,9
982b128ba37892589d233dc74dbf11d09c3a7882,43,3,2,46
61a81abc3340de38b79a522dc27406a9740a9889,68,2,0,70
be496bc763ac94660098c3a9e1f4a75167731789,939,19,18,958
017e8132136695ec9ecc964df04348bf14679c08,10,2,1,12
6208e7cb467dd98216bcceafd14c0feb7b3bba6a,91,2,1,93
3c7cc4fa419f9d4c4d291fc3f7726bad18c11708,2,1,0,3
1ce2bf7aaf32d8b725c27182b8c101ae9e0448c6,319,9,2,328
a13a0a343a571a48701d3c8077be4d5e55a53067,25,2,0,27
494eef320c2c8dade307f27598581db3a142768c,171,7,4,178
9c3a6e7d4686bf19d12de99c59f5146ba6eff0dc,72,4,1,76
594f1ba9463b8ead3eb81a8b3118ee4ca8bbc226,61,2,1,63
d8d7bbe12573514df171e09c90880d5ac00616b4,160,6,0,166
293f153395aefb1316e2219d855d43f7664f5292,142,1,1,143
d211d899855881704931d8c83cfbbc152bb8f16f,357,3,2,360
0df481da32c9363be270ce5a1db794e4437c1f80,103,4,1,107
f6b29aa0a250fa96a066d568dfbb22900db8b58d,316,3,0,319
bc63e0561030c77d818879bf1a6f8480417c1ea0,12,2,0,14
722f093ccd5a59f3f458c79e7158379a5b410908,2,1,0,3
032a5cce474eb33032a11347d4ed31b9df2e8db1,2,1,0,3
b297245f1c63245fc6023447b7d726f1adf16141,147,2,1,149
bc0d9fb65916bb87fa5272e94007a94a7ffdc569,30,3,0,33
c254e393ef78d2e98d428c81f63f015b6e30d805,216,6,1,222
30e29abe601bebbd5d4c513acaa73819eac59fe4,8,2,0,10
e62a2712210b16020b8f3e3c0de9578cb017909c,137,6,0,143
0929b4cdd1b3526824db551b6d7e1e5fe25aee52,30,2,1,32
5253c37088f32fb6f90161dfb6e78b4458fec8a7,10,1,0,11
e326311b86205119b9922510be53942420cd41c9,131,3,0,134
daa6d118396834135457d253cba0d6540b3cfa61,380,30,1,410
011c072196bc7959155a34f4ae9877abd676669f,77,2,1,79
ae77667671594afa4c8fbd673eb8ae21ae3420d9,193,4,2,197
3caf9ab0e64c91b1e7100400c54905639a2aef21,97,10,0,107
a8b5fe77fa0b22a4e94d52933059bfae92f05e97,29,1,0,30
8abe86b41ff74c1fc128ec4e70db4100f6ca1dd1,295,5,0,300
30dae4be8a5e7accb7684da893aab08d59abee8d,10,1,0,11
14f3246b5500a8009de999987f7913dddd910919,2,1,0,3
cf460aa8b39019910324fa28e77f8911cf2e06c6,317,11,3,328
e1a66512dcb9d8ac5bf6ef5d1454961fc6d997ad,65,4,1,69
4292356500870d960f016267660392550879c28d,132,66,0,198
e26a29ea1491139149157d37c71f24635626d91b,2900,70,32,2970
41ef4502509c10dac8242b288625348663418904,4,1,0,5
5df3fb46d390629c1ce3d71c5f6ad13c92118d0a,68,2,0,70
a8411c02d92b10af462592f49e7b10c0c2cb8f76,32,6,2,38
b1b070f68dce37605a705b25834f0f5579a3b3be,241,2,0,243
49196ec7dfb63f7444ae5128183ce209f247456b,232,5,2,237
fef4e64ed71a7e9e76ac9f0ed4d7adc76d117726,3349,15,1,3364
086a93634012d99b3e22cef6525694756586c0f2,137393,51,0,137444
7fb47f062d022fd95319a984aec2c1155cbe77d4,13,1,0,14
949083d8b4903cd187660aaba5d0dd55bf7c85d0,63,2,0,65
70a13354609af420f1c3c2f8e9bb6b00bb50c0c6,178,9,3,187
2bb8e0be7cb6a1ede9da27033232efebc8bafc79,29,10,0,39
0db63aac803bd98bb1a32ada61be5f500c4caf35,172,9,2,181
d9c0790a464eaf2575a2b7225827af36f4b0cd25,268,11,2,279
e1236429a709b5af3012bc92f51cc4fbcb12741d,236,12,7,248
7990712fd974b4bf1f5089d834908e09031b1eb9,143,13,1,156
60abbcc7a51b7a2eac82560d99bf8b1228c2a544,645,14,1,659
fa514773508fd6e188d74ae63c597b4ff01c1401,2,1,0,3
987ebc0d0e7c2575be87af5a02d413945a86aece,397,5,1,402
2306298930e79a388b1a2c560477c45b59bc6220,84,1,0,85
cf017f1c63de8703a71dcaaab4506ffee0672950,1055,8,1,1063
47eff886cd0a130cbff9566175f7ec36ea7792e0,234,3,2,237
f6cb672980ebc1c3ba172ba93d3db974b54c617b,753,23,2,776
9bcbef80ccfb9ae4379f3909c012317ea9cf0921,165,6,2,171
a96e36eecd2a993c32090622f0f1b01d24b2230f,25,1,0,26
09c138503bf6a408bd3efe4b35e0ad89ffbe9a78,26,4,0,30
1b94818311f706e97aa4eb235e5def9de2c09562,109,9,0,118
bc07eb8e7fa1ea4ef26ebbcd1a2ce2087a3058e4,306,24,0,330
1847a445145b5ae1909557f059833d7bfc1499ed,15,3,0,18
4226ea05054fe980a94815ced33dced46545024f,31,1,0,32
3dce80838e05ff60311411bb26b8688dd932d7c8,1248,91,0,1339
3501b869c7ece2ddd088daf34c68a15ad6740a3a,1626,21,6,1647
a433cbb6e98a66a1aa2a3f895c17362bc1a01c4f,14,1,0,15
be9b7d623146429d00c138c1f7fbaebf1fc0c86e,639,13,0,652
5b18145a721fe23f5e55e2463336db58169bd90e,516,19,8,535
55309f2f79ad33b82ad1648bdb113ee81c60ac46,229,13,7,242
2a3a171af3edc8252e3fbd803c8d563e433c7e53,66,2,1,68
16ab9c1945f7ac868f88c97070c4fb4b909f6ba3,83,2,0,85
e0902c19ff82969ef0dca26bef5147dad24eee27,3,3,0,6
4964a566312d2da686f869a097859fe41de70d2d,34,1,0,35
272a19992d561cff939fc6a3fe154a4456a2361c,96,2,1,98
c0f237b3440124a5fb8334cbd70e66db6d5732a9,21,2,1,23
e6655dd9d417b46db032e8079691d9201ca59edb,132,1,0,133
7cccc5e92a1977069b92c5250750178b384473b2,26,3,1,29
e1441474f18b2de4d9b66ae3b1bb768830b92776,117,2,0,119
c5095c41644f64d5dde080e4ed9b67336f63831a,8,1,0,9
46b0c468ef1fa994acd7ea160891b427c4ea4dae,2,1,0,3
aa5d65fccf87623970d2c5bdae8019d5d09c6ae7,1118,31,6,1149
b7cda012e14041b07dd6d84f5732be15dae54095,2,1,0,3
1b5de109c8b7a31673b2a660467dda7a9240d170,36,2,1,38
9ed9f219dbb81b14e937654cc7b9c2e82190fc90,78,1,0,79
ff264a39990a456c7334fee7fbf388385c4553a5,389,21,5,410
1748be4f82a57ed2cea8ff35d4dd3fbabdb5750e,254,12,3,266
8ce30621abda3458be22cf547220351ac2bd9037,30,1,1,31
e686b6aa323359645be838e9a1ee8301a72e0a18,41,2,1,43
44b803ae8e3eee5cc191793b1ab4c35a682c6151,300,14,3,314
e1cb8c17453e60269e0de2bcaadebbe09aed4b06,2,1,0,3
17ff44e127fcbd6eadbec51c7007411f38783ee1,27,2,1,29
82de30dd894a8495ded8a4ddbe240846241a5f3b,200,2,1,202
b1cc3e397d456d6882fc55bf31be437727a56f69,17,1,0,18
1f93870ad3f80363a480f166393f0de2bc9af125,28,3,1,31
ce017c00d406cdb56c712d85e4010babd90772a0,82,2,1,84
b16cdece2408f926e927db855b45396d8fcc739e,178,5,2,183
0e2486329eacaf273cd59e8cbc7277fbfaeceedf,22,4,0,26
572d56d24e4eff3e461fc33a6a95d3eab54568e0,88,14,0,102
cf8fd93759ebfc521141190196922aa26787c7e1,388,11,4,399
9ead3ff5bc2191e94f94f8847577355904a3709c,6,2,0,8
d78682e291ed8d9fc18bc0c40745155c67a5b977,8,1,0,9
81e1143f39b7463443e4b59d0a9512c3651824a0,58,11,2,69
c642db066608769ea3131572945883b0b0e7b780,11,1,0,12
15988f6016d36df5ab5f9eebd0bb05bb91a4e7a3,67,4,1,71
e08e66c3991b40f0d95c48b9436b97d406fa3311,10,1,0,11
54a1ca01b58912ea4b4b214ca37a0084880a0fe7,17,1,0,18
82140f1177a36687e6a32e2e9571f5660b07fce0,156,3,1,159
dcffc6dea1455ff76c1aafbacd8c0cc2bc65bb39,71,2,1,73
ae1681273c4929587729d71c6dc9526c62ca1fcc,34,1,1,35
5308cf0607054bc0a0d40c7849a08eb5cc2784c4,5,2,0,7
5bfb00818da767a31bf8f0c7a9dd4976e99c74db,121,7,1,128
196b42ba2ae935b575c0d83e77cdde0a0f360f19,13,2,2,15
9b39d9484a0cd21a69f6207c5e5a576d7444dd0c,247,3,2,250
38acdc6d29229a74235a86ea6b7dd7603ca35bf9,482,8,7,490
cb29d3c27087ffe11e3918b3b87fa39c458c5c5f,32,28,0,60
c3cb5c0051040b9368d234c0890f43febc2e4e12,66,1,1,67
e0a1f621b37b6e362dfdb5b7b4c63b72d134f01c,55,9,1,64
1d0303ce55d17ce4157520bee254b70c8f600b07,16,2,0,18
f26faa49e4966a1e22e1f366e81807607f8c422c,74,6,1,80
af310b30f9e6af1070430947bc8bca352ce918bc,340,9,1,349
78fc66b27c6b36f19b225a4828f7bd3cb646ddba,396,12,2,408
873992f93d350ded958e20856ae455da89f990be,90,5,0,95
0bb84ae19fb29dc3e72737bfb52e580895b89d7f,294,7,0,301
312808c651862af6ced30950868147b72fcc6f35,10,1,0,11
3329d8396e287755afbc3e88b8d0971ff488472b,131,5,1,136
fb656c5f2373ed286a4c8dea3520b6a0f1800ddd,560,49,45,609
7ed9aa33695e6e8a6735145b2372c162ffadd97a,32,1,0,33
c96221f697ab9347a1e5dbf145a9d6d660c53d62,949,30,9,979
87996d2d4e2da1868284b03b0ade97cab477c8f6,75,6,2,81
d1021dfd60911c57fe124e6882ebcd51bcc012ed,50,15,0,65
873d76e9a216cb496168eb62f02fc1ed849b7ebb,115,3,2,118
13c2901978c7a6a7bab46afbce2b09c13a0b05e2,25,2,0,27
24dba83421059ce54a762cb7b4211154ef94c42b,12,2,0,14
a0964ecba465b47a910ddfda84d0812faec22d7a,48,2,0,50
52d16f76685929eb46d001f0a435beca204da6cb,479,5,3,484
24af80d3bccdb4c2b86cae392ea022b824db1c1a,30,1,1,31
3a9f95f4697eb5ec666a44975d68299700e26d83,17,1,0,18
17ffa3e305b0b4da652ba3915ec9c2db65d66b06,88,4,0,92
cdd16fef4d6bff6a7caec3d997c0a45190bd0ff3,9,1,0,10
169aba9fc9dded326c1ed9cb31cd7ad6e1752089,419,3,1,422
10055ffc3914a5a70152f439c30de2ea6830f6d6,2,1,0,3
7124a035e03ea7b10a17caa7ddccec0e80e634c1,6,1,1,7
884dbdbb6e2242f65f9b1614bf96e304e7acd5de,42,1,1,43
314cc03de9b3954c7b9dccffe92a58c5b1525fac,24,2,0,26
ad0d2b173a67ac19bc39120179f48192c80520e4,1065,13,3,1078
876e58dcc5e4a4c8639bdeff22fda55d9f12f3ef,371,27,7,398
1b7cb166de34f18c9a170cd74934162b3ea103b0,906,21,5,927
0174c715358992eeda2c2824e4824515bd1072bd,93,9,2,102
bfa03fe387ab3345bc34a06f623590411aaad836,4,1,0,5
cedac51f2950e75a585297250157cc6ae5a969e1,33,18,1,51
2eacd30295011e9a1b6664f904cd104a67bb7610,14,2,0,16
16989370cec5dba847984022412844e7f196b507,24,2,0,26
aff30d63806657544d3aa6d580a679d415231ee9,381,2,0,383
1e04c8a095d916c0a473ece7186c668b996eb302,327,6,0,333
d7d504b7f6ec10ed2b96a9442420d5967bfd2f83,87,2,1,89
7873b7bb90950f0eebcbde9d24eef732261d3050,10,1,0,11
e826a23ab419cdd04e5a95bca5918fc953a62595,2389,24,9,2413
6fbbc6833ee1745590569ba26490fe4375575594,4,2,0,6
cf939ac0babbfcfd54514517cf9fe877006b02ff,201,4,1,205
36be75f1dd9525e844a4a2bbd545ea84b54bd609,244,5,0,249
104cc6e5cbdac85d1b9c5693b0fe845fc5d4ec99,153,1,0,154
14554498003dcbdefda6844897eba83840a136a2,40,8,0,48
a5b3483a838839e606b251f2bb6e0d0b22f75a93,73,3,3,76
cd79884ce9fe11d6775f7a4b5fc4245de2777ceb,34,3,0,37
b836e868895b55d8fbb01d5f95c1164ac458f4be,30,3,0,33
51335a2db1720ac18da8818a4b565b557a0c667b,14,4,2,18
7247da84bcb51c49c8e45354d3e9c2ec05e3e8df,74,4,1,78
d8315c6025fbe963a9c01c08e0b021e54ae318d9,71,4,0,75
9378b0661203656947dcade9b44aa1c19b3dba39,6,1,0,7
d1222e7de147c313b2a65998326dd2c632b3275d,321,9,3,330
bd86e7bdc6df22846207b9f496ccab703e0ad462,1667,24,7,1691
5ecbb0a5ac62e5d33e2674c9fb3fa7b45ebad82f,4,1,1,5
0cf091a7ef822470fd2c0195a926b35e8cddcf72,1410,25,4,1435
26224cfbf1d88165dc7a19839404362ad0e39b42,88,4,0,92
0d08316dbfecd3e5ec90800d0f494929d28a27c2,9,3,1,12
54b74803e467c42176a406ac4b65ab6c74643693,490,13,3,503
86d3c44a7c4440f0cb8def40bd178bf3fa8e56d9,203,3,2,206
11080361105665dd0623edbf7f5e04327bcb69bc,16,3,2,19
eca8a7270ebae8a3e1e0bf3ed2f21eed66ad0364,4,1,0,5
229ce867d27fdc1a08e34114f02541eb16352939,21,2,0,23
08a3083b6a6242abd8e865b81a0ddc2c6dcdb340,13,1,0,14
996f0606151b2654a66f67f1661a417fc9153f97,440,10,0,450
226087f29c4badf4aff066acedea2a3b8f91c811,193,2,1,195
ecac6c9376e44d355b9363a0a9b6c2cd59d142ea,2124,25,3,2149
9f0d5946da3c500680c8833466e3a41274aadd7c,99,5,1,104
88edfd49cc27042ae923e053cd47f1bec7fb5663,547,10,1,557
025038a5e97686ca1a8ab3847a96e36f51075da7,2,1,0,3
81668426069df5ddb5ac03b27d050adb94de4525,251,12,1,263
7051e4634bd1fa471f9c7565a8c86171825358cc,4,1,1,5
8c8771041d043fab30f37877daf3bb9fc600f535,87,1,1,88
25b1fcbcf0a8003b63af8e59bda109a89dae490d,11,1,0,12
d0426826ffa3e39ab098f7300f7840e645328462,7,1,0,8
0dd7e8a4c01a0aa3ebc9d263a608aed1f2baaa5d,65,5,0,70
60d34daf17f72b32a193a221756d5b72168c6e00,48,5,0,53
70ac4b63a932c5ad724be4faab027ac3652e56ad,1305,24,6,1329
deab1a821ba30eba17fc7b8b44b4b6e8225f9fbd,6,2,1,8
f1c36f1f97541333f124e2a8a177ca458f82d0f1,17,4,0,21
2dca1411fbe76ff56ec04d7c4222cd879c7aec51,21,4,1,25
be74dc1429e4a72c2d51946167c281f039b60165,10,1,0,11
f232a5fae2a1345610744e6c76c7e7fbb5712e72,2,1,0,3
712c3e438b0d9c031ab68c8fbe12f2629434ddbc,5,1,0,6
d9f618480c47b4eb69e4ef541a2a84acea084d81,2,1,0,3
649477a3bec808ab47a1df14a553434d51893bb1,2,1,0,3
91bba4863817b444779a9614a7430c8eb7ed5855,156,9,2,165
c3f7b6db7a0397903bee63f8b9a0752540dd56f5,13,2,0,15
736829cdda01435be80a8b4286a3f8128a1ec18e,288,5,2,293
06631660cb0d7499fab2ad356a43e20a83232fe5,730,10,4,740
d6f22ac976302a6360bd3dd64230b31881cc4c00,13,1,0,14
8feec414cbe10d97573740b73cd61715931f05da,20,3,0,23
5d58102d0ac7366d578ea1012ec125379ef70e7c,1,1,0,2
6853991193b296a964b30564b62c8ad5071aeed4,10,2,0,12
ce25936323c090df54aca9ffec6c682432d64e1d,266,14,14,280
8c870b7655f96f921e3a260068fd9a7abc143d81,24,1,0,25
60edf49db60b2e0a7c68e5b173c6d0197f34c40c,31,1,0,32
9022eaec2b906855655a988d808c9611580d331f,2,1,0,3
22f41716fddfeb10014a93ecfb13b863af57d665,2,1,0,3
8e8bd328a6b13ac29cae44a3014181febb343c64,74,11,1,85
55f29fe04dc7ed0ff18737fcec5b272969d6aba1,41,3,0,44
86735ce1cc6eca1d988e0c950f313b51b541fa02,78,3,0,81
2e37f2c837dd736ef94b0af4bc3f0d800f279f97,1615,12,1,1627
0d937913fff8f0cf2dcc9491eb0c934f6d7fc57f,2,1,0,3
c97cff3823290abe4e90f3327f6bd3e91d942deb,1,1,0,2
b4774c256701298048ab9964ba0e38b2d5ec5b54,21,3,0,24
e597f38bea93595e7921abbdfa354b05962df9e0,14,2,0,16
9da03b47cdf5426338b01cc0c7edca278809df6e,574,24,7,598
abad6c8d26f7f3d2d43b6fc6dd5692a7952ce77a,15,4,1,19
d240975d190295b720810bbc3eed0fbbf1ff3564,102,4,2,106
7b0eb2951c5d287b298fbe4fafaa26ad9d3a3f8a,54,6,2,60
9069fe294c8e149d3b3379c11be1efb026ff7a99,11,1,0,12
8d49b112c203e6e6f46ee9f4142cfd1616fc6470,3,1,0,4
168d630a05126922a658f3543d0595b06ec5bd04,80,1,1,81
03a9ec73cd8faee5d6b0a27f09c78cbbc9e75eb5,140,2,0,142
403790b88f9e2f1f92adec903ec0d2ea572406b7,280,18,0,298
fee11d6dc5678600c021a5993ead4b9c5102c76c,41,2,1,43
53e80331a4e8cb1593e01b8133a6d90aa39cef22,93,11,0,104
cf41a0e5c76b1f9c33a5fa7a3ac362b52bee968c,262,4,2,266
bbeb1dac1ab8b5e1aa91621a3c38a04a234cb830,32,4,0,36
18639b94438f87a1da4a8a36256a2a672e4cc8b4,9,2,0,11
ee4b834e5fc718da3675a7c211015df0a8ea9250,18,1,0,19
37ee8f6414179727f7c57ccad30fb7fd616c5952,181,7,1,188
5904df3a1404b0e8ab3f608db8ef37c0a1c6727d,115,2,1,117
baea4a20dfa0fb56e545078c7fa11e01a478e681,1002,13,4,1015
6638d4edcbf61a8078f4a1c2e4be36cc428cc239,13,1,0,14
d177866527e3af3b8cdd350ac6b0762edc99b43a,179,12,2,191
8f69299aefcd41b834e8671ebc55b0eaf4ea2834,48,9,1,57
00cf7a829540814e4623e77f5cc1f4540520e411,216,22,6,238
06b58d4dcd723923f7fb61593115b6b44114edd0,71,15,4,86
45f186903e0d35304fb764ccb5f1423839d3276b,478,15,1,493
8961e5460f017c852bf3716a1e9fe411810abe1d,1,1,0,2
9092244e0be9f27158320c987833bdb3b6179bdd,21,2,1,23
b5e982333daf7ad2f59fe9c534d8413c0f33ff58,183,5,3,188
e3f2777e365a094a84e47b4379e7e23410c42206,245,18,7,263
49faa9424a96c6519c741843b461ff510b7efe4a,6,1,0,7
fc2395a29c4880885f915b35fa4fcf5c7f1864e4,50,1,1,51
3e2aa44535ec3ca857ae82eb972443dc58f6f4d4,11,4,0,15
972b555cc5609a88002ac2c4501ece247b51cebe,64,3,1,67
aac489864b60912e9f5c88632aa5a108567a1a92,50,1,0,51
330938fe4c5c331f98dc62658ca5f467a5621ca7,22,7,1,29
40ede67d76482fbbb2b1644f6581f1c9f12ae49b,4,2,0,6
b92e4da2a03164d496a957bf28e5d47eb853bb0f,2,1,0,3
a40ed04bac07d44dadeafe79294e1b0b50c6d006,6,3,0,9
a986dd15368c0554902c6cca571d0b60a084b547,1,1,0,2
73d82ec6660dd5195bf4b2f07c06fbd1a9c5e96c,283,9,0,292
10afb1a89d9995d6b5a06ec520b4d351e1d74c5f,372,5,0,377
bb52625f8a1751b054c1344c5561bcba130c2daf,188,7,2,195
2beb9a4938d7d7c9481fd2546075e2a2475fe0ec,2,1,0,3
b38bd9fb34aa06e53e11f540c1315306d023a9c5,1,1,0,2
610c36afb6d64c533e613be5fa4eeb0a861503ae,20,1,0,21
f30fdee7ba5843251485d54aa121281ae03330e1,1086,12,0,1098
0dd2522afdaa6747fc8285b4288258cf26e7d04e,39,2,0,41
b2b802a427d9ad2d79857e3f3294ee7f28efe1d4,2,1,0,3
e26404ca54be7bf6e3eb3060d98d540d4a3e9b00,2,1,0,3
b685a2e3180959334505d92616e08cd23f3a07cc,2,1,0,3
53883aedb5155a7fce7a4acad5547c95724e6dc4,33,1,0,34
5f22d16086fe0999fe09d2c41cd54da8fff6d4d2,1,1,0,2
7217bb9d16b60074c1e9a9df72984556a7c8dbd5,19,1,0,20
62abf1fb222e901f658c067bcda410dc44520c4e,16,3,3,19
6d1b0609c508c254d808fe39335d6449e4744bc5,65,4,1,69
88fe079ecd375dcd48ee88a942616566f45290b4,20,1,0,21
45f7d44dc9b4d43752235c8f6a3b2c656c805efd,2,1,0,3
5f601bcc01b2509da395fdb726f6b289a49ea2b9,2,1,0,3
1ab9e62b6d1908dda598eaaff9f6a2d8cc5a7b65,34,4,0,38
71e9c2cd251f14ead5e46ff81e1f20557eba9536,63,1,0,64
11151e6df6cef1da499f6fc9ee058480432487ea,2,1,0,3
41d1a1216045fc0e1b40b9356cc996c35de34016,2,1,0,3
09da0eac748d15dee53449c517e83c862dc238b6,1055,19,1,1074
1d8f2b6366f44f183f2fe3c700a2c897f103b4a5,10,2,0,12
8c604f835496b15707ad976e8a88ecd48544fd6b,242,1,1,243
8d93a169a19bc9a9b4f093e4c25c1700684640a1,2,1,0,3
968c0a3d2ab6a13985ec311c702d50829d3685ed,2,1,0,3
0cb43eb4998b85dde1059e42f28ca56363d31433,2,1,0,3
c1fdb66ae8f8a0127e90f029739abc23229abe11,309,17,5,326
244c947fdd90f194ed0b7b3b12a86d7805a34675,5,1,1,6
6aecd4164189d9840011f4cf6344b4e5d44a3c00,56,2,1,58
f7f82608e098b26f2d241627d8a0a811cd8f5fe8,527,13,2,540
32db50016011bc64b9548438e9d1df0e266e27a0,161,6,1,167
8e84fc3fc50deeb3a05b24c09732c4116ad3979d,394,13,3,407
54e828ad14ef411e903c3a31a63cfde55d38c006,2,1,0,3
f435f4c7e4df41ab4b44d8602818dd02a374af1a,2,1,0,3
61556af200a53097133de45a701a2890ac83f662,90,1,1,91
35748a013b486b3526f7f6d53e6e1bee930c6e6a,1055,23,9,1078
2c88c4f74d9e74984b284298b76a855f42e7cc61,27,2,2,29
31c5aaec0adee06a03db9e0e54adfc1fce4ed1c4,2,1,0,3
e4d3a8dde8df8be8fcc3ae20c96ec6d004dd7933,2,1,0,3
22403e567510fabf6016f01865721bea324ac21c,220,7,0,227
b3af476b8314f7201e00c2ccd94ad720634f9f8a,20,2,1,22
95d4950dab166373ed9ec58555435852e5f2ffeb,156,3,1,159
5c8f43ead1912b4f78a3ec91630fbeb0073698ab,2,1,0,3
2c05f8dca9db402de904c044264d54cc76858238,100,2,1,102
06e91c13a11c5a07939adf326de28e95e39f4596,49,3,1,52
05be5cfd9ade65d2785a412f6b0692f7ba0c0eb6,18,2,1,20
f79b618141e07c140663791959d96956ad91d811,5,1,0,6
97f8f5f6cba4da2a91202c94d707e2e97b111827,7,1,0,8
a37ced6ec998aa771a71e6eba7624942b66d34b4,232,2,0,234
bfd7dce57e84bb7a3e2a7c349b0f44fa54305e61,8,1,0,9
6fe2d25c21fdc9b8364b6e594d96b78e907717e6,240,6,2,246
d654cc9db2c8561d8b7856c316c6a00c73cc7ff5,1520,23,7,1543
3bd74b36e4fad0ba35579854339a07d86f5bebd5,688,29,4,717
37270f749c9ac3fcd652bb97162c84e0a3d38543,18,1,0,19
c57117a7503aa2fd0b9a7d3bd2de19f92d49ad9b,100,3,0,103
b9ed378355acc5313ebc1031510671f7045f29a9,101,21,6,122
88fcd0e4ee9853520f225e76c0775d7cdd24125e,6,1,0,7
cc7e7a8b869c3d04c15ce8c5b14c0c18b0d83fe1,1007,6,1,1013
d7c76b9fbb5a659da0da6276c6d9833ba1894e0d,61,3,1,64
fe072c63bd61a1fe092c68e15bc11fee03f15911,2,1,0,3
b131f89461c94d7560ca06085c9209f15ac63e7f,146,4,1,150
69fbeeffe6fed5b89eb60d994603330ed8c75385,218,3,1,221
9497f06cbab4817d78714d2fc19b3e67eaa18ee0,8,1,0,9
6d19f4a3b4738165297ef0788eb7802485bda223,4,2,0,6
12beff75df74985b8e67661db0e3317fbc296402,2,1,0,3
d7e2e7834c137f21a2944d9c6626a64787b2bdc5,10,1,0,11
9d779b4757e48d06b302bfb5dfa05a50044e79e1,0,0,0,0
96c2f3dd9dbfc1c7b7d8daa0ad7c2a9c66ce6cc0,18,2,1,20
b25f7cf6c165d9de39d79e86894235fca359adab,10,1,0,11
67cdb27721aa156882d8e39cf18b317bb27c92bc,154,12,4,166
559623054b0cb9f7a6730db2b85479266542f2ee,2,1,0,3
49d0ff01a4bce5a9fee3b15d40b0eb803fc11b64,886,3,1,889
a9e319964f642ff86f2c4a6122058bb033a2475a,652,12,5,664
9013e724a724329cff5480382945a9936e6a556c,48,4,0,52
49804a4f56a1ae87b5ef882dbf6373ac8190ee84,305,11,3,316
