hash,lines,files,num_test_files,commit_size
ec716cf6e8725dc456db42d11a1972aa78d9de91,10,2,0,12
d512bdeb12010d94f47b464d2e424d3ae03fa7d0,24,1,0,25
d55722b80cec76fc6df316ebbfac7751b2747c7d,11,1,0,12
e02e99d88265d12abf1d7109d5d799bdcba7f64f,14,1,0,15
c20fd6454e5733628ead3f129c7e803c1ead5b94,1377,22,3,1399
99109eebb2e31be24764d41b22bb71ae4e08c19d,30,1,0,31
6ec449856d9d4191a6aa510dae57d035ae72ab5d,5,1,0,6
e9d9d024801ecaae642da650dfbb802486e87f67,254,21,3,275
a8208011ea59384745ce3e55e97b880ff0ecb89d,171,1,0,172
38ba994ef9716eb0f7caabe6be68e20275a63646,65,2,0,67
8ac50786a59707d001a43ea63a68da16deb84be4,24,1,0,25
d0845d8363b4612a9283958b3781f8b00b6b25ed,64,1,0,65
a7a63973641bfce2c517828f579a4021a8fd660d,317,6,0,323
ad00bcaf60fe5b9e1c5ef582bc48443a243c2f07,228,3,0,231
5547d6aa180baa6474eec7eb337beb59b5592055,3,1,0,4
9f99267665c91d75e0d9c18e4afe1b7386fd8dd4,5,1,0,6
1e078b23dc0cf8c830033599e7c04d75727abe7d,70,1,0,71
63c66cd05636b510194b36fe909d916fbdde17bf,105,1,0,106
c26e512a55da1a0decdaae3ce270cea5df94650a,109,6,0,115
0d78ff0bd687b37711405963bd36e3ae02e4f520,206,29,3,235
0537aead6d93b0c5afd880c62671a18536e866ad,15,2,0,17
8736fb21e67360266ec2a43d5db772ca2596b40a,80,2,1,82
2f93c5974bc255bbc8a0fedbc0f398c69e50273a,385,8,1,393
e24285ec74826f068ca3e23785e226d0f99bac2f,93,2,0,95
5c3d83b86a17d9b9fd86959028427ca3c2b50020,1477,33,3,1510
c4c126b3bb60ab740109f65d64358cdd96878922,374,12,1,386
3a49b62b9452f86a594c91a35d5fb3ec2a032adf,44,2,0,46
2875857e671dfe0920df87a78577e76bcf1fae84,24,2,0,26
28a861a20a0278069f5cb32dc8e7bf4572c560f6,4,1,0,5
e552ac2092bb84e68fb771bd450c28905fb683c0,228,9,1,237
5e5b8c419e7cc0829e81c2168c116e27705f785b,66,1,1,67
4e4436b6c047e169ec05d174d2a5ac8059ae8eb0,2,1,0,3
e00a264ce88b000295b4b8e6a429c9f112790b13,111,5,1,116
f5c75487652a894f0a0ff9d7cc4893d7c4985213,390,10,1,400
cd52a5c611048ef0d635b690a1d068a02d5de39b,94,2,1,96
ffa6c37fe8bcfcbc55cf241ed5a75384d8229663,582,14,2,596
f5516068edaef12dac536e375b25b687633e2474,283,6,1,289
a781de31afc34db6a09e6c8b60ea28ff171eb93a,446,13,0,459
c67f3dfc9fc71baf432ee7f488b99eaed0d384eb,80,7,0,87
09a97a410ac5e94485fe32272e276b1c95de9d19,429,16,4,445
c3fff5e89e00c588f906135b88fbd30e63e89447,36,3,0,39
2e24719be67f1d671d35eaa79eebbccd6df7bca9,1,1,0,2
b6a2034476c3753bb514e2e96cf604ef96e6f614,816,15,0,831
5a84fe4385d3bfb3902227d44b0843d30873438b,21,1,0,22
17c9e77910866d406acf0d6957c64eeed43f68af,107,8,4,115
2d7ee43b69f30f6f0ffb02d7d0b037e316b5e842,5,1,0,6
80b4f73fa4f5a7adb53eaf5abc41e4586437be8d,11,1,0,12
0f48808a4a501d5b86bf32708768bd629edc7fba,372,14,2,386
05369fdb6c558d1f1348165db5c2c34df40bef60,2319,38,5,2357
9bd3409da4b724276e56a3da0dc230ff02b3fa3f,36,1,1,37
8234e63e89878455a55798e3bd65334a1d810da9,239,1,0,240
ef9fea6e884971d0853585f294ad91aafd369578,1,1,0,2
555cec4fc75c6d2d62450afbe7e3d45ebe2e07b3,104,2,1,106
d5c31bb03d941f15ea5ddef52f9979d56139d366,2038,31,0,2069
d7d3da4df45c5a3be0f77d7732af316724ee5df0,775,12,2,787
835121ab3fab6195fd93aa84135c9ce60498da32,489,8,2,497
96c792c295a4bd9ce6cfd0d46f6512b1446b5000,18,3,0,21
98bc5f32c42b047e6d5f92c044eac7c631abf124,543,8,2,551
a5d05b423f1ff5aec90bde97832cbc961f4ddce5,2,1,1,3
59dde9ac687aa547f54df1a3ea8abddb8c1ba835,18,4,3,22
a69567ea6642378b00f61f74c737907b422ba4ac,76,1,0,77
abff7dc3198808463694088ae2bc5f4f2bea5e6d,74,19,4,93
b0862c7aaa62be216c2a0ea79e3462c24fc88b7e,28,9,3,37
106c998511a818f491bb93b689e71f52d9957aba,360,8,0,368
d7088d7ce2d3a1dfabbff510c25a4cb91113f157,63,2,0,65
b0592b95c865243469d6218f9b78efc2ec83c4f0,2,1,0,3
92b6fa9f4c8319b489c7393c1a329841e7df025e,24,3,2,27
a5830373b7ddf41478bad1f0343915dba69840c7,39178,21,0,39199
b6f2779ff1c9f31304180d8552cebc08c14e07e3,181785,266,0,182051
fd79b9851ed561c1338faec430546b752f12b782,593,10,2,603
116d0d77f14924bee0742ec4e21e2291e4cb3aaf,79,5,0,84
7b701d3e6b99e130c79cfe5533e2939f9c077661,255,5,1,260
53ca847d30f967aeff38edd6e5afda137f6bb695,133,5,0,138
8136b854528551914aded14cc9aeb23a464058e5,321,7,0,328
fac8161378ef1fb7d40a5ec168ee4fbe2d9a63d9,72,4,0,76
32f3bbb6101f1f09c120c03e889e5b57e19cf89f,134,5,0,139
470824fdac1cf2a1e7bd76a9de9d830a21fa0a5e,279,10,0,289
3b63bdbc93ee64ad33e586a8f4e9c8ab19643ac7,259,8,0,267
0472fd7b9b8e5a40172eed867670e119b26dfe89,205,7,1,212
6618016221d311ba64be2b6f52591d28cc6c1c08,161,8,0,169
4723c2ac9c11f5aa676e7e9da80f2c5f80acb16a,8,2,1,10
3f72ce255da54e4d984781fabc48031d7764ba90,11,1,0,12
8132ac66a0fee76802063408c2c5418f1ee92bf3,27,2,0,29
ce992ee77ec8b0d2903c56851126bb1ff5bfb7b6,4,1,0,5
7cfc5288f4ddc7734658859f57ae5ca5d36f0067,261,9,3,270
bd7a40af1ffa165eb2582a3d62685cec589e36bc,182,5,2,187
03c506cc987cad8a867fd1cb5eed69739ad26494,3,1,0,4
73097e835f5f8374cecc16202ac78b155ec76a76,21,1,0,22
3be19a41633a0938ce935e3c976c907fce56082d,79,5,0,84
5dd41b67366ccb75dd0fb7010819ca6e4b131e26,71,2,0,73
5e0cb282929c73c145cac00b10cb9e98c7a2e1fa,1219,1,1,1220
8db09681097832129e72aac943d55f917b953814,542,19,3,561
4540fb9893764cfdc729695cadfc9ae245058d9b,1,1,0,2
5fdfcb30ac69343d699fae9f58876511aba7e051,103,6,2,109
a6346843078c9add336f198beb21bb00c886b26f,1469,15,4,1484
9de1b90a311b06e03996daea116f0cbd906f951f,71,4,0,75
c30890239c613546047bd0d06c6ea17105bf260f,187,15,3,202
9a7199c869753d1dda175ccf8da7d1b9efb6f6c8,35,1,0,36
f9194a51b58174b8486cb22116e702755ea60afe,36,2,0,38
d5b7216c9fd06d73c119cbc23710e3e538d92bc1,102,6,0,108
df7a3858ad404abf727eb43a0a2d8290aa98550a,23,1,0,24
47c3ae4a10d03800e4316ce72782d34be4b948db,1,1,0,2
11ab174f3952c7191fe98721b1343370302ea12e,267,5,0,272
e27f86e08289e3717990ebd80379f201052c0a97,66,7,0,73
35103ae312cf71aa78e3d483f5a9c72b5850e53e,243,3,0,246
674ba6bf276689f390cb1cd4c7508afa03ab7662,14,5,0,19
3a22f67fd76fc9f3162de68ecc755dcf5c0b1e8d,278,7,0,285
76217043310ada918fb551dec1a2d22a55668923,2,1,0,3
2865ce9404bfa599526acf7fbedf3593da614ab1,28,1,1,29
eb1b636a64558cb10c910d41291f27657fd7710c,275,8,3,283
1da118ec6e664ad589a9df87cdd8e0562335c83c,1337,7,0,1344
0a64acc534353179068e19a2e1b934b4f4ef122f,127,5,3,132
2071abd441eaf224eed210da575c47fd0fbd0ebf,17,2,0,19
4543ef6a31a1abe5b1abacb76f6978bb69da9f01,1299,3,1,1302
1b7a6a8418757c1ca61911a679406d911ee14c8c,45,2,0,47
17f3899695708fead4de3d04d7b1c8f5b1809d25,13,1,0,14
c288a74dd6f8e72114a6efea81574dc0876482a0,10,2,0,12
a32c3e35110389e835a6e97103295111392a731c,4,2,0,6
8f476152019566ede0c5b5533d929bc044627ad3,46,1,0,47
bdeccf154315bc8f2925d7b4983d843785dfd39b,44,2,0,46
bf036d8613933bf33137852c5ef97ee33ade8261,2,1,0,3
00775ed4a10eb34659dd02c1372655ea9b482592,7,1,0,8
27748281918d5d708fb823a5a2991eae08dfd196,12,5,0,17
f5b4175f2e090cff520c5b7f69679c968a718133,12,5,0,17
74850964a93ae07e0cbda90a35dd1303bb98a50a,14,5,0,19
678af4d690dd0e654d890a5d6b9e7b4c820704e2,4,1,0,5
7725fa1a24ffaa47962e50c85818cfb09aa65ef0,3,1,0,4
c66778b67ef775ca59424d6c71440962d50aa979,17,5,0,22
357a52bc77baab665a0ffdec166725c76ed788e7,33,5,0,38
8c042a4eb02e81a857926ba64e77511906d3873e,24,5,0,29
7eaba4c860ccd4e50f704a9da0cd1eed42587f02,59,2,0,61
6a2751f393f55873362628622ff302974931d9e0,24,5,0,29
21c71e350d79b9b29e1fc125c9dd192264a21f65,24,5,0,29
cffaf8a14dc0d1b886156fecb10c8d0616b429d7,40,3,3,43
43ee8dcb9522cb6adc38f7557014dc741f070ca6,24,5,0,29
c1b07beff6ef4457480a38ffe8c86d3c6f9c79a2,24,5,0,29
acaa41586f3f4bcdb94d25524725bb002a2bd75e,28,1,0,29
1f6683d89ebac44a936ca0ada5ad8fed1f4e3050,95,4,3,99
a3e8a98a17d409f75ca6badfc45f7e4e8af1e427,4,2,1,6
f61599d46a5024372d9f0cc4a3cba56a4df12b03,56,1,0,57
8605890e7993598cbf786bacd814f8c30b14a91c,848,7,3,855
6ad5ad2d326548f10552014c50c9e8f044d59f0f,5,2,0,7
7a72cacb8b9363a77437a1ec23999c7aed72c7de,116,5,4,121
8582b48048c2411dbe5b15a0f32e134d9698b57c,67,2,1,69
b6abc922e33134f834b6043f3d73e62034b01330,25,2,1,27
18ac12c8bb812ddf9dc3376a1661a6df52203a41,1,1,0,2
6b584c60e3aec75f34b90b7fe673fca72abfb5b0,141,4,0,145
8f2c3f2743be277d1de00b6f51ba34c35596d5fc,91,2,0,93
e7ea511a47f223be06bfaecb02112045d1111bd7,3,1,0,4
889037799aa3db7dfea7e7755c2232b2317ceaa8,117,7,2,124
20f3038dd80bfcc3adc5be062aa19426e7e2dc6e,91,2,0,93
1eae7f6bed89c9d5c37e0f73b35a5ad0ba2dd4e5,546,19,2,565
a1192bb2e7f6010869481a2ab0b2e14c4e314d42,8,1,0,9
107bd619d9b83b5923a01f9ced807c3625ec3f06,2,1,0,3
a5fcd1bc7a7a388632a2398b8449afef1674e299,10,3,2,13
18e351bf035021c54d1e0992bf0c6e21ed41fb2a,4,2,0,6
e3745935920e7e5ba60912ff3c6a7ea9acbb9972,2,1,0,3
c1a672a43b9db420bcd29f39ebd13b9703ae5f0f,4,1,0,5
a13fc9e368e4f85d8d79d4d7ed7a931a4300e187,10,1,0,11
fc4c4bc3c8f2c8afad8744c7841506e11cf7008e,15,2,0,17
f5af8a5646c6ced08cb882b6746de4172878d623,2,1,0,3
05d359e3dfdce7416497bb1492148a5313d9e79e,2,1,0,3
337c1d920ac23f2e5c9d832c14d764ee98859856,49,2,0,51
25781389fc74083fceeb96d1e928c5f3eb9a6133,1,1,0,2
bbe9aee389bcaaa961b3db6172280c15e8513aae,85,6,0,91
b42bbc022d270f86d21ce198a17b4166828c1d95,172,5,1,177
c9c3fde78824ba08a86f941ad2c99bc6c8348730,25,4,0,29
a4822ec6f8d113a99805e381bdc5b0f98bb2f9dd,1,1,0,2
761655040cb838893a330b23d561714cdefbc106,4,2,0,6
85e6995bcad23cd7d8bda5a515ada411c72a6aa7,213,8,0,221
4599c3c2cd13cc6a753b52e73ab93a3efb03f72c,7,1,0,8
d72aa37755a98e7a2f0653699da7907bc5566846,298,12,3,310
474f2c83fe7505b9e498ad634fb60cbbaf843c3a,15,1,0,16
579f29601c41c203f6ddafec2006f0895256a91b,7,2,0,9
abc3478f7eebddd5898a4e1986a7e380c3d5d9c2,513,11,1,524
b7a3102b76ef2578cbe7aca0e0f952b162aeb0c7,35,1,0,36
956cde84b2882485be20c65993d515228a4a3757,221,3,0,224
b336eeb8b1d304f4a93e190c077b1660eeb6fe0c,966,5,0,971
618864b56937fb826e76ad42ecfb7b254eb6dc06,19,1,0,20
a8e351de1bbe1183a0e9052cbccc4d36d118f66a,12,1,0,13
81ed9d971ea92466bb0df205f9393a0414868732,21,2,0,23
9df42bb31102e076b80892b2f5469a054d6a03d1,24,1,0,25
16140abdef61716fb3dbc39980e3f88b2afa0086,16,1,0,17
67c661bf3555b9bd95c62a40e76bf18278a90f05,12,1,0,13
f07af4bfafc7f1c511f980526111d1a3ae4a5f09,6,1,0,7
818cf66aae08d509e61c9b62e4600795c5a3a6c2,24,1,0,25
61dac8f54fd972c76d3d4d0dac88631029e82e75,8,1,0,9
fe9e9fa771464a14047c0220650e5f65adf1d81d,4,1,0,5
38d14fbf4633f2196351d2bb7563b1a767515d2d,4,1,0,5
17d564d3babaf5571c3739ef31444532934e7210,10,1,0,11
7fbebbb4854033ba6ab7405a3e2ed808c77080cb,2,1,0,3
aaff54df0f893587f7430dab1dc0638e58e5b691,4,1,0,5
6cca96d885fb561fbe00345eaa2ae0d62b1cf151,16,3,0,19
10cc81e873ea6706a02c2694c9a0ae32c87905fb,92,1,0,93
df5d95be71f935bcdebd54ee0d652a3968c9334a,1176,5,0,1181
e95f9c10a6f1be4ed81aa0d43e4ff54b0f6e4f88,206,15,0,221
5403b3bf32a4c307b03216fcf6a1149cf3e59d6d,185,2,0,187
51391e5cc389e127aa0d7a78a03491296ede394f,214,19,5,233
76f24941df8ed849f9934ec2fb82fbd5aad431d1,8,2,0,10
2f97ea8bddc765734702799ff6660c8b84a35133,188,6,1,194
55fd2ece98920afca9a5851684b8ef7bda16d414,18,1,0,19
713a83f2d4e11f1f97f5d37f52f78c5f2c9aab26,188,8,0,196
6cad5b50796b40d3dfee13644388a732f759e223,21,2,0,23
865aa63e9ac52ce42e697fd5f04d5c79a5e9eb2b,4,1,0,5
70b61334e2e0744463e4c25a9006bb6a70b490a4,2,1,0,3
4d1db1ac354bb8fbe7b7619ae9518f15c38f8643,2,1,0,3
5c6a5ea1dffa5f3b49bdc802df64c6cbdcd5e10a,611,16,5,627
8c9a07c74ac111a87acbee278c8bc58c97954f61,611,16,5,627
462e1d5fdae1e8528014b9449a57d0809e32b978,0,0,0,0
1d58f9837703418d51d08f357b3220d0b34422dd,2,1,0,3
7db6c929e04872ad90bfa8ea102b3a2646fb7044,4,1,0,5
7a9ffe9eb319fd5c3cc2d44052033486d596f2e5,2,1,0,3
4a1eb71961c2d6cd21b63e403eb4e1efa85bdcb8,2,1,0,3
46723464c2683d8feed545e8157f13289da4112c,96,3,1,99
65357480e17971a1978a32d00f9970b0a2131815,2,1,0,3
3813372c9a226cb430dc69e4ba6ef406fc8061b8,3,1,0,4
681620323518f581a63dd188e22d3a56970722c3,2,1,0,3
919ef058bca514c451ee433fe223735002214537,125,9,5,134
12b4f817797fbfa4a5386be91128a442ed6c8636,18,1,0,19
8fdb1f7f5ad3947d00d300af7c5b1b59907ad902,98,9,0,107
842038e139edf1decd702ca126477f821dc6ac4e,19,2,0,21
2645aae18e8a1ab1349a9e39cf02dde3b3965175,37152,324,0,37476
ae4e1946e1fd4a8dfa848ef05af0e5db4fd480dd,26,1,0,27
8b7642acd96e4f7e7606205f395031e78b2054e7,3,1,0,4
79eb14754b18af1e53537acb37b0151ec034e447,4,1,1,5
96f039b8e91fade5a27fad1dae137fabd372cd83,31,1,0,32
9dd7cc3b900d1373691f468e5701a0b238c86460,5,2,0,7
4d9da68f7327bb9f338ce8e187ac24dbbd77c4f8,6,2,0,8
ff6d3cc34a09861c2fa811e2fd0f481eae28dbd4,2,1,0,3
7b225fa64c59dc1a58d50d280a6f62541a045d85,18,5,0,23
89e6b41ea033b2a27687e564e97bcf661e84750f,53,1,0,54
e580a8129dda063541a3946b1fe5c7338b7fef08,46,3,0,49
26158a2511ff90efa8d2c989fdaffafdbb1b5565,3,1,0,4
1358894bd67c90b355f2345c0a1ae6cc18da6c91,2,1,0,3
624bbe4b2d37f07e884d8c55f5a0ae68260e2fc8,15,1,0,16
637f1efad6d7036f1f45e8900d4f00949ee7bcb4,10,2,0,12
f76bde60568e22c1aaea698e0681736a63d85d27,2,1,0,3
6b553aef0e15f469e32220fa524aca6ff51b8e62,5,1,0,6
04284dd3e31351cd783fb5aa530d7a0558a44a4c,4,1,0,5
bff1dbb778a1dcd29f0cc2bf60728fdf154a7b14,1,1,0,2
8c57a0a51221ea935dbb4b000a747b1e36ab9262,14,1,0,15
2257a4d7df513f58b81550bac681da318067b667,51,7,0,58
e61510b699c150e491bdd0c9298207e04cda899e,30,10,6,40
8e0371c14be571c952037f8243d93411a01676a5,225,2,2,227
150ed37f85a79cb73920454b20e8952fb9510285,23,4,2,27
b89ba779ad94ec256bd8ca52bf1183c18f940ff8,292,13,0,305
977c5fdceef059d4733adfd2f0e20675e742159e,22,1,0,23
fb3a9b9a1c3657c3fce604bf9fa8bb5d91d4aedf,25967,33,0,26000
bd1dd29dd4e0c0efa4d6bc65fef828e05a78bd20,22,1,0,23
650b2bcdcbfd87aca84bdf389c5f28c42dfc9e2f,25967,33,0,26000
017896fc7d2e7ad466ceba071bfbca22b4b9af20,0,0,0,0
c4c4590265a767fa4d131c94d8f6a7b2d7f557df,62,1,0,63
832d53a344162d6b5da54bfcbbb4acb7a257c37d,28,1,0,29
45945ece22a003a32a87f611ce9e652eae49e543,34,1,0,35
a9fedd0cdb885e053c977e2a76b01b207ca88bf4,37,1,0,38
efafe2a7419ca59a6b6c85140c4e4ba1fa4c9a56,16,2,0,18
20f1fef3a51f721bcef6462fdb7c4abb4cffc012,61,2,0,63
8af8d005dcf42c2a2d99955b2a0f7e47610be38a,16,1,1,17
8495f23191cf0896fef2a75b6e7cf9c51e5bf8fb,2,1,0,3
b7d8ef78dceeb4fb73bf91888ab1f81b9d784690,18,2,0,20
d9234a35556a23dc92b1fc5af1924d059960f707,18,2,0,20
eac8a073dda8da388e1f29d64ce43a9ae6f423b7,12,1,0,13
908ff9009b29c7fd0bc07b6e2f07c4c7fa4088e7,43,3,0,46
2f246cfc1f5a207a5850260ded16751159624226,4,1,1,5
18331952be764661e34cec87ed1d46798a508086,197,3,1,200
9461cf20c0fb93b93e0a264f245913f9d62d01c2,4,1,0,5
2e6117ee0a650776b086b5e40a3a57df5039b7a4,75,2,0,77
c455797baffbcd0c0b26767d070c9b9bf58bd847,258,6,0,264
530bbd6e77cb38699d706453a89a80e08f019ef2,59,2,0,61
14958f73b2aed56a05929f89713ed4b165828bff,4,2,0,6
11b0e0cb66237c3bd46fc6cae5b7736e5a0c94db,2,1,0,3
db2c4f8bad2a2b5fa6c07344a8599e5b5c96777e,46,5,5,51
1cd76745f09a7de97e07709a09e769fbc885d692,3,1,0,4
552eb01172a0a08e495d3a43297b440bcc66844b,8,2,0,10
c984e204864cc15832c9bc6bcc61f8e462e38755,258,4,0,262
8d84c513dfc7e36b9bd7a4de10dc342688cda660,3,1,0,4
b27b0d451e67e76dff9a6ebb66ff9ad119432b65,66,6,0,72
26a734140247e57f386480906f27919e8cee87a1,23,1,0,24
f7c7bd44f5ef5669bbd66f5a710a0fd286bfc550,16,1,0,17
6e74224814171fb207693c336a973b32c6bc48e7,1815,9,0,1824
9b469c941646a1ec040ba68d89cc00d33d2787d3,15,1,0,16
65562c08372e4c2311243321b7ff535eb5801585,31,1,0,32
565509a8e223ab89c1854769c98e01752d14cb64,3,1,0,4
2546f32559a263feb921d450e59c7a97152121d4,15,2,0,17
a76c0b324e97124a7dfaef737671339f00530416,754,16,1,770
b8a7d893297bf5cc6138af7a8d84f53a854aa479,6,1,1,7
61f1b94ffa23358e3168ccce60b52cdf67b2122c,6,2,0,8
52c416623d15f9275c3647186687f427b74e609b,2841,18,0,2859
8763fa8a74d122a3e51e3208f818450c48810464,2858,18,0,2876
8781020a26e56bd25dbb8725ff91332a4d98e7fe,2849,19,0,2868
162f21de222414db2548fa1149a9c8b4ec39e005,74,2,0,76
7fec333f4eb2480f7074b547de93c4a3e9b1211e,7,1,0,8
2adfe91b82246db746c8e0ea27963911538ca67c,9,2,0,11
a3e9c18157e222f8ba1b999debcafada66180410,4,1,0,5
3bdcbb4f97d7cdb822b3de435af49e299357fb16,7,1,0,8
52a553f93428709cf7099a1eb3bbd22d4a2bc8fa,12,2,0,14
a902996d439a0b203fb0501aac315d54de4e5ee3,119,3,0,122
0654e34f40a1ae22788d9da2eca252dbd4a53d3e,4,2,1,6
33b0260276b82a5251ef1743597fd9a1e3c5d550,4,2,0,6
e9e3d10350103747355649aabbfc3647c4c04bef,143,5,1,148
cceb2068935f4f1f7ced189f727fbb45d41ae20b,143,5,0,148
7bd5bff222a278d485732fe46b17b3716f99f194,147,5,0,152
0e510a0dd8edb8ffa8c200341d8b7da2f82c8894,324,5,1,329
e7b8b76baa114283f744f8d73588c54274cef338,123,1,0,124
628c7fb1f0d4d4946442e56333e90ede02ca6edd,555,20,0,575
a2376c241d35086fc365d80b3bf63e84da30000a,555,20,0,575
74ab57ba35330baae8415855efb7cf8a2a2bb48c,3378,41,0,3419
6044026f8dae83bb86f065b5c5c5c14beebf5d56,260,4,0,264
23d2577130311e08c7f12388fea90325c7c1e91d,12,2,0,14
e42d6725ee94610f1ff9ba7019f6173fa967acd3,260,4,0,264
e95ddbe4448165b853dca0940c39facbfb1eba86,46,3,0,49
b33f5c6a1fd01d9260e26c46cc27fc3b133bf694,5,1,0,6
2f1d785a8c96adfd30d9c51a1e7c78d71e122b7d,2,1,0,3
bec06133053a76f54a13666c5943c25155ba0e42,71,2,1,73
456068ccae66be672c3cf89c741b17b71fd9f169,86,2,1,88
6ac4f3cf19d8b75c92c35b55c08b1a1b0b47f71d,1,1,0,2
109da7a703797506af365f323f727bdcc73c3c8f,7,3,0,10
708946899616a4f44f25acd9bfe39a7c191336f5,962,29,0,991
098d1806ec955d9dd178516bf308e9525caf80f9,457,5,1,462
850459fd9b18091fb82fa0590ef4a97fce4159d8,91,3,0,94
32d6ebaf3ac9bf9eea3d565912920d02db13add9,152,4,1,156
c8ddb1c82fa31ecc5c6b58ad4938248247640767,26098,37,0,26135
442b3ee82531d9ad5a40dfb99bf456507532bb66,6,2,0,8
c9df9c317e59db4a78d14b16dccf6d1fa3abb3fb,18,1,0,19
48a450d5335448b901db2d44a7b9a945849beacf,2,1,0,3
7cd3d5725774c4fc7b3b48f6f08b57b9fc8534cc,26,4,0,30
2e7d4d0421f6a77d5881d73f24ce4fe5838a5994,26,4,0,30
1bf290a7b2bbad171079d4350ec8eccd28522865,173,14,0,187
f6151749899a4e6f4819e4f309c27a1c49120e77,471,16,1,487
2a2268aae7053c55690e01afb39968c23aec8fb0,20,1,0,21
73bc4a18975fe433464bc0b48b8e43061f5fd5a7,1,1,0,2
aef4dfe1e70949ec4d6f78dd8ba371b20553d931,0,1,0,1
b1f72f839ea8ce11fd680ea58181a8b6c95584f4,8,1,0,9
349c0cca68b7642ba0df0df088edfc95f19760b9,7,1,0,8
870b2cc11138e32604daafe398b1f93010a2a217,2,1,0,3
7ff944b17f38e10de10454b136e9b26e0e12aa3e,26,4,0,30
821ae897eeb55456fb3ff58a64f4a81594023738,7,1,0,8
a4153c9f0b788c4c83be28a46e81e5170a30cba9,286,8,0,294
e54eb29107f963b10fd2479a53417f0896b28ba2,26,4,0,30
e81074ed98d61a289de6c8e71629a429deb30e07,12,2,0,14
7467c8fab39957b9795f0720bb9b3caa18041626,2,1,0,3
845bcb65961578741e8d1239b2c75906c0b41bfc,95,3,0,98
62404f74ae1c0731502ed0f1237c6f1fe23b5089,14,1,0,15
6aeabf07bf1b50eff5f761dbf04fc123a657c065,415,7,0,422
c9149079ece3b074607cd0efca4c986c6eea7c3c,12,6,0,18
76cfa8045e4834b04881e0c58a1ce2f520f03a28,62,1,0,63
92190263a4512a42c8aa355efdb3f5c03fdc4083,11,3,0,14
89a06ba08f84e60c76386608898e42c20a22fd6a,24,1,0,25
f8ea8bea60aa17977473ead45c7df57043663cfc,43,1,0,44
a3c0a3b36b5978b2d1dc9ad2ed5229b8bab564a1,53,4,0,57
4ba9f83a5897ea6d5d7458a3610786f58b524be3,51,6,0,57
2b74865c37ff545c168fa2784f668e6e7d4df6a4,30,1,0,31
f0c12e48ee40cc436e105cffaa8c1bf632e1623b,56,2,0,58
f9db573b9608f8b177bdc356ee4d937e03155ba7,108,9,0,117
fb4473413db55547cbeb4d4063b138c5b5b7ccca,8,1,0,9
327d4316d6c65910f2fbcb4e448d51b70670d8cb,150,9,0,159
5b82640051ea74faa0a5f8a029a825657c4e4fae,286,18,0,304
a18f2fd4027b31d3c9618153968941df30b6dbaf,192,5,0,197
98c254d41282dec78537e0c97be1bd3ea96079ee,454,20,0,474
55322ab3de2c6487e37b6a1bb43f2c607dc5830e,12,2,0,14
b43f0c3f6aaf198ef2d80e5131d28380274a6399,54,2,0,56
2985f934fd6c67be0bde1b8c01336f08dd17ef51,50,3,0,53
ff3366f290b725376a38c67d103fe589ec6ff9be,19,1,0,20
abb2cb44b8d08cadda872ad363b517f7f00def54,9,1,0,10
11c8d157c5da1328696bb7a1e2d1db2b274f946a,2,1,0,3
c25835612f11fd6f9a6235802fb1e3aac5617291,36,1,0,37
ae2dace478c7d44eae5824b72196eeb514aaefb9,2,1,0,3
55c7e95ae03761bcf4102f1204eb1df9caf9be18,11,1,0,12
de671d56122186439de79091518a95cdf3b2a0c6,2,1,0,3
570d863d43b16e7455e46c26b62389542cb31ed4,6,1,0,7
0bb5fd5d11358dc42597900aaabb431d31fcf587,8,1,0,9
e053b5712272ebd0d5f30b85a496427921783009,14,1,0,15
6a107beee3fe64fb00af67e5b8acd885a2905222,8,2,0,10
6bebdcad4b76816c9b34672306a5d29af91f4aaa,6,1,0,7
03aa5c65f07fee564115a38d0a8d701e4566c7e2,25,1,0,26
b6cdc2625d7218998d646938bd546bec3164cab0,33,1,0,34
411a14abfffb607fb2ed1d0314be222f0fd0db4c,76,3,0,79
47631bed901b91404a2972e1124cb8be8420a3cc,2,1,0,3
e41773b59f372505a7c65b063f9b23a9820f0a26,4,1,0,5
7d0c801b16d0d78687c40eafc25eb5e777a5735c,26,1,0,27
8cd6630bf7e3e317fe63c160173eddd7cddf5fde,5,1,0,6
40e79b342d719fed20e0f1c032a98174ee421d41,4,1,0,5
fc84d52264c38520f230c40ca47f662f84af8b7f,5,1,0,6
72305f8423a9d251616edd3942f2eb03d1d3afa1,4,1,0,5
ff0a7362e9dcb3c0880e36dc1840f7f85f23ad21,2,1,0,3
ec8797eb90ba15c1c86252202fadf226b3270349,6,1,0,7
d6677134c7618fc573f308390986c72be24816b8,1,1,0,2
5e4c4c4ac9ac75d518cd98082d88b19aa9124bb2,12,2,0,14
3bc43d9a2ea3527b87f52b5f1fb84bf642468c0d,2,1,0,3
f4aaec7d075a3d8a619635ae7da52d78f7d4ee34,34,4,0,38
948c5c8f63a68f252fa8a0836e3c108238067db7,4,1,0,5
d631fa7d62ebef89f00c6580797ff7f1ce3f5aba,4,1,0,5
c76f61035a7cd2f9e477574601a28b4d193f297f,58,1,0,59
ab6dd396ee3d70a76c55fbc37eeb84afb65523d7,4,1,0,5
1f16327313c4103c6a202aeecc655ebfaebbddec,2,1,0,3
cd8aa4e7bcca21ae8b36b1edcb6f9e96ab7d8a74,675,15,0,690
4d2dfce9e02a3e76a5726e8338d5b701dc97127f,1004,20,0,1024
e1390b0a737d6e8f4bdfabd3025ff7250ae671af,2,1,0,3
df34e48bd26754a4144cd01b85c09f050dbf62e4,2,1,0,3
90b0a708c83036277ca8cc32f15f7ba8b0d2c76f,2,1,0,3
bcdc49dab955a21f4c4f21b312e112d7f8f49e03,26,1,0,27
69ee9b6345f544924160a8efbe26bf7d01d6817f,27716,68,0,27784
108bcef1fd23589a4ca367175a7c781b7227e0a6,1,1,0,2
9f6bb6bd5118d13e176869c3aac3adafce7e25cf,88,20,6,108
3b6de81058ab7d62d0b99efcf409a90096fdff9f,18,1,1,19
e2570ea4a6505482fbfd8487035be66a59262d41,5,1,0,6
5447fa94474095072b4f8ec1b13643d39b2af16c,156,1,1,157
b16e1aefb3ac5a986513f1b0eb29f5c4a658090b,2,1,0,3
27ac3b204fbd8b4984d9c0f377207b7d80d79d84,2,1,0,3
deb7692ebada0541d430766675a4786e3b9cc9ac,10,1,0,11
730667923906ea234d8012d4ab5b2ca0b9e41459,12,1,0,13
65b16842f072ce8e070ae964e575c59994d00c81,112,1,0,113
25da300345695f3f0becce23e2fe9e3612136476,89,1,0,90
7120ff86260ec19e2fd82fbf40e594b9accf2b33,1020,21,6,1041
18ac762d9c9a730af6b5bcdcbcb83474df1c61ab,33,2,0,35
64eca404118142472a4d14bb9ff2e86d9ead247d,34,1,0,35
f40cfc6cdf575039eeb9051fd35b62d78f3a0af6,143,2,1,145
e1e529e230e6c44a62882a76ba47434a823a58ab,48,1,0,49
0a90188ef137d4d57adc73e1708d83e87f54ca13,108,2,2,110
e9dba8852961bb7ac7e3ef8ea1b4fffd29102b95,85,2,0,87
732e959b3a7f3206ef2665b6c238a8e637827833,937,3,0,940
021ac6057ae10258809545ec99b7c08307a43258,4,1,0,5
e338b99907f0b57c42088226cb5443830799fec6,230,4,0,234
befa9076dfbbb217efe367c713c0d852db27542e,13,2,0,15
cbc3b1a5a534bf5be99eb6dbee91b449693dc29c,2,1,0,3
93b38df4c3cbafd06cda10c9f54c9620fc2575de,27,1,0,28
a754d7f54012688f032b67c098870a7f4331e270,8,2,0,10
cd2e81f978c863381016935fd9cba2e675a4fbe2,2,1,1,3
522bb630de0a587072bd1843820aae75073f9d11,18,1,1,19
708242ad57c8511a64fb3f398d998e1ad4b43505,95,3,1,98
3e3b9ac2d280658986b075904f72526ee9e8b5a0,27,1,0,28
02416618e7384e3dd9283ce1bc6709e8e7d32bf2,59,1,0,60
7a55aa3e9eb109b81908ee2c4208f8f51f506dfb,90,3,0,93
9b98807dcee2e8e99bf294ab14c0a047c91b3dda,41,2,2,43
c07c7714ded46a76ed50549bef6f70a69fa61060,513,16,6,529
022b79ce1e7f0af6ec7fd27f34cdf80cbbe8234b,2084,33,0,2117
13483003af8323f096bda0034a933248b31e4049,1873,20,9,1893
4f632db1dade203e0d86099e107f261c87300845,456,19,9,475
9a569f07398d407ef8202374ef62588af72a93af,2,2,0,4
fd4302b7d5fd1f4b81ce979a3d3bff7bd04f5800,4,2,2,6
ce1187d0ce62459b33ac3bd5ddab496d5d1cced0,14,4,1,18
3498dfa1a31dd094fd83a5ac7387aeba36ed1238,54,7,2,61
1836eee1cc34637208551703261134690012917a,6,1,0,7
2470b2bc288e2c93d5c9e7e3d1d226b74ab22c79,77,10,5,87
317bc875129e4bce465928062157c91e40822343,10,2,0,12
01ab9c94a0986c00f2cc535b3c9cc67d548792e9,49,2,0,51
c403dc3792bb3fa68eb3bd5b39d4812ef1158432,29,2,1,31
a484033bf1e3ec9e4d66d062a0e599ae17fdcb20,60,4,0,64
597fe309a22ab07cded4e51e8eae8fd2dd8bfb0f,60,4,0,64
7007b142a9c549c39864535f8d336f68b133dce2,179,9,0,188
098e61cd27092dc30cef593b618bca8ec9bba16c,4,1,0,5
24c2109f3fac8e1738919f83529fd50dfafa308e,18,1,0,19
d5185fae23b82025324f11c4bc3f8053555d7f02,20,3,0,23
f17073b059fd350a07934026ced43ff35345c014,2,1,0,3
788f46667f953a8676b0f05761a1dfae1b020d13,89,2,0,91
8a5877a25737788171f51d8770754e72a9f47b0d,89,2,0,91
d9401b89ea24690eebae4bd4b75d9e6ad047bc7c,21,1,0,22
4f7c06a1e5ccd159b116993b2bb9f1c12e508b3b,7,1,0,8
7db3f99a258ecb8bb4774fc688cd54e726a05f5d,28,2,0,30
e9d0b3efe02a2f1e775664456b0c3173669413a6,354,3,1,357
c56f34c075734c95088a35b536972cd7cbbc028b,46,3,1,49
7a77bf5030d95e9e931d9d82b563219d35f1b8f5,15,1,0,16
1408e3de7adc298e9d764a3265b129fa9e5d32ec,87,2,0,89
533e34bfa692c1153253788cd081ee5169da10fd,1,1,0,2
d291e8eae6e7cbbc5ae5635b1b3e588824997c7e,36,1,0,37
dda73797e5283147c35b929b4dfe2789240b5bd6,13,4,0,17
acb4b1ac1a67fc68399fd4d7be862bd02e299597,2,1,0,3
c340cfb9e0b0d7c94b17bdb3d7eac552ca00468d,74,4,0,78
4bd3e2b38cf48b93eab0f80eb6344b84ea5d4a1a,108,5,1,113
b751a23813a1473548f209f35f076a7875f6f511,4731,62,0,4793
5c744a67a9883cd12cc5db8fbf5a5da9965f08b4,12,2,0,14
2f2507ca45c159a74e0ab61a8db9bc0202682273,12,2,0,14
c3e53aec845096446c201216d6a96cf9ddb3921b,17,2,0,19
2e290cfec4497c614cf57d176e0f54b42462e49a,19,1,1,20
d4d004c3715589e44daeb124ec52752e714176e4,73,2,0,75
ab5cdcd648153f8052b5f43832ac4df12c23e7ba,109,5,0,114
f0ee8f5d1318b6ea694e1423d15a84960ffd758b,1203,25,8,1228
c58b690930e1b9428396358d4873661797e8c6c9,199,12,2,211
0d2984ba0a4e067460976529357b5c8703e70b9a,6,1,0,7
fb278c7e04e2c962e8a5d8e2dc83638f30cb6ad6,84,5,0,89
e5593bb0b1650a6461b26e8d948c624721a5b05a,15,3,0,18
a9e802fee8c23641fe34f36014a15c8e5472044d,36,4,2,40
ca6687fafddba2d69175021725b525d308cda054,77,18,5,95
f9db0e3af7b87c720784c2f86d1c9aecec2f837a,29,1,0,30
ea682d97638241d15336ee9a187e784e9623b7f4,2,1,0,3
e6b5c5f3b2302755aeed7d96ad084c8f37f6a94e,127,9,2,136
2bc98b98eec6543c6ae2ddcc6c2e1c0adbfc311b,28,2,0,30
477bc31e119b0c6b639ae8a55be6f1cf1545bf73,1,1,0,2
a55297f1e67b2d7fc605f52be8fd19da2980c32c,4,1,0,5
cfd104b79b7c1d4054411fec68573660cf59ad3c,24,1,0,25
b2a302f67e901de0b22f6b39a71fd8ac24c5521e,30,1,0,31
6bd3cd01ba05e2d43baf1330295c4217abf32f92,7,1,0,8
6073c4fc07ec7c3ee666f0859a63e581c1412735,10,1,0,11
11abe08d1089eeab2dac248ce56b85e004cd3400,35,2,0,37
45fbd1866365f0afb497be51ef7879ff557771d5,2,1,0,3
6b4e64eefae1011e831615a63eecd40d47d4cd1f,12,1,0,13
ac165a5494995e501dce33753f2926c99d67edfc,11,2,0,13
602de2b56379e6dd1506a9b560d07d1afb8e82c9,4186,7,0,4193
1dc5f67edd98156e35ce1a9654d09eb0faab23fd,12,1,0,13
1341a3e3ec1566f1d1ed73631fc76470e5972f37,2,1,0,3
0952fa8dceed8d22f3c9b730133907d59fbbe790,12,1,0,13
610938e5a95dc7192dd114b7027f171b2236826b,12,1,0,13
dfe830b483b5e7174c2eb6b4235c87c6a2bc6dfa,12,1,0,13
159eec4df01b723dd531d5c02a95c95570e1da38,12,1,0,13
33aae5b5c73c2e52b942fb378dcbfb05ad005736,1855,41,0,1896
6808b1c36c365621330b80a76350cd5de7bb9036,11,2,0,13
ce5fbea4134068f76e77f3670f32040a2bafdf80,3,1,0,4
d070f98fdf3783b2e900ad98e0073c2814e13613,1,1,0,2
b6426283f482a428536369d7dd6661cf253c08a2,4186,7,0,4193
5a92bc4369b9291b5d9a5ed59cee6cc4365680f3,2,1,0,3
0f4357174522305e4fb5f6d8cb8931361653c270,54,9,0,63
616fbfafe00c4b7d9cb448790d59b9e0e0084805,32,9,0,41
1eab4a4572e9df3a0fd5ae7db050177d09e0d550,7,1,0,8
bb615ead3b2ae5bc35059bbd966fe3b24ca8493a,92,2,0,94
8f9b1b2aaef7b477fd7a9f4aa320e5334e55fa4f,10,1,0,11
ba7b929c4feb856ed227bd3488ae4d84418bc84c,169,2,0,171
a046992d89e3637a4e2975f464c6aac23e8f24a1,1,1,0,2
5e01eed1a45558c7656a01998d8c0ece0510b5e1,1,1,0,2
e3b50633583cc5bb830db155a22d74511cc67758,32,1,0,33
58660479b68b44bf83d6bcb901fb38f761c6f9b8,2533,20,0,2553
152b35c4963c1589de0e3e20d82135919f973537,8,1,0,9
a5148e5e75553a9068187e9cf7038b5297e38dfc,2533,20,0,2553
d3f9ba5574d38f94b62bcf612810b79ec4da9217,6,1,0,7
152c26ec29628a913b766b243184b04c41c05d82,27,1,0,28
e636600ba350fed6f180e56a491590b422aaa22a,12,2,1,14
8d90f34b2027cd4a38e774208b14c36f362c644d,115,4,1,119
819a8cea54e00b1e4ddcb44c1680de2437b14451,6,1,0,7
dffd40d1f0a332811b41c1546c2b67840c60b49d,27,1,0,28
3041eef25c695cbbbc37807f6dc651e7ff629032,12,2,0,14
20f888b896044531b763db8b2ee43ce61eaa7681,115,4,0,119
eae08cfbaaf41a562db98c954f136742fdb639c1,55,4,1,59
7073db7981b501b0aad91dbab01bdff87395f463,5,1,0,6
106df1e4620ae2a5da4ce5a366385867bedd3f5f,58,4,0,62
4804d7a711efd92c311a959d8467a26839afb67e,23,2,1,25
52b57f47a64c2d4b7339c6e343c532a7893a18c4,6,2,1,8
e9d485194404f8762bc3d2c1ad770744010effbe,29,3,0,32
5beb4ce6950efe7c969815c7a6db7064d413a186,6,2,2,8
ee08583fe92e8b2e3652212e3fff902ba6ad7d8e,19,2,0,21
9c44ca32904f7d3cbf94afdc32183e1d04478b63,60,3,1,63
026ffc598c8a158d23dc1bd32c8ec1d43d69aeb1,85,7,0,92
e4d1bcbfa129f0f2b25434a29b74adf1db17e55f,13,2,1,15
47c3c987bd847348dc69be6c58f703c43370d122,13,2,0,15
16b2641956409f842b657365242462217faa5012,28,2,1,30
472132e55e5d76bc54825587f77f04c0ee81e90c,91,1,0,92
b99c5284298c41818408dd7e2cb09e2b98065ae3,8,1,0,9
084fa925913af1a7e47be8a98c609a65901419b3,95,3,0,98
0575204ef415ff0b8601d32d2870feb14cfcdfc5,3,1,0,4
01eb803d496a40733cda0a04171f63c37c69dc05,6,1,1,7
7143465d7da67082fb216b22922088710d629b1f,148,4,0,152
f0b474a495adafe58d0cf2af8be1fcf40241ee96,24,1,0,25
ac302834d7b18b4cc6a72ef405f988cee86bda3f,174,1,0,175
fcc119950ce35c4f99bb7f41b32577c1584d3979,98,1,0,99
53e39adafe115ba5a019cd857eb038f713bc3cff,34,2,0,36
4fef2ff44b2f195a9a135ba3ca5c70bb08572d39,93,1,0,94
af257e6d3dd96cce861c3b8437418cfcc6d2c69a,196,6,0,202
4f857a2eec8a88d47808cfc63a3f49b3769da44f,334,9,0,343
801f559c6d9597ba7fb7efb6f2d656630139a332,204,7,0,211
3e6cda25916a29e853c54a23e77ce85ddd6d895f,1,1,0,2
29b8522d64ac6fb6b644b5dda5efea0826714614,93,1,0,94
72b3d88059a00a719339ce8a720d7cecac2be5e1,6,1,0,7
8d495e7094dc4d56fe417c6d8836b30fffa28e5a,37,3,0,40
481d6bff47785c91a5f6159547d5c1ca91089996,110,3,0,113
51441579c722f3b4e5596e5e7dd24f04fa4a5c39,1,1,0,2
75c77cb64b33198d2900130242b7d4f5d46bfb14,8,1,1,9
f34f4d83c87174124495a374b44ceffc97bfd04d,6,1,0,7
618da719436ce333d56e563872f66764e6de4ced,719,14,0,733
2ef9f55f1e9a8784ecd47b6b22fc15e6c8eaec1f,44,3,1,47
8013e7544b145d92da954cb3f30d4200d6144354,34,2,0,36
6907119b267c4d352eec28a098f2b43cc72a3c49,2,1,0,3
49b398f14d27f9c05ea064260f8552fc6d42202b,28,2,0,30
9b5b32cd60c25fe4b6cebb31b8eea8a32e60a6e6,727,15,0,742
2fb9c1e536030048421bbc8912972335e5b5d0d8,19,1,1,20
98ab9d6d0e14d2b678c8d8c4ef0c9f6c92b59789,5,1,0,6
63b98ec779a4324b739be30200732f18246ee9d6,26,1,0,27
1f57c5225eb26d4be1bbc903b1fee3ab89ac95b6,60,3,0,63
b2788ab7e9e20f70694002895556b84130077ec1,10,1,1,11
d68cc7ce1826451ab3254300986f787bd1067951,15,1,0,16
caff5dbc36012033c1e455dbbec4f0fa5524a0f9,22,2,0,24
53ce1d786e97593f0da87229a05fdd527f849e5f,21,1,0,22
d018497adff3d18d8a39b885936cda9c9db22dee,2,1,0,3
cc17bab0ef7b90cee14b601e66d4b3cdc64f335e,40,3,1,43
3f02045d917311731dfd03688a1c2b0f8dfb97d5,3,1,0,4
ccc19955dbeb821b48421f2157760c8db28f37b3,3,1,0,4
359ac91e8d074262810a5d21c920767a12024898,17,3,0,20
e86a874b12bba5d32ebd4f8010244c88ca25ddc2,6,1,0,7
571302da76847680e9c5217146ffe8eb715912e9,86,7,0,93
036145fbb4a2a6a66631f4bbb4464194ec6c1f0a,878,24,0,902
41baf6923894bb01e3ac1f2f82f9c1a008baa854,361,11,0,372
19300abb60660b712025dd262866bf835095f5a1,36,10,0,46
442de49831a6bfa6c77ad44353396197a1991bc2,36,10,0,46
aaacc720b2f22da0e548e6ece3e23dccd0db2eff,60,1,0,61
570d0f48779b744e8998932b615ab5fb986a8c49,56,1,0,57
a8ae515ee89610b597d686838f72c7a1737d1f8d,35,1,0,36
e3aaad232800500190618f41400be6391270023a,19,1,0,20
814cc8c75c7a60a155d2ff8e9bc4e691f6610d82,28,1,0,29
e3d90a2803888a18db6b24fef9f7fb0b1f45b47d,205,1,0,206
7618f76377dd41f4a40e762796fa8485c79833c3,35,1,0,36
5e19fe9bf50b8b5897239b26c25e310792425bfc,22,1,0,23
4d8f9fe223e916b00c7ba24c20502901a8895ff3,10195,18,0,10213
d89bdc8b064d3c19577e491e1817c9608cb66f60,21,1,0,22
5edf1fcc6fbf1181a3c0621df0e55b6028dacee7,2,1,0,3
0ab178725f627b579090d8e732c1d1e83906bb40,30,1,0,31
7c56e417eb7a5485eb51c09e337422e10b320d3b,16,1,0,17
2ac9d552d56a266a6fb3de7db71d045779864712,1,1,0,2
acc5fce2977215a0a5fa27603bfd1affac7acf2c,111,1,0,112
cdc49db0a19f55ac6e773171b5c5d2c092209ae7,101,2,0,103
acc7300ea110fbb1cf97f0ac9dd03a921954471e,26,3,2,29
b3d0a8bf343299dff8724cc8ccb02d4e16364ecf,7,2,0,9
1bdb92e9b4d6779298c44866b1ac910c060bc9fb,21,1,1,22
d83f0ca4dec03beef4979b6a27d80b1a7212be9e,12,1,0,13
dbd2d585ed1d52d807abfd6fc89205e3ce2623c7,21,2,0,23
0677dbacef96e5ed8b8c2b81cc28a934e8213996,2,1,0,3
9176e04d20d4fdf22849c9bf024707a64752e490,5,1,1,6
ae8a4ce904f614e98dee2b794520e99df5d5e505,6,2,0,8
1cfc959fd8955ae0cc8e55ff2214ad2cb092ba10,391,3,1,394
c5ef27eee03b5b696cd616db793094a64cd384b4,23,1,0,24
a6889150c0fa7f0fddea4008e628c454721d94e2,42,1,0,43
e5296e1799b88c883dd47412f6ecfc76bd972991,87,1,0,88
b7ca5434a4208d3ac24ff9783b898e0e2f7a12bb,2,1,0,3
8a3ef4a19d472a15150f4947f614fc859d750106,13,2,1,15
ed36ed238b064057ae55d816fb567ab16c1b3a43,1,1,0,2
b15cd11d32e8e5f2a2bfe6f6d68137cfbd09cc26,8,1,0,9
542aa79ef8d7adfa35cff7e31c5dbdb9c7aa57b7,158,1,0,159
0efa8ec3a84dbf0a1cc6ec1e63f48e7942d3142d,20,1,0,21
ba33c5041510c678a41dea9ad90db5a83dff35d5,7,1,0,8
aad4f45c504bfe9028e0a8caf6906c137727241c,16,3,0,19
16fb881050930901cc03a1538cc348e7a12ce80f,2,1,0,3
d83a4af05534441ebd4e711440385aae7f8f4011,2,1,0,3
3530bdcd6edb2ecf4222ed58c19cfbcb3af1d22f,2,1,0,3
d9dc08ecd0751e86f2c49220745d26914186f7b7,22,2,1,24
302697b9c28db0c39f93cf7e505d2b5b35accb21,2,1,0,3
37e9c7d66600ca864f8a3dad6dd1e2a90f3ecc0c,107,1,0,108
8b7e4a63cd4fa811945c2b0d12231b04c6d8aba4,2,1,0,3
9c9ad9861220e25a109001bd0dfff33603824d1d,28,4,0,32
4f6adab187514de5bb583b4a385881cc4b452044,40,4,0,44
2d43ddb25e1445303a0bdc51244b41bb47ad624c,48,4,0,52
4132f8d804ba2c00a64c4c69bfec981dade6c4d4,12,1,0,13
40c08b97955cf594b6c2a01f057e824161b3b3cc,23,1,0,24
4bc60774f3533ad8029775bf3ee1567968866426,2,1,0,3
12c69961c6b1a8fcbe1c401d145b683afdbca907,501,7,0,508
f1aabe306205ed2b6881a190c41cdc7d1c5629d9,11006,30,0,11036
a10a0ea2484bd059722f33d489c1ab691f74fbdb,2,1,0,3
89c0f25b66966a06b1a40e795104ed854eb92fca,36,10,0,46
10be172061bdee8a51dc00ca255d96bab5d5256d,36,10,0,46
8c5caa0e2c6e895dd01db4b47f560e9abc64fc73,12,2,1,14
f98737bffe63c1942921f598c76d91f5d316e580,39,2,1,41
ac51585c1671a00532bb2ba2c271a6b266ce9fc5,2,1,0,3
dd6740c9df8a5c02cf938f84e8bb4cb740a9c0a1,2,1,0,3
68c2492b2288b02f94d6dcf7935474e3d5c6e4ad,5,1,0,6
bfe7ac65bacb0f74420cab7149427f07c5c0011f,12,2,0,14
8e6217e93d08183cb9da7c125d8670b9b5265ecd,14,1,0,15
7b01b3778b560b0344071819569d72865eb39c9e,39,2,0,41
3ed4dc77ec81d5f2d196929acd2fb6da62d971b1,78,3,1,81
ae1bc0c458f4bd65dad4340d6cc09654446c134b,9,3,1,12
a5e6a5e7c91c6e3755512f3cacb2bab5a9bd2e31,9,3,0,12
7a82158074df728be78270827fe13079518369ce,4,1,0,5
141928dceca9cdd7e9944834fdb57a70d9fe004c,77,3,0,80
1e1e3596ff040337eed10afaddb9bd53b2a9ce26,36,10,0,46
b63aecd49792f33066ebed55fe5833d035aca1b2,36,10,0,46
84dbb9621f3b2fee1568a3288399a0d2dbaae38a,11185,22,0,11207
676b1da9e39f2b082d3217b310a5665a7b0120b4,229,8,0,237
389257d2a81306c8efb5e90f02a17046d6ef57ef,14,1,0,15
09f3f7b8799a68871fde6d98938b95f060ef3c25,461,1,0,462
36b52aa6f6b8f1ef21f2a910af4791bdf726fdba,29755,10,0,29765
7ac737a6a9ee470f246436fd9f4171a3b6ff7536,175,2,0,177
209084a2ef105cf5485f0ca8dff72254802080aa,41,4,0,45
3dd0b543e024477b2c450aa6bdf8a2387b812abb,16,3,0,19
ac25d27d804a3d9137856d20f44103d19fc96846,42,3,0,45
0c936020ec4a0963ffafdd7eed2c8a4fb22b4ad6,8,1,0,9
e01d79ec65c3ab97e66e8bc808c5877e1e8d303d,247,9,0,256
222d79f3f77732037cbe95e3491f1b23229d3979,2,1,0,3
ff8c433d5a96010ebe36791c480c38366aa7fd8b,9,2,0,11
210d0c54472e3b8e33a7f862b63feb727d25d906,28,3,0,31
cd85711166ef476b67d3f4d3c3a02c0dcb832747,24,2,0,26
55fa052989207636dd7bfc78f6182c59bb60124b,42088,39,0,42127
5e77112a8996b093b4e12c511da844265df3a262,57684,132,0,57816
05555c73faf110388c26537975c0ad3fdcda3f37,4,1,0,5
eb0f92622d078f3efdfd8db0b27046f5d367317e,10,1,0,11
914bb4d91087ddb0a0e6ec873a5b7761c8e934ab,2,1,0,3
f88442bee01120b274dc6b7acaf1bddd3a03bb69,14,1,0,15
64a462bfecdb20183665b792470182d6d2ac45d0,60,2,0,62
d3440046279cbc43ebe04fe6836df0bfa15a09f6,4,1,0,5
247fde2093fa4f36d87ceb6045bf83425cd56f65,2,1,0,3
190fda8e74e0a2d6ac0464ceb2d56ed7b4fb6a57,34,1,0,35
4a751dfc970183acf0c23fa98e18023ed87cdd53,41,2,0,43
98b22dcb2ef84f4c20335400018b9e57a54e2950,91,5,0,96
cf474fac0326b1b1219a7057b06a0aea1bc63804,26,4,0,30
2bf404e64485262a57f3ca609659a3579b0f7644,25,3,0,28
c135c3b2f29d673396d4f42477eab1206123da03,19,3,0,22
54640d3aaa1404d25cb70f7472f2285b87ef568d,12,1,0,13
88304bc52d4b4551dbbccdef0bb41a938377e6fd,4,1,0,5
7172568ccd4ed4235011b8fc5d9d4a8a2b89d63d,75,3,0,78
f6652b417adf02d119e381b47e460b8da5aafc03,389,5,4,394
51126f1db31bbda9c7d036c3581d0c90fcdaefb9,24,1,1,25
ca15712f4b983ca092c966db9a5d35fd0b72dc31,2,1,0,3
fdfb94d5f05e3a8f823aac7a856809966f12c3ce,148,4,4,152
4a68509ae6d3fdc75bb4d49c90ef796f9e034c46,21,1,0,22
d1049e88f078202e0993147b16d3e31732d94440,7,2,0,9
4eb557c5318c5e48355b2b98df9ea6e4aa98e37d,310,5,0,315
6b4a01af24bc77582e791e36a50d8600bbf8ff76,28,8,2,36
969c605074f172a7ad5310e19beb1b6334b44722,2,1,0,3
0bd9e4e7f82f72236b4a0f0b09f86955b074e162,6,1,0,7
72d3a583cce126d4e4acb508fafb35a0782516a6,11,1,0,12
9c6ff672db07bdaa2f4272c72bfc5289bb6eb82e,20,1,0,21
f1c23229f5b070575095fc58a49a4ca6654f3c49,72,9,0,81
64d6f7dcb95cb1569ab4eee986b6a9227bbeadfc,46,3,0,49
8b2b07a67288b05c05110bd76b2592f276ebeb64,3,1,0,4
09c81e078cbd11d60810192be7852e5b161bdc6b,3,1,0,4
7f8d46f7110d0ffe5202e26876942f5c885fbc6a,717,13,0,730
b8b1fc0f4e2c9a767eaf0b75d39ab67d732c440a,13,1,1,14
b052e0966309d973851ebd862a911a12eb9e820a,13,1,0,14
249f6188245ebd402f54a3b31c99e5d8de9251fb,336,5,1,341
af512902f46f26d867f1a81891045683dfea25db,135,4,0,139
f867c3c8f6b268eb258b14be018e341fc1e83dfd,457,9,2,466
709ef124dd7f26b026a5b1e2eb42c99954ae4a05,89,10,1,99
c16b9ae09d0c22f21083b49156c9d0117c679ae1,154,7,2,161
9e02fe2b4cc2f32c73720c8175d96a0f21375be7,30,1,0,31
7b5cf61c5be6de19302ea695b4aa22fd2425f2f0,364,6,0,370
7b42e19ab5b0bce3176ae55c0227cbfa7d323a86,196,4,1,200
7384c664a3f1d909b24bc047da5e1a81c82ae6ca,132,7,0,139
fa5693e5452b179a715318a3c85f775b572a600b,371,10,1,381
5c0c7e5f85d42f3ca1537bc8905d726c82266440,123,4,0,127
cd7b01e977276e5caa337500cbfe45eeaaf02d5a,232,11,2,243
c531c6f8a7672d1716a3d55d581f06def3f7688f,63,3,0,66
59fba3113a8eb5d950ce2e914905123a4575d88c,3230,5,0,3235
984107d252c62f91b0ff1516605372aa1406ef61,83,4,0,87
62156156c89d9378fd4f9a7013ee905f8043169b,89,4,0,93
4794740320d9771a52a14e5f3e197d0a66bc0cb8,89,4,0,93
80e9f677acd3839d15147fc914789021d31c84d3,284,6,0,290
c161cb7a8dda93a56781896bd1b7944fd71fd6c0,31,1,0,32
0418ed14c7a69cadd1f72f2f1407b7ae15b021fe,6,1,0,7
41c6483a6c2e9db236d782c519a0c07448eb61a2,361,7,0,368
0156e71aaded4bb8a08f94b27bde4ebe940eaa88,13,2,1,15
8418889455c5a7e0e6ea7a3c8731f5eb206758de,72,2,0,74
8a9dd16eb1033960807d8b6261b34a96c5e558a1,7,1,0,8
9699d9ca2508a0e8989896e86f39d5f768aa6d6e,11,1,0,12
7b24460909448f79b9b6b4d14054e9e9d4c3b80e,120,4,1,124
4f493124425582195328822ac91ccd7bc013a148,45,7,1,52
8d3f359e5528deab3f134b9beb748721ef43ae2d,513,10,0,523
32990b052ef1533b758e667c5dd7417d9855f110,178,12,0,190
3f3e5fc065abbc18a250df4137d6f73a7676c9ee,2,1,0,3
679d0b72ebf182baed27a02dc326ee7898137f49,107,3,0,110
5928f684252172a179bab0c46e0ab3d621aa0fcf,18,1,0,19
774138bd0d81556ac01eca138455ae6cd7838957,595,17,1,612
9270bf0b8c2fb8d41a07a445dd6631933ed0e031,70,6,1,76
4e5f72d86fc458fe3b95ef38e07add353a1a88d0,18,3,0,21
1af5757970e761882af95c57df06f771edc03b8e,16,1,0,17
9d9ac6eab40d1e4db141fc0a895edb42c34b5945,98,1,0,99
5790700583b98383b0b1411916e693c3bfebb575,11,2,0,13
678f6fbe231d00388ed204f88854d35e7cb713a3,24,3,0,27
8222aa3f4f349656b5fad39ee51feeb3d70ba5db,11,2,0,13
4942dc425d00af6446484c3327e5c29a38168f9e,22,3,0,25
52b38ed92ca1d2e609fff74662589d2c50a6f318,16,2,0,18
bde973d90bd9fb499812c5a5e7b150ef51240a90,22,3,0,25
f9f7af2b63f68a70029cdcf116450aa0e772ccf2,6,1,0,7
cbf919bb20b4b92d1ed12ac051cfe9c2cbd5c9f0,42,4,0,46
a29446930745de80f08148a703ea635b830332b8,12,1,0,13
52a7e1d8a849ee653950cb78e74704e24f356d63,7,1,0,8
699852ed1020cb08c2fc33bb4648838b7eeaede2,99,1,0,100
34115144c17b0f7baefbc7fc590c29bd55c6c26d,19,2,0,21
cf9f37f4dd9af0f0b798e4bbd9f71ed7b4657f82,2393,24,2,2417
c5bd71b09ba889fa9e5e9df1c4ffd5cccfeb4a71,6963,61,12,7024
d7b83fe25e72ece3175e153b0f2fd104365cdcaa,5,2,0,7
199413143e5c4fa108a96fc7a15aeb3310e93926,178,4,0,182
a4c378b9be0d13b5322a220d181c37fcae54a4fa,48,4,0,52
f2bdd5c4216b208ad325935d00bf302d8717f4a7,955,52,7,1007
b1939d34ead10d27785c42ebe8224ca1fc78c3a9,31,5,2,36
f97ead03d4f9364e338f8957213660ff92124391,108,2,0,110
5fac055c516e31866ee137f839da9fd3b893aa7a,63,4,0,67
ad7bb1ad99c9c9780d3211a3072da047236ed283,78,1,0,79
9fb2e8b51f287ccd02b094290df9d4acb193d8b3,35,4,0,39
642eb875a9543163cc3e1f071fdbfd097f1bdb5e,2,1,0,3
db2988920828d2138083965a36d2fe978ffb7bfa,74,9,4,83
b52727d1aa541cf41b0201ac2e40a5b5ee07ab13,4,1,0,5
50580acf212a0f4b5cf33eff985b17a64f2837ef,40,4,0,44
93701373138eb0b31ef84e7a8549b7a20cafbb43,2178,35,0,2213
f58e7bc51bd63b6d323af04d8d166d2838724963,4,1,0,5
11c9614cae55491361fa1856df1f848a68d6bb7a,15,1,0,16
5e7aa8e49bdeb2f0fcccce519e55547ca6403770,3,1,0,4
d192f46326893d641783135f26de4ee4830dd83a,4,1,0,5
68bdb2f011766bdf46425008073c9d8963383f4d,968,9,1,977
646b7e57c45283b101480ede413f0a6e90b3b60c,253,1,0,254
449e3f49f2341c2806e7d707e0a0850c8f664043,235,6,0,241
fd5e8a8b05938ff1eb6abbcf9aaf4d0c7c74535b,49,5,0,54
9e5ea624a08fbeb7b99f99c54105a6f55bcb1d58,349,6,0,355
1d9fc59cd253d9d38be84d8adab046bb98b236e5,21,2,0,23
397a46bd18951bb8e5852856179b8e91fcad60ac,6,2,0,8
8b558ee5faf4654e6b96297fd349c385a57c1c01,42,1,0,43
430679b19420662434cc768198fdc1935187124b,27,1,0,28
fcd7b5883ec57d9ab174a017c4ec551966fcb4e0,27,1,0,28
2d16e95e590a63b60c39cc7ec7faedc4cdda35e8,32,2,0,34
9ff223fa6fabdbe24007392472f58174a2817795,148,3,0,151
3b41807e4dfd18ff881cb575c594504128faf4e8,585,7,0,592
9874195f90a564fad5e4a4113b47b06cd37b0e8f,30,1,1,31
096008b31136d6bdb1c2ca95c891737a491569dd,818,4,0,822
9fc3a881451c5acfc5e46560200559c48db6f8bc,2,1,1,3
3da2a6366d17fdb9128dbba3caf66183f2a2c62b,11,1,0,12
405a9eda3234e213bfb6b577d4462fb408080f37,1416,12,0,1428
8bf2b3a92745a8bc948a1c3b66300a4002cff281,76,4,0,80
3dfa4e9b2b1974685a0042d2f37fc4a0b437acdf,5,1,0,6
db60d146d67a875784136556eae2f8bad4a888d5,29,2,0,31
fac6b3546475e6495253095c36ec902431fa9f0a,378,11,0,389
3b123263148165948d649428f317cc10ae5c6d3d,5,3,0,8
1f315ab7150cb8361a8b3fd9ff0c62e09d968261,447,303,0,750
da812ded8471d00bf167388f98395c3e1f9309ab,1481,13,0,1494
b19714d8f944662deed047b1aa1180efd0064715,1481,13,0,1494
320085aef214be16aeb2865a3dd3a7e5fcee2c3f,12,4,0,16
8881989c1773217a39096fbc7924983b06cfb8e5,175,13,0,188
2bb4aa8140eb43dab3d13434d809cf446635443d,3,1,0,4
7e7926b7a4aebcc79e4d4aa9035b434037111959,84,9,0,93
0258338e1d62ec1d18771c02d4888658614cd714,4340,354,0,4694
6ec543cd1e51ff14c5ae339ff0d7cb3d33430e09,10,2,0,12
d299622153b05a541670c42a8f1aa0ce255a0a36,21744,486,0,22230
83421ed2b10cc1c020b8ab5a3649f84ad8b4af94,3,2,0,5
449fd62761754727e694bd7115b58e071b9ec8dd,1,1,0,2
ff635a4b642957c20ce011d7e6a6502063f03b21,22,1,0,23
600fbfc4a0c8dd173f6b114f6b2b0d982c71358e,11,2,0,13
2312ae6c092a584eedaef9a144afdfb6240ffdda,2,1,0,3
4954618a253f68e85795bc4a124596ec936d62a8,27,3,0,30
d0bc6e3d590d193547bf45534ecf8a943fa5f0ba,25,4,0,29
31b6acbfc1c4b1956567b680375ca409a4e5c0fe,49,10,0,59
d05a4898b49110cdc5bfa6a948f8494b1ed9fb6d,623,6,0,629
2fb5a0cf3db5b70ecadc58a96b1f6062ed9ceda5,74,14,0,88
de43175e6b0e8229e991736dda10e8c22a742306,14,1,0,15
6e461ce92e28398afd63093e26372d38bba6e189,4,2,0,6
641137317ac17542ec4c6c2895797705e4183dbd,60,2,0,62
cee77485e5789fb73285367ab2e4d5e0f992e00c,1,1,0,2
d7c845c666fa53d9132ba346c7b83aaa43bee26c,87,2,0,89
8c887a17a5c218717d51bcb1f8985835bb24a462,261384,352,0,261736
fd9ad809ae766e916adb99874cf01e0885f62cc8,40,341,0,381
b98a9ceacd77de7aaa5f874184fb8db36202cd2c,4,1,0,5
1c19ce2f393ca15e431e372b10e44163caa72d08,261728,694,0,262422
838b7a89c11ef6157af86a3e2109b9ca44d787bb,2,1,0,3
6706538331b7aa37f8b778e0226be03c9f5a0369,2,1,0,3
ecd6f515bc2a0b2eb4e7ac4850e6bb6bd5ca6dc0,225,5,0,230
fee004182734ba3b7db6013829cfc00272d22bf6,0,0,0,0
bb92b6242b5165c41d83c549f0c5967fa676029a,18,1,0,19
41381f59762e84075a504b2d398badd510fe3335,296,22,0,318
df42f3a52721ef611624851c7660ba8945c92b14,57,2,0,59
4043cf446c5a5175dcdb6a2f6b61e8b7d122ca7b,27,4,0,31
1c18f2429979dc68622806a6b02c30322e9489a0,45,1,0,46
7e510ecfb8a92fc3cc53d4af245ae6146eeb9cc2,44,1,0,45
788a6c733f2c4770ab0a8c396e49cae67ea380ba,5,1,0,6
bc2d24a008da29ccba5ae28a22c617e6bda5511c,46,3,0,49
81df9e1ec677c06d1f3c6df3bd8f53d18f334218,14,2,0,16
5faa4d085665c4913c5989ba5c7b29f7a6766f20,4,1,0,5
a6f84eeaff1225df93bec7ecf4645a00c4d354b6,5,1,1,6
e1380db006141793fe055284bdb0c88aa847ca44,2,1,0,3
60f4775b86b5d5ee0744a1c3211b204f19814394,4,1,1,5
ecca6f0524304f4c10b2f4498b16f3a14035f883,5,1,0,6
aa26a210b8a6465521a4b2c1906d7961d01ca9dd,172,6,1,178
84db52340f6a7f3a3f9c70107b2b4a08b3481660,4,1,0,5
e70e118cce7630239774dbdfb5b802422cff01ed,84,6,2,90
36d5fe1d29e25763552a2be75391a0cf6a515b02,474,21,3,495
bbbbbd33ec8a164fc4bfe5aeda6b915a6d2298a5,17,2,0,19
b1d4cba6a3672f582cba1aad58ce9feeb7005893,479,21,0,500
44ccbd42f493193211a385dcb846aad8d136f66d,117,12,0,129
239fa6ff390561818bb657cc2474dfd2fe69892d,117,12,0,129
fc2a0f1f83648dc11e7a5a84089dbdef39dbc3d3,19,2,0,21
7b9c576ab8a79cacfe7fb127359fe3613be999a8,67,2,0,69
82f9f5dd9531fbe9facac8f6fb8df34f05521d51,180,5,0,185
2435f48d493cbead115ac57f41be383573b83cec,79,1,0,80
4ebcbf714ab1cb46ecf643f1173e72f7ea8af9f9,259,6,0,265
60bbadc60aff8ec42a433d918a25e2c3b1ac7be9,7,1,0,8
11651a7c54dd9193016354e02cafc037734902a6,2,1,0,3
8f006e625a17346dc68d050692fcf728ce74e0e2,230,17,0,247
6b0e3142b3f5052e3e0074686aeccd6a8eccf5a9,232,18,0,250
891265a2b5dc2c7b84d5057273db3f48b9b5f6ff,29,2,0,31
73c03643cfa8a44511946f843adcca67a4416947,7,1,0,8
3b1dad01de28b632e7c43af54843d5953f87d261,52,2,0,54
8276f52b461932885281999307b61fcf56d61895,8,1,0,9
361070f8f279ebd97bbf132ebe78fc4f7ac818b7,226,7,0,233
c52793953ff629a302801b24107d6dcfd7579c11,7,1,0,8
ffb65a7f72276cbb733384313394a531b2d831a5,226,7,0,233
fd7fa8dcabacc5867f02a33a2b8ed8b615f52324,7,1,0,8
782650b4208b779535c499dd654dcdb816b295a9,2,1,0,3
46a7fa9e10853355de6d2e0233228cb7875065ed,6,2,0,8
c5c159418a9202ece889a493571f0068c37c47cc,5,1,0,6
3bdeec85d904768ee0b474192ed0696dba16dad8,2,1,0,3
ddcd1e6bc15b5ec02f1a2fb05cb3d13e58457ca7,63,8,0,71
6dc66192d2144b885a913a9495eef00360a19c52,63,8,0,71
3165ec81c5470293858568a53fe6cf9361ac722e,309,12,0,321
0b0dedd070031c8fda479757cf65cd9b7db5dc18,32,2,0,34
3387b104e265041846787cc683e6720d04aa0e9b,48,3,0,51
3c67e5f578f60f5f15a13c1697dee332d657f00e,125,6,0,131
92a0199c75d8d450d50b4e618a8eb860661252f6,5,3,0,8
5aecd5611967faed3c06b28e593c39a4da49749a,48,3,0,51
04dfa314e3e648ce8fac31f38455531945164d85,125,6,0,131
ac9a42cd444c6eb171c3e3fd944139a30f2570c3,42,3,0,45
a0c3f0ec8360d7598bfe7f844c82e537f2d0384d,518,13,0,531
276771b6a995cd8f19193032a09665bb71908437,211,2,0,213
e1e6a238486ed2f6b7a6873ea9a006276569af6b,161,5,0,166
3cb4015eb0c3ce38063d87455903d64ccdb6a81e,2,1,0,3
4976fcd3797e8dd0b94c231347b2fa54ccd177fe,39,2,0,41
d01c45bc8a665343d4b1c9409835a57d0a267ce9,4,1,0,5
d87808dc937d9a7347f766447b186ac74e247aad,231,2,0,233
a832dcdb01e3e92d2270d8419a494ca2dae2548a,8,1,0,9
3a003b652c1372727344a1c8f757748979f44120,231,2,0,233
e58b5f580e699a1330eef6af366edef2a08c8641,5,3,0,8
e1f34ec8ee30b644d4962b32154062b1f9483ecc,39,2,0,41
fab568101969157ddd4e2283dc6d3e71b522b0f3,12,2,1,14
86beee44dbc5e0b77e8081967fef61f5c729803d,86,4,0,90
386e73d345343654a8a417287a2a3af0d4def3dc,12,2,0,14
69557cfa8a5bba3efb1ff960a47f580f3f22c11a,269,7,0,276
2e9116370118d26846b949f3802ac04cabe56a25,8,2,1,10
539603ee92d14a0799c16a6d2bf3e5289d4301d6,140,14,0,154
8b34fcbd0db35350a59b8d996c79570ffe3b5877,87,4,0,91
4e7ec0e245bbe994588ac19dc0149758e6bd3dcb,130,4,0,134
b7223a84168b7e732c2c61e1887681b311361059,4,1,0,5
200e4ead145d16e003abf44cdfb340290c4286d4,8,2,0,10
92eb156ceaf1b75a63ff5aeb8db9d06e354b6969,1,1,0,2
6d3d9a326a3dbf4ccb89a04879dd4b8d740e134f,12,1,0,13
66ca25a868f6a1298e0734e5665f4a89dcae3bd3,144,14,0,158
107e80fefc70ab35a4846fa168379a6a82dbdd96,10,2,0,12
8c4a9b44a8962818c55c1b44bd753b89d6dcb069,2,1,0,3
f2b724eea5f4dea69d44fb658767b5ae11db4f66,153,15,0,168
3c6f3a75755b719d11c31f8c4856b30f201687cb,22,2,0,24
2b5860f84ef5630773352c3d4d55eee506b1579d,25,3,0,28
188439530110815f7b92e0f6d86d7f40db6d42af,71,6,0,77
b49f78a55d3a7c9ab4c0674bd2c38f2850b5dbe9,6,1,0,7
b2f4ee6de8731ca472317177bc682373b230299b,13,4,0,17
3f43cf50a0e2ce8715a9ac2b7bfb8e99006c0977,108,3,0,111
449d225f77039fe8d48406988876fed62e0dfec4,22,4,0,26
b4b7fae4316aec33a223dbb56cefcae615bc722a,6,1,0,7
c0296e1cade63d46ed4b4466491be3bb3f6ea846,0,1,0,1
d44194ed4f941b0fd71cc7f60ec362409232a985,4,1,0,5
b29cc7861d7cec7c35b07443459f060d9e3f51fa,19,3,0,22
4cd2eec2876c870a079b55cc55b8121b9520b493,45,2,0,47
f5b9aaf56e483aefde5cf7fcbc657d813c413ec2,126,9,0,135
fb43262088919b32ba4e21b5ae9aa30639a01d71,0,1,0,1
b488c044044fb057c44f9f1d2a3c8625ab5725ec,152,15,0,167
a20f4ec7d16af0f44e3a43a1a3c4292264aa6d04,231,13,0,244
270ef227690f45e1bb1cac86dddb5b7af1535b9f,111,4,0,115
bac959ea8f58fbee413067e93c83ccbaea6073fe,4,1,0,5
d796b34beb3132f623b971ed1f89e7f707ae12bb,253,5,0,258
fe4df36e1d65db4957a5d84aa2f013bdde588470,120,6,0,126
20e537d224ac5103de5f75f3987921953eb5393a,67,4,0,71
d4dae688cdee2efe28f7d3765e98bd98c2889794,45,2,0,47
d138f917df1a6bfbd9f558672ce9ccafa7bbef88,25,2,0,27
590e36d06c59ce81ecceeabc46ad1af2867a158e,4,1,0,5
9d201ae51a0cbc0302435f093bfba90b243d4eba,120,6,0,126
c51ce0c4f842d9a1168a3b0c881c3ab9e6d71f2d,67,4,0,71
531d4aef0eb3d49c207676cdccb1791b96f6a0d5,23,2,0,25
71949f7ab9b77bcc1325bc6a41052e45e374e836,5,1,0,6
ba603102a0fad911f3f8b3b8863c55390b32f96b,5,1,0,6
f8b558a177b0cbda6cae63452b24d34f7dae01e2,24,1,0,25
b23c56f69a3766423defc40a382bc8f697c35721,24,1,0,25
bdd8b76f633e0c1a4f14f5d6d67425aa9e7c8de4,4,1,0,5
637e1fb4e6c6a28908bdd6d80c19510eef349068,24,1,0,25
500dab0c68d28e9fd6e9141b302a49088f76cd35,4,1,0,5
ba8ad2a0da5a165a124fbbaa69fb7a1de6141e7c,130,2,0,132
a25be04fe2e68b2b7f4d46186b263b56587b2251,6,1,0,7
8de88ebfd256e5bbb4c837afd46cd493c96e5bca,24,3,0,27
5648feb8a76e273935f147ab653d0265817a94b0,160,4,0,164
31c2cd759abe8ae896f25370d7d6ec9ce43bf74d,6,2,0,8
65788594c5ef53e648dc045a07fbd583f822f695,6,2,0,8
be6dcce63593e233625f792b2884568312a32878,64,7,0,71
4ede6d84f17c374ff46119f2624a5cf39bc349a3,64,7,0,71
c9d3bb3bf00c74cd9cb7cdd6060eee1a246f84e4,5,2,0,7
308402e18eeefe709347067c605c7a7c40098ab7,8,1,0,9
bd8810f0c838b2fe44862432ff9bd0b83b167158,65,3,0,68
6db56d65fadc425e2d77d59117609452e60a7efb,2,1,0,3
251d1e07c09acd9fff32174fdf958c1816eed047,2,1,0,3
816098f0a3bef2da969f629d16c1805c0e7041b7,235,15,0,250
34288a47b8a39a8eab858c319f6fde37c3dd7313,65,3,0,68
27a066828f0d7f58a41165eb98c07c4b18ba7a16,2,1,0,3
29420a35e7eb1415c6457ea8985219f100649351,67,4,0,71
062e233f454443f95820fb3db94882c9ce10daf1,8,1,0,9
2fdadeb677b3b468d8e0426c8be94998c830a174,2,1,0,3
8b52a1571b81313310574420354aefdd56e4131d,53,1,0,54
5ef80ee290827cf2b0c86f57afb365f9537d78a4,34,2,1,36
f34676cc25a09a85a59ad4bf3c0e31234d8741ce,12,1,0,13
cbee3b38b78b4b8ef9a1d54bdce8cd6c70ed9edc,2065,12,0,2077
3fbca437f3fe545b2952e1edb6eeda714200990b,268,5,0,273
a1c7ae545114f5e0faf2d00146685ab579634dd0,131,5,0,136
a4afc2c6a657aea13fd6a213ce926caa44504aa6,12,1,0,13
2f64c5ce900e9086ef1573068771f541b67a6924,53,1,0,54
7413ca38b0ad27912d0905b7e53c0c80fc8d8544,46,3,0,49
c0d933b5875b0ba4086c1fca78fd142d5ad66afe,11,3,1,14
941083cea58ecbb7f0bf47d0b0ad3da52ea32c2f,66,4,0,70
3099e80ded2c490ae835c4a2cdd389fd16b90569,60,4,0,64
5021494f55016bda379a72f63cc8c6e48f383b43,8,2,0,10
1946a161ab63483c7792581e51d6e6f4183d61d3,11,3,0,14
5ee84538ddce35a77b3e1b4ff8ab0ef05275a221,6,1,0,7
fc4b9415e804e7770534607040f249c09ea38218,6,1,0,7
2dadf1ff4e63b3d5b5ce8fd3bbe75ae0654618bf,8,2,0,10
fc62a37e6ab3e54ecd4a5f1289969cb83f144fde,2,1,0,3
254b98719180f812973f7c9c31eb47559b5df332,8,1,0,9
201c37446295086414c95fbc9b420355aa82a9c0,13,2,0,15
8713a0231d529164a86517124001139508dfb373,6,2,0,8
9deedd6d008a4bcd5ab06f27cffc601ad20c35ae,2,1,0,3
a9705b340ea1ae5194116ba4338f1e11c255508c,156,3,0,159
040efed43ac6fb2ad06975ea9bfb2121b746b025,35,2,0,37
21945d95ddeed88569bb7e214503b0f22188fc3a,2,1,0,3
fb2be854019dc10bc4b14f69602fae639ce5b088,2,1,0,3
4ed29a44f6326843385a75047a5fe38be1d1e2ea,3,1,0,4
c843a744eee4b4ca537da57219eb8b06888d426b,7,1,0,8
8a822cd1a73bc78eac7937500189171b76f0ba6e,2,1,0,3
192d4cd25953436d6c3a58c02756388fe3878863,2722,17,0,2739
6ed1a8f196d2b1a6cd18aa17fba5c03be76a9110,18,3,0,21
0f3b03d7931c0a9ae83c8e8c1183ea4892839904,4,1,0,5
34af2a6e8c382662d543ddcee1bee761e6ace87e,22,4,0,26
b2af51232c098f048106693a80ae38a4dab2daa2,6,1,0,7
3df1c6d68e50b1f664eea82f22fe361f78b348d9,6,1,0,7
e9d2b3f5094d97ea4386712ba49c47dea1ff9d17,8,1,0,9
418615f6b0760d2e688cbc58523e87964d31f1a8,8,1,0,9
e638faf86dcefa3391b982f4f2920a2c94ca7669,5,1,0,6
3c65db1239f69d0e341ede8e0bf4d71e0fd7ce91,1,1,0,2
0da95cf0e088c1772c9722f9d6ef25903f1c5dba,8,1,0,9
97d91f224fbd88ddaac022146db2443b4444a78a,8,1,0,9
4015cd07eee9ce6e0f51451883272ab63a1394be,14,2,0,16
b9598ea73cc32f4def1f8c19db3e628efb8822c3,2,1,0,3
b07eed6d3cd92b52c7e71962f974e793943eba51,12,2,0,14
f32c1e48c8140246362db1818303b424be3fd444,6,1,0,7
61e6d567d47b82cc825c1c7538c28534e6ec5041,19,2,0,21
58db57799285ea16de358d9a0d5ff6699977c17e,59,7,0,66
60b5f33efd4f152ba9433e8a15cc8ad03cb99b55,34,9,0,43
c04161fd92ff901b11587a5fbb61c9defcfbabec,2928,37,0,2965
0d22f5a1255546ac6770b8e55bc6b69073204d96,8,1,0,9
62f13c0dc12772eb3e803e141f541ad7fdcb3305,8,1,0,9
e7e032de82deb52e73d4cb1bddab2e70334accc9,13,2,0,15
63dc86d21f91c451cd1b7bf5c2c4a58921cc2bc8,13,2,0,15
222affd6d13fcff4c14077e5c153602bc9ad25bf,21,2,0,23
e064c09a08b322dee89e4808e647e655b31479d0,7,1,0,8
a4fa12110af2a8695ece14db19d99dd5b0b8a60c,2,1,0,3
9ea2cd5e64e4dbf120047cb442430f64a924bbea,7,1,0,8
d77c44a2b7f91867d8a6b2abbde8700d18711fe5,2,1,0,3
fd058af54ecbdde14f909dd2d1f9ad5030e188b8,5,1,1,6
7baa2bd4a63d27d14f69633fea9253932e0c0a89,33,6,0,39
ac3cd7868dcd98262acc2fdb66e4c5697208e7ce,2,1,0,3
2d75f0438ead45d5a7902ff1523644c6c8ff9c0c,12,2,0,14
23c1a4c2fbfa2cd524bfba830d7da0bf900c037e,16,1,0,17
8dea395c9660051c57293d9dd556d5f031399efe,17,1,0,18
bd1673c34ee99e0ce59666a6e3a624f79183a9ef,18,1,0,19
160462604d929cf00946007520b294b3d115196d,18,1,0,19
919bfccd22d371f2dca443dca84f05fc0bf55d42,41,6,0,47
84fe5bd3a4c7d4a5da1fca5fbe22e1705709b9f1,754,7,0,761
afca63f03b459233db0e4137104b165b05ed9583,39,2,0,41
68f742b3ffe749ed70a3fa316b18e1fbd4c4b85a,131,2,0,133
c54ba54ac193a8a4f879581a32797e9b87ebfced,10,1,0,11
a0f7fb2e84e852833c59c758bcf3029f7f7bcbbf,7,1,0,8
8eda8d6d58e638717c9d1b64abc2e98a1d6e6136,926,7,0,933
e31f275c001d4992634399504963f9242db93279,1031,22,0,1053
5e036bf847fe79dab03d2725031fcfc59ec6eb5a,40,3,0,43
3e74588dd0dfb69b7bb73f4b9ab3a647149135ad,757,7,0,764
3d94aff12dec59a8f71935d496c4ddfa6c6149ab,967,13,0,980
54490d01a4bb3d399cde7bd306c72b918d9da9f1,330,6,0,336
c37060d71cb6b1a9ac8075ef860447a492a68468,24,2,0,26
8beb193a7e2487b7363355270620e4bd0cc3258c,253,12,0,265
c261aaac221ba207b592f71e555d28441be63dfc,232,1,0,233
970450e12a84e424fa92f5b3ee11fdf0874af1bf,161,3,0,164
8199a6277c6755f71ca3fd02c9f0709bc0b03da4,62,2,0,64
d9a1d9a32d79d1df8cde7cd4aa046b1215382e24,4,1,0,5
49437874ef801eed7aaecfdb988dd9ea0bc265c2,19,1,0,20
e9ce123438a03cca831b6a9b102971464ca6cb18,99,2,0,101
8e3813806fc1e6a53c9111538405af9b74ae1829,2,1,0,3
8f4702a4590f33316ef9f454382da9e5eb162e67,199,4,0,203
e4d9fdc469502bdb2f0e1104306c1315bfe1f01f,29,3,0,32
db1cdee723cb6956bd4a1dad6c5889ade8631a78,811,9,0,820
1084601da9ee7bf2de277a3927114c2f321450d1,4,1,0,5
30ac4f002af3608a87756816072894e5dd727930,2,1,0,3
467c3e7eed1d2d02d9446a708f99c7876e98ec8f,2,1,0,3
e421d46e62eeac0efae62d2a2bbebac2d5fd3b95,14,2,0,16
815443d58211ba6a1d5682b5482a022850698786,2,1,0,3
39d0909ccccffefaa9d081ee50a000682c9f9e48,12,2,0,14
15acbdd6e552a8fd17145e9dd77c0568689001c8,25,2,1,27
9c364dbd0c3b4094eb7c621733c599a891ca60cd,87,9,0,96
9b1a694728552c8d848261e5e6ff6e3e9941cab5,190,3,0,193
cdfa7906cdbf9eb5e9e9b8c63950e60c9140690a,4,1,0,5
cde1ef899e6638fb94ad9643bd1a384113d11dcc,271,9,0,280
554050affa50bab89d74f8f46d574865530e3b2a,8,1,0,9
fe33faf82abe6214db584d9ab4894668671dd69d,8,1,0,9
97d0affeee1d72d351bbeef249491ef6c6c73490,65,4,0,69
1525654fac5764d121bd86bb59c6df89feba8337,4,2,0,6
29dc8d20c4dc7efee90b9fccc352b3d852526301,21,2,0,23
f117aba3cf4f82fd84fdb1425e094b58c19fd9c2,35,1,0,36
b420556fadb2be5284db7d7157133cf2bc5446de,45,3,2,48
105c254dbae6b520111ada388939b32076e4d09e,6,1,0,7
6d34c8c3d93135e5213d5887d510e92c11f2bd2b,25,2,0,27
012e5d6e4e524145a6be1343bd6e670bea8b269e,51,4,0,55
268d45ac45534c9c968cdc74e79bd34e3d7a0317,8,1,0,9
3bccda483adf7b7d93d888815b6bcc9ca6a2e32e,1245,25,0,1270
a5daee9d3c17e93a9082c7600e1483fc805837eb,10,1,0,11
02a97eff7d69caad9ad15d4f8aa4e538572ec25e,4,1,0,5
cadfadf10f6796bd37586641a70cbfb4ef588bd6,2,1,0,3
0ec3fd68d1b14fbefd11a2384b73eab947837a6c,44,4,0,48
5d53a94eab794517cc5a764049019dd042afea1b,66,6,0,72
61a5fcaa5bcdc5f65baedee02951254343a76b15,8,1,0,9
c7716ca201b14e7523d6eed8c61634397eb45812,2,1,0,3
6de985aba2fb3e8ae6ea2410598a26ba17afa77c,2,1,0,3
7fbd6eb6bb81cd37a60667250f8ba371e371c22f,2,1,0,3
1848f6e8397fa1cb4f7170f5068e603ac0b5aceb,82,5,0,87
29c989816b45a045b0ce2ea9a0857ea19bcc410e,15,2,0,17
008a0d498a7acea3b93099a7479d78008d31dbcb,15,1,0,16
ed10c5a5594bcdd3bf809b92c249c86dfa6f2b0e,41,1,0,42
d178ddd254eb065a714051eceec953d6de642abe,82,5,0,87
626106f238f6bc92686b8c3f3c7fa55c5d9e9322,48,1,0,49
09b6fe33c8abde82641dcd3b01d1a8199ad0d71b,44,4,0,48
e9652c03fd894e8e67f0f45b1cff59b48102ca04,13,1,0,14
95a5c8d2548d4cc70f5328d1fbeb8444573f63a4,22,1,0,23
1c826cbf7853a085df4d81c91ea70986c3017273,4,1,0,5
8f0a71214fa5d1b8093ec8fd2af3b350cce32ccf,49,1,0,50
bf1a22bf7857a73e1ec4e6b87760e98227bbab0b,2,1,0,3
7d727b9947f50e3092177ac3d36f63177d6d5ffb,4,1,0,5
6b6f4447ebc9182c3a9312927b783cfcbe3d1e45,70,1,0,71
5e33d349a3ca2cc1d3517490a96ca8cc7622073d,240,10,0,250
817fc90a86b30d24f6db379d7e5bfcc9dce55c1b,41,1,0,42
bd78a6989165153f8fe910a45504ba875569b87c,11,1,0,12
859d9e194d13177fc70064a330d7f323298cc8de,18,3,0,21
762348e307968b60671f5bd32d976dcf420e6c9d,11,1,0,12
cb52c2baf6b51428d05f1b759824a4bc7daba083,18,3,0,21
b5fbffae7ccd3694607938f2fe0f2f0e5eb9ae87,51,2,0,53
0fc0f2f8309195d8d543f28f04378d9e845f78c2,66,1,0,67
c0a6b68c982da13445a22cc8a28ee8c33b987579,216,2,0,218
8963326b77f3c40d5c828ed9989ae12e3f7f8430,6,1,0,7
af70c7d4dce405ea69790b1efed941645f389241,89,2,0,91
82f137dc7c75507379e197dff9bb636e8093bb3b,2,2,0,4
3f08255629e47e838b70db5a7a9d4dde208b9dd9,2,1,0,3
11b59aefc36d02f2097ecb25bdf268f673bfaad0,1,1,0,2
540df43e0d22c7ffa256d3908ce4375177e18ec1,200,2,0,202
7af03f967bb1f9d4ccfef72d71ab3e1402fcaac9,3,2,0,5
3d8250ac639690d538ebba033992f657124c9af7,10,2,0,12
78f7ec8aa312ad1a634ff0bea4d32bb37709ca31,2,1,0,3
e71ac0a3458b1989bfb6efa9556ed9b5440d8cd3,51,2,0,53
f02beed3c56cbaa7944adf9c8a8978b12c8aff02,375,5,0,380
d5040d2c836167da37d4a07e583fa2784edec12f,1,1,0,2
e0b63c61b35eb14c999b1beb6e239bbb8d6bf22c,2,1,0,3
2ace40beac7a2be771d03b4f01749ad5cfb0e8d5,200,2,0,202
4c97e8c9345696f67cdb0224d15beb60011051d5,32,2,0,34
b68eeb53cc2b0b15c22f343903857187b582796f,25,2,0,27
4d9c3ad9971f9e598e84f055b4355310591a539d,2,1,0,3
2e1f1a384a870c374d76d8513ebeb80b94de5b42,25,2,0,27
7ee3aa31f6a8a7bd50554c4ab1b5c9dcfb23c21a,34,2,0,36
fafab223824775db7bd15c8925a915717967b71b,29,3,0,32
fa67c4a40467c53bdf93a74d20b96d284194b3e3,63,4,0,67
98fdde5b97958b12217665657e0ebf3a27d15c9b,6,1,0,7
460e6baaf458749f75ae7ab3b7a4eca3da73a54b,263,5,1,268
dd0053bfb9d8fdaa4df1226bd5c46d5349442967,11,2,0,13
efeebcf144b65ad0a97ff1bb42a3bca1e61f4721,12,1,0,13
58207f7c0a55ecc37b91ae9af53d8e5f3e7ead96,74,3,0,77
44628f6d45fd73b9f387ca55594a458dc201deee,13,2,0,15
0102fb3d7c6d456475ea9021f6c9550806c5fc37,32,1,0,33
571866b2e676ec48597bb72d18ae86ae153f5d23,29,1,1,30
f39e07eeb92a6278b6fbb80db42364313f1970ae,18,1,0,19
bd7fdb8f18b9511a9155b4f58da1ee9aeda7bf49,447,12,0,459
4ba2e451aa2e2825af35c7244b525be63283640b,31,2,0,33
623901698e99841b99c80c62c207bc6bb218320d,15,3,0,18
0dab453b89655c30c2a7b17b27a97122d28294c2,12,2,0,14
1432cfee20292cfc8d914545f38c24309099850c,25,2,0,27
ae780b89554b445f2bd1740794bf1599532d0d27,95,3,0,98
e91ac4ebda62af5cf028d38e57cfc9acf5de8529,33,1,0,34
19dcc17a57fa14a56e9a464a09c4bdb188f24245,2,1,0,3
520cda360a2b4ca934749898e1c3beaa33873368,53,1,0,54
ae4205aee296526eacecd8cfb492ffd827595607,12,2,0,14
942ebe52154039e67755503502589cd79c6cd72b,157,6,0,163
52bd3c492516c56d1c3a7638910a205141675157,137,5,0,142
c418156018c431d698fd0bffba7eab1073766e75,65,3,0,68
3c45ff2762ebebd434a1840759a7c60f19967e7a,14,1,0,15
cc57b01de22f07c19d91af9864668cd2c309b38c,4,1,0,5
632663f7210130627828ce5d90864ee6abf98865,13,2,0,15
85f450310cf12b237be61f08782c96dde78ed14e,2,1,0,3
68ea4b509102e2196072de880b826d097367e713,9,2,0,11
b5b27e3841bbc46a71b96e593a52c4a4e6091a74,75,3,0,78
be7cd0074afe389b41a0a344562b4020459f1f25,54,1,0,55
a6d4a03fd72ca79279d9719d294b28dedba455b9,1,1,0,2
93acae7c7995f3947211ba2074ca56ce206eac89,22,1,0,23
a26ad9c966e5236b8081802d56e70f33bb836fce,75,3,0,78
a06364443def2b2f56f6c93bc55b16f8bd3db745,17,2,0,19
fa7e72b968aca30c65d4b824fd6879beb01a99dc,7,2,0,9
326bdabea6c6534c07ac9ed5ab681ee69128486a,6,2,0,8
5fc8c71a632a6911979300efc26f149f7798abbb,7,1,0,8
e346aeb4f33f191515f7ed3fbe1da95525dc880c,567,18,0,585
57da440f0e5f43ad21cecd3d5e040527ceff4e27,2114,1,0,2115
73b091a3d52011ca89ca88727b3249b53b33eb2e,129,1,0,130
0c34f1685fb53906f20d219346e8f8dc7cbcbf7e,155,1,0,156
2fca1876e19f46c1fdbeb86f852bd4d8929314de,2,1,0,3
af85231957a5320a45ca45a402cbba0a5c567eab,2461,8,0,2469
1a78ebd83cb7f913381def409133ea9c18b8864c,882,7,0,889
adc0d2f18be4d857d2964266c526155342eca5eb,5354,24,0,5378
916a2f85f29689dc2aff96c7c4056b8a9df68c16,9,2,0,11
d8f3caf0fb12f770077ade1a69c7cf8dcffaa0f7,4,1,0,5
7ec8019714826c26883f993bd4d9b7c3f8da0c70,10,1,0,11
14dc78b60af47dc3e93c1e8b413fabaf5b1328fa,156,6,0,162
3ce242e6f17ec5caca25c4283465d5dde0a49398,1,1,0,2
5eb32f13bad43f986f0bb3dbddc33380b9cf6fe7,284,9,0,293
3fbc13b7012f597c60a659f4bcc62971dee16e14,1,1,0,2
579933f0be1c0e615caebbcb289452fbde501f5b,1,1,0,2
68fa99913b3c3836ba7bf7eeaf2fd607342e17e1,1,1,0,2
5da4f1d7fab3389161e3ae13e4aa1ac2954b1e3e,5,1,0,6
d2e8de7953549425e62667d749bd1bafeb40a338,8,2,0,10
666d67f1c09c5cbe767cdaffe5691fbd79526133,87,3,0,90
a444f33bec4d0fd65b799d7774ae62150ee1753f,95,5,0,100
c8cbca87de1476dbd66697398d4e1346647c1a69,5,1,0,6
8af702123f8ac66d780d2a5f7a5237532fa65d85,10,1,0,11
d9e464098e4bc3be4f765c033e38bea6dd80326f,3,1,0,4
2e2bf1231d0842b2e36c31fe484351e17d93778f,10,1,0,11
e207e7ba439e27dfc601e6241ce7bbae4e9f5c67,13,2,0,15
2b2a51ac02d17b5e3225de975d7b7a2726d86cce,2,1,0,3
4e344f369eea2b89b652eca8f2ed65b01dafe4d6,6,1,0,7
81e1f31def69320c70065cdf417e9134128f528e,2,1,0,3
ae0f72e85e05edf33b02021a0dbda2d8f8b9dd40,11756,61,0,11817
e51ade2b30c3c80512daa06f122bbb21e0ef9335,10,1,0,11
cb214df3f72e441b2b9819d9e97b043a44f2db93,5,2,0,7
8c8e4f273a5599a41229724d47e0402ff3309075,5,2,0,7
21255e438b0d0e0d28557c403b4be0f3233febcd,1,1,0,2
dc49703b01c8f5782604181470b462dbb189c160,4,1,0,5
78c34bcfcb01b3ea25fff1c3e2c7d255dcac3ec4,94,1,0,95
0ae5fd25589e981a764c6f75d9405edb6fb2797f,98,1,0,99
1ef3b72ae5ab4754af012b854846f90922f67cb6,570,14,2,584
60111f8f8109732b0a93415d8e5550cf49313453,139,8,1,147
356c02fbfebec72de1f2c2383278d599d6fabeaa,287,8,1,295
281418dad706e37779fa2f5745d7a834044a2662,132,6,0,138
b1f694eac1e6258368a09f84bc0039f4d35f4e51,642,4,0,646
b96770595775856a04a888c1f50a1c5daa99da2e,41,1,0,42
0a61288d20fdef3e5dfbb50f55906adfa97feca3,1,1,0,2
56190dab223d279a250478e2a638b91cff1cac49,169,5,0,174
acd79a0bd9310e0ea12c0bcb63c9f0652772f499,70,3,2,73
c5266835f84dd56469f830cd12edcf4e5032cdfd,57,2,0,59
48d07862810c84f9f9956fb7db6b9e0443ae235d,43,3,0,46
e04fb35544b842dd22a0b1bd60cd46bb2addcde0,65,6,2,71
40e9f4525a12c5abb0ce4efa345b75709bca640e,42,2,0,44
031aca9a76f0ee4075835dc0e06d91fe561d3457,366,5,0,371
f30ae9a04d67af1bdc5f6aa91ab48e81692c763b,139,2,0,141
94788f01d89c1359bff488300f0dbbe844a7ae3b,4,1,0,5
3a9d5687f48c63f22049cc082c2238d02a971615,12,1,0,13
0e0da574935bf561f5ca5437bef2c8069cc4362e,2,1,0,3
b9c2f9aec4387bbcc4b2733852d277d5d18aca5c,65,1,0,66
2391c82188692fe81926e2c47384adc88443eb1b,8,1,0,9
0c14e7937a89974c3de733cc609b449ff79c8491,2,1,0,3
2d8cabe8562a5eead34b1d783690aa00a6ea45c6,28,1,0,29
9ef8878b725bc03f0922f62fbb867cea1b98edf3,675,4,0,679
60e14b64d99956cc130d4548e21dfde9b02d9771,313,8,0,321
af96ddf72cd5718a9dee47226aef77560e0dfb0c,77,2,0,79
b869aef09741afe28116c381fbccd89acbec68e2,180,7,0,187
760a477d850fb9f17487d2eec927bc801fc3fab8,1,1,0,2
26d0d5c3c0bc78bbf92660e16ffe9f07f39f5dc5,31,2,0,33
d1767cc5b81309757fad591843685dff8486c1a3,25,1,0,26
36c7d7fcbabb2ce1d1fbd07ffd491a3915670aa2,1,1,0,2
2f733cc29fe1c3272195df5a4fd23f1240ec0e6a,4,1,0,5
8f54fbd2178b444c220419ad348cc5b8a0fdf932,12,1,0,13
dd4a3aebba2afc38b9b5a2de421fa4b0135c7ac9,15,2,0,17
ce3158f7a902f81ddbd9f988f7a562a6a7c676f7,8,2,0,10
8391cf23b62610e907b163eb0fb56ffe26489eba,4,1,0,5
1ed2a6e401c73b3e345ddca9a07fffc0803172d2,21,2,0,23
dd37d852ee86b701f6dd0518c015a257b106f939,3,1,0,4
996e00edca79640fac7b688607e3ea289f8a4412,79,2,0,81
10f75ab1ed5f5219fbf8091e421d0d010ebb453b,134,5,0,139
fe85eceb005b274807288254aa5ece83f86987ee,31,3,0,34
44708bf696165bcdbb68fb1d471af55a4ad93c33,104,5,0,109
f5d19f16efa0f0a788b70612da0c8b71375fe168,263,5,0,268
47746eec235bc1c0d9e66664a2a7caabc72bb430,12,1,0,13
862fac5634d95b1d85f3b5c6bf06bbe2e5b926f2,5,1,0,6
10c12efd921f61716c1e93832103e65daceafac4,7,1,0,8
d1b07aec3dac73bccbb85371e310a17e5f0e6990,1,1,0,2
997549eb7346abe955d1de95b69b04e9cdd749e5,2,1,0,3
204e58e03e74407ba0864a996a71aad38c57aa28,4,1,0,5
6c36d94f0182e0ae106abe7d143e2042b7ec69dc,1,1,0,2
94f295f0edc41590a1fab0788561aa2d413933c6,19,3,0,22
28944d8cd9c20972cca313129873de5b767cd170,1,1,0,2
b4703e61d25aa68683faf4f1aec832bc6ee2270b,17,1,0,18
f270b4d9d058f4821984b19084ea9f818c4c27a8,4,2,0,6
12d06cb5172c4c07e8d895823ceefe3585e0cfef,14,1,0,15
ad775286a4747a6f03b1e0b993348e6cd6e8763a,538,10,0,548
b2613ec952f0cea70b95d05b6f2cd1538ddd3c3b,24,1,0,25
51abf36c92c93572f4261af2c81395452c940692,18,2,0,20
47ca9cf856324be5e02e488a8035aafcecc0325d,124,7,0,131
8f87d4d60dfed12c338af08434370fbaf70fd21a,24,1,0,25
fa4e15428143314044dd9e65c6b1cd5db59c1cc1,162,6,0,168
788741cac2cbdbaa19858669c2ece391ac3a6819,63,3,0,66
9a0c5025425a276b1f661b2093feca119dc17f85,179,4,0,183
0f8c26659ba0210495fa83e11dcfacb13af4c8a9,6,1,0,7
6bc7cd23c4df504c17b4cce5f620eaacd27964b7,8,1,0,9
2009e750e18ffa22860691d6be0f95469ef81dd8,8,1,0,9
11ad2ceb2a45dd3d8acd82dc2d525dbf35c88c05,179,4,0,183
b6f8f7efe84f73a0569ec1222365d7bd3771ca2f,172,7,1,179
0767f4e226994a06f1f4d8db9054286ccca6eed0,1956,33,0,1989
b262e987ddda1bf9be1b1a03809ce088f926346e,76,3,0,79
aa458ce22b53fe4c508aadc6ad730bf3eb8c672a,29,1,0,30
c307856c74a880c0fdf64f689253981cc46ec8f2,6,1,0,7
a9a8a2a92cda6f69e5140a4c52211ebb21708850,182,7,0,189
570d205cf6b3a502bad3e8f129aa8d9e0f6ebc47,29,1,0,30
89aa53f09ca4e21788fb40b74e140d689334c5e4,27,1,0,28
c0c9d9695e3ae384d2747cc0b7a4cf7f2ad624fb,80,3,0,83
b1033f55efcc87924df8b8c855129bce7f4daf61,32,1,0,33
4ec1b0f9eae3cef544f0ba217a3fb91dbbfc7709,2,1,0,3
34ee598c806beef39842b1ab533bcb9c8be1628c,2,1,0,3
a1ccf721bcd43fc5b86c56be6e9ab057ed38e6d3,2,1,0,3
857225a0a71da5e1f3b56669db85567d302fb7ce,2,1,0,3
6ef8c3b3742aeef2616fca08ae60372a1c5fdd6c,354,15,0,369
bccff9ed3d4050211e25d2dd2337ba707bce886f,6,1,0,7
82201ff0b00e870999b9a9a6fc194393cda6303a,261,8,0,269
07fde9f74acfdd1e1428042af218fb130a788ec1,54,5,0,59
b23b896b3dd4d0c78a3245989dad4d218fbd9a35,18,2,0,20
7cb12d0129196506ed516a8230250b9666fa3da5,134,4,0,138
f5d9fad8e5ff1af364b3d530a1b3f569bd61551c,116,8,1,124
0330452231c9dae85bb642fbd7a8b9cc16c6777d,311,12,0,323
88e35cf8e083125329efa29f59c2b071ea3f614a,12,2,0,14
fce6f86baf13afb2511add3cedc85c8ead1cb696,16,1,0,17
76a86a568ea881cf9721d7d1f3bdb2af59b31dca,74,2,0,76
509eb93c436a7d95b382ec297de87d98469c2ec5,4,1,0,5
6416868c2dee895fcea2b17237aaa23714a9f646,15,1,0,16
34c84e948ad4ad3c3c602a5de0959738cee03bb0,207,8,0,215
72b161ec15a474625553bd4f6245e3676bbbd595,30,1,0,31
ab8c4b2fe874a99d4f9210b27c2f5ec004bd3d65,6,1,0,7
fa0bd02969f42d534444dae5084bea22596e64af,124,1,0,125
44ddd74825a45401a27b0f2cbee49bfd57ae108d,144,1,0,145
8a81e25e14f4de7bc18de6f973f4c35148fe92ce,81,8,0,89
635037320b2678ca8bf42789e50833fb53f147af,14,1,0,15
e33f8b45223d039af6244a50e52e0448878a2ed8,14,1,0,15
984e6db002a798eaf0a211ca0ed6f785b776ddd7,50,1,0,51
c845b605cdf34dd29f23622907be88dfbb71099f,232,5,2,237
e49e0854e1499a8b1eb7587741bd23f346617591,27,3,0,30
37a056b108c08ac90e9cd8a9738179094836eb59,1,1,0,2
3ac0553d21a66bab06cd7e3d42bc0037a1535431,1,1,0,2
e98c1e4b42102a8efd2b0c3ea79773aa2363fdf7,10,1,0,11
da64fa0a4573790b661dbb6a85b95f6d9b94734c,10,1,0,11
501f13098fdb269b69f300f75f3318c5976ac942,2,1,0,3
147ee9deff71c7b5ab2135747f0ba0b628071994,2,1,0,3
6fc86da4f0d9bae9a7913897c23db4bc5a797833,275,6,0,281
37d88cf00878309580416c7b265a854d3fff739c,189,98,0,287
5a8867859fa1d87080388d448c9d8825e2c0f8f5,56,1,0,57
5e94f4add35047a2dd34ec9e9a35837e36f0a1b7,291,17,3,308
0b2c3bbf466ec9b532a55d898c41901b2e4501b2,134,12,0,146
6315964963ed5ca6e05ff2cf101cdcec1342a0d0,69,2,2,71
9e00197ad7ca63d0a18e017a8d205f4c8842c68d,189,98,0,287
9335a1710ee3feaaee4c1540f7581a967dde18f3,3,1,0,4
2a6b17d88aa5b87c8dbf9a07840421add4b99afc,21,3,0,24
5a30b073f89ca0b1274a31df817f0029b6c269f4,3,1,0,4
f5b82a297ffc534c5e8ec7980198e9082ec36402,34,4,0,38
42d32bb2eb7934ba24f3d5173241cfa1a775e82e,2,1,0,3
b62d66733365f50f534ae604fe59c9387d3c705e,10,1,0,11
b65b26db71ad50b628779089dca52758612f7abf,9,2,0,11
2090030e3a442a376806c474b79eca2c029aeb34,4,1,0,5
1c854e7b4e481f7fd30b3d2e596f2de8bf36b7fd,10,1,0,11
4f5e5fa4c356cd54cf357770454f29468220d8bb,6,1,0,7
994360934a608d3f26ab5f936769570bceed43b4,10,1,0,11
a4c17923447251b71d73b17806ab52da4bc7724a,63,3,0,66
6c06153ff0be19a05f55192deb1822fa646873c9,10289,20,0,10309
074429c04976694ab6a813cc8182ebdb9e49f04a,385,300,0,685
40f563624b061e76a0c472fd932280ee5fb82d26,9,3,0,12
e5fe061e1728fc8b30a484b7e4231172af5d5ccd,1,1,0,2
98305ece33b70704a71bafbdcf47f0297d0aae3c,31,3,0,34
3a76b1a71a8de29d29399df13cbd676983567364,92,6,0,98
0b4723ba6c9b9d86cff5b6d3aea195fbef0b1a2b,1,1,0,2
c28a0ee77640d957fbcabb4587b5b5df6243931d,61,2,0,63
b10690a4c3c26d4a5eeae9e52dcf9019afd6a9b7,10289,20,0,10309
f38cdf5bdcb5ed88be97183ad8a58fb5e42052b0,4,1,0,5
2682445d15a58ad2477fb38133d583c90c5e4509,52,1,0,53
f7654d93496cdd730a35a271cdf5af596fb94070,6,1,0,7
5d3966b1a8c64ef9d0073df12705ef0c84723a59,4,1,0,5
6aac6fb6fc0ae227fb9778614b361a4d5dd366ea,35,1,0,36
e1156a16c12737fc99d9cf73c9646ac5a813b5df,2,1,0,3
c0051ac161ced033be432a89a2957d5fbdd9ed5a,18,2,0,20
3819aede6dbf9bd7c9714cbac72a6acaab4b2bc4,80,1,0,81
38b8bb82c70e29aae4477213a2f479117380723d,1,1,0,2
6ca224fab51e3b84757f7f0653b1ac96309706fa,28,1,0,29
f06b53f7ba943a74d7dd49349ad3078b82381931,39,1,0,40
244eab597ebc541cf7265f8fca324755816651c8,7,1,0,8
6c8172c7d0e260ff8ac2d19e1263cc4f3c21ef24,58,2,2,60
e507b2d3190149fe13b0917cfad68803c9357f28,2,2,0,4
66787594b535ec94e18ff670a07c7cfcd61373cd,10,2,0,12
18ffaaea204b9acac9b98a5b1872eed8e74623c5,3225,54,0,3279
c56e396be773b2d9f17d1f442e25292334e70884,1,1,0,2
c0f14c4418f77226a8401b5fc0b74e3103f952ee,198,4,0,202
d0310f846dc06c01bedc5296c8db1e7624696b24,14010,179,0,14189
1bfe16b2fe98d0ef214054d4ed0a57eed9a2e464,429,306,0,735
8ca05157c80824cd67ef22e40b2997a727b5e51b,60,1,0,61
5f93ba5ab98c0b8b274d0bdb568639c5c6f9b662,1,1,0,2
a74da51356d253210da0f88cdb150ad91ad95f5b,37,3,0,40
3c0ed794bc0a5681fd5d34a9600fb97a70199631,5,1,0,6
0892d6a5afc442bbd2b7f92598252649f63c1fd8,1,1,0,2
a52577fa4e6dcb9cd07c394616783c793d0ff2e0,72,2,0,74
2686400774934655e1d0ce5d758fc94e9e305116,12,2,0,14
c60bf691ae0d0c4997c1f7a3681e943531b8085b,2,1,0,3
ce5c483a5307cac8ba699bad26925b5add813923,43,1,0,44
a52cb751ff0de2215eb86ccdea50238a42857332,15,2,0,17
eda2913f4fa97c75f0b2353d82c23f4678df752d,10,2,0,12
a757e79b2578693b416e0bb995b579bb98053eea,187,6,0,193
748e251ac94c41b73b9cd87513e3caef89c3f92e,72,4,0,76
71ffd8a66d03ac02748558883a7019a7c92d4133,2,1,0,3
bc062c60b2055d30eefc912358455de86a74df9a,14,1,0,15
277034b36bd1a75ac2f7f4abeb5044b9e65fbe47,58,1,0,59
737ed5a490e6fc82b4325ae1a540b7e77ef3cb63,31,1,1,32
788bb2064c8e3c31d3559ade4aa45e413f863766,40,1,1,41
0025628853d4caa7cc4462d7846e5f744d584623,11,1,1,12
1bb2959de3f75195826c85cbfdc1f9e60ebfbb81,5,1,0,6
4ef1b964b97c0af048725d6413b0d8465f9ae797,69,2,0,71
24c8612a162e8d06865f8860e6c1bb8b2de18a6e,50,2,0,52
4c9a477bf4443a6919eb338469210eb900800f08,10,1,0,11
dc4995ef69be445f02822af6cbe24e5664942f02,2,1,0,3
31820361c5d4f0bf097c13d437c01a7f65663c16,24,2,0,26
0c4b4b87b199e044ead9ce2e623e5014ff9bd953,4,1,0,5
cdb0f1a0af8e4d8752764d23099522b4b40e1fe7,9,1,0,10
5b62580ddbf34a53a30391a342d265295c7d6c24,6,2,0,8
d28ac5620fc1e4e7daf3e3f95c5c5e99a5ca8b31,11,1,0,12
eee997abc358fc37a71ecf40189891caa550959a,2,1,0,3
e3aa6c9eefb36535f6e0f24163464544257c2772,37,3,0,40
ef3ccd5dcefee2148fb1b4852054716f208430aa,4,1,0,5
1975da908af3246cda5eec59becb587e3d30cbef,11,1,0,12
137f82dbef26522b86b44b5dd166f85c0c6db33f,6,2,0,8
3f55fa01d07fc1e9ad54b6df302b8881053b5d5a,631,7,1,638
cfa708951a047ab3cca77e85f9a3dfbed5ca4f82,10,2,0,12
2338ae61c37d251c91a51243fd5969c7abfd92f6,34,3,1,37
2d1d39b54bb08ac829e66c820d11a17b19b6b296,20,2,0,22
c04505d244f9f8d6a6ed19618f61b52be5e31fe1,2,1,1,3
6ff68dd180d6f38adfd229e9dd83760c62edcfde,46,1,0,47
e4c63a5d9bb349cc5dd0c018a68f59ede259bf5b,84,4,0,88
a08cb0deef4ce41fd0494e525a1fc132349e9f9a,6,1,0,7
7d380350d7cac08e964385c23db9ad268aacad1b,16,1,0,17
ea2a76fdbea7c9250fef2e025049603b150bb774,8,2,0,10
e9ff65842558f496c7c2d7d09b70bc35a47e9a11,2,1,0,3
41a44173fd0bde069a79a3b80d4e72a22093910c,16,1,0,17
261226d85ef1b1b1c2a8f30b02e5fd8ee2afc345,6,1,0,7
2069a73cf920e3295c4ada7d41de00a9cb45eca5,2,1,0,3
83bb6c45d9ad5a2556a51232a380901842fc21ff,32,11,1,43
eb5c275ed3a06429802869991e5cda835a478503,32,11,0,43
f8794aa1a8394c2034cf7c866632dfce9f0b9000,2,1,0,3
284ad826aeb75940f251632cdd1a58467064b37b,197,7,0,204
556e665874450fddb6aff505f958918c7b9762cb,12,2,0,14
482fea2bfbd7f438dbe0878e34b087dcc55923b8,114,17,0,131
c5698aad11f640200111724417563479be2379de,2,1,0,3
55a40c6e86585457862c5b2438759ba0b179d3c2,2,1,0,3
83b65cc21a22a396b76b67d5da2375c12727a51c,2,1,0,3
a56f6d2fe62351f432f359178ff07347425dd960,234,5,1,239
5c93f7f233defab41f418fd0d02e6946fac99e5d,73,15,0,88
078e77c76dd6385797e9c67247090bdacf872988,86,4,0,90
aeff357deeb99e146d49ff27a44a62181437dc6e,16,1,0,17
6d9b5b447d61736601d09609d72007fc4c40969a,35,2,0,37
b2b75778004b91330979c7e3a9b8736bf6892b0c,48,3,1,51
b1e334fb963211fbcf5a10cbd6b6a2e5ab3f94e5,27,2,0,29
ab203440751f25167f191f7ec459c20b51e64841,872,15,0,887
71d526575b8def124c2a29c08a6e44c76e95d895,16,1,0,17
ad249727e638f711e29dc0e5f8a157c1abc32e8f,495,28,0,523
5c160abbaed99d6271b056f3c2f33e7ba21910c1,1078,18,0,1096
bc29555831914147bfcff1dc7d55444487b71eb1,49,2,0,51
dfe6fa9161078162cfd58f32e193c7a48780f306,2,1,0,3
2d027aa34a3e120e03c53bc741b5266dbafc0633,4,2,0,6
85641cfef013672ce314d49f43430a73bdafcc52,9,1,0,10
8256a00aa48ca6d19b72620a139bb46b53d3b951,4,1,0,5
7c3eb99cec4eb3913d94e78e0016f33270b33d83,24,1,0,25
bf29b99787770c169cbcbc645a7e61e511958c50,2,1,0,3
aad798def46ae3d35a113a74d9101b4174c2049f,5,1,0,6
cb703d0277398a2c4eff3508a6564c7e4c31015e,2,1,0,3
d67fdcf051e9e142cbdb0b241a02a234bcc9dec2,24,1,0,25
97f9f78df2378ff6ec391861934d7aef61cb98d2,5,1,0,6
60e91a38e446dacbdde3cfdb61a488c9c7529fd4,300,1,0,301
36f31fca5abaaa1c3860ca55d7e1b64a611ab288,252,30,0,282
2d13aa016c3019fb9c78c0bd0ad3f61ea579bf08,4,1,0,5
73d69565e090e905801a9df354f105f0ea0ca5cf,2,1,0,3
0e87115522ef8ca9e3a12fd57823ca33e597cd67,4,1,0,5
6e2c9a7fa8a737ca4c22b4d66203f58cfff5eec2,1347,36,0,1383
283ba342ba818563d8bad72b4e8f99999bbb65fe,251,9,0,260
8b5991dcc3f37f1d52aaff82d212d0fe188b6413,5264,35,5,5299
83be34625817f9e3daeae699c587df91527d0c3c,1768,12,0,1780
73cae1a0fa9aea8190219da205eebc90f53e3e6e,300,1,0,301
6c8f30b19ba36210c87ecf00fcf1c3d48e1ea052,350,8,0,358
ca6a794a959e790e8cf4673756cbc6928167a33c,25,4,0,29
abc78ef41f927711d924d4c61a5babd4221a816b,31,2,0,33
9f21ca1a2363d20e6da4506f596ac0f3cc0f6fd2,1,1,0,2
d09458daf0caf5d105d46eb5a7325f7b004b0000,8,2,0,10
94eb55b4d752144172fcec391fa4a4fe7d9a309f,309,11,1,320
fae331737ba165b50ba1fcef9bc87ccef9f48143,57,3,0,60
21fb07f8b7489f7b2ea63a66948488328ec3638e,10,1,0,11
cc409e8780c3ca86b360828c868d578f153cf67e,916,4,0,920
2235c186af90d472a3c7b6ec31907bfe2a0907d3,6,2,0,8
422a550dc8b17ca27a33a070aa2d6a5613da9a93,2046,7,0,2053
79793e0f1ca08aa9f4df22014d0fad6a6e3cd5f6,13,1,0,14
36ca9ad270b3dbbb6bee02b7d87bfb9d4bb6649b,136,5,0,141
ffc35c733562277a29e7fdc4e968ed7f341787e5,267,5,0,272
07422aaaaa42d6a67e3a81b3dd0a48e913d403cc,27,4,0,31
196c1d56c0d857dca73e3d0de63aa075948e5472,555,11,0,566
9a43ee09f8a0e085e9e7f42499199f4664ec32a3,66,6,0,72
d7b7289f9fc901dba39442d5a177d0d90837beb6,14,2,0,16
8ac007438a2551026a91d2e453c6fc33819cbd0a,3,1,0,4
aeccc7072b23d7c0ab42e4072e869bcf78905cd8,7,1,0,8
5c70e1941a8b75f8dddd4b34a53805017f3ded75,1,1,0,2
c546abcbcb22d3c03d01cbe9bb2622b1fe6049b3,193,12,1,205
30d5d5a932d7b22885e0a361c554d0b4fdf5d536,30,5,0,35
058eb456c6a3d1e3fb5999c790151fe56f5204ab,76,5,0,81
ccf6f184f9c65037bddd464f5bffec95e8e96e0b,23,2,0,25
faf5092db0fdcbd512a5616a1dd7afffae8d52ea,18,1,0,19
675e2088a0acc87ddf440f2400b093cb7a0cc10c,13,1,0,14
14a4cff5123dda20612d9c610e23c8a102238b00,2,1,1,3
4cd14b2171e22f85d34f3ff43c1a4fdd8e6ca5de,2,1,0,3
2646c4d826a6b7547c07391b7bea656b023f769f,2,1,0,3
9a083d00af1ace455dd1492d122f23ca01cc39a4,63,4,0,67
fdca63b02f40e51b7aa963fa11867bff18cc4696,181,4,0,185
f045cc1957667ae70380bb7ac1736eb9fdb8c253,2,1,0,3
54848d3d1271810fd87a4bcc8838245b72829a1b,5,1,0,6
7b7adf6ec43f2043e58be3f35e7ba1375623689e,2,1,0,3
289b744b6a7d2f7170ef563fb693e601d2b48340,263,3,0,266
96fb7a65c1fc28937f140122ddb43d1c169d7459,7,2,0,9
eb8f89f39bb335318fa15c2eb6a473969fd3ffcd,38,1,0,39
275ad76f0687c7762d20a30fddbf5a34a73bea96,2,1,1,3
146aaa3366cf06f49167599c5f6c89c0e39af251,102,2,0,104
32b6333ef085dd493af1cd58f832eec83efa1ff8,1205,14,4,1219
d4ead6446a332b14a02d9fd83f6eef35d8910c60,69,5,2,74
835bbc9959525d3ca5f54f82a396f67a639bfb0d,6,1,0,7
2250a5c478daabdf0e4217ff58bc9db222e439c0,29,1,0,30
29ce26c51096d217065b00ea826527040e9515d5,9,2,0,11
db1cd2686739ece9c81926a07a965ea7b68e236e,10,1,0,11
927a5e2b782114370f3eb89974921bad946da6e5,82,9,0,91
c587c1e390e95fb63896cac12043c6cd1549aef3,34,3,1,37
ce077a4887127087d4106774cd9c9d8fb20d08a3,81,8,0,89
80d1045beef75c8fc384375b58fa4c0c60c3c11e,16340,404,0,16744
16f5f74fef1226f9f06a53ba2bb9f428142a9eca,53,7,0,60
553795bb764f14975d77ee07ba64619f1759d97f,38,1,0,39
5fce509131f25b2e30590a9d60667f428ef53835,493,6,0,499
7dade297ab5dbe7a202d7175c524b2d4b2d73a99,42,3,2,45
47de680e70d984ab75297815bf018fd121d757ec,5,1,0,6
3490f2ef07d1a09b6a26df9e9e10a76615bd5014,134,5,1,139
3a50ee03d80bc01ab6fa04826e915c2094f388a9,49,1,0,50
0f9a48b781ed743ef2958eb2b006d937309fd5a2,10,1,0,11
d7b14a242e82f4b9b2fef546a9b1892eb8131d8c,5,2,0,7
7c090fa36f9abc5e5e6ec1c3f70b35f3c645aa56,15,2,0,17
7d3f55defd3acce5c3d98a3366766d78e908aaec,1345,13,2,1358
de7d0e2216567f054dfe31be03b74ce7d5a55f54,8,4,0,12
8901730c03d1335914ae0975f486842f629ff062,8,4,0,12
cb75dbb7db2c910ee803a787310910088494d289,348,5,0,353
e1bbbaa35d10b1b005dd77c63cdc1bb48a90cb40,4,1,0,5
84c9e76eb805e360fc3d2d40e36229f0fbbc6f79,60,1,0,61
391c0081de2b3a694e8e6a0d609d98a566edefd9,2907,40,0,2947
db7006e94018835a440ea27f01ef19f7df35ff66,2,1,0,3
26769b671bc6200c49cb1f585ea874d9162f736d,2,1,0,3
8db2240b6c1497683e2c45129b1659acedad909d,16,3,0,19
f3c77e8ec98f34d6a01b586d0dff5984e49302fe,2,1,0,3
f79ff2f8ce9432e04467aeef5aa71e98b993136c,98,3,0,101
fe75baf5858232e8a9beb90e18e6abef69e95e87,6,2,0,8
cef7a61626e99d79b7fa8334305a164d07400367,4,1,0,5
e3aa6940b2817df16d6a361fc9a391f846f994ea,25,1,0,26
39e12176e9f0d92c0e25d489e3cb37d88ddbfc61,155,1,0,156
78691e8c343a795da916e06787956c5b401d2bc3,27,2,0,29
8aa26e8651773fd6838b4b65b83195fdaff32640,3,1,0,4
564d21d8d1610d74452a6a3b27e89f75ab91fe0c,3,1,0,4
97956e992879f25da865e86f162723f467cc632b,185,4,0,189
a3df56a265edd01f2f2d474cb97521c87ff99e64,9,2,0,11
99ebeaef0c0b7753d12e6f9f0257e1613f15ddf5,28,2,0,30
07ac4fbe403c4c7d59a2b69610d7c35c0de1a017,3,1,0,4
71571f006c532104ff45b24e9b6081599b83ca51,5,1,0,6
03319d7b2bab00212e85a4c284a452863ec19ac7,9,2,0,11
135117b44e045d133db9562e423814833a109ed9,266,6,0,272
6f100f537428aff6093146caf09411513927f4b5,12894,82,0,12976
3058d6d972f91c313d94529322ef124d4ef21b83,37,1,0,38
f30e08f8432dc6dbd772e6ea70edf0b099874503,121,3,0,124
f3dcec7df9d22308570234a952a765212455fb7f,4,1,0,5
be477990d82cfe1544466112896a58cf56ee485c,30,3,0,33
1e43c5ca3066cea61271bfc59f3275950d9e2efa,2,1,0,3
4d4dfe36abdb750a1203d4a338d5fc97cbf7c3b9,6,1,0,7
f11afb6e41059be41a99d857396cc1b4c6b53ac9,7,1,0,8
84ab7b5010b49eec8c1b177421e2e8f9db457400,590,11,0,601
c7f7f8f088b27163ce2962fc15bcb3440dc5dd45,48,3,0,51
00377418a66598837cd57acf3fc76f9c05835710,2,1,1,3
c6350b625edbecbf07b5c6f089bde1d5f6b9c0aa,2,1,0,3
b497f01e6643966d7193b81dfdb93a00d7180d2c,12,1,0,13
1012fb46988f1f06d3e5342b8fbd144766fcbd13,36,1,0,37
124d3342a1f24ca89b3759985e83cc3ee73b2a56,3,1,0,4
1c2dfb8c2d158e2ff991ac7ba05164e9b092529e,4,1,0,5
c84347da2485f3dc01688c473e0cad48462cdec1,228,7,0,235
4fdd0f2cd0be16285ef07e449561db8fbf416969,25,2,0,27
4f72688a5f23bc8ed0f6c78b403ec87744ce3c3e,6,1,0,7
69c57ea9c285d31d8b7b56ceeb88a225b8fcc833,2,1,0,3
e18b02f6ac3e91b96497e95075d0d6a8e11d6cf3,14,2,0,16
d5236b8e1ac99a83e45583b97de0bb671cd4a76b,109,6,0,115
4fac1c03e216af7e5931ad4e2ede40a081a78f6c,527,10,0,537
62fa06a230f7ae02a0525b313a109a1eeff04aca,2862,1,0,2863
4b6c289b48be168c6dbf678371115f8c3f17778b,5,1,0,6
6157c283059f7c1c1e23ba607c068080ad93e017,12,1,0,13
a007a9b5f235ebd9c608a005c5243503291d94d5,356,1,0,357
a3a86f8839325877ce60c5e8eb0fdc1687d75301,15,1,0,16
58fd82b86207cc773ced5624a387705ba02aa576,116,2,0,118
2498e5df12ae8cc1b24375e253df94394710aaf8,2,1,0,3
77c59e4f07cd6807bd8efe4bfa6a90fda6fea88d,16,1,0,17
ff85f793bb35c43352432b47ee5e44e2ef650a87,578,8,2,586
df1457f5e0d4e99dff110ea21bf4090ef0986c21,16,5,0,21
c7645abeefb4f1388c608e166399ec01f5462e3d,28,1,0,29
c9db780a1744aa3900c6d08f2727187731839cd3,7,1,0,8
c7c28ccfd58b77b2fa6f7bc01b65c0fb874002b5,60,4,0,64
b6768c6de75bef5e922b82107e5eb4b1897b01de,24,1,0,25
eeeff235b26c8679bb266d4a8ace008ab7f20fdf,30,2,0,32
c335c6e886b3b210ec36e68add672608af99b8f4,37,3,0,40
2e4d33565fd3077c03a0d9f32ad190424b39c64d,1,1,0,2
80868bcd5f9ad981d04c1adfd707232c8becc3e4,49,6,0,55
e0ac5be0b914ea3d6ef2066ce0b1948f793da0dd,102,1,0,103
f11cdf699e1cd72763d2599668884b88910dc66b,20,2,0,22
031ae9eb0cffca752ab5d1483a94e25234697857,42,2,0,44
7a60b335539914700f3b2a8cbb76f3b21c07e98f,1982,5,1,1987
669d408dc93226b3d3d1e9271f17eed09ad7d158,5650,209,24,5859
8b8edc2442e5582173436a7e8c20d39f8ea408b0,9,1,0,10
84839c77f44ee869e952eb489502f7ff425644cc,6,1,0,7
c0a7d08c516c22d9ed4834953aa48e8b1d217114,42,4,0,46
58b70e3bc0b9fb814a5919037318a79ae67f678f,4879,57,12,4936
1df116fe4a44fc5d3712817ea725a872d9d6402e,2,1,0,3
a45a5c38e8962f795c234df357910423673034d7,10,1,0,11
f86a4e92ec59dc0ce74a995422d4bd08ac3ee061,2,1,0,3
cdd343b1fcb64f90d96e4c9aedb35132514a8340,32,2,1,34
182908792c9efbb17ba9e52b1a8228713d23a947,65,2,1,67
70a0f5c66e2021fbf7f8d7aef281e3b956a2bad5,109,4,1,113
0c4614028e6cdea521e87d963c582a94ca2a677a,2,1,0,3
b3b9c93d92baff2cedfd6462a52ab1b5138035d2,5,2,1,7
3a4ab1ad216b443b3bb77a8aa26c7b5d57ca6caa,3441,12,7,3453
ce48f4a904f2c81efea39740847f903d846f3507,2,1,0,3
87f28ab4b94668bd095433dd5c309f55c42965a7,3,1,1,4
4fa3db81d393c1ae2fff555e651df327ec76f97a,618,10,1,628
f4bc662d39e1e43968147f7e87e39a451f7ad039,2,1,0,3
a0428f06d5f947b78995ab606d43c002406c1d64,59,3,1,62
b33bf5000f667c6e258477b66b6fc0b3615516dd,44,2,1,46
e23f3034053fbd8b8f4eff478c372d151a42c36b,5,1,0,6
a911092a6bef61b2c6c417bb09e886378ddff027,43,2,0,45
5caace75e531126d7e93a737e638f068d3be312d,46,12,0,58
956e3f74a1b2f28fd8caa25055e77f687ca8d211,42,1,0,43
a49184cd3aba768f32b4c3e1cb44b21cd4e93cc6,118,3,0,121
aaee7197754fb4da8ec7b1241a4b9aa7ba362312,9,1,0,10
dcb03a9fe66d753348154c41f5b40927125723aa,77,5,0,82
b4b5d7c755cbc3aeb06cce3377d02ac672e8ace1,41,2,0,43
3e1e884bb9cdc2b42e2f9194c6b7dade75793e21,7,2,0,9
a911b0ec43ce4866cc50bf9e4bcd66242af583c7,2,1,0,3
928d09987b0b59676d82bbfe336d1688ef01d9bc,82,6,0,88
4ca8466ab3d2c3bacee957ecf62b4e54f86820d7,56,2,1,58
ad3c28bb65004c4b692edbbed2f6d739107af9f1,104,3,0,107
b74bdb66f0b56b5718f185782e19ca6152f2576c,2,1,0,3
fa61a054fe6ab32d506bc034540ff3191c59034e,2,1,0,3
a90908d7213c3fda5d0ac9e8f96c7a8bde458741,349,5,2,354
109b0807fce6453b7543c68069f30b7cece0f20e,1754,13,4,1767
e383c6a9b0756822dec631c086fdabc3ec4e4264,1,1,0,2
28a6433853e0872176d65fa32e524eb7c66534a1,3,1,0,4
95dbdc7aa7768bd0f681ebda1d004b5b6aee7a6a,29,3,0,32
5753d357e6c0f83fa8ea9159374a37d2bb80c570,7,1,0,8
ec7a59c09734df8c1a2d02d7fcb6d629a10988cc,15,1,0,16
f0301cdfa4ba498f1a4725c7eee41823fad7fcd6,1310,10,1,1320
68956f6ffc00019038c52afba08b2688ef56b693,2,1,0,3
9f4c66511d591b7aa99383e26ecdd36c161739a9,112,1,0,113
f04ce390f5ed8f857f8d94ce5d33beb7283209c9,6,1,0,7
d690e6695c435f535770db00afb90570096c3fba,18,1,0,19
b5c705790196001037e7d080b332d9664ab9b182,2,1,0,3
d6446d7078012d1e7ff8c0c9c619e339a3c49fcf,32,2,0,34
bd658e7c359a78926c267e38004c04d48fd17b07,4,1,0,5
23922ae488fc63b50d87524421cd93c3dba3024c,308,5,1,313
bcbc8537bd9697c5b0537944bbc6b08574c0fd5b,16,1,0,17
c04440d22a36703558e9ced8fa2854ffa437782e,37,1,0,38
1020b79871b5b09b9fdaf5876d377d4e3300edfa,1019,11,2,1030
21d43c25a0aa26ee910cc3c95fe6246e8f864e48,11,3,0,14
7599efb54e2941f097473db0b0b3c79b9af98099,3,1,0,4
d4a2ab430de8eb228ee48b2a04932ed75e1f9826,270,8,2,278
955d6aa3bc4e9ba0cf09f90c3a39c7c50549d282,52,14,0,66
3480a6865c93b667a80f8faa800f2a20f8f54473,28,3,0,31
971e763cd7bbce73ed63f444b28011ea2da851bb,132,1,0,133
8045d70829c1f9e5c0a151f620edda19425d727f,79,9,4,88
927b93308d7c084123400b25e426d20ea240e92e,6,1,0,7
9147147996b7f87dd1788edeaffc9cd8f06f4d17,8,1,0,9
266ffc9a7a7de83cbe44b14b2665ea8e2acb5e5c,29,3,0,32
1bc5e8df922aff6332c9b5365f71944ca063fd01,1246,10,1,1256
052524956357a1d6c616bf0c7bfa2bf805d30daf,46,4,2,50
b15b20136b8032ea9a1e8ddb40b38b13b91c9e6a,27,1,0,28
6a894b09fbc599286df4db49993056b77b6bb6f6,36,3,1,39
0c1b7455a37d608a82d7d8724eea4300424d0eb0,127,1,0,128
28de33ce59583d7f9e0e2a6bda660bffd6911e17,26,1,0,27
b6f9d997fe620751d1d805ed75812abc4bea5e3d,5,1,0,6
ae092e9dc3aca188eac6e6f234e8ee36dd763fac,2,2,0,4
8c7424a191d1a5891a48bcb5abd926f27ba30b09,2262,69,0,2331
94c7375aecaf9bdacf27772244b5ff4be5a6c776,10,1,0,11
3f87f448a4487c6fca96e6e36a5542823476af52,34,5,0,39
d1da5684a888a181b5f45b788ef53f16b11e9818,5,2,0,7
12e5abf2803e4c5015998672b10642fc72aac0da,95,4,0,99
4fa7019286a7f809a94c89c0cc71e767364ac1f3,101,1,0,102
3bd2b2122acc0920c98627e147f3893898833889,144,6,0,150
d0a30435414726e7fa6d8b8e106e4b6ddb46da67,125,9,2,134
e9a00d65c9eee22d738a5a680e5877387cdc74f3,24,3,0,27
0868dcbd9c91406be8ff867884ee85227f37cce9,6,1,0,7
c46d8a01030e7d1ca41320cf4467a706f46167e5,558,6,1,564
201ce8dee7bfcdb4503ec1761cf666670138f14f,3433,35,13,3468
3341bf0dcf19584aeac58df872a2013490311778,23,4,0,27
e32df9c4f04b918b171031a72c0dd05ce425b2ec,2,1,0,3
243679a62ab1627da605a4b779a04cc7945a53dc,18,1,0,19
6ed9543fc35c8193504d3acee85ae18bfc3dfbe8,3,1,0,4
6a011b99328996fb99731e8222c77a5886a280a4,2,1,0,3
b71f04eb97d4c924f754b0ba7cc666dc09cefc55,564,6,1,570
29a7f8e742c5935d22f54be6df1181e3c847a4ab,2,1,0,3
e3f57d1a685cb67910c114b3ff1f893bf8ebbdb9,301,7,0,308
248a166f75605c6439b79266d0a414d2f54d6955,11,4,0,15
ac7626203123b66a01dc13a1d73b354e0dda77df,2,1,0,3
ed0cdf77347daa805519a2672f62c02d9eb5c22a,18,1,0,19
9465bc725bc2bd6ea32455d7acafbe2df902c4df,11,1,0,12
13db408520d5ae43bf18ad1e2cbab72646ab70e7,14,1,0,15
5b89ba98f8ea52992cdd2e1a39ba03bb7168b311,9,3,0,12
ab138b81e22587f960419d5cb136c82b6a71d7db,13,3,0,16
ba67a3a1021fe816bb4a94c462c94bf635173dd2,4,1,0,5
67f7f3e403bdaa84b75f72241c418842fcc13696,26,1,0,27
b9583c6e0965966ce9b9b23c40997948a8737316,9294,45,4,9339
3a42a28b01f9a3faf88b5a82b2901af8fc4a16a5,718,14,1,732
9186b2186de157e2ac4d9ff13ebfc23c979b9c51,12,1,0,13
f04425bc99866c7386533103c403adcfafb08ea9,657,6,1,663
2d0fc518e773225c3c210baf4a92ea84e78df019,140,3,0,143
9a3e555339042d3ed435fe51f6ddb89c032fa88b,3,1,0,4
3bc145f043a61d7ba0c07299fcb001c424afe8d9,149,9,0,158
d7ef38d485b315707d826ee54ee609597430d068,170,3,1,173
dcfa3b5df85c86f082d43628e7af6c896e5349a6,19,1,0,20
cc5b4bcfa734221eb13915b045339fbefbb96f42,696,7,1,703
7eb97c081569088e4025c170d4be399a14dcf854,142,8,0,150
cf9541f8d62a4fdcc79d9092ed7c2359ba03da00,44,2,0,46
addc12866d57a2b58d2b7638d83e53f5cc14029d,69,2,0,71
11a18a19b4fe019e64094bb4f51cf62018659262,69,6,0,75
146b330d4c5b86891e536749bc5d569e0b16f418,2,1,0,3
8243140bdcea19500b6b47455b1547a69f4f19aa,109,4,0,113
edb0a0f48c1daf86cf0b41468bc5e7be612e69c7,12,3,0,15
fd049a45234a43f25b03b61dc8f35d6127fa9465,9,3,0,12
4509efd27c43958d591209f5f83a42c3b2be62fd,44,1,0,45
6d42af17153c14ef89f3471eda7f0af6e0aae022,31,2,0,33
ee8f64b2728d9de746172f30e924aa952c3fdafa,103,8,0,111
8ade54ee126c020607393ccd1af9713af8a975f2,1709,23,0,1732
04b2f0b74faea45ff0bbabd70e878f5b0ff00877,30,3,0,33
c2f9a01740bcfe5d613bd72b26ad7d78e4321dc3,4,1,0,5
d5ab911bf4419fa7c6f38945c6c8ad4946f8abf6,536,3,2,539
014696197be71ff1186e3075b3e2f25cffbaccd7,208,11,0,219
cb9f6f7702b4a8a32d2894bd0ab6d58938471e6d,2,1,0,3
bd5be5092a29a0582de28b39e42469f880d241bf,1,1,0,2
4818f07ada85c3512d71aee1a9eb6be58e6909f0,137,6,3,143
7f7a7c41af7df8fa784c7c83d581d0c1c1724d67,125,11,0,136
dd3f08e4a71c354f9cd3a1cd1524d5d51ae6571f,51,6,3,57
acda3de9d8f36cd63e23d94f61484282e9ad0ef7,13,2,0,15
703b47f79bc5b889199fb6dbaac559aed74df0e1,1112,16,6,1128
cbef1be485329357f9540e1efb64e5bd5bdcf792,30,3,0,33
7ba743eec77819397460c91b6fa49dfa4604c5de,612,6,1,618
7ddf810ef802cc449c1f5cd6e9664883f1a5477e,41,3,1,44
6ac8b3d4ff18a349b4a2f01b50f814ac232a73bb,29,5,0,34
5bfcf33a45949b635c96b9c850e291837cd227fb,551,8,2,559
46c0e24127748a75fd4935c7e67934693c7f76dc,9,1,0,10
7c050b5f72dd1eed18c64ebe397da4f0e1205049,1,1,0,2
db418bbe215d2569075b093640f25e8cb63086d4,538,6,1,544
6a096c90d9ef46c337b02995ae7caab8659768a9,10,1,0,11
5de01c6800466ee6ab5de7d714461c287df13513,2010,12,2,2022
15b6d22d4d10bf9a1576212a21b15c3b5c8b93c6,22,2,0,24
0557201bd03191a74c61e80fa86b70c885f79fbe,2,1,0,3
42d9271161184a30a93cf2fdbaf80866b805ecf8,73,7,1,80
706755a35dd8cb5614842bfeeede3e72b4a8e9a4,42,6,0,48
26c89a33646c3de2c4d85efe084d524347abf23b,38,2,0,40
48f875d42b90b6b175aa5deed2a552af8183e4a4,5,1,0,6
754c55ec4aa5475014b7ae24dc866fe072728182,235,8,1,243
4f3c8404947c7df889c6e20dde2fbb893baaaaaf,19,2,0,21
a849b4b3b7f19f6fd1a798953d9e4fdd514c8d04,166,3,2,169
d1d32b11722ec5ebb0707140213c3b6115afca50,14606,130,0,14736
0b47cde4410bd52b0a9ec070fda15a22da96980d,202,5,0,207
cd486ef3cacd42c0e25496cc93dc10a51bb1ac28,4,2,1,6
690e2f3433ace83c983b2eb9621c62bc84424e82,2,1,0,3
78c2219243d1741dff95c46926344993fe9a760c,126,2,2,128
a9d686b40f0a5a37cdc775403866f711df70cf56,2,1,0,3
b4b4f5521a57fd3b0902b5e3ab0e228c10b8bac5,175,5,0,180
eebae39a226c4a62823623889a3535d1e0f83668,109,3,0,112
d9aaf35700b161c30e09499b5b1a87522da69f9d,17,2,0,19
223f8720bb07471cb6560e20212fb4134235ce92,45,2,1,47
b929b34b5082d36f6795822e6f93cddf9fc4fe4f,178,9,0,187
eb29c6daad2399293ddd17a6b78675134d338acc,39,3,0,42
ae1c06bb10a49784aff0f807d803b874df504a79,50,3,1,53
d169284fd08dcd8259d6173c2004e9630deefebb,13,1,0,14
ca67374c2b0fe26f6bc6992910bb11d5658258e0,104,2,1,106
a731b815e12a202fdeaa35dbaa471d023de25773,49,8,0,57
7811b1ddafe83b664478ca02c9cd641db57ba21c,96,3,0,99
4c66919b52e3ae898d9f05d3e50f43982d41991a,116,3,0,119
c1bb5cb55751ff27e3cb89145aed076c8df06556,5,1,1,6
82c3dc039e68048bfe0517a0c831fe2e2043daf5,59,1,0,60
a345f768471e9b8c89f4eb4d3aba6b684bff75b3,244,5,0,249
aa136334324a0e8d7f48bba64224022b2173c85d,4,1,0,5
6bc13e2de485fcdb07b96a748bb861581d8e135b,1064,12,0,1076
f58c13a650ffa0d8946910bd585f734344ff1f6e,9,1,0,10
9b198889da5fae8cc6521437d9730594e362efd9,2,1,0,3
f2d67733b47d73131977c286517ae72bbf365b61,8,1,0,9
81bafe8eeed65818553fba4dba17a26193cb590e,6,2,0,8
74953380a9990ad7029b4021f290de16994d00d5,2,1,0,3
2ba4b38fb01dd3796888d5e6cbb40cb8fae90f79,5,2,0,7
82ea80dc6a320a7d7e400495afa3cd97f1c523eb,92,4,0,96
81e823eb141cb0766c604f18c3bbfdb0bb8746d3,55,2,0,57
e39dcd3e46dddc05a9b9bec754473e7b4a4956b3,2,1,0,3
24aeec402a3680d22b6768f5eaa0ce2b5ef43a46,21,1,1,22
18c8c9ea512a0d87699a73e2ca26192d03748661,8,1,0,9
7fb04784bb668674c9c5609c50a0c343864ccdcf,2,1,0,3
4b8512bcf9179831624ed45fc5b7dd1a661f64d4,668,4,1,672
47df1cd1de5555ed373d8699d62ab3069a0ab890,420,12,1,432
77f7faec2a88d627e33ee7810c607123a717d145,8,1,0,9
a884e0278f334ca6dee81f01373931cee2054547,20,4,0,24
fa3a46f728b5b6c13937cbb983def30ed1edab9a,11,1,0,12
7998ffd54fd4e39ce8c0660dea1a3c7e7a797499,4,1,0,5
ecc497011a9c355d26f15b919509057c04c070ae,6,2,0,8
baab124cf310545cbc6cf0b4e29b4f20b54d4f48,25,2,1,27
d67413b578088b11cc93a83d0211e6c9499cedf0,77,5,2,82
c642c503c70d490a0ec5ad6c2872d761212bc235,31,2,0,33
7dbac7c72f50e0796f53aa811a40663e2d9dfdde,2,1,0,3
e362042ff628954e00b4080c97fa3b5c0909d82f,6,1,0,7
0748b4d8a98f42f3f85a73a22a51c264462f66c2,8,1,0,9
669897d466bf1c8c022e190e05df416867ee8a96,1,1,0,2
7465a2641e1b5658b4ce6ccd4dea50d4cf89bbe3,16,1,0,17
52cdbacf207bceb5d66b18c1e5452608881906cf,175,7,0,182
28a42ff68c42526f156194f3367729eac7ff4519,2,1,0,3
11233168fc08322baf8e1032153f370ed272431c,3,2,0,5
0b132133ab946b202634a08f484b4689380e8beb,21,1,0,22
f140c0955be4f0d2978ebb0a93b322ccb99adb4d,85,2,0,87
fff175f92559afc58280eaeaa94c225e82830f90,6,1,0,7
86a1a199453b3c347e2b4e731463fea1bc5940bd,78,6,1,84
ac5ff10b677f757afd0aa0272246ed1cf1de8e2c,9,1,0,10
0a82a93ce495cf537b28104a024a8c0361fd80ac,45,4,1,49
b7c76f80d4d716f751820947b2271e2b8b5e8e08,4,1,0,5
600f728d26b91632701740bdb98bbc53377bc971,12,1,0,13
fb5d21719297e27fc8f033534259c016b4217210,2,1,0,3
2d893abafad4ab6309e532b1134435c1991b0659,37,2,0,39
dfbc0e690c1dfdb6533207a98ef814ec79bff01e,2,1,0,3
a4db1688c9ce0a172722e289171e82099a43b55d,2,1,0,3
e3e61832bcaa3fcce5b1096a20180631c2a8d6e8,118,7,0,125
27b7ad52b6bf8f18643e8b58d16fcab3d709eb1c,75,5,1,80
618bcd8785cdde83d5212569be6e54aabb2d6f14,17,2,0,19
e45cf399596be7e30d8bb42a45e700c6898a3f1b,2,1,0,3
fd2a28853ec83da975fdffba6f2a5ca198126d4d,38,3,0,41
ae08e713e43ce9ebfb11f0f9cf7a7ea42885d677,41,2,1,43
cd0010d69be4e58ca5c92d984e61729ebde63174,4,1,0,5
8b7556df11c732029d694bbd492b0d30865d3b0c,812,10,0,822
785ee3c8b46225da75698458acc5b730e8ead542,122,3,0,125
d5e8b2201815ddfd3d972f7da4b6e6fbd6ea3816,55,1,0,56
d9ddceb3a697f6eb255dbdaef1de146d5ad99178,20,1,0,21
81f02485b31c25876a93a52a00b698ca60c9f8b9,71,2,0,73
f3de6cd7e16f190b3a75c4dd61ee9fc1c8c2dcb8,78,2,0,80
6ba4cf96aecad6a316d6c74f9a336a20585044c6,86,2,0,88
d549165cafdfc2ec1779f9a0b679abcf11c74adb,23,1,0,24
fa40d567f0915c6372bd1792c776d485a129fd26,81,9,1,90
6aaafe1b46296e85d1210bf14fc239eb4cdb1d2f,49,3,0,52
025ba74f33386df99579645a666df15685c0e879,7,1,1,8
082eae16d620639c06016f38e52a5a398829c66f,133,3,0,136
748533b2a592280d0b276112d537bef679ab7f0e,8,3,0,11
b52c86c0dc0d7edda48060f4a738a6229b4c8ac7,2,1,0,3
76cdcd8cdd3a27d007dd767d1fa5ab4af4f17c83,71,2,0,73
c877cd9d0d1e53a347c90acec249f0c6a2ae4196,4,1,0,5
913bc0955c4ae48ba473645d6057da0647a11024,11,3,0,14
96b720239dda3c0f4c12345a22eba64015c203a1,6,1,0,7
f435f3e46b7d62cd12c6dc97d84705032e0924ad,2925,81,0,3006
7d133b6193304de5252035ed71de7a14e66aa6b7,6,1,0,7
0fde27fda6fdc4c76165925cd3060a59eace1c8a,207,3,1,210
c3892d56e2b00c6b8a8131ab2c55f975380f1b68,152,6,1,158
66e5433d27fa07c064ea6813648e175a15fc8c43,24,2,0,26
070e0815854d314d0d12eff8db77242d11fa8a0c,69,2,1,71
4b94aa701215b4426d94d22cd92257cdef823900,3,1,0,4
498fdd6b2ebb5f62864918649f30c72e75c8a75c,102,4,0,106
ee1d70494b8bad7033b7534712e82f1f1486c874,36,2,1,38
bd5cd85673793ee7e67b33f90c4f3cc1eaf21dc7,20,2,0,22
42d875dfa4626e07e47450de6a4ac861d5986ccd,8,2,0,10
79a92c789ff43ce5320655da24e456a7719df7a2,19,2,0,21
c2cbafd1d834cd3b694a6f27f034d5724c90fee8,255,31,0,286
d9ac131e1301cf8fbf8946cd5be5b6fd84d6b184,51,3,1,54
28d30b4d47d9e3267ae991ba0bece461a3a83e92,69,4,1,73
36f3549bee4be408a832b0857c32abd75920985e,47,4,0,51
d457277f0ef7229b725b6605dfeb5292b0e78723,13,4,0,17
18e59916250ad92b9086a234578271d392c10939,2,1,0,3
80edf58adcff163356c435f192b0389f165591b1,15,2,0,17
c7cf115dd1945ea03fc0359c0f69b40d81dd4870,1,1,0,2
0c50712e3ea4bac0bd9daaa10a53351c35b3a4a0,28,5,0,33
c7633afdb09ed43984f7c9842b736bb4744708db,64,2,0,66
ea995b116bc3b4dacbe1ccb9dd09641d9611dacb,18,1,0,19
98758d1cc56f25747cfd7a1e0c3266e00e956339,1,1,0,2
e4ff4c03536999d824c2f3b60859c156dc592a85,362,16,0,378
b554f9a3151e820f41660b5ea0c6d55aa647bf2a,31,5,0,36
01f4884a3a971ece49d668a9783d6b705cf6dbb5,107,5,1,112
0e3698222704d9e42f7588e6ba0f6d14807a4e11,39,4,0,43
461b3ea9897a0b769f7807dfd24c9c0e5753ed50,14,2,0,16
53812cfcceba572fc0d55a3b76f6762cf4561972,4,1,0,5
6cfb32e5f686dba1973c81d8d97d00ce07f3601a,87,7,4,94
26b5a3be15fc00549fdae1b4b9f76ae483ce1150,156,1,0,157
4b109c19c0f72376f52e67f44be8eb91ee017a65,9,1,0,10
f162615fba5243612c8db45013c6930116978a46,56,1,0,57
fa5057cfd084ed36093fe032faad7f59ff22c28e,677,10,1,687
0665cef059b6444381eefc6a5870ca510607ce11,322,11,2,333
86e2fd1e05490e33aad221362922836631f5f121,103,2,0,105
4af49ca8e088bb691884edd6440ba1654ea8d199,6,1,0,7
74b1f0c977628bd2b24483a7a0fa3c25ebf42776,3,1,0,4
1285f4fbd8fa21b256ffa7e927ac0792829cd2ee,65,1,1,66
a30aeb06b0f432eb5c4596aeaa803fd0ab12e259,26,5,0,31
4b55a9c0235ee7a2ecc2b3088226cf4cc9ae87ad,42,1,0,43
e5089bb4134fcbd50ae1fc09660d1c4dd6b6ffc9,12,1,1,13
bd8c9ea402699e5a607611c3bfcaeec982536219,46,1,0,47
3478f960fbeb48d9733ba42dcc13622c2b447887,132,1,0,133
8c330a4873625ece3060680e9b656745f89bf257,69,2,0,71
a6187df255f12eac41cb8828d07730fdc614c7da,1,1,0,2
5951e6102b37e79140430ac6c1eabd6c0c29491c,22,1,0,23
ddde27a7abdc4e1357672b9489960a4a974ded44,2,1,0,3
d6ed41306ed79cb5aefc0232ef9f4da80be9844f,260,2,0,262
6702e8ee9f7cdb10a030020e6fe108560a7e362d,6,1,0,7
dff32b2a3aec9059da86e624254fd203846e69e9,8,2,0,10
f7deadbaf3ed7b2e148bc8666c1e5d0331ae554b,677,13,0,690
757605de1f8ff3daaffb264d726264dd36aa6ea0,1,1,0,2
d08a1214d536deb82c7a07fea5f397fc9971f0d0,168,7,0,175
c39bdb836a16f52bd80f729f150a20acc6384f03,6,1,0,7
a54a3ac181fa34a0ff1c3c423cac07f9e1013a33,6,1,0,7
48ee2b14d4d65f70b40334fd16d61992d83bbf8d,77,4,1,81
bce6b89e1320f288e0b6e29328a25cfac5175332,1,1,0,2
ee6c6315c534e73fe5cc03388755c8b47683bcf1,4,1,0,5
576ead8542e516907aaa80313a0571b09c9f8b0b,2,1,0,3
fab573fe98a88b3fd1e247ae7c8cb7318f55a6e5,24,1,0,25
f29b4a60b50ad0a3bc077605765d173d3e8a5088,40,1,0,41
9a8779bdd742f608b6131ec80010173acd232d4f,12,1,0,13
4538524e9d850c1ad36e7488ee339732192ad9a9,123,2,1,125
b5506f76f590e8e01be67dc16639cc8e9f35d7f9,25,5,0,30
79059395bc0c2b539973c6758f61d6abf3403d98,2229,10,2,2239
986b0adba3a7986a387c0633d15279b6b2f45c95,51,5,0,56
991d6357874f19553747df499cff49d0b576107a,62,2,0,64
ccba2ec2d509bd4bc250f65ad8e693a3f4c54341,14,1,0,15
d90e3805bb2d2434bc08672a6227c0afc927f6ae,12,2,0,14
bb77050223800379387fea7e308915fab171da73,2,1,0,3
52b41438bea41b1b7ca605a7cdad80f6bd84c2a6,4,1,0,5
b5e2e62f239d6b1b625add16405e3a302e8ff060,587,16,2,603
71c1af84a1c4f285842dfd5c85fc99ffc4bfca26,52,1,0,53
e8fe3c18bf48f11de5f73da940f626087564612c,1,1,0,2
36c69f4831809db91db2052050e4cbbeee0abed8,11,1,0,12
f7670c8f60424c8889879fa1007a4d16cd5509bb,14,1,0,15
c760351b8e84906dd2271d79d2fbe9305dce33fc,12,2,0,14
6c23c909ef729414dbcd20f7f406a658b391cb4c,59,4,0,63
3fbca26666c178c5a4235e5fa8b5202779f1ff16,29,1,0,30
8e8393321be7e940f6dd6073084b82ca31e60fe9,59,9,0,68
b358ad26518681a52a859efadf9de4817cb3a63c,214,9,0,223
c5c92ed1fdeabc99e7e279d1dbb532b8ffb3bb83,41,1,1,42
664a13a2f69498fdd4ce4c1a29d970d9fb40f882,615,6,2,621
b22fe2fa8e0b1203de82e74f63ac32f0523170a2,57,2,0,59
cc3b8c049f2791b97141d8e5ee980db455ef520b,57,4,0,61
6b69ed4d1f6fd8efd255ba85e88d07dc4a29fbc5,104,1,0,105
b3cca395b7ef5743ea16e28d4d6f56e13c58ae64,6,2,0,8
22859f65996f4728ada024b853373e19f3928470,59,10,0,69
82af1e79b52a3e11f01e079a691ea1575bca16ce,84,1,0,85
f7e167c34764a0de98c7c2e140f23dc795f5e90e,80,2,0,82
8e4be1f6576b6ad35a0c01b6dc8b898b21fb51c3,188,3,0,191
42100550f3b7aa092a139977a42893a95c086fcf,1227,16,0,1243
9e51f9cb4206fbe327c9226447e477038971e65f,2,1,0,3
3dd77d15a5e5ee7bd7ea3f56c5b50f209c2e3b52,1,1,0,2
4a1edd525b31e5c6de41c3598ce921b82b7abeeb,8,1,0,9
d69a30eec7d6a22ecb4bc8c4d18b24afeba61e7f,127,5,1,132
6ac6a56089d60f9160150c5722280a8106df2425,117,1,0,118
9e6ebd81660c214e7c916cffc04e45e61d8c8871,60,6,0,66
3debddff5a9a5af10ccb13d2a6474b7a1e903b5e,2,1,0,3
f91b6962b1850acbf27bff8b7f1e13fb00a7b3e7,11,1,0,12
0292f30a870b0547df8ba2737a0112b3e2ae3d90,5,1,1,6
81b1e2271233721b6361796730cf5634ad0427a3,140,2,0,142
f54b49b40a3c00f926df8896724edec20de4a5a8,11,2,0,13
be8a7472908ba1b26ca0bbaafa89a55c1599a258,34,1,0,35
0194d389a5ffaf1094a350afb87a9bd341f0fa6e,6,1,0,7
f0d3c3f0e3e898b5625a1d3745a701271905c22c,3,2,0,5
47eb95aeeefa8925ef5b49487b967f40ad451454,13,1,0,14
f99bb83973bafcef7ee8de09422a4c57ab8399d0,24,4,0,28
1dd84d0d252c2a390927f63b8fddac2beb92e435,10,1,0,11
1ba6e2a5969e475bc926943885c120f793266147,40,1,0,41
9fec2598ca36578517aed6d776fef8060df42755,123,4,1,127
16e921b6ad3348fbb41c462abc946a068bd76c97,149,3,1,152
4c269e6d860320e2612eb6b77785c6d1ff3ef106,139,5,2,144
7e9028329e61ce3401ba39643bd1ca7ac3021c89,1050,16,1,1066
d4396887d032d2b6595afcd66b612739c26735f0,46,5,0,51
82de508d727761a9d95ce506a23e39b372f82a93,1511,31,5,1542
8dd7f4938ea45799c37b0b89bca3304a1d544d3f,5,2,0,7
ad7a6c0821840d32c8ddc87c9835c8b0cf1d33e1,854,5,0,859
927f482256d6da052edaf99d41ddbddf80334f7c,40,2,1,42
f78d3096e04d2b520e2fb257586ab61bdd9c847e,64,4,1,68
c043ff88ecc785c6025d0158f70cf6014f1216e8,7,2,0,9
7379ec0a5e0c75e9014c9065a0ea0d2435c26919,4,1,0,5
d64920d20b1d564faea431541a80dc876d35bd94,80,24,1,104
3bfd97e236b66675c9da96f7ab00c45f053bd887,475,5,1,480
0a68c0b11f9bb17a63abd1b75796f09d15b5f082,351,3,0,354
f8aeee11e3bb447ee392cfb004b0acbe2e6bc435,104,3,1,107
4f186733d2126953419e1bb14cb87f7de488dfbf,128,4,0,132
45ce8a288b0faac54b588c82c2406eee0b5eb3db,74,4,1,78
8fdaaba94584ec5c9b8b5d8acb96016700720af1,828,14,1,842
1cd08ab7571fb55dfe83c464779b659ec9c200a3,4,2,0,6
a96a9b7ad5f48d0ac9c32b4d26a36ea6dbecf5c0,3,2,0,5
f0383c69958efc23f2cf1d8b8a964722024ad45e,156,12,2,168
fb75cb3d4f3a49601a4fbd56e76e8fd1e0e4d2f5,7,1,1,8
47a7decd5aefc19610c1b314bfc8868afd90ac45,45,6,0,51
6744c0d1d5d7c575d648fabbbbb9ad63c1aee76e,34,1,0,35
2eab2c28f5230f068a48e76d03321a2361f05fa3,2,1,0,3
b19546e9ddc55045108a5eef165d5518bdded33f,6,1,0,7
e4f6f9cd3743a97bdc703a24e0e3688e18a13fbc,73,1,0,74
0849ea97ac4df7d7e906cdab824cd78c55f59dd1,172,8,1,180
496dd22c2877e50b564052f5c4f5e8fbc6910eba,4,2,1,6
3123d3de85bc3e28223f0a60ff598ea478e1f593,217,2,1,219
fc870893f0d2bae2116fb64270d455869268f317,83,5,0,88
78bf3776d8351572ac1add4289e860b599233b47,30,6,0,36
52901deeefbcefeaae787d7c7706ca4b47d0f4e8,19,3,0,22
5d7299907311ec857256c7b7e82e42b4c193dc9b,3,2,0,5
b12edcd3a7493673159fa27d44b71f3200d0fc57,55,1,0,56
69537f141236e2db499eadcccaec7b5b5f679c85,371,8,0,379
8febe795bfda08905906233175ba3c704da987f1,5,1,0,6
c54b8821fca075ca828457d5aa85a8834cb6893d,14,1,0,15
51812cb80c4a86083303ff382401c0ad096ac54a,14,1,0,15
ff99ecba1bdf51ef66e92970d926821bf550aa2b,396,46,10,442
89c592489fab38e087604159fa0ed33ccef16991,622,22,2,644
2ee234ac8e9248d671cba25349e3065c1bc326f3,4,1,0,5
78d2d5adc20f58f75d84586d73b41027ff1cd4f4,4,1,0,5
72c0d66b90e5e0155206fe30b879b85728e4c552,18,2,0,20
061a55fa46fd4a271e62cfb7945a76e1bfe30672,2,1,0,3
3d4dc43669ab0c33e1ac90657960b6f10f38b188,2,1,0,3
0c42f4332ee5b98f770fa9d12237581cfce99e4f,77,1,0,78
bc715511404985b60c4cd302be305bf8fd917bf7,814,26,7,840
e17cf66341a3f6989243cc86d00c62d0275f511e,2,1,0,3
d277c510f473100c7f21c0639a69b888f62f06ba,8,2,1,10
a70aadfd10466440f4b3278a5d35ca12ea5fb518,9,3,0,12
11d25be8c3d13f55763609a4ccb93394771a6971,2,1,0,3
4c0fd961d8634f4f75c79fa88fd62e83b192c0d3,8,1,0,9
a5e9d441007b68bb1179226d7d8e317774fe96be,1,1,0,2
27163cbca42bc147615484fcf2390c17b0653b94,6,1,0,7
282cf271a529e03e444fd8aa67e42d73342a5185,2,1,0,3
cbfd869c5f02660eeb4f0c40ddf67f27908deb7a,3,2,2,5
a31950770561ab56fbb366886e5f562e2bb144b1,15,2,0,17
a9c925cd6f5078d6646f5fadfa4a934613a31154,2,1,0,3
8c848f0de9333ab71683de8661048053dce54014,620,11,0,631
cd031aad82ba5a441154e54fa2b0fda1b59a77c4,132,2,0,134
0cfc84fa6fea886d64e9cdf5c02850a209f23138,125,8,0,133
404846f969c6037f35d9d339c7f39b51434e1385,1306,13,3,1319
92e0454b0870a9c77affd8b9be337ea19d85c7a1,884,10,2,894
08e22f3645d042f0399361dbc4da3e0d2800e8c6,1,1,0,2
e246aa9f90d2788cc477b8e7d1ae89a163c72829,2,1,0,3
dbdaf84e4bcf305e7a10b85d087d89f4c7e20423,14,2,1,16
5ec59a81b2fda2fb65d4075e0672930b769f41d2,1974,56,22,2030
1d86d9b27ba628c960640edc6387d2bc93608ef0,4,1,1,5
dcda63eb242d81a0b46644d8f20beae18ccd7b29,24,1,0,25
0d157aebd2199cc6badc36810fd4518fa539d6c4,1597,11,0,1608
733c7eb6e7d152a1708b84d55f6a3b5a183d9326,13,2,0,15
61bc27996d9679f789c842bc1527ae4b2903417e,350,4,0,354
2714d28b5acf5fd5dc0f0135a6fea7b88c189756,333,5,1,338
882cdead7e9dfead3228ea662a4ea2438547c1e9,1172,26,5,1198
5e89e75a7e93448fa33e5b0cb0608f44ba5d2b91,29,2,0,31
9308ee151c4be6531455a8fcc9332832e8d369c8,554,16,1,570
11a45e2e225b404e5ca5f2f2137217202895d2d8,5243,33,3,5276
4a23139fd9739f9a8e475b1bfd2be46299d5428e,2,1,0,3
1b3784d2314195319b6c92182a03e457c2341bf0,1134,11,1,1145
90cc2b3d1b6902cc56c7231a6802a3baac3ee0d7,84,6,0,90
e8444cb69b754bef1ccc578b96f48a59b5970c7a,23,3,0,26
e6a845fc28b75d5282e9b7d0bab8eb97248f3c42,4,1,0,5
602a1e78c30e3b2da26305a23483e583f6e73b8e,1223,18,7,1241
e87f5b1ab00bedc118421ae2c3f501d9987c854a,179,3,0,182
218a3b5bca1dcbc3746b653a6db568bebf40720e,2055,54,15,2109
ddf2c89ec364b28665a42145a832f6416341c771,6053,46,19,6099
ea03e84d6fddc76372fd5a2056f41b16ec70b2ab,2,2,2,4
1940388e3422b86a322fc82a0e7868ff25126804,478,9,1,487
a4e81ade615f7957d5ce0669fb2a3860f1492e3d,31,2,0,33
a959cbc533d3954e3537ca3809dabaed422e494c,42,1,0,43
025acd3641cab7c3f848a98f91f8b3f1d31cfcf7,53,1,0,54
08b20e16abe4d7f61c464316164a0d8e548dc2e8,5,2,0,7
6e351208518aa75247190d7e09e2cf8d835b4911,45,2,0,47
c484bf74efad9f0dee4f2be496bdeebb2c94c8f3,51,2,0,53
383ec63811ccba6a1091e173cd5b6ec388ab6a85,32,1,0,33
77bde64156bb9d4e62a2789510850d1e3177b863,3,1,0,4
9b461ad24683847a8ae0da187177dc3e7c752081,61,1,0,62
51da6584cf795cefe781b825b4058e5828f956c0,51,4,0,55
24e87a62f8f3a67e3334d1a1a8d65a5e85784f58,6,1,0,7
b50f438e908a143bb2978010ca3bca9673322d8f,6,1,0,7
1bdf1ff97caf8a98c3031b4cc327d5f44aedf94f,225,2,0,227
0d4c3acc1ad46ffeb65eae587c226ab00dff069c,169,7,0,176
65b47e50549e8c64b5aff9a6ceec16668d1ca52e,16,1,0,17
fe4d625185d72fcfe5c126d9838cc68f75e6dd84,916,2,0,918
7a58d46103d8db4b81d4b2e2a18e9524a57cbd28,229,13,2,242
72b8fde066690676886824aeb6986d7605882438,116,2,0,118
4daf7aa30ca3cb698fefd23f766b701eb5c0ea2b,71,4,0,75
9f9be96980782228dae09d09d0761c924ab3956e,31,3,0,34
b391317b8eeb92c83d197f2af4bf80d84191694b,4,1,0,5
48c3c4727a0b53d3f11dcfca0e72b3e5cc86aebf,24,2,0,26
83b4eea5927936bd9fa3462ba9d84a1ad677e821,59,6,0,65
686921e60edc8d4268a6e3c23b838b0e39030f24,15,3,0,18
e6447b256ab9bb81203bb3ff182b47cfc5de9dc9,90,5,0,95
8e46b0a4604e85d0ab26c6ab27b6b962843a64f2,80,1,0,81
2f737121e85ba5c9e23fcd078cd42f5d5420e2ab,5,1,0,6
4ac7ff5ca41a6798638666a842fd88cf1126af34,37,1,0,38
a283dfa87f1b69d85e26c758c9998678f127d47a,87,2,1,89
ab621da04949977d33d39b705dbedaf6645779d6,2,1,0,3
54f728943701146469a83a069d37ae48eb4404ae,497,9,0,506
d74f98ab35ac9475eb578ce7bed04dc4fb471236,30,2,0,32
c59229afc6f8ad2bd59d17f4326f53be2991b66a,83,2,1,85
39417c073b6d5d6d206ea021f0d68aeb3c81f859,10,3,0,13
9a610a7a29a2c2d0a4d6f4cc4c3f7df0b4c912b6,46,2,1,48
7191344371109284833585cb8b44609e420358a2,40,1,0,41
e4ab6043f34db271514344d74f9c8b3899b1eb53,34,3,0,37
6ab4b62769498748e74385f2b6d3d786c9a9649c,17,1,0,18
4a3b74405641074577736d36cdab3cdf41d07880,35,1,0,36
44991ba04af723f459a9add9c128d312a47f4795,6,3,0,9
831f426dba8a89dbdfc32144a65df99662af2c47,32,4,1,36
9b72c894017880bd4a2a0c018c6f9d9b42a5d51d,290,4,0,294
d2f9e6475e69e0c493e53a00918e0b78780db52c,51,2,0,53
8cdf715220cdb3034c4992d38cac96f11f9988dd,7,1,0,8
7a1f921ce3f73f9047d4d0368a2f82aaa70141fd,2,1,0,3
e0fa3869302a872464670a1451f036526736bc28,42,3,1,45
98cb8e8c116c79a880708743cfa1766885914b56,418,31,18,449
ff1a0c032d42f7978228c9f00d669c83c6275e30,88,4,0,92
2a5eca38ceb845edac9631996d2c559faa07728b,26,4,0,30
5ef7d745e339d75e336bbd6ff61fc7c3796b2d48,5,1,0,6
0264ddb472dbfdd0becc5428d78f5fad168c2726,2,1,0,3
617eb947bd08b0078692026d05bb4df5b8110382,7,1,0,8
d16ec20fcf7c69a97bd90b3faac634098dc58214,156,4,0,160
ea9f139308621704270f73b34dba995b61027b2c,108,1,0,109
d5d918f52c4b5e3d4e7103546f3fff788c8e76b6,25,2,0,27
bb89b6e0e473130d88921b5a259e60b1ca499bfb,36,3,0,39
29dd1f090dab8606174badb68ed381e18afe1ca6,5,2,0,7
b960f09d0b0bf6c0943b3e7adf8a0c7a115e4db0,46,2,0,48
4df083dca9e0965b42d9dce9912e902d9afe3163,487,12,1,499
738c10e211f851f4ced7b4e6b2f2368b3885f734,617,19,2,636
b88f52e3cf798c46d7e3b0ed3ea9f8bbd2b6d9d8,2951,53,13,3004
40bb5e6314b53308013502acfc746c47cb4a4620,21,2,0,23
1777524e8c5e317a2a5fe9c4c44591397af195cb,1671,13,2,1684
fe48e982d847c33e11b97931fced86b267fd1ccf,29,1,0,30
1846ae8ef3270669bd1f0c04f6b8b1d985838e44,3,1,0,4
5bed7796f1319077a75beccc1fe5d4018fba755a,3,1,0,4
72f6c91c74e1e99938aacd0eb83e7aefb47cb57d,2,1,0,3
59aa3f02568aedd937bc3930cc0ea59059a9cd07,72,1,0,73
ee5590ac3eb8eb0d5d28de677a1fc2a07ef434da,5,2,0,7
64acfa9c8e9c797d82a063490b2ba548362417d6,61,1,0,62
e5f4aeade27874d0e45e1dc54530f00c7c0c4b42,25,2,1,27
1b29275e016ae1791c0c7676e3e09019f44dfc17,41,1,0,42
cc24227bf0a210421a690b988343f10060a37d52,2,1,0,3
893b49b5c065fc8da6c8f4d9ff0a79cfa177ba12,133,2,0,135
74bab2e7012aacb56887cfad9b12ccec25101a16,14,2,0,16
1a4e9ca229cf91ea1f890ce88490daeddaacafbc,3,1,0,4
7e932e944fed101ad9fa0710f621a027a80927f0,516,13,3,529
848f4fba662df8cf81a0b3b4667b49190c864c79,4,1,0,5
e2122bc9c1691e5b49cc612b592ff23108c0a431,2,1,0,3
85a2ad376640aa62db683d9ffbe2d74f51e88b59,1835,23,2,1858
96b11e144a051270682f2fed509e83a44f81ece9,2,1,0,3
2fcc42b631b9769862df8b0c47f7aa9dce4cd2b5,194,5,0,199
b45663d227c222d3d5c1e9b64fac5df48509bd1a,1078,12,1,1090
554e78c8886a2c14d737314e33bc376dda0785c8,1303,23,2,1326
2befbb455430753dcdb411b191e80fcfefc20253,51,2,0,53
79b2aa43af1ac8fb754fd5afaab7cf8f55122376,116,3,0,119
cd645c241fd23835848d40259349d0d667cc113d,3,1,0,4
0629d93709f13c9196becfd90a65dd3a444f516f,34,2,1,36
34a52edd6c4ec95869f9e37af9f92f11e1ab2b99,180,5,1,185
d19575715e9d0262d17819f495e8aeeed386a7a6,230,5,0,235
af99a76f8b3b5c93e49beb0629b612b1176118d8,2,1,0,3
3de8da3c04a7448e8d0344dd56bec9e055dfc51d,23,4,1,27
ecc2fc6230a0d5958e3824d99aedad9d3deb8085,13,1,0,14
2dc464cfda43eddedd55432e70988cba771e7931,540,18,6,558
6bd53d4dd1165f33a25a4ce0b8de6fa83f9eacf9,34,5,0,39
df39c022bf64fea2c3a15a7552eeabeebe8338da,26,3,0,29
4ece1e095b9e60b2f68a4763bcef615378fdd3c7,21,2,0,23
ed1b080c3a577097c72e7b9b821518b61f239bd4,4,2,0,6
566ffd0b9ce348e1189fbdb8a723967c4ebd5be3,156,12,1,168
140adb8d3939aef850b646bbecbc7b63e0b99f94,105,5,0,110
c4917ade11c07b005af7859fc1d70dc3d2058ec2,23,5,0,28
d47418bb4fecc8587da8cebd70d99cf34f6eb288,3,1,0,4
729d49a0fb6ed1fd568aedb2ef9d08956f820335,4,2,0,6
1852ab6f7f6029535a4fcb8305352f9d39f43a7e,266,10,0,276
0ee791ce29b2c72b6c662d5e1e154fb8dde8c60e,12,2,0,14
ca58b8009913336f776235b37225c74760ff38eb,40,2,0,42
15e226ee224c76ae120b02119c128931e7beac93,5,1,0,6
c79d4379c78fa57eca0d6c84503b5e7291d3b011,13,1,0,14
26a2d641c70b1a96b9276ea5e48504e0911f62cf,84,5,1,89
42cccd15707c1fed992b3c44cf161320e900aec0,4,1,0,5
a7a7bdb68fc81b366088d93f4852c782c141525b,80,4,2,84
67e0fd554f33c547d80cfff9e80940977b4b2b29,153,9,0,162
dc6162e0d1f53d2d9945409303ec2300c5516063,10,1,0,11
f8265bb33e78bfe9372b19b4b9afb2b9505560d3,94,4,0,98
b51af33cb1e74f337ee119f8a26f87989d86fcbc,40,6,0,46
d5e87fb8ba98f08db5b0a4995104ce19f182c678,4764,60,6,4824
7d6cc7e99154e2d337c11fdf8be1a874ed3e9ada,2304,21,2,2325
fb8e77bfd7296a08106b44fd834e4cf0d6950a70,41,1,0,42
9cc7e4f40fc80ab4aa407617329c55752993b8fb,14,3,0,17
5ad02a28f01202f01e7d05d331ca9ba9a6dc7e89,4,2,0,6
7155268247965b9c22946d4d521838f552c6fcee,27,1,0,28
02a042b1fdbd9d89f611d4440f022483c7cd2bd5,30,2,0,32
cf34b68d20d09fd55e23e01942b2f0721cfdc877,8,1,0,9
f43228bd19cd02f6b8e6bb0a4c372c0944bc6517,16,2,0,18
758abc6886e1d1e062341cb23b5ac04b861c6578,106,3,1,109
1fc67f03b9be717ee317183ecc1152d08e996815,2,1,0,3
53451e91249c7ed960054927dbf6a17ce4ed968c,2,1,0,3
528878112fb7b51bad474768ccdfdd16d2ac7109,4,2,0,6
ee86763c60f13966ab82343795ac7f6b03dc52a1,26,4,1,30
a41b50db526188b26e99db1d15d382ffb4e75e11,50,2,0,52
cbed7c453f7f5e4ac56eeb1bf791770812f3761b,3,1,0,4
77dd2f35a9f82c02aeff09ab664287d8a93a2995,180,5,1,185
a6c8b5fcbeb42ca428a08b0be192acba6683d0a0,2,1,0,3
54f4420f9ffd30cf164d733816fa9127d0508d15,2,1,0,3
105538caa93cc932844a717bbe6974d37f49f619,171,6,1,177
ca8563fbf7f77264487a1582fa65614611ecd41c,82,2,0,84
3c0a3b3fcf736e18fa73ba56c22a0b8f74042eb4,3,1,0,4
a313e492c43d3346b1e69cf5719e1e29a129ee67,487,31,0,518
9af256ef4dcf3970fac4ba296e36a079a086e41a,2,2,0,4
a63e034ba0fbe860d8ec94a5e164939665bfbcd4,21,1,0,22
c8c26b53bd58434b715c00e8c67f726d970af0ea,22,4,1,26
ec661d7c1a64c3c157cc11753f463da9d035cbd0,3,2,0,5
bd4eaf8a35370f5f702444e576058b8c1c920acd,213,6,0,219
391ceab074c068d9deaeea80e357e739fd193fac,484,21,5,505
d1287d302d4bc1dcbcee7ec02270d9294a516611,2,1,0,3
18fa33a9b1127efd7b05980427fc61871b41f593,192,4,2,196
c7b6eb6fb82f42bb31fa84283a5300a6f953626f,7,1,0,8
d481b56c50d421d513d27adf0f72e516a40be944,82,6,0,88
f0a7caa681230a34784c8793f6441cccb8afc688,239,7,0,246
2d85f3a9571c6fe59ffd1795c023adbe232ad511,85,2,1,87
979d8a37fde134ca711357d67aac882aae75c857,2,1,0,3
8ee3667c65a124d7f87f028e02a78c903fcb8757,6,1,0,7
daab1f7f7a71438e6ff122ee75f33f0c2a733cdd,309,20,0,329
0300a5c635fb72bc6928a6348af11b322acb1f76,6,1,0,7
458556aad5a3cdfef6c5db931aa202a73bbf4cf7,24,1,0,25
2cbb798859610dca4097f442f669b4201320fad5,8,1,0,9
be0871490231109e3a3553862a61cfdf537f0ed1,15,1,0,16
664fa421d91c41546a73e660893437c525961ce0,106,1,0,107
1ba0f55b9e09d6af048fcda7602dce703ae5793d,8,1,0,9
57555f5ba16dd8109942513181d1330e9958744e,8,2,0,10
b15964544cc86c19007119bab2086c7f1e65cdc9,44,7,0,51
81b47c039ea99cd85f663e02f7aef9c1248fea55,91,6,0,97
a87d45ec0460c64d709f8bc67e847bf17dc8f9d3,188,5,2,193
cf341f7cc233ad6324546d0f60144f58276e784f,2,1,0,3
30491d4aca601f39754f46057d4bb828d824cb88,2,1,0,3
dfea4617c259237a02b978657cc2614dd2587078,2,1,0,3
742d70cb203b079751153941af240452a1490561,21,3,0,24
08f70bd1f156c6feb8e85ff0ff05f945c5de856b,3,1,0,4
8350e7802bf7320c800340837eb0af7c46eefdb2,46,3,0,49
4eccfcd5259a6e4f1df3a66927950c6ec30a37af,205,8,0,213
332d74f347b4e592b537fff1c6fcfc1c4cbb9c62,1,1,0,2
9a4d7ed928480e727c350c55f8f9d70474b54bbe,44,1,0,45
74a13956532a4ff51e684ab54aa5575005c7490a,5,2,0,7
69c22eadd74a38051bb43cf6160088569098d7b7,4,1,0,5
be8f4762897f5fd7bcf3b0f0c4b936d9332a34a8,32,3,0,35
98c00eb7da48a0a56c594706470add2c60c48d8d,22,2,0,24
0e719dff54e2397b94a7a2011331646ad4094fbc,13,1,0,14
5a1f74f0d19a2915895c13902d7d75bcaf518794,4,1,0,5
fb4a76a20eb1677192bec337c42e22420b3474c1,7,1,0,8
1e34c8ab8024f92bde8e853bc12731ed87016ef7,6,1,0,7
1c48b9f6a483b52a715d9258c880bb335317e80a,16,2,0,18
13720c4aaee3a3d66eaddc2a2fb0d09dab9273ca,50,3,0,53
40137ab688bae95c0897f69a5e8da8d6b03367aa,3,1,0,4
6acd0aee94b9e8552c907d9d8f4e9b84bcb81be0,1513,14,2,1527
89166f0fd0e8cc077f574afa36ce3a5b30a7d5e2,12,2,0,14
61f0a5c24009234673a8e6f6995c4bb08d883705,24,2,1,26
19889c3614eea4e7fb3d68f5bd64a1acda459efa,8,1,0,9
2c1693ea4e8f150f2ac3d044d34e326a3942abe1,71,3,0,74
aff2755eb779663bde2a09e14a0e69ef5999f45c,17,5,0,22
78c7b5567e7fb4985cecf147c39033c554dfc208,12,1,0,13
3b40c3a484393e23894b3699ca29bee08c3e475c,15,2,0,17
2ed0f644d89f36ed5080b778929f68df3b9f223d,52,7,0,59
db69e921b0cb289f733ddfff5fe0563e16ec60e2,300,6,0,306
e07738b083049c455c41c8ce10cf3e8cd156308a,8,1,0,9
7d00af4daf14c2de9c617d0916b1671047dba764,80,3,0,83
b304f53d48e567cd2946180d0ca070ad992a2c64,18,1,0,19
6546defcddb68360eac1395a030dc9105b12a03c,18,3,0,21
215447693a402874788f2a16dd96224d14c3f349,6,1,0,7
8cde5c9bd47e3e9682d016274a808e096ab34d0b,2481,35,5,2516
ef557d79a50f16903b2fd122e2eda6c75e8f5b73,39,3,0,42
77056ad6cea08d4c84caf2825e094adb1307a3cc,12,1,0,13
803ebc253928d68f6a72531b744c1c6741c2c535,80,29,0,109
f291b26195d7c186994ef137f75c76eee87e21ce,2,1,0,3
f8e1f6c4fa751716e61b9aa8894f7e0599c1faf8,608,16,3,624
734c0ebb98715dde2a5778b9baa02b749d48ecc6,6,2,0,8
29723676b18170c3c4ecd5ca9c66c74f91163ef9,2,1,0,3
34734b9c8ac6ba707a333356c5fb6b8baf127ca6,1090,13,1,1103
f8bc54b833bf6ea4bfe93e414db2bf00c82a1f4c,17,4,0,21
8a409a0297fe44c34fbaf52369305dd7fc6c914e,2,1,0,3
999abe54bc83596363d4c9b3905b69a22ee2b6db,10,1,0,11
7c50cacc840bcf330475caa390d6a9d6ab3c324e,42,3,0,45
84d25a8eabfe8efce0170e43a7b3c5a715e5104d,87,7,0,94
5af77477982234c645b9be69e8d320f6117aa7dc,125,31,0,156
5ef600c74969af2217eeb1e6b7843538f3a86335,129,1,0,130
bdc78da0e6e4fc73a8992379286ac7319b028b57,683,27,5,710
afb1214c2eefa931dde7270d1215a5ab327f1f61,7,1,0,8
c4170b5431dd49caa7ce17494e202aba9ee30ec6,7,1,0,8
d39b8dba34c14d1cffc01f7f9d139a77250278d8,6,1,0,7
9c33b7e21eef41d604a58a16d8c364e35b25a1c3,6,1,0,7
09bc8a36a437a2a37736449e330a7594c89f495d,36,3,0,39
411b61210d9f2999a0ed56bad8c3c03617f35a5e,208,14,0,222
0ee329ff4387533781b77beffcf56c571c3ffe6f,3,2,0,5
781a700dd49b8734aacb97b5292515a72c1afdcf,1,1,0,2
58cb48a24a72c62ef22da9bc730dcc05fc75fb60,4,1,0,5
215dd6f36353a1da04c7f5ea339fb653fb12290b,8,1,0,9
64085f59c90eb27fa2f3e628f6ab60123adb5744,4,1,0,5
36b3b8d1560669d1d156a93319ebde63922a1f26,136,5,0,141
486ed2375ffc0d2986d43d54e62370e823d390d5,31,3,0,34
de5f55a3c6460a7941baa14fa10b8fc7c5da76e4,580,5,0,585
901102a728147a89e9d133667b0136e740a8fe1c,67,3,1,70
6994319a8b209b1b5afbf24b81f517a47e3d86eb,22,2,0,24
e5c5cc2b82276e78935d627e73d900eff0e2501c,111,3,0,114
d3d93e7b132ec2ca2b202b39e8e35805858692e7,2,1,0,3
70ab1a376d8b7ac136e12ac72e995af54d7d25d8,1014,16,0,1030
c4f4b31f089198a5a458c2631affb447a8b08d3d,6,2,0,8
e6a44d8cca7042defc995fc78f981e47e3dd018d,23,1,0,24
164bcd36a1e73f074d820014dc0341414fc09967,35,3,0,38
43baa0af4958341d74014da25b6d10f176233879,912,14,1,926
96dbc6656be6df5a19fd01af6b147327702e4392,634,8,1,642
8553a08803400d6165e72071170157234f15402f,75,6,0,81
548fa2bfe18f18d8a6b8dccccfa469c0e76b1092,76,2,0,78
81adf09f21c13c97ff21891375249493d4b062d7,142,22,0,164
19e8ed98984c2d2dc91532636ecbfa3115db2796,7,2,0,9
68b9b00fcd81b254ba56affeac5e0f2e2e2e509c,441,16,3,457
7015a7cc945cf83cdd5b679e9f6374bd7c7f1736,4,1,0,5
5252ea7a74330ebd0fa2e3775d1f7c4ab5b3467e,24,5,0,29
dd70a5729b40069972c06e49f98f39ea0fdbaf5b,10,1,0,11
c9e3a6a43d15d7c084a1f9fe0330e01cd802f194,267,12,1,279
ccd8a49acc90cf9134cca23ade8cc73e20e459e3,404,7,0,411
873fa8650072ae05ceb58d39b11e30aabc1248c5,12,2,0,14
7e1ad5b14ac46f8624da23a9a5a8345e025e96fd,3488,18,7,3506
c5a7c77a0b96a33e8a48cb3c200e4b71166c9765,3,1,0,4
1826c74584e1633378649481b1f27ed9d5a89510,22,6,0,28
794d4b385fea27a67aca34f6b2622bf36add0f1f,0,0,0,0
bda1cc561ca52de90287922b92f3a443187a0fec,41,2,1,43
aeb34fb342d025b5d9746a8e7b06d3f50f5f0245,45,3,0,48
11e789ed56a85608e0a205e8d2f851abb7c7f0cd,2,1,0,3
4a4691fa59f1025e040d31677a7a067a2b288632,8,3,0,11
312dbf00e2bdd7d6939b92d875d56f4aba600e0c,13,5,0,18
c020b29265d65513f910b86f7d745d6c2b568cc8,0,0,0,0
1587b8686b66f07aa3234625712af1d1e40e92d5,6,4,0,10
70ebd328eebd17e0cdec9774bc86f481f457da58,49,6,0,55
fc72e12ebf0027669fedd774e0ccb14788290dac,34,2,0,36
5ddc1ef87e9c2e6e8ff4485c8b8031f4b05628cd,476,16,0,492
a4f19148aae1398f0d2c18ee4eb0004d8f2a4ac4,8,1,0,9
1bc3e9c811473db01e279cf5f3ff9331706168a5,87,3,1,90
020e0e7f815bcbb49a8539e9d7ca4d104916b343,55,2,2,57
cfe677b827249171c3fcebca25cc215a50ec06fa,237,4,0,241
74c034edda2137f0cf22e10b6a925f9c40431170,18,1,0,19
ca27bf5c11ad29070eb392f04ea4867d992313fa,161,6,2,167
0ed590edda7510c81bd705af5a737702da7f0cd7,18,1,0,19
048e432a615d091b734cddc8a8a81ed2fa5c1f78,59,4,0,63
7b00dffd9800e06d6eb80c1c06db6085b5b529be,980,60,2,1040
c806d4a4c7c2e49001928866a91ebb501e3608c8,147,6,0,153
ff197d06227001e671e7fa06deca7a8a64813fef,237,10,2,247
f786d1387a7ccae0387e470abb44912d5f322d6b,13,1,0,14
1c3373937aad403a6146451001d262c7778edbf0,658,9,1,667
24922e1036c5e410b676fd9b513d008cb046424e,754,12,0,766
a4a86862ed207a5d3476d26ca464d30773669482,186,6,0,192
c934b3a47c8147e58f90c0dc2bb7b24b6abc5974,100,5,1,105
0cae7c61a9aa9b4b13c9ffbc0877d0b704ada809,7,1,0,8
4a0dce525304ddee8a69bffc3eee20f4bbf4f209,715,24,11,739
19c479770e7b49938c11a6a482ee7e694914c658,4,2,0,6
70d22d3d0a19b0d8863fbce4089913269a288a1d,167,3,0,170
85ee2ddbcb7d3a4e5839c5bad88870a3d844530c,4,1,0,5
c82dd4ec6de628ea46c28f61be427be113b9f1af,262,1,0,263
5a4aacef25b0b54d151cfc7a3ea81cc312f6f655,61,3,1,64
7fd9a66000dc549c4f08a0078aa70b6403cf4e34,4,1,0,5
8790ba97caf0a08f7d73a3dec6b583f572f18189,2,1,0,3
dec31d69efc3d167bb1f5ac91b26478f307414fb,166,9,2,175
8085ab678e3404a7e8de594f85a1c2b3c11defb8,20,3,0,23
2054f9f0fe40ef28785a1c533d2973688539e202,2,1,0,3
286a8886b0d1cf4667ce46f1bf7975185460dee3,15,3,0,18
9b0fb6ec5b58131c1481f149f1ac1beb45f4b74b,11,1,0,12
41a7302d817b962eba711891b5a7ca8f407e8cd6,0,0,0,0
fd715c86aef8c128e8db6ce1a4d004826e03897a,94,4,0,98
ab5ce6256f15ce70ef165a62d21fda0c677e96d9,10,1,0,11
85d70579f54a56d759956542b22a8d84f6a4b9e3,620,27,0,647
50db17598686fa92925416df1458b3cb3838cd8f,70,3,1,73
83602f5c26cdbaab4997d7c5567cecd1c5b9ea4a,8,1,1,9
ff4973d4354583fa39f7c90149f1e50bb6beebc7,91,6,1,97
230d890142f2346c48a32ad6b98a4598fdfce1b7,218,6,0,224
73f435f87c35be4a2e6f7fb5e2c00e0a679c9984,29,3,0,32
f2702044709146285d7053d37b5138f60cf21729,1,1,0,2
74346a22b12b249b9c3be0c890042b7c48bc67b9,8,1,1,9
d779913715951e976441eff629bf7e81cb28ab90,10,2,1,12
df7dd5c373b84625d14a5fc2791f9924ee9d102f,22,3,1,25
4efb39f45079b018d9a7907870c8e435924c63f8,721,13,2,734
33fb93f810c1accb000ba25a56544fe5719c7211,178,8,0,186
6497008cc309f88bd8816c3c3e374887db524aae,3,1,1,4
8154c87219262248532fe15ea97cc84817f7b862,44,1,0,45
878a8c76cfc754974f35fbb5e74ebe3821152d7f,73,6,1,79
57e0dc88310b9dbdece780beab5c9e3e496be1b9,60,3,0,63
f55290f49449ca6db0f06985ee3ecbce5864a05e,398,4,2,402
510cecd3896f1d9b0551f7f2d5ecd5f3db655427,2,1,0,3
056eee8342699f93e01944c66ba0b053be4c5382,47,4,0,51
330d1da3133aa062532d73f06b609e64cd0dccdd,40,2,0,42
e1b38472235dcb9ab82006757e8d9bb102b6609f,79,1,0,80
5975125f18856c11d129621de1914260158ce0e7,1265,62,0,1327
a4fc5abea697fc2a0e024169ae41d98f385097b2,4,1,0,5
0209bc3cbe40d6196654d4103c46b02707dd1ea7,0,0,0,0
eca39e2f3f3082bf997183879e5999b4f61faf8b,155,6,0,161
118ad7de5fdade4f77265ceaf7d3c4d15feb7013,18,2,0,20
ec97cd074f3f29ae9c8fa6e3688040ca05cd2bad,2,1,0,3
a192f27108a739116e405d0c4c410009b7afd09b,13,2,0,15
c590649a675eb7e107945c4ff0264599fdf10700,2,1,0,3
f36cbaa4e3a38327fc69959146cb97a0f20b3cac,190,9,0,199
09f0ebda9b83c613142c799b86b52c754978ffac,35,43,0,78
ab9e114c542159b828a511a0577a30f6f02ec48f,149,3,1,152
c456967d494ec4c7e87f18e623bb671328fc7045,98,4,0,102
4b63867aa212b5d50ae666b80df2c266a60f0e97,31,1,0,32
c06c375e91dd00dbba58ebf7fac4113b842cc5b2,84,1,0,85
4044189dec42fed80f0d2b09890df8961d4a57f4,113,3,0,116
4cd61db50315df2c388f5e34f73a4880ab5fab8a,9,2,0,11
a7bb45393232f0e8638942fcf78518acbcc2a8f7,2,1,0,3
7951e6c698aa2e009c461488c3231e23272e08bc,214,2,1,216
c0cee7cafd56c0981590c2ce867e92484370334a,28,2,0,30
6f434c5614e03d7c2ca9a6921c58c5d843b3dab0,143,5,0,148
d4e3d8cf05e75fc1920dd6419c7c2f41b34ff08e,8,1,0,9
2a363cd6d88a59bc9016fe3442878c3a64c6eade,245,8,1,253
f6b48d3b656d3ffc51da8d6325731dddf86ab3fd,37,1,0,38
f80a2bd665cb9e44de5a2e77558394813e8ea4b0,6,1,0,7
63dfa0f4caa6963781b78b9804988789ccf496fc,7,1,0,8
3a338e01e89a332188ac79e6b6a5ab8b6f0cb669,16,1,0,17
c348161df00d5db72943f96527ac52d0e5419751,350,7,1,357
4c66689c29e131a4f1d4735e8a099063d7102d16,197,3,0,200
d3082e359f4524537702e1b98839be33d98f0a2b,48,3,0,51
3ae7d24613742de8181012f351301bffad2c690f,6,3,0,9
e575e812f00874ffb7dd86ceaa77106312f09928,171,4,1,175
d20dbce30b3f016be0dc08b8c40eda8990ba1526,30,3,0,33
2a2a2e82b9de92d70897ce8e81ae1498949598fd,861,14,8,875
a7a653999055e9931fa5d0aad067669a7e395914,3,1,0,4
ebe885572e5a6670c57bc11ce3e89b73bcb75dce,8,3,1,11
9463fb854764a99a5161226cb95c439bafff5f54,9724,99,23,9823
a29fe14735e54d812a377b457922bd9039953da5,2,1,0,3
41c74f59a25bcf0bb5bceac2fad4c723db2165f4,14,1,0,15
867facb6e42a4b84e1d3612a827438964f6ee789,4,2,0,6
2ee7f48cff6ded6be6a8bb905b89e48336923d0e,140,5,2,145
e0f77d68e813c61d083988e3e167693016418bda,126,34,0,160
967d71d4ae6c1ab82213b3121031fd9fd71edfb4,2,1,0,3
c66943e444995bf9ce218ba934ca3b18f66147fe,6,1,0,7
97e6293a55fbd74cfcdbfcc4b9b30447f20a0b32,13,4,0,17
9d564b7fd357debf4e918559d4280df0fa2d2771,124,4,0,128
9fe99bc78b563e6394801260cc78919d946f0360,4,2,0,6
c884a5113ebdd79a360084eeb0e800321ed5b471,12,2,1,14
90a7e518c2f615f27964f1ce2f8089bc6da1f8ae,16,3,0,19
c6fcb3b2f61b93fc6db71ce29355b8fa1726bdc8,34,2,1,36
ca78995fd15a34cf749626293ec966951d4d5f3a,8,1,0,9
eeabbe23e9fd6d79b0fce16d04b857b3f9f569ff,37,2,1,39
399c49b4e1f62e120bd0efe8a00ce3e7bfe4f8cc,23,1,1,24
ee51a84e856aed3ca60dd13099db0bce66e9b93e,216,20,0,236
076a2aae98626a4d6f4943a9615a620a73298a78,34,1,0,35
3ad809f6b5b9ed5602b3b2158a271fa417a290e5,61,3,0,64
ca4e587f11a90169b7ae95fe53ce909b5226cf1a,607,14,0,621
9ca485589e915202bb6890f0529d71daee6c21d6,4,1,0,5
8da3e23a97ae89ab4e5a2fc2b6a78d8ab040763b,24,2,1,26
a9d064c90f8830779b4339dcf60edff94cc228a8,112,5,1,117
b84ae60f1334ac419c8286b4096a2c36564c2ea9,4,1,0,5
5556f8152c2de3b8a5985701919438e6316e3e99,1844,33,0,1877
1ccbd602a8c486014a1b412d0200d2628c2bc411,10,1,0,11
6a82e7aabcabcf1de1ec197ebe5a76c36d2934c4,17,2,0,19
60186d8bb9c3b4ccfc63f1326400618fd59a5d02,18,2,0,20
df8c36defdc85a2c618c5b654e72edd8e4b6ee3b,40,2,1,42
d343348bd14830238ff6964d090aec20a965c95d,74,3,1,77
d87f2e5dfb3ec99c75eace7bdaa3d0211fd14c4a,396,10,0,406
512f0526062ff4204448b76c9b17fbf247138591,4,1,0,5
513b8ab025ee8c6325c7e2c1948d49cb14d95391,5,1,0,6
0590ef3d9bf77c68126c5e6db3953ab2d9f5dcad,2,1,0,3
a2f99817498be8419aa5bc215d407436d55e2c9a,14,2,0,16
ffa7fa6e83a65e3465ea28f610a5e027b475f714,25,2,0,27
32d5df359dd250374a28c361220ff1c0ae06cdc1,36,2,0,38
032f9a90f0c0cc7c8108a269a95657cf47e8608d,2,1,0,3
6bd4ede7e5e51ed43d4355a63ffe707639376009,94,21,0,115
9ce24e24b1d5033a97e2c9201d2584e3385cd938,9,1,0,10
b1e6e2c20d708f3a2bbecda7a571795d543b8905,10,1,0,11
94fa6a50d71dddc3365a142c5b532abfeb100731,1,1,0,2
1a2cceddf381066e34910eb39862daff8dd1bd5e,76,6,0,82
05bc60c07d3a5d69621682183ecdc9e25ce49f75,115,5,0,120
4c4d06be21145f62d90ee30417d7037c8bc8b7b8,2,1,0,3
bd714c2b96d28b9b6e1b2c71431ace99e5e963ec,971,25,3,996
8c7d3c35ce9076dffeb27c4be71812f18bc2160d,54,2,0,56
d8b54cf76d06d108a161c70b48dd54be568a03e9,473,14,3,487
b11b6ec24edf884c4d485acbe0aa02dc790f0b54,1742,23,7,1765
2ffdf1ecb5715c7a017faafba09a46a5c6d472f7,39,1,0,40
77b75f4a11def45924813366b9aebc35ab3d2138,9,1,0,10
0431fdb88221054a151351dfa0b33871e217a7c1,124,9,0,133
2147375745a59f3429d09e4ff3e424966f73e5c6,31,2,1,33
eb84aa22dcb8de57dfacacfe35d8478e07dc7012,24,2,1,26
89b71ca03c4ec903c0c7d1e2c03443af3de3b2f7,54,2,0,56
24a7e1810f16dece1fe7534218a61d83fe93ee6e,1,1,0,2
f7ce7fad160efe0b97dc08afcd0a7c5d90cc9c3d,17,2,1,19
74347c22fa2ffcd618f2c57f1e8cd3cdb08f2190,7,2,0,9
8ffd9af93eeb5ceaee7f70828e2327bc6d776600,67,1,0,68
e7d5d82670a026e761c4dd70deecfae1af19b350,38,11,0,49
dbe5e6c12f327803af63e282e055af1a2e08ff02,10,5,0,15
9289bb8dbc5d940dc0ee73d9843161c6f7d45353,1355,8,0,1363
4e6c7990ccb6bf25696ca9094f2fe0e688f40c0a,10,1,0,11
fea00460bd8a286dfb18ebd1fe2b6639d5cc8b84,3,1,0,4
473dc723f927e7a985dd8e5154ca200db22f9aaf,30,1,0,31
46bdddc004d451b7c069ca688d52bb1fdb7811ad,22,1,0,23
e929aef8cbab116cc1dae8570c7ff87ecf09eb83,3,1,0,4
67cb8289586c622b62255ec13956981e6d2cf3c1,54,7,0,61
9d4550a53d2fed45d46ba1d3708d1fae1680ffe1,2,1,0,3
18e75a3aa418db4125e786defe519c8b769d8b14,18,1,0,19
28b478d9553f4327c71d2620c923e42c9e65a84a,12,2,0,14
911b4175e451fcbc429df91cd22c2a09f18a5952,162,20,0,182
daceee568874a1c98c54ae487700858d2300854b,14,1,0,15
5cdc02d3651fc8f5b7f9aa81f1d617007932b666,341,12,1,353
88476c38ac4fa13b51f15d0d7fa59e0e8335eb9b,17,1,0,18
a691e94c5cb1539145d8dfe6f005501d044a87a9,38,2,0,40
80997e8e6d77ca9f4811d8a801f5805c505fc7f4,146,3,1,149
6bb4b5ba8e7ecd6274dd437c6ec5c4a9b178e4d1,110,12,0,122
73f258ca7fffffbd0f72bb073acacf4657f518e6,29,1,0,30
ad91e8ea4c5b4dcab4aab4bf1f7776d0ba1ad006,0,0,0,0
483a89705b4b1231ce5db0b654b75453aa1bc30a,8,1,0,9
8546666d5d7069f9a8d18664093362edb0d94a5a,487,15,4,502
1077921b7bb56f1597d4ee733e7d7e44b57ba090,26,5,0,31
21a084b170b29dee0f2d57aae22b00c785ef0c8e,146,5,0,151
b86148c614fe55daa7b775e7800f28ad5efaac7e,176,4,0,180
93ac1d523bb994e94ce5ef7e73574c454814f6da,12,2,0,14
73d99b880634809d615a063911573cb68b5d4864,16,2,0,18
80d910049b8678b740bc4beff4757a5de5410053,8,1,0,9
73f1e485936918817386e344adebc9a721eaa5fa,18,2,1,20
5afd7cacdb6ac35d19ebf63bac9f2d20298cfc5c,4,2,0,6
7cc908b3a1824d05ad47f9ffd152540f3777c237,4,1,1,5
211e55d0146696a88ae1915fce2687e2d4da9771,3,1,0,4
40cfc5a408de49214ab77d31273afde7188a4cea,157,2,1,159
2696930ed381eb522fa92ae8b09d28e4d4889d40,3,1,0,4
848dbd0302a4e6d4917a70c1cbc2220a7a814488,15,2,0,17
83e7da7aa6d19bd8489e2af470d9856ebc270524,17,1,0,18
3eea27f653c326d6511526a948e1e250bd0452f0,4,2,0,6
1a68a742cc9a962e564f0e050b8790ea6c8150a0,4,2,0,6
6eb2cc5abe2512b584127edbd2e5710774b84c18,7,1,0,8
57c264da2d9d33452ccf9f41fb64788c911339f8,1088,14,1,1102
ef3b9a14e9bcd4003f81db200b2fef4aa68d7e3e,7,2,0,9
04da56403b543e661dca4485f3c5a33ac53d0ede,33,30,0,63
a2a229d160c51991177d2a606d8116267a1a7f8a,3,1,0,4
1e478b2293ba29f77b03eed81bfb2f88028d8fa9,49,2,0,51
14d52cff120830368add399ccc1150f86981088a,113,2,0,115
6f867ceb0c2b93ecca3be8a16c155547182eb0dc,28,2,1,30
c1935e1e8d2346900998ab2994361aa7c03425ca,17,2,0,19
52b3cbff76e9e1d684443e442673d4468f327108,36,5,1,41
6b6f1cb76cb2c9701a3accb3a4ee365d6566eb7a,2,1,0,3
9eac20d08a2905af178173ccb3aa5cc105f11bc5,15,1,0,16
16b320ff92875f9d0cf623d0516c766b8ecc4670,6,2,0,8
b965503291fd004f2044df1c8d257aa4c7b1c522,168,7,0,175
b885f43e4c63a4fdd7f591f8286b788d6ed2d719,191,7,0,198
b2545641a35e3941ece6f67c2a65b4d08d6de519,2,1,0,3
e6f51e7183bf44778c9eb7948a12dcb196c4d31b,232,3,0,235
9efbcd1b6380ff3e3ab8c2033d1a2d2821a58d01,29,2,0,31
1d0028bfec0594efc97a0652acffbde76eb75fa8,453,11,1,464
161dd0efd21e233687d7472d97ccebe86a992582,13,1,0,14
cf327f8e1f20f5744167e299c3e37e0c4c5b0322,430,3,3,433
a922fd28c1163abfea8cc86225bd94360731f0ca,176,3,1,179
adf33558779662bd49b27b38afe8287e9f61cb4e,7,2,0,9
6773d049610ac4ecfd86a256e621544cb96e560c,49,7,0,56
e8860cffabb6bc211ae81bc450dfb9e787b30a81,45,10,0,55
8fe914b5d4b03d83a580e4d40624dc8122835e32,529,1,0,530
ea76ca9f3f4fe98da45adcb81d7611801b11e1e4,52,1,0,53
e2dcbfa8970760b1778646bfa9fb8b4532d07cb3,17,1,0,18
b0079249595b014bc03b34bd291ae65aa70daa64,3,1,0,4
55695c9c31d4b2b9978cd27a19a64c95f682d637,8,2,0,10
8a179f4b66ddb29708bf7de27be9042f7ac5c963,6,2,0,8
471025d1d6fbb87aba3d97aa41fef191b9b0bdc1,2,3,0,5
b6310ada120ec385d7e4e4264a69a238dd87d045,5,1,0,6
01beb54e968d27d69cc138b379c79915d884fdf5,60,3,1,63
045b2d24d85c3c2114e43c9d31698ad259692607,34,12,0,46
61f4ce8942458560bc91549f6984e8b009fe3ef8,2,1,0,3
f71d09ca1f24cf4c767c08b5fc357c4f556d7f1d,214,9,0,223
80735bc0d58ea69095dedec21e23b6fca3b60d98,4,1,0,5
36a7e38ffd6af614ad770a6e23ec1fd98a90c809,15,1,0,16
68c43e240bb16ab61716057ab775cdb4e76a10ad,2,1,0,3
3bd94ddc77ef9f9853ae978bf024d206378f16ba,4,1,0,5
293993c6059e6e1ea73a032cf1062db40527a012,3,1,0,4
4178089a0af2fba0ff032a89540becefd5ec4f41,3,1,0,4
7e491f8daca55c8b958ee1ac8284e7a97a99c086,4,1,0,5
3a1ab28df7befdac5a2331c35e0fd817f8c9d313,113,4,0,117
85d4df4f0c9801751abad57004760ccc10d1eb82,724,61,0,785
0c5a03e6be20a13eee60e84b75cdf2a9dd64d3f4,5,1,0,6
8734890364ec102e66639b3bd0de1c9037b791a1,2,1,0,3
3dec4d7006b8a57136f34ae330ba937d8990f2d2,52,4,1,56
46ae6fe3901108374affa36b3a225df15cc43d7b,6,1,0,7
bccd5f93c3228b15afdc5f0843dd727222032002,14,2,0,16
74c975641bde02b1a011b9f67b581dfbdd8e5fc7,10,1,0,11
100b97821b8adea009c8213a8a6685dafd6273d2,66,2,0,68
8b40268d1665f9b5238fb1ee15846f25de8d1634,30,2,0,32
b619699d186fba6a8d81896d7212b4cfeac50024,30,2,0,32
6deb7921879da2c6635721ae6e7a19bc83819da5,55,11,1,66
43dc32bd396df49d682bb768e972ef6c11f950da,239,8,0,247
d794f6fdb29e77fb7a9635c587cca4347b77ddec,14,1,0,15
37696ea8bd6a5c3b910f7d24141530f91f80391c,119,7,1,126
c9d2a2c6ceb332118ab116a98616333ce121c265,8,1,0,9
47b193151bb762998cc2ae5e4953505f07cb76a2,419,12,0,431
051929db397dda7a7382ff541e57262a348448bd,12,1,0,13
bba6ddd2496d5f73354f2e5d510e2f989b93165f,128,4,1,132
49b3df666c562ae29a58833c9284b61b44b63a1d,49,2,0,51
ff2465b9dac8f1fd532f68c0993894a5b0af6595,143,4,0,147
371fa76cd558cf401322bc7fdd3fe266c3fd3741,8,1,0,9
8a29eb2835a8d2ee77233991fb54fcffdcc7a412,8,1,0,9
54d435303c58739de6ca57144f63532637cd291e,9,2,0,11
d5528f00cc11339928b9dce76fb911dffbcddece,10,1,0,11
582981677c43e194b3693b0e495ea4315ae64ef8,20,1,0,21
377dc4edf7fca96bd1399d92c6e2e924b47796ac,26,2,1,28
d028b3820f29d2c91ee5ab1b46100a87554df02b,12,3,0,15
7f733ffb2ef5bfe30418028f696d267046dba833,157,2,0,159
88c257a0971a4440b3a90a98d42a51f28d8c9233,2,1,0,3
47ac1d41e7ec18a16c6144460fbbc35877d71a11,33,3,1,36
a9b483548d182eaa1f37b28fa674d9587944138f,2,1,0,3
ce56188202f7cec647e52d1638ecd24a1b2c331c,0,1,0,1
5ac3faeba4877feefd79d72b15aa49d56afc0aa0,126,4,0,130
e2d0ca3448d29b94e99089cfd90ac93119eb7063,12,1,0,13
42e3a141dea606427e60410537db29f92913463c,54,3,0,57
8064c54917f86ad08a15ba8c86341dce6dfac391,20,1,0,21
32f35e2a775ae9eacd5707cf8f62740c64e22794,2,1,0,3
b7f918a7b81602f192c7cdd4b558f9167013b691,21,1,0,22
c1999ea806fdb2a0739dc566420253af5cab8c46,7,1,0,8
5f1208bdbace9a56ae2744193880a2be9ce118df,4,1,0,5
11bdd71104d8d30e928c3621d13e3328a089243d,2,1,0,3
c4319b7751c7b6071bb71dab016970b44496fa99,308,6,0,314
eccfe0076b42f65f9b4da2065f734f746b00f2c0,426,13,0,439
d11221fb8af5568416ef5041fc2da8b6fa08598b,308,6,0,314
223d225e0119d9e3013206a211df6b70a71b6a66,43,4,0,47
d371d96b9ca79d7d9b3e4cb372789f4f864ebe27,323,1,0,324
e3e19ecbf80a4e718344c40de3715c966eb8af92,4,1,0,5
f1a2471302ed3a6d89f70e3b85c9c20eeddf2056,2,1,0,3
83469be5bac23dbde81f511afb5bb014fce50489,258,15,6,273
93e37620c4906ef20c078a640e3cebae60f14d17,32,5,0,37
dad72cef5f82ead5e3a3f3e5a9e7bce21b4e8c68,7,2,0,9
9dc9c7512268b3ab8b5d5b07842bce7350289544,8,3,0,11
7e2a1b5d4f134489428a24c7c5502f189224b506,162,3,0,165
df2e77de9631cbed14f91993f7fa4a840e871c92,9,2,0,11
d93fb7361d73d1cdbf6a551b3892d4dd8c69656d,2,1,0,3
c580a82ad54a5f165dffa2c590c1991375fffb75,7,1,0,8
323aa18830ce20ddd8bae25b630661548c89a97c,18,2,0,20
da8857fea8edd995a8c958c77c33f411add9a660,8,2,0,10
51b87927bc876250f8e1ecd47f76ed0245bb7e9f,4,1,0,5
fe3dbdb1cb4c86877697736a05d685e1c27a5856,106,6,2,112
922364f36e50fff8d52d3158281dd9e303bf7c3b,22,1,0,23
b89e35e01f627a7f47f0dce23d78e2558e7db7ae,39,2,1,41
33ddc00c637d043a31f3a7f2e861f58f2c1ebc5a,22,3,1,25
cee58aa0387951e94bee2904600ca89d731b97ff,183,7,0,190
11becdec707ee22c879a40320d26149ac73cc90c,426,5,1,431
d49734866a33f677aea8f6be4a01573be1b2b150,255,1,0,256
6c6097a55c0fedc7393af799868a9af1d699f46a,24,1,0,25
9eeaf49f07b50a34e5e35b5cac232c26ee86fa7e,2,1,0,3
f9bc7a9fccffa81f32eb43cbcbe04ce928793b24,413,9,0,422
20f0e5bacb9cfce98162dcf4e37602db24ae3331,10,2,0,12
09870cc6cf0f34581166fe4d70852d0a2f6b8c16,13,1,0,14
b8051970adcb651449d15e407febf9ebebd1a4a6,6,1,0,7
66d581136573761cc1afa94b414e65859ab3d3a3,34,2,1,36
3db819abf07db3a3daff3b62ab89f3e0623ba70e,241,9,3,250
c88010fd0a744d026b75d02bc62bc6dc690f0f9a,84,2,0,86
724ef6ff065404705fdd44ae64bf51bb077b8417,15,4,0,19
9bce03ce04cbe9e7dcc4d23d1b8c7d6b8899d367,75,3,0,78
56bbff3d3d7669065ba12b78f326297a64fd61a1,497,10,0,507
d005c7967a57a572cc6d6620185ac6aedbfc56e3,27,4,1,31
3a1568efc9a31394292bc359bb9bf42e1eb0f9f9,42,3,1,45
2a7fb95c2f1f319b0ee847e18dbff1b4bc1c23b5,1,1,0,2
db99ccb7056282033978244fe1ffb3f204c0aedd,49,4,1,53
70bec2b2e56b6540f4a101a31d94aee414de98e5,2,1,0,3
3e863a67cc90a12dd0a38438cdcb3153076e92aa,246,7,0,253
802bf5041434d2b47b8e76b104790f1551be8eb1,15,4,0,19
307049a9ecffade6af5ab7c28bb9c4ad8e2c8612,164,1,1,165
439b76c2c9ce363ab5993e49da22d04437f6dc76,31,1,0,32
383402dc69a9ecc8a34cd0f9ebaf4732c51d36d7,6,2,0,8
294eef1327e4300aa198406048501c356d2eddb5,47,3,1,50
64190707f7ba1458e77fcf83a1b1e8004efa48ad,32,3,1,35
29021896bfcf442f2923546a8a12ed667bf19b88,55,3,1,58
c69d21f09b261a57021ea1b344aa84fc7d773722,4,1,0,5
8f344db93e6cbc8a6f24b7e19c7ed26533577138,30,8,0,38
b8755ebb25ad793daa6873acc2e00b8d69588188,19,1,0,20
ba12ea3ed9930d46cdd4a4b7606e8d0cb383a879,105,1,0,106
9b8421806038ff026ebab5d97f0b5d7d6b1b103c,70,2,0,72
1e8559e6518529a869b22422b8b6bc28aad1c3b9,25,1,0,26
c61f1fbced7e184357c3fa37f0e16bf6ccc6ba3f,71,5,2,76
eb01bddd98fa5665acb23286c5fda8b3de01783b,11,2,0,13
46cd56ad26d59e93d3875c78f29fc6ebd27dfc07,622,16,2,638
f2a5c594dc8e0810b22cb66b6db06ccb4f8927f4,14,1,0,15
6a90cacc150fba36803f7cb802d7c4e9355f77e3,26,1,0,27
6f9012b40a63a019723753b9eb171a3fd44a6f6e,2,1,0,3
a3ca80031121a495f2946bd6209710dc7b6e330d,555,23,3,578
2cb39f92e5e1b3872e0b2e880b3bceff57769d42,230,1,0,231
e08ddf78367b94b1fe5636d6640482486dc2326e,8,3,0,11
c2fc3f5bd9af2c72e0a840c8f7ed4d034d7735f3,106,1,0,107
3021d46412bd4fadfc00b6240ce5b2c26301d2b7,7,1,0,8
2dc26f27be8557b70b22941c30a529db6b011bb4,1,1,0,2
c717daf6556c708a771ac89efd36b26ef2988c71,124,3,1,127
89cf8262e6a740c267acad0c040d5d52675d6c00,31,2,1,33
c484619d19f53fb522a9cb5a05c83192f49961e4,65,2,0,67
403c8c4e795e2098f82c91fd4e061c9408f4fe4e,959,14,1,973
dcc1655e31db36704c46c00bf63720d02d1ecea3,0,0,0,0
74ef094f6bb9cdf50afff91422dd4bad178a762d,32,3,0,35
aff653bcad899cdf6cc382bb6d25ebe91ce5e429,42,1,0,43
46ecf77b7bf9cf81375136172e9dab127e17a545,22,4,2,26
b24491bafa78693457687dd5da460d5e387e9ddb,204,2,0,206
c7ce709f356c5d007e12824ff9214e9e95905d84,205,10,0,215
523868ed8daf2e7e7cefcf69b5924305e8d431b0,415,4,0,419
77018d14e4d2f90e051f24ea0a7d375131e6b26d,0,0,0,0
bae02fd724ed6f10bfe9d9488d1099469c0d2afd,0,0,0,0
c0fc0a0d8f9e11af16512c7ecf132ce249ee4e50,0,0,0,0
b92ed6cd8e882f210f4b44f264ce0e6df4678c26,0,0,0,0
15a6ee5208ab7a209ca98474ca24e98fb63df130,4,1,0,5
401c81370c48930a4887a529f522773dd6ffb66e,88,4,0,92
5e02186df86d719286ae8e2c97df936c02166d34,300,2,0,302
f0818ce266f82bd48570f6427fde7f6566d4695d,36,4,0,40
3017730b8f5c75f20883263af6b6c37b7831a6ac,7,1,0,8
39821848513889a5d532b8a43bfd98349247e2f3,0,0,0,0
47fb85318bb9b945de79e790c855cd564eca04ca,0,0,0,0
7ef2e58c748a59dc033980dc59183f465b9c24d6,0,0,0,0
c3e05de8af0208fbaf1c79d79cfdcdf1a97f047b,6,3,0,9
23a7e1b45c8845946746252c354f2da66febbbcc,12,3,0,15
a9e7bc381a2f4d0dcabf153709291a3687a75087,8819,34,0,8853
578fdf3e0637e9bdf0c1954cee700d06dad6044f,10,1,0,11
3f5a500ccf0f540fe2d9d488193a94f1eb737a3f,52,1,0,53
36c9f1a217c62778ab8212bd8ac5354a790a31ea,2,1,0,3
a66b0199891cdb416835ab5bf81650cef95f8cc6,30,6,0,36
de2d6e4956d5a6535628742c373e65c54891ee02,33,2,0,35
2771ba0b3360f77aab6736eeabee352946d998a6,1,1,0,2
1da262829a2ccb383e11713468f36e9214801ca0,84,1,1,85
544aa3b66751e84646e7293f9c0d23a3aa372ae1,15,1,0,16
1f6ff6875e7f03b67c016e0ca7280924bf691897,2,1,0,3
702666480b91e30f9e39f3eb5f54465e6802e86c,13,2,0,15
821b61bb6bdc8ed0622aad04b3c6918ee73f52c5,2,1,0,3
79fd3a0242df9f7324410cfc5d987850ee3de405,159,17,1,176
33677c0c58b7d63797118750682852522bb07ed5,680,18,0,698
52202afd3e351f7a009978da6eca077132e350a3,4,1,0,5
d2f63f6f96f1921ebc901915abc606f431461cb8,125,4,1,129
d2f476d20509ba677e7f086dedd975feab415721,10,1,0,11
abd95fa5e4a760ee19eb5597bf1bcaabdcd7b0ea,22,5,0,27
22bd851047c4ada20108754f3d15fbd8fe7b065a,2,1,0,3
5d5d758ce6ad1320c536ec7caddc9acc36876990,121,5,0,126
465c51a419347f89a7d73c8014b3b46f27f1d5b8,1493,18,2,1511
3afd4449ceefe98bd69c3886310b03c3dccc6412,2,1,0,3
e5f211b7ba9c6282a3c50228ac913a174a830dbf,8,1,0,9
201d60122429679e2b3d4c7cb6bb4fabbebef88d,6,2,0,8
58cdba2a8c52386aed780355bca9c54599bf4e86,95,3,1,98
c67bd6dc1a002bd0929b95388977b7cf7a157430,617,12,1,629
8ea16ab65241cdbef8c41b8a4af01721f90b4dd6,402,11,0,413
b6e3c8ee8640c1d6f2bf67c6b490facadbdd3250,8,1,0,9
b77f9ea8d7bb2b4e8a5a7a15fa828fcd33abf0d5,201,11,4,212
6e3a1d26ffc3e9bae355df3533430791cdcfd5e4,10,1,0,11
1214463c66062e8c3d31b460fd3c734b8a50a1bc,28,4,4,32
abf0470a3c8f3f7d38bc96c345f72f3298243f5c,1,1,0,2
fab3e5ff93736bd4cc366516b3de403fff2eea8b,51,2,1,53
ab446338197443eee0f9d2ba4dd1c06a3320e4c0,3,1,0,4
26e67d5ae83303226308915243fb0da15dc00315,14,4,0,18
a3a2e4d340d14f9d6c4c7c85dd16425714f442b2,20,2,0,22
908b2a74ff59c231d4ba29de93812ea938f85f7f,1544,30,13,1574
9e9ea3aea0a4e4ffaa87e0783fc85fb18cdc9887,82,6,2,88
8af7856fd1b36da1c059cbd8eb71d6b28f0cd23e,300,2,0,302
5cc7cc56c59590d7af7f7d199f6a8dca8858a64f,7,1,0,8
1b2635cfe679f43144f12fe79b348ab921ac70b8,47,3,1,50
3244a5610560550688912ae846868703989daf55,20,6,0,26
575467055f47ab57d5c170ae292150c10ac5eb82,6,1,0,7
89392a3f20b8e447bb9ee54f23716001686d971e,63,3,1,66
dfbea2eb988e6b9ebf017d6a35f0ba590ce2873e,145,4,1,149
ba5a2d8251adcd5110f05045b450e8987c0d33dc,33,5,0,38
4f6a0e34ffd17c38326e873c89062c62ede1b053,1228,47,5,1275
0dd04d52844f1f6c8100e148f8de9274628df3fc,4,1,0,5
4812719738c0e1b3e5b04752a54264ba9ec4cfa7,2,1,0,3
ba2b90c2aae27bcf34b86b8a050c01878f716856,4,1,0,5
0af86e3934255272c96bbf44a0ed7383dfe0145b,380,6,3,386
824fd955fb60b75a28db4b4ec9fe6c64cca60638,875,18,2,893
60089f0f5801562c104b8822dabfedc889611abc,297,25,0,322
cf1f872e403c1e2a3695b2d8a2b061a87e0f2756,2,1,0,3
f236f1ccd3fef31370a350d72d4c757c6749f446,2,1,0,3
5991a35774607b05e8eebe64242e12b7847ca72b,264,9,2,273
2f79852d340713176bedb16ab6d5e714fed37e63,6,3,0,9
99b975f5c567e025317d5d683f2136fe0c696435,432,88,14,520
fd545e2952144b45917504af8337401535ab2778,2,1,0,3
ddf1bcfe4cf099681c7bcbe1a9341a035937b909,14,2,0,16
0f56337ce3eee917e0a140dc4f3f88e6002b8753,128,7,1,135
f7c7efdb86f30df6fbd7dd61f16cd22236fcc61b,21,1,0,22
28adacb9c878f2d798f872048009bcdf3a41879c,311,7,2,318
29f840ae7cc180ee9651655a539a276d6d07538f,197,1,0,198
794c66b08f07ca1b6ba699dbd4be73e6966060ae,0,0,0,0
32fe23f2e283f6e555f54861ff20376507d2b705,743,10,2,753
55de3fba71bc8141b13cf1538ab29f43811d985b,38,2,0,40
d4375977ddf938f40d0f6af24c35c898f7e96985,163,3,1,166
f1e9c520873ca3ee61f59b9425633340366b35f1,56,1,0,57
9071a09b135272e0867a7c79b4eeb293ff2dc21b,4,1,0,5
39dd445a779bcb3d40001a28db24bb2131c6635e,4,1,0,5
2ea1ce541ee4a44c42b2a8c6caf6d3d1739217b8,2,1,0,3
8dde8fb9af86eda91b7eb744e2c30630f8b4bf5d,35,2,1,37
c5ab10ddd421869d99472a80f97563eb2fca233f,52,5,0,57
b6cd47996038bafd3c05caf8f17b26f0d30f3224,48,2,0,50
0e087455af491a1c4b0fd393ceed39489c790793,116,5,1,121
dd20e7bf8bf7b307f72b4f601fa675e06f7d03c5,323,17,4,340
4a1a2e48bffa8b18ee10629d7283c7f77aff4cbb,44,1,0,45
cb175032a29f545200680d8fb153f871749e024d,3,1,0,4
1cde24665180e8f10651012f53d7bcb58ea2eb44,15,2,1,17
48e92189ac5b4ba8c17ca3e6aa93e2ebc3427257,64,4,0,68
1922a9cb5f0c9cfed1c7693a67981d635630bf8e,9,1,0,10
34621717df173749f677d02ace334870d06f529d,19,1,0,20
438dbca6868f2c65a4683f1e6f6cd4dd1582967f,1702,17,1,1719
f866d234a196b7a19e5c28d61511ed3b1d2053a1,244,7,1,251
865d10f19bc680e48332b57bf1e5d470f262718b,2427,22,0,2449
0758b707869ff81b70dd845ccdaa017356968e6b,8,3,0,11
e25266706e69e31fdae95180ac282f2ab10a497f,1282,3,0,1285
a4f9f6bad83251d5a0b839b5e73bbe44f7468569,37,2,0,39
dbd81bf85610ce8dff4e9148e63f67437a2fdc41,20,2,1,22
24187b0a7584b09b74cddd44440cac4b62f5cd86,234,4,1,238
19c07c2c84741e06f570479f6538424dd44e3814,49,10,0,59
a3c195a543ae149cab68e1f2e60748890fe300e1,12,1,0,13
c4e722afd1c7773a1a2a9e43b12d20b8e31a513d,27,2,1,29
5b1b811540339a1ceb0ee80bd76c964a0f7d4607,896,8,0,904
c1254f7b0d29d311e7759af3054e5e5ac7c77c33,221,12,0,233
aded8681bb06e2ca897253820640b153afa3c468,3,2,0,5
f7af21e2197cb4d106fdb66fde016120d4d5748d,4,1,0,5
c9adf7161f42dc70ad3690770474182cb5a793ad,87,2,0,89
f127237fb1f774d540ce9d8e5885c0dddd35419a,2451,46,6,2497
44d359d540b19aa0e16c5e5cdef4742e027d03a0,3,1,0,4
6069a083afe0bb66b664deac2d332984498b933b,105,7,1,112
9bf56d9f64fa439bfb394a21da0b43009cfb8eaa,153,4,0,157
513f8755a4c4d09b8191f3a46f4eed47c0dc3603,11,1,0,12
621c527f275aef2b25d3cc56447e0279dad802b4,3,1,0,4
96ca84da156522bab33f734c89f0cc8b398e5334,199,20,2,219
65667a34d8289eb612a38381597d488cf88aa2c3,33,2,0,35
89f3d72c4098279aaec83bbc4e4ce22f2df95b54,6,2,0,8
0960dbc25da9d4cba3730ae5dd6d12e550ba8e7d,8,1,0,9
ab2cdfd384c0cc96a1ef10ff224d2a6b8a5fce06,480,16,2,496
305e4e1e00df287a493865b8501d1c5ea28bd571,20,1,0,21
520228fec739e39bdf628700a1919747036c226c,9,1,0,10
e0930570df6bfeefb4f283f6624ce2ce6caf0fe0,16,1,0,17
5e85e6ea6ff004735fde9bef58085b83369f864b,464,10,1,474
12105aeee723f0f0890fdaf6c88b6378946d390a,16,8,0,24
f28c2b308e063fcc92b7bd1e56c4e743fd20f18f,11,2,0,13
31f584cfee41598aab16da8d84752e69b80b083c,241,22,6,263
6712d17a7aa5a6d22e83fad8a5f710aaaf00e419,14,1,0,15
a99cef9d44a635f4ec30ffd546e93d4bde34b97e,6,2,0,8
f4dc3906195d6040da01d1e08787f4e1495bd537,2,1,0,3
3eae4e0711924721db49b4e3b840282ca987a80c,2,1,0,3
c507c59b6a166a85a262673fe7f1d4a3020bd599,147,11,4,158
e33be2525679982a5eae4cb61e7ec267262effdf,201,3,1,204
58d37edc8cfd43e007697e243c48cc290c9f7063,8,1,0,9
8c087c1b8a44a614e56b1e58734b4d60d04d32c4,6,1,0,7
85c50a8aba81bcb0570f36a1f5cda3e2fabe96e1,69,3,0,72
8aad9ea392f0f98ac830163f32f37e5f6d6ed5cc,949,6,0,955
f6995738af66846417d630219ed22beacb11923f,2,1,0,3
1375379a28f38aca8001ed2bce6258730716b652,168,4,0,172
366590150488e81691f9711bff9b4e2724afb8be,508,14,4,522
498241b0c4adb166c89b3b2640e80b5c5f914d33,4,1,0,5
de4049725d2d9565f04a981c34c3dbe18e0ecd35,16,4,0,20
0bcbfb922ed35940f36765758f6615c99f5afa7d,6,2,0,8
4dd36bfa312285a13347fb15beadcb0baa30ed23,7,1,0,8
7f6f739ae396e07de573bea4ef16a388c54e77b8,2,1,0,3
abe03a866fc9ac2563c057d6edc00d3ec0a7d733,149,9,0,158
0729d12b96918a7ae1ed36d3932416bee26c4301,67,2,0,69
3be4b829a86e1192b6453124a92ff269ef5634c7,131,4,0,135
5595bfb9d06267712505dd9d3f4479d16a54aef8,2524,3,0,2527
3389e8cfcbb8618102cd4894339e1a1828bbc837,99,3,1,102
33e2dab37ef94aecc262b1b8f75e668cd0db0e60,295,7,1,302
caa664d6ee55ccd11ec86150d7de0c5d8c8874d7,410,12,3,422
b7307d49def37d7a648baa170b26b930ca8aa14b,986,47,28,1033
978074449419863d6e1d4e477179e12092c3a639,1,1,1,2
bb01f9613b125eea0ab894b3321f8482f83520cc,8,2,0,10
95895d1fc33212afad075f01f5b28254c0d08800,4,1,0,5
e29608ff399ae6238db7086c214da0cc5c45a0fd,12,1,0,13
9694a1a5bb738229b045b5a1d8ec2e023c45b1fa,218,8,1,226
823e2e02488dd1a4788eabaa37c531e6a3f4583c,4,1,0,5
a84818c6fe15b55ba6c5cd5d2d8a1d82fcb164f3,32,1,0,33
e8cea41c61327b22f6cac59fcd51460c091a0bb2,2,1,0,3
a13d05a2dfe0847fbf629d92b103e8468ba7574f,2,1,0,3
4ac577f711b2d62afb2016b95b6ccc3a85afd108,412,10,2,422
78ff94c177c4803be00b4a00aea93f9b7c23bb3b,6,1,0,7
cb5c8a414a59ae7899e6d96bd738b79916e9895f,2,1,0,3
07fbc6ec8c39436e1942ba87a047f08ff7484eaa,8,2,0,10
6a2a341b0c05a2a46e9bf0c96b869d483ec4977f,1,1,0,2
9db840c6555e0fae60b3eca8f2af59d1c87ed036,2061,25,4,2086
234c42bdb1a9494c9c2a36e6bbe3bec7be7104cc,2,1,0,3
c4e7fabf081353a4b85bda24ab1783bd61da0632,0,1,0,1
97cdfa987ea415bcff3888bd61363e2daeda2e2b,2,1,0,3
71632967ded7904319a17cbe1ae6104efe4f249d,163,7,0,170
752c8abba15dd8caee99b542bf09d702681a77fc,6,1,0,7
249cf6cdec93c9fc3c3b9cf30730cdb1d0fff36e,4,1,0,5
b0bef98a744ee6aa5ca98d1449f83a0468e2fe4c,110,1,0,111
a459c02494305e3cce4d151a1035c6529359ec2f,16,2,0,18
985bb0c875b2af5692e0e0e7910432ee3a19b80c,72,3,0,75
850fd81a51118e0eeabb7924a82a810463c93645,7644,106,49,7750
01c45d7ae601963068ebfc225a5947fc69eac67a,97,2,1,99
2cccfb926671549fc5337a3335b3ef9264d40f75,9,1,0,10
7d878f7c2231c22ae16d3f04b49ef19b41217d18,12,1,0,13
ad3586450a43fedceca479936a60ae637df6b083,1016,31,0,1047
9be827a606a66488ad9316de8992b529e9031484,214,5,0,219
29b7436091c52975e9b3bbd28868f379b55eaa63,42,7,1,49
5eec213c8400557da47cb6f2631cb2ed31d23e2d,1,1,0,2
8e6f333a69f660a6ec4147b0c5ecc4474e81f69f,11,1,0,12
e5ac1134c39e63c35840231c5f8b6cfedbd9d89d,6,1,0,7
13d77e07f834ff375941841e5b2e8cc344702749,315,6,0,321
c7dede3d36c116de727d16fbb614ba0f66384fc7,8,1,0,9
d1fc86b7b2d2012c0323345166c98cc02886e9f1,33,4,0,37
0d65dabf30f9761530f33234646e602b1c15dca3,18,2,1,20
da1e8763e03915b5358e122a2bdd5805b5c2510b,4,1,0,5
aac22d3af48b3602ab6fa11e41995b098057088e,8,1,0,9
2cc4811f2f07635308cbc1932eb65bf8da0e3971,90,6,0,96
5d0d0c2695abece01fef1e25e352bb7285c3090f,1220,20,0,1240
ba50d49485972f6405d0d4a5d7f45a21cd9a95ff,3,1,0,4
c0b12bfdd51c1936a56cf9d94b9cb7086e5a3e21,4,2,0,6
dfc530a25d487727ce506963324f50cf5e789f8a,22,3,0,25
fd7a3f8955bb17885790dbc69579c87ef75cb685,1290,17,3,1307
fa31bd31c9d6feb15717bb3206950bd49d981e4f,21,2,0,23
0e4d9616833dd583f2162797c5bc647315743ea9,25,3,0,28
83320c709a6aea4663ce399abaa979a697d333d6,2,1,0,3
ee309066a40323f5fef9978f69ea8b03ac08baec,116,13,0,129
8360dae2f8a354fe560304d6544c1a927f49df17,5,1,0,6
ba87ad33439e53c14741b2c23e9dc2b7a3813b2a,544,8,0,552
a8655dddd6c7382223195c0ba6854b38d66d83b1,90,6,0,96
27d36daa843c865d44792f37111ebaccbff2e102,7,1,0,8
a10545ba13ec3c98c98330b8f053d14d672f9e27,101,8,0,109
04c62e41fdf15f4a6b556a49ef57c4f81776d2c4,1367,13,3,1380
e733bb59ff4a10001edaf37ff7b336d745f59a8c,1,1,0,2
9b346de6a0dd74cd15dd8f548823dbb1eb3e34df,6,2,0,8
641a641c314f0a4b17b7c8c91f543678c9915ac1,16,1,0,17
75441540fde1565570828403171d530a2abc6e2a,78,4,1,82
a8ea9e1a263c07428f4882da46983f879c62138a,151,4,0,155
6177c819b1edb76cfaa8f6249dc9041771ce6da9,67,6,3,73
7ef0554af7c5682077df1bee8892fee4caeb87d5,14,1,0,15
c6c67d7b112eceb36846e03207cb9c37519f1730,111,11,5,122
28cb56efa285f63b29dd169b7740330277470168,99,1,0,100
c2e1a5a3701d486e93950d3e0448ddea16b18db3,13,2,0,15
76d77c5b354bb05013a3191e100f062f4de65ce4,28,2,0,30
2fe5a00857bd06a2d6c7691f245e4c0c00b3b051,287,16,1,303
75e227ebc4f70c749ed9f0a149a937c4722d4abb,37,4,0,41
45d20abd4bd3f131ed7adbc182e8caa0ef7e469f,16,2,0,18
625bd4214ac42f5f829d955108d2474a63e67b19,14,1,0,15
a9788ff5800ba96c3a624574a2859d9f2f9aaf02,2,1,0,3
1c7d8fb0f7f8dd3cb6ce4837053c11c6453b5f18,4,2,0,6
cc39f85a7adea2ded192dd49dd4105c2183fff5c,11,3,0,14
c854fda9361d8c31b29cdaa45b69b7237ac34272,129,4,0,133
dc3d383cc95dfbf46298e1854507d0f88932229d,6,2,0,8
a648746b501213d65d37ac06d4b3657cf3078ebd,36,2,0,38
14479fd7a07c0183a620d37db446290789c6da91,16,2,0,18
9eb580cd3207263eb2e8713e58ea8a77c94e5bbb,26,2,0,28
7984ada24ae11b66d9db7ed641e927320b842c1f,8,1,0,9
e230af9cfd9d252696b8014c8a3e32b25158dde1,9,1,0,10
9f32ecea9f77cbbe38ea35ff7c9a3cef8e3d19ec,235,6,5,241
e19e47c8c54b05a2bedf0bee84538123ac566e2e,18,1,0,19
44c800f0921efad254dc92a4ca1fc6c9f1dac3ee,4,1,0,5
ca7b28adb0186384b10c424eb0b7063254ca7cdd,10,2,0,12
5552319378e8361a16c91df2ba3cdf5519b74d58,92,4,0,96
384d031c6bbce79230fc929fe88ca0d1ce840886,72,9,0,81
ba4418d000e4c526584a66e7c87905f0abcf26f8,2,1,0,3
82d836fd5a2c045f8f79d65f78396bf9c4818e85,78,2,1,80
cb7d82d785afd874c2b5acca763a668896099de0,7,1,0,8
7f15b7b16413d91c91d215a677bcedbcddc9e7ce,31,2,0,33
125a42ca1f8194c4b3872230e58cbdb6ff35597d,1420,13,1,1433
6808bdc6966d6be5085003b47296bdc9917fd0a3,2734,4,0,2738
b2d4c36ddafa436ff42f4d137ae4e468fbde8f7e,6,1,0,7
4b5bee4431ad1c935bc6ad1c75fe421950269c9f,20,1,0,21
e673949c61f4f4c65289ca2d6fc426fb4e90a8b2,246,9,0,255
895d92199c4c1a41c684e59a4f4c32ce81204a01,874,8,2,882
c65ef0788fe30606fc17f53c4dfff742c52706b3,2,1,0,3
91ce62fa9da673f4fe9f63dd477402ecd7f4d1ea,8,1,0,9
71f5cc000db09236dab9ad682787347b00580661,20,1,0,21
93c2dae9e2242168f10aa0daa80d91c06962fa6e,2,1,0,3
78425c4b28d77bb43a57ff427720f1f74eba6fb8,4,1,0,5
fb4e3d2cfe719c5feb6f8c15cf6aa98195dd3f82,14,7,0,21
16ca1d1fb93982e141b15c569f925a29a396b871,4,1,1,5
31c31c6b9d9f35b459256354d69616c5eed7d554,28,2,0,30
336bf6f0db86d829a2e8910c5f9ed02550c38993,4,2,0,6
3e274e740a86a3d5577ff540179a3126df056778,13,1,0,14
14a38b79059ef6b80e832ca4070ee02becee1b98,256,6,3,262
2321cde58cac43a16d12eb34b8e1e32e81606774,4,1,0,5
9e75f5b50ac1573d423fa937b801df77d6a36f3c,226,15,12,241
474b801d8ad6c8e851ea44a016593ff3e2890325,7,1,0,8
4c1bc600bd9f6e0c2802f61d5095deb4c364ff9a,2,1,0,3
3f2886591bef3f98b4e17825f43706ec9a03c87b,820,76,0,896
e3cc8ea1bebbfbac4126994df9e3bd23213ee78c,89,3,0,92
505686eaf3a6a660d7b8016f224af1f500b6a848,75,4,1,79
989a73f20010c64d76b8e1ac8102c7cf24b66abb,230,4,0,234
31b71f7391fab8ff5f7a0feb90f285eb98911902,34,3,0,37
082ab634269a88aab174e85e00483caecd1b9aff,6,2,0,8
1980240feccc128ff18a58db86467a545d74ae41,579,23,2,602
f86f0ec3ec0bcfe220df2c68abadb76da2cf78cc,88,2,0,90
1e38a9b2528dcc95700bc9f61ae16fedfb866646,1,1,0,2
355387a72741c657960293dddebd1157f382ba3c,47,2,0,49
f83d012a20ff011d93a61092e46ed2321b50d395,75,2,0,77
90decd2a1facdc99a9de262670879c0d92c5b29d,17,2,0,19
d60dd6fd7924a5c883328c4464fa77e92cc36611,2925,18,0,2943
150f69676756af48449fad301de82e012497c15f,4,1,0,5
c2a91e96c72aad020435dfd986b6888c73a4d029,10,3,0,13
a5b437d7fe5adcdb4546b91af5f77b0252d2fd64,69,4,0,73
49423ebc3e5d323819f47bb5e7c86eebdeb8916b,28,2,0,30
71d768a5b283917aae2a351d1edda700718b8202,42,3,0,45
70d4ad3b8c94885d7ed75fdc4fb9a898e278626b,43,4,0,47
d9a11a936052a0825613bbc58330305a1a504b4f,319,9,0,328
2b1c6ea3f13a998ef5cd405189e3198e811226c4,7,1,0,8
4723c88a14ac6ec78406cfd0c1341126693743e0,24,1,0,25
9b430de184107c7eb1c2960cf6eb8e0d26f610f6,5,1,0,6
ae35ec337618266047da27003ce55b0445bd4722,8,2,0,10
ed534972989b1ad0f6c07d25743c4c3d42ea237b,346,6,1,352
18fd5481aa6de3d7075968bc4c981a9bcb3407dd,11,1,0,12
62a5983a18cc8c3cd8ef2226cfe5c6f274d32a0e,8,2,0,10
a43815352a75b4c401fde467e6b5c51d278eae4c,14,2,0,16
1e7c0537390f8630788db2006a5bafe359ef5a15,184,5,2,189
759b4c52d3da75cf08511be5fab9b236bfa6a7e3,1,1,0,2
eb893baa8beab4b2f8b80bb00e75092b9e77d34c,27,1,0,28
334dba5978ccd925417fb70ab36fc126760149db,12,3,1,15
13168e6689f195631dba1825e2c04582c7480b9b,8,2,0,10
a6d01aaf36270b571b3b1cd0d4454375972b1cfd,9,2,1,11
0f6571452fff5ea889b96cfdb885774f8af560b0,3,1,0,4
b7ffb06931acfa0711033e65050e56d11800a3f1,29,1,0,30
e7484fcda4eecaee26bc86cf84b2b0bc00a81403,10,2,0,12
16972757172b77ac97f838bae16233b17d5dd546,758,5,0,763
ae12ba31afc610c3927338d7380eec2d3e37aba6,14,2,1,16
7764465b123d2a56c96f9b170b42487392e2dd45,29,6,0,35
89eae217e864ee15c757a2c574a75b4c1f501a91,6,1,0,7
0ad9f258e03e8d982789aaff95d42d9652d4ab9b,21,2,0,23
bdc0c8ac99e3b4f2ed2a99fe3ad60c19d924a25e,1,1,0,2
3a12f3032666334cba931ab152b60b969c8f3541,19,1,0,20
24ca17b7df6e63833ebe6e008baacc0f63541275,32,1,0,33
b4b011dc6ac63008394fa5d2a090b00c1d3c36a5,2,1,0,3
7e0996603d2896bef9c74044047939978220d4d7,39,3,0,42
41f72723e502e8bdd05c255b5f157943095a473b,12,3,0,15
b4590c46955fcaec9ef12b066f2f0021d083f950,1,1,0,2
2c6f14aa0483488577501736db5543f822687706,75,4,0,79
afcf575d677e2133501804a77cc584561d348da8,9,1,0,10
d96a14913889292fd2b214d52c265cf4ed4bc5ae,22,2,0,24
a89cb1047059a3eb01a9f2b9f5caae4aee6835a1,120,7,0,127
31085cc03ee0595ab4ee05195bc477be3b6a2a88,56,6,0,62
835b82faf7c82b088236909aa021a0b34202b96a,107,8,0,115
c59632d8b0d4298bdcef46aa4edc13dc9c350720,119,5,0,124
99946e719aa7b0b244a0d17fae6a81623cfb9fdf,6,2,0,8
481eabb2ab5545ca4d51975bef2162b16229d676,916,1,0,917
ff8d9027d2a714cd53b246fbca3969b0b44efd6e,1,1,0,2
4c60b27c3acbdd976bf8901ef52019380bb3c334,11361,43,0,11404
8e6bfb45eaaa37ff8cfb2c6843da769efbe7f392,25,2,1,27
e32ccf35d727a47fc4b38039bf8adc86103c6352,236,15,0,251
8464971c7aab0734f96d0a5a11d842b8e595324a,223,2,1,225
0da08d1d726129f6b684c99b1af8802907475d8a,808,2,0,810
3d2d4b6f9804ecc5c157c1b4a3885ee01890884e,327,2,0,329
d393a5b52d345adc4da807065a25757572202075,119,5,0,124
434215668e9db51706230420f8ce2c1c268b2457,19,2,0,21
5e0aacf8a8f187702452d7cd2ee83b26c56dec90,34,3,0,37
b9c667ae1dfcbc6d80d4fc65f64572acee96ede6,2,1,0,3
02323e283c6cce12bb06bf5327420c2d2da5cbe2,29,2,0,31
7290200322174fa643625034af2a8c61737dad06,2,1,0,3
2b0e2a41cb7e0d7fc160d5c9193413ffe4d94f68,40,1,0,41
034fdc6735e075c89f727bb6bc6fddbc89b639c4,412,4,1,416
068c8946211823ac98fc7dbf8061da6e9a2712c3,6,1,0,7
59e15c03d6a405e07dec59fb6e7f0ad87150794f,2,1,0,3
cb8e4187029fdd7b892d84f23efd51acaed65f78,24,2,0,26
69bc353d3c047ad8ad29584ce9e3b6c84d7ace7e,34,1,0,35
00742ffdb4cc349ef3ee99dced9e08e2b5a404f6,139,2,0,141
300f7532342d1ea47b85d3b777a8797a3e2248d4,2684,58,5,2742
f2d51d95f3a803ee8afe5953765263a11fd5c162,3502,54,0,3556
f86bb858b8032408b542f15ccb8794df02224a33,4,1,0,5
41f9fd921d77f5112107ba76c8794213cf3af929,50,5,1,55
f8c11d15f4378523922c76a892a755a60e4a187b,9,2,0,11
e94d5c0fb66ee0954a74450002c5b81b8a7331a7,14,1,0,15
982cc0d17e6482844068dbb29ad5a11325a43446,22,1,0,23
215599cb39420a3564f8fcc7ac64a8da748aa526,30,1,0,31
ae1cb0527bc223b25761e1370618929e228183f8,152,4,1,156
9bc4dce9884ec4011f677560f708286968549374,88,7,0,95
d61cd99dbb5c63078b3e20e94183355e2c401d5f,73,2,1,75
04d34547a1453e16ea4cb306cfcfa0d79f22acfe,126,3,0,129
2fcfaa8c74cad5adf9adcdf76987e4ffbe5983c7,314,6,0,320
425abe302374522278e7e76d4c78b71ce5dcdd9d,2,1,0,3
8daf32563960b16db739e30c8dcd91d60f854917,8,1,0,9
69b866adca5ecac00b26dfd3573013eaae133102,81,4,0,85
61aeeaf10f340879337b6f19c5a9b3aaaa4eca9e,148,40,0,188
2cc10d0ba78362b3c4d351a6e3044b73dc5404eb,33,1,1,34
26808e3a07d43b2533785bd08ed9d47948f3e778,122,2,0,124
88a905caf2043d12a85462940c451b424d218dba,56,13,0,69
28a8be46835a0ef1808e6336f3e020ad06a5db46,36,4,0,40
5eeebeb0aaefa87ddcd6a06ff121ff2824d5d937,46,8,4,54
f604dffa380e4a6474284ec2ca857d7d89e33ed0,4,2,0,6
99c21c4edab8f588e57b95c27e957b8bb882560f,7,1,1,8
236bf3ad6f8300e61321f64bccc8a7540e02e59f,39,1,1,40
638e4c2f51177ab984dba611e33c7c39b80319ec,21,2,1,23
53f8fa167b7ef95495588940ae87cabd8a377321,35,2,0,37
3c5d1283b58fbb54057526bd85fd0b95c6a4da90,112,1,0,113
7941d37518a9393435680833c0828b13c77dd863,10,2,0,12
1a1fbc423bc2631000e0ecad2e792efc377a4fd5,4,1,0,5
4ef4e186946f7a0df7da6cd3d0718e60a4975d62,2,1,0,3
062b90a5d0c47345963bea00a4d69316276327b1,29,3,0,32
584b1d94e22adc7b915c77d8ca71b0b2ed0ea7c2,11,1,0,12
14d13de06d312ba92bfa42a239af80354ee03866,99,10,1,109
de659a5ed882ffca37626b5f6d5e5f0f014a2e01,6,1,0,7
e49fb47de88897427b915ffec3f8936deebb5dc6,2,1,0,3
7b7625db10eb6b0c49d58375b09d0dead9f4912d,3,2,0,5
68e0b3813f77b3004859eda21506da90ac600fa3,16,1,0,17
57bf5be7efdce9bca0fd859f0d02b67d392e54e9,2,1,0,3
9b4a1bf72b46159f18bd11988bf7a448827f2b76,37,2,1,39
92cebe59da573ee0ededd9c69055834d5a7e4fff,83,5,2,88
3bbcf0969749bfcfc3cb0a58a3af295a44959bd8,117,3,1,120
e43585805215f14e254f35d4d61bdb1addff95d1,5,1,0,6
2ef835915aafb1ab72fc5e61248d13e39bdca355,6,1,1,7
045a921e6f210504d858578313368376bbf957d8,3,1,0,4
81dbf25d2ae31fcff9940afe9d68804f44cee62b,9,3,2,12
90735979aaf4b2f58fa34ed0ab1aeccc37cb56bd,1,1,0,2
7486ce15af10634a9bef344305cd0a490276e57b,6,1,0,7
b1e06919fada4240f5440430f2c27c02e4e5626a,39,1,0,40
93e6e0bfccac061135d3fd0dd3a1a198dcf89dcb,8,2,1,10
12ab0e5e3199adb195be332d6cf64200c24a1844,7,2,0,9
684f484577607a37f0fd44d408db4a08748b2806,385,11,1,396
5f3f28916793cf05b3a9c0e3195a42645e298fea,70,1,1,71
fe2fffe083d3d38ebacaf9043eddc9fd353e0d26,30,1,0,31
940a8b7d369015faf0f923ec5b58dc664ea66362,233,8,1,241
e763b3bf3e8a26a2e2134bc615aac1bff59cd82d,1468,14,1,1482
65e1d364583ac8fb822aa00ebee5b7cfcd842fed,20,1,0,21
42bcf4206ab27952311dd246d9e3778aa8dc2836,3376,21,2,3397
7e045728e08b8642731ab6ebd29189305ede7567,946,1,0,947
7ccfdf705d3fd79590ec5d9fb7ba0b48e285ed84,2,1,0,3
5bc99f9aa3c575716d102ec41356d57bc5195843,4,1,0,5
f689e26e51dabe4dc0aae0fdabdfd4255cbb8811,10,1,0,11
42be8396c3f9e211e9cb2360977377d64b1c4931,323,9,0,332
019df1f6bc4875bd8592d2cb77164b1c9756ac1c,22,1,0,23
0589e27e7bb84ec81e1438bcbf3f2fd80ee5a963,3578,62,6,3640
fe11b32e8c70a0ad8d1d206638bf3199a1042261,37,1,0,38
8774f80732927eaa62709ea0f790fb165847a389,25,2,1,27
9d90ccca69b608c8419d34b163a254e4fa3f9f72,1491,15,2,1506
7420f2df7590efa89f135d330de5973d2d4ad212,4,1,0,5
20fd2a9c8c3ac521a9b0026d9973e458af4e9e2c,29,1,0,30
e42a8c5c1689ffec6e7ea8df5a8f21d61e04e2ef,77,5,1,82
cbe68d227e9ea05b8bfc02527e7409d7cfb28358,4,1,0,5
e9caebcfa3ca2af272f3d396363052dc27f3945c,643,31,3,674
5bb38c89ae67f95858547f73d0e833ef91b3d6ee,54,7,0,61
304842a3fcde5debb336557b38ea1a9989fe768d,17,1,0,18
82fc4ba258d1c212533d11e9c700864e36ae2f87,1,1,0,2
af3caf00af1c6707928b1ba5b0aa783e220f57d6,12,1,0,13
584ed48a096a0ac6976b2ed2720cfd4fa4a419c4,12,2,0,14
4ef14956a6af99521147fc7e58a600dc769de830,2,1,0,3
d9a20138855f8b3b58f5dbe90bb49427a10157ae,4,1,0,5
5900f0d5f0ab616eb2c7de110a91a8df05bc880a,1,1,0,2
0ab026e07b7c852454dd2b9a281f81249cf3d52f,56,3,1,59
db691db998b2d4cb9e5f258d69a69d5a640e179a,6,1,0,7
9413323ed13909810d55851eda19d599e731100a,437,13,2,450
b8600a63011fa06ee07013c06ce1eebb0a1be55d,9,1,0,10
72f62c4c361db154f085570a91c1c9cb02a83ac3,8,1,0,9
859d175a50a4acd8c8510f27356bed52c33997e5,22,1,0,23
ec2b54a4efcfb838ddf9c37891a9c88fdac99915,67,4,2,71
b579a641426e50a073932dea805094fba6f000fc,809,4,2,813
12459bf517ff820400f9b3a28e47bc56288940b8,42,2,1,44
896e19edb3b0f46f9b1a71972f72e9a0f1a7d15a,5,1,0,6
0f5f9cb5bb4241d163d41c188048589bb4748ce4,164,2,0,166
99f01f7fa059689215334d9e60e086bfc3a3bfd9,29,2,0,31
d954687e0f552e3904f019bf078360e47e5dbdd7,12,1,0,13
1ae4f03382a4412722b481a8ca2b40c8809948e7,197,31,0,228
0d5914af17a17d6bbe3d616a6e98ae938c9283e6,30,2,0,32
5853dd244f6e23701ac2d79696036a203b431e06,2,1,0,3
9b55f586051186a5ae1925757b9dacff90977091,24,2,0,26
632947856f9195b9e74984facd584f0a41646c7c,221,4,4,225
090a40a9fc944c58734cee3a294074b117a694f0,70,2,0,72
d053e5b3338565eb0b3e8fe505e2363d09dbd926,48,2,0,50
7805dd8c92aa1d8c3a3a36f5ac7a9ab68e40df7a,26,3,0,29
90e8b80b560c6681f20ed00a913402f37f6e53ee,224,5,0,229
fe8b226f02cb7f2ae0b5d2cfdce118f7105fe879,2723,24,15,2747
05f2935536fd5f90b8b096d972d7c567fb61af0f,103,1,0,104
82c765042181c56b330ab69650d717442f313288,104,1,1,105
03cdbe3134f3560d9b1470b82d57b1176beb5e83,2,1,0,3
cbe2ef4f951f6a448daa0fe3c64b307a81a00c67,41,1,0,42
bd3b05316ff674e864d0af958537884169fda771,2,1,1,3
09b75c86c8665730885f93282a690ffd22cd7e1a,72,2,1,74
ddce5fe0b86692c48876d7598782ea1ad7df0027,3,1,0,4
bc8e190f90b345f9772b81a21761e2ff656a2036,1,1,0,2
d55058b05d41ef212ec556b2ce762ccc66e407cb,379,6,0,385
eb88b0b9e7b711c1a2003fe4a91164976fc61fcd,12,1,0,13
6418d770b23ddf877a7117fffe5d61ddb2d846b0,13,1,0,14
0548a796f554c54caac1e80fe424582267122c2b,6,1,0,7
4fd85f773808095a72c305a73d3e36e6f17e7514,3,1,0,4
5e75145ac84bf6fb844b90f3a466bca89a6fde9a,411,8,0,419
7976f5b9ec3075683849aaf64d34c77adc016ee1,126,2,0,128
6fd41fa3c58d58558b94d55ec244a4e393df055a,72,4,0,76
5144050f990988e99ad0901ba4513467dc4bf119,12,2,1,14
7ada5db9e7bfe9c50dc2f7854022bae5fbf14c53,14,3,1,17
99b90effdfe3c4b93b1753ba00b01a8b48a00355,19,3,0,22
ac1e73c5053c3c764cd3e82047368b1988d9d911,118,2,1,120
32840e656d091b984f4c5ece655bc5af6be5c0ae,2,1,0,3
88637eaa4eee286689a57cb0053c58f0ef297bfe,2,1,1,3
8d3482aeb8f21afc1d149fd1f0ffbd0b2ec77114,259,17,8,276
c437a1918045a744ec8430a15fa847999399539f,72,13,0,85
2a4d3699a207efa5af3004e12fb26660d7ecbb64,16,1,0,17
97dfb898666ea186d9bb5fbe85dae4c1aa15bf25,57,5,0,62
47a106ab9840555f85416cc08e17ee092b5cecdf,4,1,0,5
5da963e9832644a81fc46730b69fca50f8b5ccc7,2,1,0,3
ff7c8d2ac9dca52d58059a19e68fd57e4ee98cef,2,1,0,3
8e1501a0d054e43fb1022769273da1cedfda0935,2,1,0,3
897a6398d1ae3b532738f8c5943291b14fdcdd53,25,2,1,27
8bb37c2c2ec0453e9725917886918df5431d50cd,186,4,0,190
a26bd2d76a50b8911ed39e99054d71a641cce8c9,94,3,0,97
336df5617b3a2ca43a8fe7b600508d8e8b0b9a25,35,4,4,39
f35d5de7d61810fc6e70edd9dc779d7b498a4978,1293,26,2,1319
b13cc38dc7207ae927ee5f92cf9be1c1afe20000,12,2,0,14
467e39f3776d95d4123c742fb3acf9d9aa7e6bad,6,1,1,7
df320481be2eaa9937a1293f2e48d3fa173e11d8,7,2,0,9
bab985461c507f276e648f335997acc340416f56,27,3,0,30
d294a765a2ebefdcf046e8706719517be4ea698a,189,4,1,193
fb4c778b9e841004d0d884566b670826c6ff29dc,5,3,0,8
91604c878fbf8f1ea5b49d85912b66bbcc50c027,17,2,0,19
b9fa42dda13b66fb65e01237a6f86eea5dcdc5b5,58,1,0,59
281e326d1cd8e9dbf71152ceb390bd5c6ee7b4de,4,1,0,5
e4d488b3a039f9565426156a3ec666799f0ade44,22,4,0,26
95c56f0647f412315cc10a5a4dcb563a81b19dcd,150,3,0,153
296a448e1cb54c45daeee1e9d7213cc1f382112c,16,1,0,17
252055571bfb444696ddae86b3a4dac24fa16ddf,22,2,0,24
6ef2a08c7f188dba579a4ec3d3c2db38f58263ca,35,2,0,37
80e09eb0db2415b55b4bc5486d3be457ef1016c3,9,1,0,10
77778e35ed563f8e3a71a9c647838ec951e8789a,1,1,0,2
e6b32c0f244b7c68e243f9076291c341ee2a1eb5,1158,4,0,1162
616301ae4762264a33623b3005a4397db23b215b,6,1,0,7
ebd5e1e9b6fa763859e378d1c4ad79f80a19b432,93,4,1,97
89386342fdf0c94fc5f12da1a6320b97e89610af,10,2,0,12
79ace932a9d7de247f7cb0f932cd146d459e617b,19,2,0,21
142597bcf0558ede33f64d265f21730127ff496b,258,8,0,266
b41997850990c8ed99bb8d3d67c9a64371da7b84,61,2,0,63
0e1964877654c56c72473ad07dac1de6f9646816,24,4,0,28
44b395f90dae05046d3dbf7a63ee5eff857328f8,16,3,0,19
ce97b53431b1b372475ebfbb330ce147f37bfef2,148,2,0,150
a716308ce07cc09106048464f5f76711f9b31dfb,10,1,0,11
df1c654e005fdc45b871c6bf9ab5c36e30670b50,11,2,0,13
152147122b9797baef20a382eb880eadcf7cdc0f,87,2,0,89
2a3cfafee40dbb373d5ed98867df5fa0515867bc,7,2,0,9
f0cf85f09b960e49faa1627c959d3a8b11595ccc,4,2,0,6
5d2ce181d226ee16d40fb263cc527dce5dbbc4af,78,7,0,85
9f22db91c279b7daf6a13b2d805a874074b070fd,52,3,1,55
0cb0f36baf3f46377f680b00a36b08acd40ce246,26,2,0,28
cf131c868072d575a693a09b79d67fb324fbe1bc,130,4,1,134
45e80fd603665ab76b53242cded4f2c7ca7495c6,20,2,0,22
1ec6e1265338976d2bb928a8450de5fd8cd0f56d,45,6,2,51
623b4ace9e5c8f1667bd34c21b944b9d4636a2bd,2,1,0,3
f2c865aaacb3788286de076246695a35fff277f8,2,1,0,3
a2cd4ae4e17024501bb0654e71747a07ff68600d,30,1,0,31
d0fc54bc782c9cc6bc9a5dda2d8ca92b46cc66c7,2,1,0,3
dc8c4dbf13e537ce624d8cddb8879dc2ed210b9f,10,1,0,11
970b8117a48a31a9375bf7f76142117fd9b3bd86,277,5,1,282
f9a8a6f6e8e9959b5bed0a69723b934a25b7f261,2,1,0,3
a47ff95ed97cfdc52baeb22aa923d784e82afbe4,2,1,0,3
dcf2c7a2c86eef9411ccdf5d50b9851b89dd98b0,113,7,0,120
36e5f6b08c8e8d61671a998415c6313e06148845,12,2,0,14
dcee15afc3e2907b11991217d61967f2dbb3dfdf,11,1,0,12
e669895d9d3d9e02ea97151f45fd4bd745cfcc80,35,2,1,37
cceeaef2a4994ee5b40e8c2606ec7c81e7553d37,46,6,0,52
2463731ede1698a8235cb03edb30c5e39d4f7402,151,6,3,157
1b5c3a3f37c36f62a049cb3bdf2228d320e250d4,3,1,0,4
287ffd50e2f061d5fdbe42e37c8857a79420fa80,1969,17,6,1986
37b6b02d1a9d988f8bbd7124e108f71bfbd23a7d,2,1,0,3
7f6dc862449e4ae770f850fd3b6fee88180d923f,8,2,0,10
00e6aed0c7bc514bc270703b188b841b6835defd,27,2,1,29
f43d27f0bd9f841d71450ae303dc6f9f671bae0a,44,4,0,48
4a9377db9446587aa6f76c10e581493b808dd503,89,1,0,90
632815c3582a5e91e9fdc8ee3c0473a0d87c268e,143,4,1,147
1972a58620b16bc4ec54191fb8660cf274647bd8,70,6,0,76
0828e6fb181a09ec0c1a2caa3cae33608962c81d,7,1,0,8
641863d5631598fb279ddc39ce490a98f8bc6026,45,1,0,46
fd7aa10e0c37b64dc70ce89b44d154a7463e1d05,47,2,0,49
a105a21a93145e0dfe0c91466d6a3700b83bd9c6,506,14,1,520
1f736647989952679957c8a7bd26b156d795fd7c,2,1,0,3
89a1c53f247688c1f521f8c2a8622a8484cb23cf,141,4,1,145
29dc3da1e12fd7e035c1878431720410131c0b0a,15,1,0,16
4a51028e9ef9dfaee76a85eb2f6c862afa5deac7,4,2,0,6
405cb44cf1b13d0fe6b8d4a64d28bf0faf7606d4,11,1,0,12
621c5be2d138a1771f53d0a21553880c48351ee0,48,8,1,56
e3315b2d201d07d6f573237261e58bf89a51a391,25,2,0,27
9d40013a994ca65f99831a416fb235d15ee17fdb,94,3,1,97
0aea2416dc60fb6e2e181ee1c593d9d2c575bcb7,89,7,1,96
5d9083ed3aeef18b12c25dfcf23a41064b98fd8f,80,3,0,83
3ac44b11e0d5f499d8f44936c96bfa70e231c24e,64,2,0,66
f76ac8807eaf3a0875d859e4ef896b770b4df01a,161,1,0,162
58189ec89c2c2ce83ccc0a1ba3b5c5372bc5cded,15,2,0,17
829cabb70c418c7ca26aad7a08929dbd8e7e4f86,2,1,0,3
c7f9ed3073468df3726d262155cf286b34d15fc4,32,2,0,34
a3c7f985feb2a1b0e4bed5721c122b0fe3e41041,17,2,0,19
998c8f35e894335ae757867982401e4ba4118d00,117,4,1,121
15641d0981395a0b52b1d05de7a81e6261dedd2d,2,1,0,3
78e2e912b6f9014e9a83c929cde339dcb8459bdc,3,1,0,4
444ec6ded23ffa0a502b6cca1f84a20340af565c,3,1,0,4
f5f127b684608c8c06ed6e9dec7cbcbd2146da0a,39,1,0,40
c1e63f4da20c589d0aae99f678900ed738077f68,50,1,0,51
7083ff8d321ccd1e402935b67f69b377c5bcee3b,10,2,0,12
174244e20188406b307b8e4503444a6a00f164b1,35,1,0,36
4a466d060598fec9e21fb1d77eea2825b73c70f4,8,1,0,9
8d18703e3b76b2c8d2d0cf6efab7644940849e7e,308,3,0,311
062c2a47ccced40297e06dffe6c68c1815c29afe,4,1,0,5
c91ec2be69094b2ce413e69188b60396c6e3884c,4,1,0,5
7b345a91b966e8652bab52e4ebe71c2d4319525b,57,5,0,62
9e8d7eb90c4eaddb58ad7a0735aa831b62a1eb80,17,2,0,19
1135fb61d24e4a7baa82d1442e683eecb5de33d2,162,5,0,167
20b72758b4d1a66801a0ab06fb1a7833af2a44ee,4,1,0,5
e7d41c34973d0370f41f213d6d75001682f80786,40,7,0,47
53a28a3a915310f87990e705c78637d29c17683e,1269,15,0,1284
d4085468d09a869ff42fa92e053c3bce49829a36,92,7,2,99
c87fa53a3added61f82bae7000122318e34a2676,193,11,0,204
e7882b6db4752392329d5c26c5921fe7376f5b20,13,2,0,15
6ae578cadf92b20f629a5888f7381da3eaa881c5,16,1,0,17
c23aa88717488788d88305f34a36ee9cddc90152,2,1,0,3
8a71172481299d1c28d8acfed776f6f8369c1ea2,2,2,0,4
79a53129e887ac749c5d165b318207c9d8ddbe12,7,2,1,9
85c5252006d2d4db47ff4404cf72a1b23a47ec01,7,1,0,8
61b7162fb850c682d8f3f6467816cc17a95f65f9,133,13,4,146
d5b46987f0e513bbaa20c681be01df8a32ae2674,5,1,0,6
b62e2e01bbdca87ab68a68ffae5e228217da5679,239,10,0,249
32e86d02d8ea8fdc66a2c1a39bf5cc2317922556,2,1,0,3
2e6f14702f6fb1b7fe76fd2e07c11f512741968e,32,3,1,35
5381883ff5dc50c9ccb3fe3593496b59853bad8f,7,2,0,9
495be1ede1c0f5fc949275153dcaa1c6de5ddcdd,17,1,0,18
241fd0344da3f6fbda7ba8d0976a85a51e3c33e9,783,10,1,793
f9830a7d64921c1f67aeb6ee179b574769e0a6f9,74,2,1,76
540ceb87d86a5751a5a93d3c050ecec36382e91f,53,4,0,57
b55231464199f4fd5598970ab2f746f0d254c0b4,166,21,0,187
35fa9d287fd7535dc9fed9ca8cc84e7851b045b5,33,1,0,34
902892a97723b0c4deb4ef832588067a0faa9d74,8,1,0,9
2173b4013aa1a1403eb1c44fc3d39b40f50b5424,458,6,0,464
45cc8a9e8a23a57271dec384245d0012a0e5e608,3938,15,1,3953
e5922b6bbaecacdfdcd279c4ff1f181c482210ca,23,3,0,26
861f1d88fe2ea105df6892abef14142327c49f6f,151,3,0,154
5fd4ffc56658884b8f671ca40b1f78b8354f1f69,18,2,0,20
74c0408d30927b11c99a8e134284be4156b19f8a,2,1,0,3
8d03920b9bec86dd8e2fc343d32749a08f501362,99,7,2,106
775607f103d1e5f6c6e209b687f11bdc038c3e71,26,2,0,28
4d398ef2a6471614cebd6b0177a08333114f5802,1194,71,7,1265
be20201236758dbba256f6480c5c2f8b91a86ae9,86,3,0,89
f32651e519a27d755cdbed5f008d6d5f242695a2,3,1,0,4
33663941c5ca544b0922d7093c8a118d8c3fce3f,4,1,0,5
a7ffc1291885cc555ed84bd71f455ebcb2e9dd62,77,4,1,81
c706d453e06a2f8c71fcd61d7e4dddc87cafc0f4,90,4,0,94
4d6485737cf72bc156c65c419b8e6e6cc907f3ea,91,2,0,93
c3fbb1ef664e7a54a8bc52eee435b91be8a6e16d,8,1,0,9
4b1b521fc34fd3c841e38ab591af0bc7df21a64e,68,2,0,70
7b585c7399f29492c308f83e342cac29b0c7ca07,951,29,4,980
722ed823193ed49d4e42ef17be2241cf6d48cd97,6,1,0,7
13aabe3e486f7f7b2822a44d3fea1bebc2589cb8,267,15,12,282
19b0f30f8df5e65e11d1384d588ee62538930b23,11243,82,0,11325
8dd1fb184579621133f3212b07b074ee42271bb7,2,1,1,3
652911abe457d48a540be4a3de2dad824691dfb1,7,1,0,8
7a0cb6c7a66e2f2b6b882d1a800e6daa05fc4f8c,22,1,0,23
09e8f7f0cd84efd9c67fff44119f7953881d91ab,17,4,0,21
5124e62a176580b9b721ebeb25274f37a80e638c,80,8,0,88
dad440dd16a3b67c11c8d2aec5a793ea7ec7defc,4,1,0,5
2f90114055e4f5af0f6d051d0ce1da1c6204bd97,64,2,1,66
96de73049fb34877bc6049891f34d835e220a013,6,1,0,7
da793f37228c80a21be2a2b6cc891c9704cf0819,29,2,1,31
bc1b4be8cf8fb6fd550f1dbeb8bf5af6cf87e657,33,4,0,37
a3c78a4f49653ee66b0316c694bf57bf1c38a53b,14,2,0,16
6eecdecb5d590fba5c5b0216da4bcd2e8b22d933,52,2,0,54
5cd806dc3290cbcdcfb7db4f160e32077cf2e522,156,6,1,162
0f1701da8bb98678ae8e486796b2c1e650125106,24,2,0,26
c8cd1cf5065605269cf83ebc8fe7b265337e34a2,645,9,0,654
8744032563718dfe9aac0c9b968254fcdca7b004,14,2,0,16
ec84613657f6494e8a265ee3713a6ef1751115c6,2,1,0,3
925d09cef54e3056ae10ec0e547f46097e639158,160,2,0,162
bba0a7b47f95f35efd692d78cd4a5c3bd0c6b071,163,12,0,175
5c3291c71a8c3986f962fa3205577be109db9165,374,8,0,382
a593a8b3506efcb60063e1fcee189fcef9e61d6f,73,6,0,79
d82f42def4bfd659155ff66ce1d087e3c076a501,3,1,0,4
2c504c44d9f87f383f23fad4075aeabcfec20585,167,9,2,176
129741c2f668a123f3d5b8db5da4b4f600a61e93,3,1,0,4
1ff5453210c3a7409b1eeaf99628ead86bde3a1b,33,1,0,34
55cb6b894b1a62e4e941e63abaad834d15ca733e,59,8,0,67
6c4ccf331e7e5aa3f17cef40d340c29930887413,14,2,0,16
2a06292c1fcc64ea4e503a29212a179f93699b07,2,1,0,3
73ae291b0553789fbf00980aa8f283d8570e9e1b,16,2,1,18
e4f399f1b021d763271eb436410d179719e5ac03,10,3,0,13
82c92d110ccbdd986c58e5600a62f7cd44aedfb1,9,1,0,10
62aec9fbdc3921f319b9901b7f7bd9c4c9e0f4fc,18,3,0,21
08a9814033e216eb2d340c49d171f3b66c19eb61,110,4,0,114
92e3abc9d4a6a95da8440c6a4985234190741aae,4,1,0,5
a231cf5ddc17ea8a849315be6e0c2e6c0e08b7fc,14,1,0,15
bb72b3dea818fdeb3069e497db838d9dbcfd060d,29,2,0,31
6db9929dd3caf957e41344b2cbc65eb515fde615,17,2,1,19
ae05740b1852a4251b66b9559486b62a85af5dd9,6,1,0,7
8e96d8bd7b6e1a01df004800c526d316725a2b62,8,2,0,10
d9c4a5f0b6c3355753b50f466199cbe551cbd89a,87,25,10,112
e902801773c5b955be841d8275ea50def4082ae9,238,8,0,246
fb80bf7dd9cfe6ca5ff649d249a09c03f09ca166,9,1,0,10
15ecbb49db17f3938ca0b4d584193354ff243429,15,2,0,17
246c3d0264c9ed8b10ce47f4ea3599d2aebbdc47,2,1,0,3
28ef8aa90865a77b5aade4700bb945e6c0de9c3e,40,1,0,41
e5e3a88cd434880af6319392a61ef0571f8319d6,5,1,0,6
4668da159fbd2b2243fbb3fedd55f2dc42beb64d,1003,8,0,1011
8194a5e0af0e1b926b27ea9e0d12bdf9d0e43b4b,15,2,0,17
8056bc9b6298634464e0a1ab6b74040acac0584c,602,2,0,604
ed2422a0961fe2c9671b70ab81707c200b969ab0,21,7,0,28
5fde8c21d67ccba2d939387777bf9a7d28920838,29,1,0,30
95980c7ac0d3b53bb3068bfed630b5afd61cadaa,6,2,0,8
d37684403af045b343b1008977bcf6deef06e1d5,16,1,0,17
e857070f3bd71f1a9e0413b8c0eaebba1f6f7772,4,2,0,6
d92d14aae8678bba8b01d19abc8bbf875585e0ea,1,1,0,2
164db0794fea1cf289068de71af2b62ae6811cfd,13,2,0,15
56cee76a7468d6a6f90fb3c2e4f6c0028dcd91ab,12,2,0,14
2afa9cbd53382f1b841993b6c859ec62399b7a22,260,2,0,262
07a5b15d1677e157a253a195c99f6a7926c2532a,19,1,0,20
fcd3aa75cd411aceb235bea23f8d2968976db6a7,264,6,0,270
9cf09cce87d529f086c3560db230b6bfac9042d0,17,2,0,19
2f03469bce6191fc39b2e9021223ecbb3df84cfc,14,2,1,16
05af3bf4b7f68c8434a8d1cb576fb6f4571551ab,11,2,0,13
c7c9aa1ccb14b8394cc01d91976f6ba61458f378,77,3,1,80
bed82eb4bdf20db5c894444ccaed8a8631846997,1143,25,0,1168
c3b7087463822a2ed96d377413f47370391e17c1,8,3,0,11
f12bc26bb7dc2011181350cf6ac39fc5f316e949,12,2,0,14
4beeae84413c4dca01674f3f2f991a7fc08c0097,25,1,0,26
a1c5e99a55fcfd60ab887a165b0b91d1d5badf35,12,1,0,13
9af85d8ccff184891c42302ba63239189ae663ab,4,2,0,6
336d86cddb7101b1afc87e3c6301cecfab2f3bf0,92,3,0,95
5deb53f97847493c4fbb8beb827ce78c99b91b2f,59,3,0,62
018ab3ac1b5728f2de1b589dcc16de92a67ada7c,131,3,0,134
11600565975fbc8791e41b3febece6585860a07e,228,4,0,232
1a3ae426579a58267ad06d4cb33afb29ac822725,77,4,0,81
be9c1e84d73ba4ebaf0b9463193aef61cc0cd9f1,108,5,0,113
21e702c657d0dc84a8cdf52b34084d11452a5def,7,4,0,11
c70f29b2c065bcc8b818840e80e40d3c979c6877,324,3,0,327
cc0839efdec69173831ea72358a4829c5b8ba658,4,1,0,5
ecb688f45397be8c2e879663908b95c8a35964ec,119,7,0,126
87480056a0b10effaf5556d000f8d0c5186848d0,135,6,1,141
88c5c3ccd9e346d48637d3c63c8dff5ba53c8d8e,13,2,0,15
e3ba23a9aa4909c7a8d3231e4d363771e0245b53,78,3,0,81
e49baf79af53cded1c8935ce970d60a627a746cc,12,3,0,15
9608f49601c6590127edd21fabacc2aa8f6bdfae,16,2,0,18
c61e08de1f4c2686963d7d216207783a4369a5bd,276,5,0,281
8fbcc454377dad67f47e6160c02c4375ae9e6cf5,5,2,0,7
524d5f2a3994b88d073f79c0d1ead0f23b0786ff,660,8,2,668
c73899420c93454ff689aa3c5c8e4c80df1c10ce,127,4,1,131
70a3629d00fe9820730efaa023377e93fce84a49,18,6,0,24
3219218620e795769e6f65287f134b6a43e9c010,47,6,0,53
f10b71cc1543f1815b5d26762fdd7ae311203eaa,18,3,0,21
169fb742fd7f24ed987a7d85cf473e49f8d02f4b,92,2,0,94
dc71877f720b17934af64c2263a34d0a0536b048,25,1,0,26
7213f8f954259d1ee7ef525ef2e02373a6bda9b5,2,1,0,3
32d8afafffa98838376f427d533b0a0368020aad,5,2,0,7
427d9d494d286ef7161224b7c0a23bd2066591ce,5,2,1,7
b4238b997433a39202c48aa679f624e0e30a6858,125,7,1,132
c8e2d9fa38bb06e48179e5c9972fdda0c3b81e67,0,0,0,0
43926485cd022871374ab0421a1fec75492e9526,952,24,0,976
380cfbfe3cdef7e9281ad39b0b7e2cd3b161f72b,48,2,0,50
b027079758c86ab9abe407c42e1968c6646288e6,14,2,0,16
e20f68be8d874701bc9fbd0fadc3fa0699d3d2ca,71,3,0,74
00243ea430ece6fcf6d3d7b73f4b7605100aace2,1655,27,1,1682
bbc0bdabd5ea485a985b1a03e31fa7828726a476,3,1,0,4
c90a3c2e51f1f1853c179b42ce4b241c518d31e3,149,7,1,156
3183a596750ee81440ce785d73d9b9d5b0b8873a,542,7,0,549
79e8e76c495f9bb3f511868bcd72236c36e48d8f,3,2,0,5
a5ca2e5185012d336ae794ce51935c80f9540d68,26,1,0,27
1b589da5944f6106f292b718cf99c61c879887c5,158,10,1,168
73372309529d4d3ac82abcafb2d5e69d1adb4ebd,72,1,0,73
4b6d3e5574fceaaafe0ddd3b9e2494326ecb0023,1912,75,0,1987
d3d6340bd783e022b6669e4c9614fd008d50346f,21,2,0,23
dd6308e4fd5f30ed488585cbcd32bdcd4c493c15,172,4,0,176
a39ce0141006d5762058b6f7d0cf1ba349d869ac,52,2,0,54
341883d9ed92a4079cb486d2b6b2b1d0c40f1575,200,5,0,205
c016062edf42882860d4d51ee5b4b53aa7443621,95,5,0,100
e3590e79568075505094c1aa7da4b4fec1dc6689,49,2,0,51
e4022ab9f13cf204debd74b4f0395b4d145adea9,2,1,0,3
c59f77dcee3a88d3deef14caab414918c8687481,99,7,0,106
a9ea68cf10bb8b65c8e118fd9c119302f56654df,41,7,0,48
4eea33ad57addcab42ce8fd88df19624be729063,2,1,0,3
19eb80a243b350952fefd3fb2f644e3ca1d12446,9,3,0,12
f04ddfbe71f95ef02938f9508ee84ed01f1992a7,528,8,1,536
4b8f9984759ccd29843cf77f27efc4ff082732da,19,2,0,21
1c23f2138834bba3a08b365c59d861687c289589,334,36,0,370
e500373cfb85149ab6af136fcc0197ed4c92f795,6,1,0,7
968bda80031abfd2b980ed8f2dd257530c0643be,107,4,1,111
effc28a1f15d3b714b3b9013c524fbb798282cb9,12,2,0,14
1d93d3db81c8ea32f5557b30acf34a13ec352d64,30,2,0,32
b5e039fe1b0428818865035531334f54b9f5e77b,4,1,0,5
62d9539012031d2d6447837f8344c0540c92b7e0,39,4,0,43
f3f24f3000274260ab413d65f15915b6050e8bd1,14,1,0,15
f36b1a1577ccd7dce438cf834985c9d72abca1e3,1272,72,10,1344
0443b001fd73a72e481f068f0aab804fc30880a0,33,2,0,35
fdbfff2090accb032949551348ff4ca29e8de73b,358,2,0,360
2842251b77b48a66a022d84b2d43f0455e6a9419,893,1,0,894
155a55b5609b9cdab9369b35b97218623dc1de8e,1542,52,7,1594
c3e908e613eceeff5f3d7b85466ca734d3a42846,10,3,0,13
e1f0a3205eb5aede0b2d80c9d3de59b3f47b699c,259,5,0,264
86bc9332e085741d154e9831438d9f4dec920daa,93,10,0,103
96d78ee57b5340b2441a1b8fd866d327d998913b,135,5,1,140
1ff8c1475eebf67fbc2a6a9b0a09c3ac273bc4e5,26,1,0,27
33eb08be765b08ced3b750290c9d7cd155ef60ff,2,1,0,3
ad3138385350e62e7a612f2237519441e1adbf84,2,1,0,3
985b86e4d2754d3c73422e5c722c8a5e62bc1b40,25,4,0,29
278f7185e184ed3721cc1a807c9dd0bd0971ef81,73,3,1,76
3f9ef6e6272612f0e15f33459c345392dcab7c56,5,2,0,7
db7fbf2768fcdd7af02073ff446f7ae3dbdaf4f8,8,1,0,9
a7dd914b5e10055ba0dc50ce28cf32bd97438ad1,8,1,0,9
d5b8a43c7cf19432b0a7d9c8a9029546de333360,251,10,0,261
3c737ef36968ef4f1551e13a2673d531d45a89bf,15,3,0,18
ebb6591d84881a1c0408bbaf27073dedb387c411,36,4,0,40
6bd6c70881e8515a5b0679e5a8d6c235cfb1adf6,439,71,0,510
3a57fc2933eef0bcbec1679f06acc3c659d62dff,121,2,0,123
709c5a70a8f37277c9eea0a1c0c9195b5eb21a74,4,1,0,5
87705a93244d24448cbd147f63263900241b4b2b,5,1,0,6
3dd25c24e42538dfc0bfb2d7967c6a928624daea,214,6,1,220
05870a96cddd2b1beb7cc35ce15b133e754bad98,8,3,0,11
d07a33326c85b36fcccf2835f7c63fe4ead15b3c,10,2,0,12
5ae54ad516773e4a7d55efd61a27f2dded1601a3,98,3,0,101
e1f20ddda2d9795b28cfd61e9e03a86b398da9e3,720,12,5,732
1b9c46dcfd2bec6e0c1a2d4f1aa41d2834d23c77,65,3,0,68
ca40e49aa22048b4011a1198e4aa0fe6cfb1dad8,374,3,0,377
eea8475cf8f28082572a1194668a8c531151b4f0,5,1,0,6
54d746f2c86bc296fe11bcac240b0eeb8dc9321e,14,1,0,15
c5109ba8a0f8d131e40f278aae30b1d16a559ec1,34,1,0,35
f2c2941cf1dd2311a0a0b87bf5573a5d66b56d67,4,1,0,5
90b3be5b6b9c9b1664a8feafff578c7f57216059,1241,21,0,1262
9367f87b399f39be5e8ab0060125be14678f523f,11,1,0,12
2e590080893e427cc64c4c1acc228b80c8705fcd,39,1,0,40
49af089d5813b5b30dd988d976352eaae393352c,5,1,0,6
c66f90917955482e15db834566c242208dd361ba,523,14,1,537
780f0ebb43025c2652e5bbbe1b75fb598035f5b6,145,6,0,151
7ca5a12b1f6d4848fd3064fc23892a1761b3ca01,74,2,0,76
52f2ddfe49d3cffe6067fcf3262f3603c3965f18,23,1,0,24
6af3f17f33a72c0e46f186016570ecba8004980f,666,8,0,674
f238ca0e3fb9153c44acd2d925a8eb29c5dbd5ec,54,5,0,59
89e2e0246c79b84d9cce73ac88727c29e37439f3,8,1,0,9
f1c48e87ee32888c2054d64dc50a883e8b4c78f6,1,1,0,2
6222ce264fd5a923ebcd91f371b77a765e333fd3,26,3,1,29
7f2f67bcb795bb9df7545584807c65e58cb9f941,3,1,0,4
71d130521605cb7dcdb80fb18748ffcd87294ed5,2,1,0,3
340b326d47f3e07b7d98c2760b41c10424bfbb30,108,6,0,114
73426b4ef410db67020ead7e6e6421ec71bed5c2,63,2,0,65
724cc48ed7ffe4e2e961f1dfd9a38bec1a74d113,88,1,0,89
ab037dbd2dbf6b57eb67a0c8d95b9fbfb7f8cbc0,9,1,0,10
478b842c42ac18553d48d2e6b180324c61de8bc7,6,1,0,7
25a9ecd96e95b30100a32750c92d224d5d57b567,0,2,0,2
cbdaf22a92d6ddded017aae2bc4ee5409d308f01,9,1,0,10
7b5db0492d8396892a0fd01c4187298abd111e68,2,1,0,3
b87bcf5a996dbf40b2d4d9d2804e422235e47d6a,26,3,0,29
0d390ecaec857854c5931f1f785c60425fee9b86,6,1,0,7
f942e6cccbf86049682ae717aee814e751429c69,2,1,0,3
af189913677dd18816cc8aea8727adce9d7fe29a,3,2,1,5
f6b58ee5a06d32af37903cc768e106079d267b2d,131,3,1,134
b21f89f6fe8dfe209ee6e827b6092c2ae9fe7314,7,1,0,8
dfc62f5f4c6d7821e566650cc05587a4ea3793b8,2,1,0,3
30bfcae0c0c9650aff3ed1f8fe41eee9c4e93cb1,508,11,1,519
79d139a494a969d766e812976c49841b3d21fe71,15,1,0,16
4a369f10082d6d81af92d94048353afbcfc1819f,2,1,0,3
f3e659f46ae376806f01f13e65cc42957404afc0,4,1,0,5
26a39df08567c46aebbcab6581fcad4daaa89079,37,3,0,40
32517c9d9fbdc2235560388a47f9e3eff4ec4854,3352,48,9,3400
8d4902e717ba2932ddb0f7110f2a669811f5d1af,11730,97,30,11827
2a3791020fc74700b3310bef5dea2bb6842d9de1,11724,96,30,11820
e47b30a88f09434cd266946d3858cf34275be6a6,239,13,3,252
8ee509dcacf55ba82cfcc3643ba115eb3a7e5344,3,1,0,4
69d58f373bab1194e9b1fbd48fdbb87cf2a626fb,7,3,0,10
d6203c51ed9eef5e616090326d3dd6dddf21216a,9554,89,25,9643
a1c13c6b5f13a733aa0a7e20ac03425b1d9be62d,830,4,0,834
faa9d861571d80f3061940fbee5d0f11cc4acac3,20,2,1,22
629e21769e2bda6c3e8d86f650f1ee99e68d917b,18,3,0,21
b14f5ab956caef4793dcb503d199f206984b2556,4,1,0,5
1812928bfbecb0cb685fe3233e65ef9d8c84f73f,1838,14,3,1852
1e1b95ea1dc5db408773263837c9cbbd6f66b288,43,3,1,46
bf7ada0e28a830cc7eb9a42874734589a19c3f6b,4,1,0,5
f46244d32049acc3857762de58f34f7f15ba7049,111,3,1,114
38ee0c4ba4581c63c1bdeb53ac3c8d001b8e7dfd,9,1,0,10
84ac43328b2cb7f10279b565e9d685185ce60053,36,2,1,38
3fb67f9cc5a497ee3b1b566b745bc1af349871e0,34,1,0,35
3f591c2327532679159019b9d7486805ef6d0768,51,6,2,57
9c1fca182314c817e03250f0760aff2b0158cc7a,10,4,0,14
d25639caaed4a23f1623f3439568d7e4666addfb,2,1,0,3
5d7151097e171c5ec9f22f150ac4ce92b5512013,1201,32,7,1233
7f16fc217732b486f5df041f0cfa398d5650a500,6,2,1,8
84e9bd96d26c10edf48194980f5e0fbf5605f0ef,18,2,0,20
a6a8b0298f2f52c541ed6753806f12174edcd326,71,3,1,74
184283c4cf204f4be51c6260a50ccb7581461bfc,2,1,0,3
0d13c0b56f9ef480f596353d2f63980efa10761c,14,1,0,15
f7c47af9b552843f63935a59302de31519ae6b97,14,2,0,16
00918498513a4217b3869acd65572c329c3cf9ce,21,4,0,25
2437c8029c1f84460932ec65833ada356c3fc461,8,1,0,9
17fb97bf3c051d47f08e2dd488fbf88ef83c6c7f,35,2,0,37
12d1bb9a0dc50ef31f07892de32805dec3b40c50,7,2,0,9
554d7ba7365faa19e47682380a8cfbcd2afdd8f6,260,3,1,263
300c9ef1624033ea8c0ad21c6a7f183727fc9274,2,1,0,3
b05a1b699fd788ac8a4c73d2354a9e96f25e7035,4,1,0,5
540dd185d5a526ecd033c46388afead05bbccd10,202,12,5,214
0efb5a678a184fa539b0faffd605dcf212ad8887,3,1,0,4
e998f5e067daf71a0bbadcabc012d8e644c2b3e1,21,5,0,26
3eeb2282b93c656bfe1379a32c9b46c82f00adbb,168,4,1,172
e28712c48dcb22af3bf586c223941062cc85b1d1,10,1,0,11
0c64d9ca676e48a749db9879fa3cebc06eb78b54,124,10,6,134
e0fafac75c3e64bf48960501b2776933e9119c65,1360,20,1,1380
fc9d542b70d99ce334552af62f8730e2fde4c1d0,21,1,0,22
a424f5c655623c8128824f95a673ad7cb06d09a7,17,4,0,21
862871f67afdc3a6357a759e1543f821bed7d7d2,48,3,1,51
4a3057fa87fbe092f4a6b8dcc34e8f6866b7c700,1617,29,0,1646
ed8755d3f664779ac14a62b6b1e49a26d4c6c69d,3,1,0,4
9812e26bced75033b5795ee0fb8d8c08df9c83b5,1892,94,30,1986
791619d61165f849de36c89701cad964f77e859c,54,4,0,58
152538b7efc22e2c4c449f9fec4e524d92f8653c,30,7,2,37
dfa1250f95e6d8c7601f23b5b116dff8442a21f3,5,1,0,6
6b0f6e7a086be19323ae59e3a85408914dd1676d,8,1,0,9
24f81426cb138d8191f59df8d69dd28867142cd8,102,4,1,106
d5a3c74442ab9e979a9cc4fb5c76a3426c03051a,13,1,0,14
84cb4b5fb9b7c19bbaac367f8d833ef66a06b0f0,71,5,0,76
c45128e79f619e6f2d927176a440ec44a2d588ed,41,4,1,45
6d590c40bea2f9d898de089730488fc7ab8d2059,90,7,1,97
1a79b51d55d12bcf2674ebdf52f56eb25e92ac67,2,1,0,3
30f60248cf634d3eb044512450a72f1784d17a9b,39,3,1,42
86f387e940eacb6dac7531a4ed2cadadaa381bbe,513,17,3,530
abc197c2df8f2972f94a16003cdac04d08202e7b,299,24,17,323
49ccc29b652acca94e4e819b0b5eb106f05aba6c,42,4,1,46
fc7c7b46e4875e51ada65a964a975fa3cde45c28,7,1,0,8
24cc08ed9000b90cb0988dc65160e3cc4aa5d295,2,1,0,3
afd2bca46c778e9e84deb7ba5e4f5b258735022b,652,16,7,668
13f6dc7def5091366e64c08f6c404c97008d9c50,7,1,0,8
02daea1c596939592d0d7899600c4243759d5fbf,122,2,0,124
764fef58c9c9ed343348addef3f8345eb698f4eb,58,1,0,59
aa01d9e9af4b358fa00f82a0c5f2190ad7c3a02f,2,1,0,3
07d1fa2285a0ab0ca86bd5c8fc9f5eea2edb5409,19,2,0,21
4054320a443fbcb6c14225c589f56c01ea8b4eaa,16,3,0,19
2674291d6835f57b1132474e7e91fa3926b2973f,6,3,0,9
d925e052adb5ef40129ec8a878f48b14de09683c,8,1,0,9
8a1becd9fe0e81e0f4e8237cf8cf99fae620d090,2,1,0,3
d38b2661eba7df12626ee958a4ec534f8492cdc3,4,2,1,6
0f81b6d6132471ddf0e91cc3738da1ff365604f8,55,2,1,57
23c5cac8245aea16bfc0568cf2e5c2ae6dfd0e6d,388,5,0,393
3b1a03f380437b22884f93dbdb3ee2b9c116fbc2,90,7,2,97
382479fd502b5872fe0f7914d9901c4473069cc2,125,9,2,134
951544a74a58fafeafd4f6f974ef4db20c188513,3,1,0,4
717a8c1e796818ab2494a87afcaf811c42e016fa,39,3,0,42
71a019e8b5242766bb722a8d429c6955c292fd88,10,4,2,14
7241348cff4ef061fbc716f836d2d2d503477008,788,24,0,812
2a33fd379bfc13d5def66143f4387ce9a7719b15,0,1,0,1
50cfabdf9b4a55e1bb964376eb5eca22f6046913,1409,82,37,1491
0274cfb7a4dd775c878461bf35431470f48b72b9,3,1,0,4
2d60d0b678ed72426bed0e90e3954b1d763044b6,19,1,0,20
7db9ab47224d29c5f53b81bb65383c3581f8817f,93,2,1,95
6f8b29f5f53d0ea871e618365367587d2377a793,12,1,0,13
4f95555edca35f2576cdfe32c7467c5aad6583f8,158,16,0,174
acc1a7cfe78d0d8f69eff68ebb8f5249977e2634,2,1,0,3
83164c84313a4594baa3127c05f83411dd3f05d6,104,5,2,109
0d1dab2ab25e85b49b6a392e1bb5995ca691215c,1,1,0,2
14427442ee9db0248ec9aa26b23c82cca450d2e1,4,2,0,6
4dc6bf57080e11ebf0533bbedcdba780c5e71398,19,1,0,20
625b268553efe199710b772d4c589d8d526e366f,4,2,0,6
38ba2d47569300dd2a31bc9141d7439b0d370091,175,4,0,179
a82e3ec3a335863a30959cabbc3371169e2c1ce9,46,2,0,48
4a679fc055a7e6b03faa3c215562cc295714bc99,41,3,1,44
3505625c26a45df14d6412b73da0b33aac68e908,2,1,0,3
549bce6738ffd7f460867d3f5ee00a9e2ec14125,158,3,1,161
13f8e6cc65ffa629e24b6947cbd2ee63ba8159f2,300,10,3,310
4c8f20ae33ceb47209402c0469791d7a19571471,1383,36,6,1419
971631c1a19edd12e38f61deb8ca6440f29d5148,4,1,0,5
f8cd64cb50028031ab321144697d98822a60c63f,81,2,0,83
246f696719193dc8a3274f3f9e7ebc912ab3141a,3,2,0,5
a75aa52b681b224a8543a42bc69bf6df66f99c60,11779,3,0,11782
4bf0f3a910e01107c00f28e4d138e52c5013f132,67,3,0,70
888a05d1e48a75f237edf7b6bfa7d4e57b100548,122,6,1,128
ed468003323b984b0249d40d88c2378cc65950de,3,1,0,4
6caf587e17fb6858e769fb2121b8cd66090ff759,1059,15,2,1074
5d09a7f836ebaddd40e644ef82d80320570364aa,45,2,1,47
53e6f743d434ff5ca787db26c8e3740cb16f9e5d,95,11,2,106
851dcb1a392a3b720501982c6c2c4a3d30468a7e,266,3,0,269
dd1be03dee9428ade92b8fd47d148c2325179d19,35,3,0,38
7bff131a5bcc96754aaccce555b8d6d3917f445a,999,21,0,1020
86f29fcee99a00a2d0b60d08d89e5a327b9b0b4b,40,1,0,41
922a228bcb237431bc76caa0f21805d80c58a256,24,1,0,25
f7df879cc4d5a147030c0e7880bb1cba4f359979,95,4,2,99
88bdee718622857ce74f941c52ff2053dde5a6d9,272,3,0,275
346981b67731b4710a514e7006c573af751c1f8a,67,1,0,68
7af4fab420ed42edbe9f97c1c4d63823ff321c2d,21,3,2,24
656fcf06045e0c36348f0b8ecf17de157ff66cb0,216,2,1,218
aa5deb96855f24a7c45905bc118538542403d113,734,3,0,737
0418267a3d6eadac10292f00bad1830e93e3d423,2,1,0,3
6353732095af880944b8c09eacc3ab7eaf64e7e0,96,3,0,99
fbb35f92ada1361148c63ad42bf6a5a231328b1a,487,16,5,503
92662a8a4f41a51c2ad4b524d0cd3925b01108a4,6,1,0,7
c48aba3e964e090f7325e7704db9985f9e5c63f1,6,4,0,10
2d36f848fc1936a1c8090cf1220b9cd8b089665b,72,2,1,74
0956a7fa56050324d5749c1c8a999f33add2ec00,6,1,0,7
36d726d6dece86567dc125bad679de9622489385,18,2,0,20
8ad8c7da6181b7a91f6c89c9927a71619f4ea619,46,3,0,49
c9df68cf5c0f0e9e3d7ba9cae3d64bdcea72f843,2,1,0,3
25d42e4e4f5a2f2e07a840ed667893f71ea9c121,33,1,0,34
8ddaab07ca6fb6ff0a8991f55ba53d8122ce07d4,36,5,0,41
6a39c8d6ee85f6732986b7cd452f3d0f57830dda,191,1,0,192
08251226203107303785ffde458b074d47b13a6f,29,1,0,30
81e73cd8da109ce823ee705efcb802baa7a9d102,190,53,0,243
49786a7717bec0345aaac895d09736b6c6605610,26,2,0,28
ed1947bb062472b999a722238a9c250f11894e54,195,1,0,196
7fbb5985ffd13dbdb76e708fcf8f5705b2df0a54,1199,61,19,1260
e7e9e19cf1be6ada5b5e8d56fc2a7d8809f85f79,3,1,0,4
66644126af792986add25cb1aca5e5e7471b465a,67,3,1,70
d762b5288536201d8a2964891c556efaa1bae867,4810,70,17,4880
6f4f0ff96c800a7f78df2b4401e04147400378f9,2,1,0,3
cb174ffc6a4464e75342b809edc59273d3b4af6a,22,1,0,23
c6b73beae71f79b48d834dc751182ec45d244d69,45,3,1,48
7691b7f09c6a2bd59f310656771d7cb7916a5a94,166,10,4,176
d07c70a6dc32d3d2668198b2e4c10c57602f8ab8,13,2,1,15
5b01477451a2c1cceddb5313714677e861280dc5,99,3,1,102
f307392b043ff3f21b612063c652ec921f3d423c,7,1,0,8
b3ba458bd22f4320162cbb4baf3bab48a6844b30,3,1,0,4
ad6e691812957e240d37918bbeae4a3c537fcccf,547,10,0,557
f8d3488cbbb3a2d20c5736a8587ef0c41ae1eebc,6,1,0,7
73d15704bc73f02884f5d6f3348c1c1ceb952a5a,21,4,0,25
29b9b10f392f8a36251d25dc4c8d006a07f5d4cb,2,1,0,3
d9faef1085e4ade496ff7f3d7f8472a28678f8e7,245,6,0,251
7fcbb9a0296b306896a82d4f3c89c4550327c674,75,7,1,82
aa13a0a57c5f08c82ba90f37da6c8d7a503697f3,8,1,0,9
c6afe8c632295d3eab23745ddce59bb4286b4202,4,1,0,5
d1293c6bc476378c57db47d48dd8c5355370bb8a,171,6,1,177
2be8f350658076c33d9d905b9e9907aa3d3a8792,1279,14,2,1293
a13010f33cf7bb851e50a739a1dbd435a55be17d,5,1,0,6
3418055cca28aa16459d254999f580fd2785f5cc,6,1,0,7
e89f1027875fbcec6482f24c3e316025eb16ee8e,565,5,1,570
d4783040c4779b99c5559c908a827c61e4b10608,3,1,0,4
91b5d69be2aa8f72dc49d27800a90f8bed9781cc,851,15,1,866
fffdf258704c1937a570e3974ff64ade58df7b73,122,3,1,125
0605aae240f00c1c04667756599c0e61e4d8e48a,412,16,2,428
bf923dc13c6051bc1a2622724300c56458d7ca08,44,4,1,48
bfb04af395b7815c8765e709639e4b86bdd64884,2,1,0,3
7d2710e8bf5d46a389868c4477f773afbe691830,14,1,0,15
dfcd738dfb99f335cc8a628f291c126a244a6eb1,3,2,0,5
3c502cd948e9b877adea9c6589ab42d126cd4fbc,57,5,1,62
8df623b634cc1fa23b268e2bb27931ea391a1381,2,1,0,3
b335caed34e2d874c2e7a2efd103042db3ea5863,324,6,1,330
8bb888b494b9f611a4e5d81bd8451626eadd7e12,2236,6,2,2242
d220c011892a36b7645599fc028bc8754bd99ce6,81,3,1,84
a791fad5970905edd07bdb8afcc00497fb3540f5,24,2,1,26
de03a21ba62084a37fd4ef9bba8c00e33b6644cb,60,4,1,64
f6ef64f8470e30f2e166ee31d468174f0df0178a,5,3,0,8
ea2c944742cea6e8e37e225d1acc67cdb195056e,17229,96,0,17325
0660164379c12aa48321d0772598f61a56904a17,14,3,1,17
720537aab99229309fb7b00c3f6006f0fea4a779,176,5,0,181
75ada89f4d36a16713f18c6f6fc54dab4f659ef5,117,8,0,125
fc44693fe6589d9fbcb8a63a4664369bb7e2a2a3,23,3,0,26
64bbba4796fe1ddfd1ca1facde7dcda33ac86ef7,856,13,1,869
500b74b196b740c810553c43216a56e23ab9caf0,97,6,3,103
65b797c22eadebb9a18575e91fdcfe33722762c8,312,3,1,315
2c322d72b662e703710a30abc4460f9aee2a29bb,350,10,2,360
fa9f88ba4fbd8f8faa0ad7cf762cfaf795eb0e51,51,4,2,55
21dc20d8864915475f58705d8bc2fc8678c22dbe,11,1,0,12
bfc93dc030f94be0ac624fa8d58279d553e3ff07,21,3,1,24
63c53fcc5979b8c2cbd8bae13de2561078780637,3231,21,2,3252
66dada66e25a1d24cc235fd44e58a0507fe07b84,75,3,2,78
d90716d4d00f5b83d2bd1f16cadc88118a112f74,17,5,2,22
d6cdd56d8fbc551dee7c334eb403c19bc65d6e1f,1563,13,3,1576
e148c8cfff04a7a299b2d626759a662a3f91087b,194,12,5,206
fe660abb9663173998d6e02504ef3238f869c080,5,1,0,6
a6cd0e24cc795985e200ebebf04de981e13de97c,18,3,1,21
c77c549e3f6bfa7b08ebc0bfaacb2bd8719c875f,2,1,1,3
0cff6f0f06570fdf331c102377402ac9732282e5,5,1,0,6
483dc3f2bb46d18b7bbb41d72118c356bd9de403,655,2,0,657
733a202109d9087556f24822347a3903da997a88,19,1,0,20
db3774640f446db9c6b00ee8ca5375405dd027be,4,1,0,5
a3952ea95c72543ca767d2c9dd2f4c6cab63fe1b,7,3,0,10
2afcb944e2240b477387498aeacc2dabab8f2842,8,1,0,9
c904e56a8cfd2f848ccf9612c99edf4a1037a128,2,1,0,3
0267ecf76d313ba3c3ccea2d35e9b1919c7c9956,62,3,0,65
4fc0482385a150ab6712d7f44e00e37d16cd4bdf,51,2,0,53
f4a798b6230b4f2389ad7ea9b41818b15d9ab5a7,10,4,0,14
803116fd0d4ad5baaf3d85b7c903d75fd04b2030,35,3,1,38
4463967a520af2bc9950fdbd2987ed220d8c0344,42,3,1,45
b9d2f40bd737163be55681970b1f467f668c8fab,33,2,0,35
6919c4ad32e872f3658506c74447ab353d89c89e,392,7,2,399
5e37eed1270b1aa4a2ed9f540fee16fad29127b4,95,6,2,101
514ba659bbe8706bccf539b09712362377bfd588,14,2,0,16
9ec6eb5a4e422e4ac73a97e38e47512811d5b29d,20,1,0,21
1effc63507f819f2b99589a34605afb53226282d,77,6,0,83
4ee09717cfb2d09b55f20fbd8245b6c2eca37fda,69,9,3,78
8b2259cf5805f654b5da2725fa8207fa0b6d5f7e,61,4,1,65
6001b98de620c13d57c88a0b4ae328bf19f338ea,65,6,1,71
5499fc4e90b44269bd5e4c4a94f3dd95b6c6fedc,329,4,1,333
e30fe73e9a3bcd9cb14f02915883761894ceb2e4,117,5,2,122
c6f7f2bdb3a41bb04508c800ec6ed4c411680b26,364,2,1,366
90b27cb678e94084a2dee70b616969424b5999c6,513,15,3,528
a63f041477737c67177de292c90109f4b8ce2b1c,18,1,0,19
233c09873456ac0893ce30970b7caa64204d99ca,6,3,1,9
ac01fea46d99ef46fa4e1c7324b723b70ad98bca,27,3,0,30
7dc4dbea5a9b49d66113275ad1ffd31abe1d1d4d,26,1,0,27
2a5960bd50ea29ce7b925a6ac3288c0fd5ae7ddd,105,2,1,107
67582b87ecd61f661aaebdc66aea817ff2fd2c7f,46,2,0,48
db716c8b155428204dc12123bf2841c6e88b792b,9,1,0,10
3eea57ab26e8c4a8811bde64854b95f706858f10,3071,69,14,3140
645037b367fd3249ea000392a3237313a83f3506,42,6,0,48
a1e69add442d112e00dbcf76b0abb21bc984e5be,174,6,1,180
5f88452d63f9b6d7ad00328b1c5a0619e47cbc3c,751,11,1,762
4e9d2c449c071871753c8276ec0bcb1165515884,351,8,1,359
93090795942ddc331b2f4cb3ec6aac4fd7be55d5,150,7,2,157
d19b35abe256513a07ebae1e63cc1e17b8091dd3,183,4,1,187
fd27014b02aa9635190b2c4bb76d34589b16792c,95,1,0,96
b9d6056b7daa58d3021b70da2cfd8ad21c0ffb6e,109,4,3,113
1d3e94a43eb1930fe2e9816debe23fe9e721ba07,176,5,1,181
0164cd90e3108d4afdec70df399b9873eff95b17,341,7,1,348
b49b3f46f91d06c4d497f8f11cbc334fd480e539,3,1,0,4
8238b711c7f6ff2c71ff807c6ee4ad52a29728a0,32,2,1,34
aefc7ea395fed5a93e69942725a19b203a3574e2,542,4,2,546
fe07e5a4962f9457fc2aca473511a50a553499b0,195,20,0,215
1add74b4b2a1c7fb63b8249b9574ac3e148d3b81,2948,69,21,3017
881846364b08ec2086cd212fe500ee1518e1fd59,4,1,0,5
7a9572d67e4f02c6ad49ac091d6bc542732c19fc,2,1,0,3
685eb9249d1c1d821ce57f1ed0559f1539dfbe69,6,1,0,7
7a67138a9e80fb6b38bd7434034f021ac61a7d2d,163,10,0,173
36a5a917371a47eb257e8cfdc44930c0eb65560e,26,2,1,28
08c9ad9a6692405884ae2b2f730868030247762f,23,3,0,26
008fa369f37534096f59598f8b5374bcf56924e5,83,3,0,86
2ba75c72f3081dd36eda975f09d43ea9541ed7bd,2,1,0,3
87e5be901e5fd36140fca9cc0141c503b450cbe1,17,1,0,18
ff4c0f3551df126acea4d71ffb7be8872568740c,6,2,0,8
440701d3df279e73659ff0fd1be5c47bf896f7dc,3,1,0,4
7aa94ce93fbce382d920f01bd27f6e2750a64cf8,2,1,0,3
0a97446a70f6294a3efb071bb9a70601f885840b,3130,29,10,3159
edf3c2589b2d1ccc080e2b9b30dbbd9c53e9db54,92,4,1,96
aa3ea6869f336f7a09e6a57bd2882216d010955d,4,1,0,5
0e82a5712ea6229925b7b9663d492b54d3c29b59,36,2,0,38
6cb39a07173c8abaabb114d20e108781f2d39d6f,36,1,0,37
2acb62e518555ae856b22beba87731a0812f840e,14,2,2,16
fca7d40019cb11137a124e3bf7075c93cc9568d9,18,2,0,20
40132597381c8323a265f286c3d840801347e07b,26,3,1,29
2472e2dac4049313d2fdf34d7d83c041dfa38f0a,24,1,0,25
b89c9ad23b297942f72434baa4e4de0a435324e4,107,6,1,113
a9471387503f40e38e4dd28a4625a70fe77727bf,51,4,0,55
d182a0ed4f44486a92d9c72c3b096470a9c6cbf6,2,1,0,3
75dd1958ec195e88c5c0a71dfc56c75fcf6ffaad,232,1,0,233
5fdbd5338293dc32f238c834036a7af409d25986,637,15,3,652
322c8686505993c807a04e3994e0eb5a36d7ef17,17,3,0,20
0a47b1393a3e8b3f907326ced359fe8b987c4fc7,271,9,1,280
ad77265c69bf2ea5fe82fa8c15c7a3d3ea2178e3,10,2,1,12
c4fdf5883c1881e36b152b444f8456a4f98e96cb,4,1,0,5
5632d2cd94b9ea8646ba5382be993598e2640a6f,40,1,0,41
806831454502d052f504d162bf6d6ab0aad02920,10,1,1,11
c31f3b60a98ade035825e6efd8de071555b5624a,7,1,0,8
1cea92ca30285241239538f358e90dea014b2e5f,31,3,0,34
3fb878bfaa59c33182ebc80fb48aabb73e06d0d1,6,1,0,7
9e18159d440cc771a13b81b56dcd62c72202bd0b,2,1,0,3
e65f73066c5741878177f45c283521868c775b7a,220,4,1,224
0c3b446a5304df3f3c0d665d2df926cca2dcddb7,133,5,1,138
468cea29070c2fb12fa31a24d321a9653e929ae7,6,4,0,10
97086be4ec8e1d9a506303753b886a3a2177578a,35,5,1,40
e503623de6c3c9406e33991dab8e3872c7105092,97,3,1,100
0c3260e91f4c1ec58e67856d466ea9cba89d0085,395,5,0,400
c1c1aa892dbd7621815c19a9d72b175a330ee51e,79,3,0,82
c4da31b2bb5e71a8e7dd22d0ce8e63cea80d871c,2,1,0,3
b9222381bfe4a9e8a055076a05b50fa6e13a0e05,2,1,0,3
3712ce697e5dd5df217280134968155c5d0b1276,13,2,0,15
941ccbbbdb6c2ca11f09f54bf0ddd31d6ba25d1c,2,1,0,3
c1aeb620bb0030638624daf19d711a2bec8eab69,20,1,0,21
2eb084a221377ac905aafda51471708314b26a0f,2,1,0,3
c037378a06f326aeb83afae0bac2964eb6c73106,2,1,0,3
0f6d94f60aa566559aed7870da4b7efdbf481607,11,5,0,16
fbe42d2d39774dc3b26874c3fbc9c23f9ade8fd7,6,1,0,7
3ca7d723704bb58577830cd0c6390453e04d7f10,23,1,0,24
965f71e8557a95c845699097cd35936d4e33d491,5,2,0,7
c5c1b77344ac6653b3075ff4da14a7a160c57d90,3,2,0,5
3b041f46962ad8f3393f38946bd304b485c87c2a,6,1,0,7
a6075017d5c8d1503c4cc392eef22bfb53db6258,32,2,0,34
b7b8a7790bd299d4ad3e0a1f0e9fa7583cf939ab,30,3,1,33
51c613d7e806f4059d60b1247b2ed531715ed36c,144,8,0,152
4b436ca22091baab8170fa80713e86918db5b987,56,13,0,69
e9dedab46df9dfe3ff6902e453db92cf0e712e82,56,5,1,61
c41ba77ff9e189daf499cc0d33f54daba0add850,36,2,0,38
2a966360026e7b4bb8c19168bbd0a85b0a7a9752,13,3,0,16
ffa4ee31a2d45a0f8e4256cd3c285357c42410e1,5,2,0,7
b68d36f08546b4f7cc223706f74ec3a09e68e419,2,1,0,3
0c29a95bb653181feabec24659c05d91a027fcfe,2,1,0,3
b6beda64e7d25fa93958737fc8d2dad4eae309cc,264,7,1,271
663918cd4ab852111b9ce99e522103c8674b84ae,31,3,0,34
b8c6b5d57e1b6b594ddddfca092c90a120c3daad,2,1,0,3
c972e257f1f4dfbab1f682f3da8dba6c500dfbb8,373,16,1,389
48647e5977fcd5ae8aaa5e3f750ddfe9934761b5,14,2,0,16
6fc3057d529691e697361ef9a67e21cac75e21ed,3,1,0,4
767a50b4164ef323ef18160485d226c013c7c00d,43,1,0,44
d45d878a162d1012900f2de90314603a33323c5d,28,3,0,31
bbf5ef511601ee58f4acaf3040a5fbba76d37502,23,2,0,25
b06e97c9750c17cdbf98b21aed0c3407277c25b7,26,2,0,28
9fbcacf5c528292754ce17d5b1eaab9581770583,31,1,0,32
b7d98b3f119c7dcdfc7064cd56be8fdb8bbaabd9,62,5,0,67
6137c2a8136b31ae934662c2909ad1b54070a053,149,11,0,160
f22bbde1ce83b10f0821e26168cf6cd058b94486,1,1,0,2
ee06cf030dd9ff83c971dfb9f47f24fb4aae55d4,4,3,0,7
b7c3fec95daacef66089468ca86832602275a716,98,4,0,102
a19ec671123283c1ec3c49b2514e9d0777da4889,2,1,0,3
d88a002d101ebcc407f10ac8fa345f8b5ac1f556,6,2,0,8
7af86168254e0ad08234c57043e18179fca8d04c,31571,118,54,31689
bf4e1f93b22d4f5da54c70247339cb675111b00e,90,2,0,92
1caa6aa2fffbf0b2b549dffa5b3b88d2d63da5ad,313,3,0,316
6ed3d88a2a43e33c6bbd0931c92c13304d7ab0de,56,5,1,61
50fb42f186a2f439f72f5c17353ec726a00cb8ef,453,12,4,465
5c7d65b18cdef29a96e36075ee02b7e527df7702,36,5,0,41
191324a67aa26601731bbb801fdb790282466bd3,78,7,2,85
89771a2df2ac38e2575daa086666e789c0837d55,16,5,4,21
637ceba722ea2da7f2eee1380ecad1eedc59b388,1,1,1,2
ebca7aed7c5f6fa634e3f2d4fc6188ee41f5770c,748,47,0,795
a7e43d600f86811ec695ad0606845d7a114f6fba,1,1,1,2
fea24e22890b1f4d3fa84a143a3608488e79379a,64,4,1,68
b9f005a62b947cc1a51a1298757049d8b2a89846,101,3,1,104
3d99e2a930daa5fb18e35113b2fcd5b197fba883,32,4,1,36
e612fbf2fb3ebe2420670681d8679b19f2a06e50,299,18,2,317
b91a5e62381364c79a10af9ff153192cd43967cc,1,1,0,2
7da83eaa29d809d9d140ea29358e3ff108dbb49e,105,10,0,115
93531b515eb0d4c6b43006975f712a2a79b85e1a,35,2,0,37
adf83a3f5d009efd0e0416a7bf1d8b6fd86ea58a,1127,46,8,1173
31696b7889799d47eb36160fa3288ed05cb690a8,5,2,1,7
53cbb10f70fd41f01cfa904133b2eb419ad5484f,2,1,0,3
7e028903c6509e9c73e64363df86fb00fe311cb5,5,1,0,6
5d8803149a9993a1d19f23aa55caf5346e7018d3,583,27,3,610
5766c272b9d448ecfdf71da0f5e0a9fac5cea6ba,4,1,0,5
5e33f2c98d3b43b81df3d13d597d739b264405ec,186,14,4,200
1a3d1d185f1c996e58e9e9a479db16e5113aa835,2,1,0,3
93a9aefc9d7cfcfd01a7b308d27695460ec847f4,233,10,3,243
a962ea1a9dd84676825951a43e74d58ba6c433a2,0,0,0,0
0ca247b1b8d3e48585b06d52928e376c78b0665e,6,2,0,8
d2e78971441d0f7d78c2fb9a833f84b1891171c7,3,1,0,4
36f7d3da7af273a4458905727bfeda6473b16be9,29,3,0,32
afd658d3d08843f9667b64abbc30626d9ba23f35,4,1,0,5
d8d892664d266847a853d5744d3364b8fb2dadb6,43,2,0,45
8772c102b9343257a2a8d4c00a1a1243e33eee84,4,1,0,5
d1bc07298e5239d976c0731d5465aa280b0a972f,0,0,0,0
ca7c9cd8156d3647cfbd20291f37e2153c2f2326,68,2,1,70
bba8d3013385abd1a6ce3e723f97365549d742ca,2,1,0,3
483eb57242dfa4027fffabddcfdcddf5bd52586e,4,1,0,5
efdc16d71c1c66e46ea67de21a4b1185f85c10f5,4,1,0,5
afd324e02f795a42d8943ee21589c99b661a50d0,8,1,0,9
1ec869f38deb79a9a7f8b10fb0ba2e00b4ac3abf,7,1,0,8
23da33e6c0820f45e72f325e2b3247c1b24ed2be,2,1,0,3
a6d6b4224d5bae069e6f7cd9a7406496c7d530d9,301,24,1,325
bb5d95fca0a518c038c65dfed7a27550fc3968d9,40,1,0,41
770fb03be50b57f6f58897981be864bd32122974,2,1,0,3
d0178c789c7f64c1c535c6ff8780b9285d01e50b,1,1,0,2
d9abff6130ec924b9c02742b8389d3577ebc990d,10,1,0,11
1ac0e2f0086b7da5b7149562f2db8647c3b711c9,205,14,2,219
0f9a1a80c76054c322e2d1768cf24a3e4bd49496,494,10,1,504
c195b5609bb4dbb9fd037381ea58d1650cee92bf,360,4,1,364
453be73abb19eaf2448d1a63347afb8ca5911e1a,34,1,0,35
ec141669518042350dc410d1178a772c2a815ed7,180,2,1,182
a66bff06f8cc2bd7511f12a175a9118aa4ed451a,4,1,0,5
50356437d3a742fb21b1da74762902bcdb7fb9c8,4,1,0,5
cf3127561c4212e9299ffcaffc95b37cd7fe9781,13,4,2,17
2e3043e774769592841db54e6952049e6936749c,200,4,1,204
1af1d83955fa2b4abfc6bc8d8dc29b9b8cb205ff,22,1,0,23
a290ccb0be70f6d11f39d7aa35f24208ae033553,108,5,1,113
716dfd1c54d1112fd5f6b4339bdd59784e867351,36,2,1,38
4467ac01dfe4a39c8d191d2266d7e772ab35a1a9,360,4,1,364
30aa87948f4b92e95a695e95b94e8157fa3af938,7,2,1,9
2d31f2200da5eb1a95cbc3d2c5fa3768f99a5760,27,2,1,29
e6af8f10e20ba7d140f9dd4db4160f46d8f0c6c7,290,10,3,300
480e6471eef9f5ffebea7b2d4f6410ced9ddfecc,155,7,2,162
1d493abb490c7b5bf3de28f42546239827180384,370,4,1,374
e6b6c0077fff3dc9275a4a9fb4a191bea8a2f9ff,3,1,0,4
0dac535fcd964c7f76a4a5af8b958e7ac396da74,565,21,4,586
d49dcc251d26fb65f5b254ba31fb4fbd98891474,122,1,1,123
8769d41ad568155d67b5013c5e4ebe453e19190e,12,2,0,14
3e641d95cbb2a451932a5f80ed7ec9fa8b7ba00b,65,2,1,67
e00d215a75fcf017d514f6b692ab626d14b385ae,58,1,0,59
3ab6ffaa8bdccb930bd79511f1781d532ef4eac3,715,6,1,721
3651e5cdccff6e1d98f216e6e8eda942712a59f2,40,5,0,45
76e0027c2d43ac693c86a2123c2b589b9faaaeb3,306,11,2,317
858cfcd3ca5d01e1ff86a94be87d424d37296ee1,6,1,0,7
e71fac3754f540c91bdb08529b26cd76d18297d4,15,4,0,19
343fd178edf85bb7880ebd4fcecf0b11a7f38561,69,5,2,74
b2b29aa682f56ba63cad8f371fd1ba609790d3a3,9,2,1,11
590068f548db9582f33356da8958d8c0d63e632b,53,2,0,55
8d2af02fc4ee57ad7a30f91d1a2fd999194406f0,48,8,5,56
22b03a9d2b8998fe03d46f52ba1faf27cab7071e,3,1,1,4
df346d9f47f20760bafa44a8a64c97a1d7115396,5,5,0,10
b24c5ecd3d06b1e2dd2aa0ce36d5d45d70f1f794,5,1,0,6
c95d89684132f95e4b1d7e3beecc3af6d1a712b2,6,2,0,8
1dcfb9d264a7cee2d809f475540f5d24a767353e,90,8,2,98
ac2e957e2d8547626878cd031958185da3bad1f3,634,15,2,649
2eac6872e22c6f63c0437d78530772357864d4bb,400,4,1,404
cbf22284834e52f718c8dbf29afd35d40ba39db8,1,1,0,2
8e5013c6a87cebe0cf3a5168014371c2e4b8b616,13,3,1,16
1c5b38a9afb211b4681a9fe99f9740add76d0f37,1826,19,3,1845
b89666374b3e7c34566bd7f9b530ef9ccc53c6e6,813,31,15,844
994acfeb73319dfa9c5b4b18dba94e7469aefa40,3,1,1,4
f699b3c2d71ffbdd1eea7e8de569554ae39b525c,6,1,1,7
6455e2aca4f6a8b92661d0a95105327832ee5644,255,7,0,262
89d63da59ff6afa7551463df0b5f895ec23181c3,1549,24,0,1573
e740efbe0eacd1392f44151808ec1959bc69e3c1,32,2,0,34
6beb1bb3c36892bb0466b60ec142c5597f6e8f9e,2517,17,3,2534
cd16547cbfa784c4b3a307f59aceebd120851861,18,2,1,20
5f33a07762b254572bc531d4c80dc2c3b3193073,198,6,2,204
cf8b8310d81b4cb6bb1672ce232504dfd28c4256,7,3,1,10
839db5ec58fd5d852706e10f7a05bb756c8e75b9,13,2,1,15
b94d144cee344ce689171006f7046bf6f952c6fc,14,2,0,16
b958d4c30da7590c98ffb04442d983bb36a8818c,29,1,0,30
48109b2561a540f58b80b1ecbc73bf2d2f948db2,7,1,1,8
09d44d504aed8386df633356f82cb3e54f6278fd,614,19,10,633
1267e33a0ce1bfc7b38bddaa066f89a5f98e8857,7,1,0,8
f290c8016fa9add3eba2f6579e8bf308d71c61bb,350,8,1,358
48193d92a89da866de4b4bbf363da83f9e45add1,329,12,4,341
cdbdfd573ea7b1951cb2ace53aeeb6d632b131b5,73,4,0,77
82b875cf9b1521cc32cd5c375caee367bd62a9fa,373,13,0,386
041c8d37782cf05a6a8ddb1103f3f741166111ec,427,14,6,441
6854bdd7d31d5b0c4edd7a5b8dfc4c99dc26f3dc,6,1,0,7
6fac6cd157a71c68f280efe7fd70793dd1f650c1,15,3,0,18
0288e40061d3c24337c394f4e0cd9e3f98847a44,22,1,0,23
bfa84f5b8d48cad4e4a4a41a3ee56ad4d6d8f3ca,453,16,8,469
001c621c773db837b4c90bbf7868c94f284247ce,553,4,0,557
e10332c9366a4c712d3c063cc1323590c463ee05,914,3,1,917
3047bc2f595415560276832a8ca7ac178adff677,117,5,0,122
e7b12a8cea106d7f0a9db86b782181cc4fe7d3c6,14,2,0,16
f71aca480f8298e34787a072c0ebb7cb621873f4,27,1,0,28
55f6c91cab2149943fd2390e0a9ca6847ac1f6ce,60710,633,142,61343
1fc210f313ffbc20d7991b75e8cb88769ec5b04e,138,6,0,144
6d0863e1aac1ae0a51a735878ed07c19d29c387d,54,4,0,58
c2b34b6e3fd3f7eb115f388d5b74da453e8dccde,54,4,0,58
dad1e8cd5dcfd6d96f41ba96840eda40fa799a82,138,6,0,144
0d746fa2e2787a661db70d74035120ae3516ace3,60714,633,142,61347
a11fc9ee2f9ea4b8782261429fa90d922705e442,51,4,0,55
26b554d64123490ceee1b05c77e3ea51dbff6412,2,1,0,3
57601f819977063d622e3acbcc2f2b8710087697,2,1,0,3
71bc75966a7e5a18ce35b1f767c903a4b5c02eb9,83,5,1,88
957afddc8e814abfe3b5d78b0455f888c770b033,2,1,0,3
39041bf3d7512109e54541f583974050a1f7b901,733,36,0,769
0910e7f5b7bbd32a9b697802891687d280c7b7c3,123,30,0,153
2584ac83cc91055d9ba2145028ab512b17801776,10,1,0,11
d4b51d7af9ee9863acd3e04b6c23b4855b757eda,16,2,0,18
7ab4b252c1c57226fc58e7e6bc81b4b38a5980a9,2,1,0,3
27d5a91365b82d9297dcf852568076efabd5b41a,10,2,0,12
5c94d7550aa569361d5c5569004917ee9bd82c70,20,1,0,21
a4ff3ab50dbb82fcb1ba351740901b7fcd57bf24,1,1,0,2
d37cc1b611dc761b1ec69c29d6b8ceaa84f301f4,671,15,8,686
86dabd77bb128e8e4789bc913cbc0a9b74431ecd,10,1,0,11
76ac9614234ac0ed9107a3bac9f1c2bf2aa2c349,27,2,1,29
bec799e42a9c8ad14563e573068a6204abdb4a7c,947,16,3,963
affccab6ab3577a815e02bb4d88aa1e90d973d16,6875,2,0,6877
593dc83141939487beec562d38339a4aaf4d4231,3,1,1,4
dabb7d9d849c4fda63186948f8f9750a21056294,2,1,0,3
085efeb646f3a95b39bf555b5b04551119e3c0b9,8084,84,23,8168
e0da19324c2d3c35ff7492f4fd8d0169723f2160,52,2,0,54
925e5730dee45a8e37c5bedd9fb46d24a9ba33d5,8,1,0,9
86ee813e4d9623767ceacabe2cbfb3e74af7807b,27,2,1,29
6c623d323fa04350d89b076cd2b3a760433370fc,80,1,0,81
68512b9cd4e98da272dd3aaba6a4a17c99a12eaf,2,1,0,3
92f244ef7e1902e51dbec6b759152341992d834c,10,2,0,12
794e1897183a1dc811b73a9d160d064fd85188c2,676,13,2,689
39dc9a51a4a8598ed3b38b4be0231a809a3df16f,19,1,1,20
0c374c02135f04bf23de8df540a4a116bf308992,4,1,0,5
f28e9631737da554a0a12323f6c00ccae3ec6282,2828,36,1,2864
7954d8071f2b1c46259c449983825f26afce6d6d,4,1,0,5
62e546f64c4c53fa83e4bcd8a3f35d9c33bf8260,1,1,0,2
550701508598e9ad559315a3b938753ee2264538,616,28,0,644
73ff98b7903a0cf60c93d35ac758d76f7f0cbc6f,6,2,0,8
59f94e192ffede9c6db5bc422e62fd5dfa00c821,8,2,0,10
636f3ad6ecc70cd8dcfdc7a79cb365fcaed6f877,35,3,0,38
fa271b9cade635002c816c9605471e9e20294341,2165,14,0,2179
b183c7e06c6e9b27f7ec916cb08bed357997a698,11,4,1,15
733bed591bdb6a06864331540364254f1ea1ff20,30,4,0,34
a2473daf8e7400fb1cb635ba97f66835cad58ffc,16,1,0,17
383cdc3fa4a9316dd1a2d9fd559879e2a49463e7,2,1,0,3
2b234106d27005104178150ccc54e7eacf603538,6,1,0,7
d3028c21dfe03bf4ab7cdf4ca1c0e432a487037a,64,2,0,66
81e7030f7f8cdf31a95dac141265dc5499ecaf4a,58,5,0,63
c82de2f3d3b50691f7148af41668d377b861907c,4,1,0,5
9f04c8fcba289c90b0754ce920f9a90dcd15a137,15,2,1,17
31ceca797df26815593407db2ffc3b9d2d80ecd5,24,2,1,26
d1606c248d4398d929683de284c62d630d19806c,8848,3,0,8851
14534da9e064bf5926d2ec095c723f2107635eb9,81,4,0,85
de17d2b8758d9ce83beb1e3e54645de4d831ea1f,6,2,1,8
4f73272c006b3767ad40686aa5876ac5fbf57928,207,9,2,216
b983304c078ce5632785b5840e8bf96787aca1d4,123,3,0,126
a7f3f3c558e8376d7bde5e5ac1f4558bd88b7dd5,4,2,0,6
b31f2998ef6eed49f053c90b36adaa6a8338d982,10,2,0,12
6e97a527e1a2c84846a18340ad11f05ff6432cdc,7,1,0,8
09dc9fcae542815728758b09a32b19456134dd89,52,1,0,53
176f26faf8ab12c36cd3916abbb1fb02999c0883,32,2,1,34
ae7318f4c443a1e0fb1e6bc4758ad99092b880c4,11,3,1,14
acd75b1367b4d8ebf6b1a6ecd4a6cd75921e1f38,7,1,0,8
04b726a0a2935475d26816f99dab6e778e96b5dd,99,3,0,102
2ea945f548a4e41312026d5ee1070714c155a11e,2,1,0,3
6b9c29bdf66f183ede3c60d6b026ad8878c51fed,10,2,0,12
f43ba286b57a3fa99cc490ab91f467e40824797a,260,2,0,262
354b06f7342746ce50cffa5dc886512bfc908922,958,19,3,977
eb941056b5d35323a5f08123f681d777e170ea2b,40,2,1,42
dda5a145249538eb5a49e452e34f9c5779e0ad87,271,17,3,288
a02e8e0f9fde8372ff0eea0e674f72bb8be15875,45,4,1,49
d5513fde6b1d699e439eb79cdfcc112ca5d69058,1696,6,0,1702
e63ba8e897a522c6cad099286110c2eaa1496912,20,2,0,22
a6f45629459018fefa55eb57da8ce3fb87eb4a5f,2,1,0,3
0fbcd1111dae980ff245eead964e8a5e0ee0f1a6,12,2,1,14
b98ccea98996eda183382a332379f3cfc428c0e9,3,1,0,4
5542262568b3532fd11e2832d3168b386f35b3d6,115,2,1,117
45fa3fdac0c79f78f6d0416e1bbfce281ef4e0df,128,4,1,132
b436f43050379a65a5e93c28889c87923faa8415,1690,47,18,1737
663902518762cbad2fdc4efa3d552ad13effe4b0,92,9,0,101
ee2b52768a6c2defb31d44783c347f0e2de65ddb,159,10,0,169
c20c8304bdc9cce2edd931f0d58d6f40a8fed39a,4,1,0,5
13fd50ee535cd28b237cb4af740d0f893dbff3ae,19,4,0,23
7bf79d80f5beaaafa3c0e18a96654e43a20a41f9,30,2,0,32
e70d8f70d6b75411e9e1f371921bec4a59bd8685,23,1,0,24
966a39240237edfd72b067afe867a244fae6474a,22,3,0,25
b13651cedf15cff45e823738144ec2e565dc5807,2173,27,4,2200
2b4920c97484abd942acdd18dce3097eace7fc64,19,1,0,20
9a185f19124259f0d510a3669d1023065bdf6197,128,4,1,132
29b301e1a3b58ee59682672c12a085c4c3c232a9,27,3,0,30
f7df680ef91a2862e22fe914b8c6ddeae2491fc5,76,4,3,80
51ba1936a266f96e0084cb5b0c2065eaaebf7704,2,1,0,3
9f41db72d760be4eb112c9527f6ed39ee1aef119,1,1,0,2
1979a0ac3a4b6e2b1c999f97796d8e59c62a047f,92,4,1,96
e909600b437c80a1b4eaaea63e8040b283ed4cf2,35,6,3,41
a183ec3bd4b6fd1da2a3b695000fdf1a391f2458,1,1,1,2
6befc18fbe5840fa8998baca661efaf104768953,321,13,4,334
1d10625598989fc2282318ccdd1294a4fbc36a1e,26,1,0,27
cba28ebbc73041e232503b6c3d0376674360cdda,8,3,0,11
bc8cf1ad4e8a903f71530a6feaf2f8bdd04e3156,214,12,3,226
4df0897e92574b8f96a06e4df27e93bacf035e92,22,2,0,24
4403c959323f3808226ec80496cacb69307a6eef,852,14,8,866
735064fdc57ae958fabae85b399bb5af3cb79144,219,20,4,239
0d3ac8a56f3c7f53ecf2888ea853252794daa88a,33,3,0,36
62da77ca0bb61d5bffecfa9123d7f3ee8eccbcaa,493,4,1,497
a2a621595afcc65e965382d5a0412ade0e299610,48,1,0,49
82749aa15b57370fc3a7ed93c7fb88bc1cabb651,15,1,0,16
3fe48dd1e9b30a85889ab0c0c09b7761bd5ede1c,2,1,0,3
64a768aa5e8f0054e18efbbadc9ffc4ddb03151f,5,1,0,6
eb5b57ec9791a35b0341da02e94750d2591b9019,12,1,0,13
727600b5ca217367909f1090b9e2eff075cc7ed1,324,6,3,330
c2bb46b62797e92c0e3108047824dca9b0a02644,78,14,3,92
e908e4ae9b94f765be81f2fd8769e6e0271f202e,48,1,1,49
97c845a6f39e60d93a553d9b438bb11fb38e0497,668,26,17,694
6dcc2ab49c1f3d0c9ad4c8d68b005e37690faa7a,2,1,0,3
dd624a67a4cf27e1778be260d964abc3df96e345,1,1,0,2
d07ae2c92fde397801fefc85fd3360830f0a9843,95,4,0,99
938ed0c36f03a77b9cb271c428032ef821241c00,37,6,5,43
05fdfe5162bb9f38eb927fc68d754370b316a133,3,1,0,4
78c49e923e6c6ac228d259b20d67217db1b4315d,124,5,2,129
09071cd58fd824b6beee5bb951e1d85808208d59,17,1,0,18
6febfb242e6449ac0680cbf692e1f45a1d781da2,14,1,0,15
0a238f4cbcf73e9f3806feeb7573e94937046f3b,2480,27,3,2507
1652d6898eb5d4b2671a5c21f4f4dab52614ed9b,5,1,0,6
9a5518e67038a8bc22145c9130f66474e614d1c8,5,1,0,6
a0b4f55b0c38bd1b55bfb31e443895c708a75ce5,56,5,1,61
682367dcfb434fd99be2d120de91dd548f8e7474,49,1,0,50
aa257701cf15ee3642cdf8e839f5299fcf4efab0,2,1,0,3
4f5297d0d33abfa588f1ee7aa860a4bec6bffd52,92,9,2,101
3c7f0093f4e49f76c9a10a6a759f7c693f6c7eb5,280,14,2,294
5e933befbf762eef201e6d9f2ca89d03e1f1221f,47,9,3,56
d4a2f6403aa06950b0786362f2aba88cb4df7ad0,405,9,0,414
bc89ab9c25690a650698d38f874f8af45abbef92,2,1,0,3
154ee11842a9ff874a132ab2e80f6c06dfffa190,579,13,3,592
65a824e9315649a4d349c7717f6b990d76239c9b,7,1,0,8
53341a658db68e72aad4b996b487dba9571c7462,177,6,0,183
393cb98a43eaf5fe3d711be419f6ee9ed561cabd,190,4,0,194
4219d552349f8f7f3e6de34505b8a8ae9835f98b,3310,8,7,3318
ef5e173d3aa1e708cc8994a3f82a25d357ca7005,88,2,1,90
a9e2c2ba54c32e348220799ac381c51d55c30a64,6931,58,8,6989
837cb1646b59de5a842f7bcf44e3b531b0fb54c3,64,3,1,67
c9514e26a00b5c2b76c358425bae79fee183c9e1,162,10,3,172
0b8423c62ae52f3716d4bb63d60762fee6910788,911,18,7,929
6c24d1f31c289e015795bd9f74087d63a4a5ae39,88,2,1,90
06f09cf3ebba677f2115ba4cca554c8860cff0a9,162,10,3,172
30c271b9bf1a9667f6991216a5a8dc32c0be996b,88,2,1,90
a372872122c45716d25321e1f2e82924fae7c231,162,10,3,172
1a8667c655bb848fd2d07e1fe94092190454a5dd,2,1,0,3
abab14d0806592abb3379e40f7ae5de0101dd3a1,2,1,0,3
3655c12b875884410224eca5d6155287d51916ac,543,12,3,555
8e6974fdc33e834bc01a5ee594e2cfca4ff3045f,65,20,9,85
49dfde6c00a2064835176a5f0ce839e7cce0f247,12,2,0,14
f63a6196761fa5f4b961c544fbcbe535ed746ba5,22,3,0,25
8fa534343beccb797f9f1850ec43673ac830b73e,1148,19,6,1167
4fc7f0881ea1390d0b21da9fbd38fc2d9c3dac73,11,4,2,15
723e0615d0ea7c99118bad8b88ef9b4ef8d3d17f,33,1,0,34
2ba03d03aa6c450751d35b20e2ddae64f4f301ca,8,1,0,9
d92d00871dc1e0d48b2cec41a1f91294116f4a94,2,1,0,3
5c00e256afe95236dab3facfbebfb6d381c2394f,2913,17,1,2930
9f63320fd5099bb124ce5321cc571cd0799b88aa,249,18,4,267
584e28f72db275bc81a7314213e5367decd92504,6,1,0,7
1ca7039f02c81fdaa41d185c67810fcf197da3a9,14,3,1,17
8babd76f3f2093695e045e4b47fa54c7d5104757,25,3,1,28
f3f4c900f50e2d0b3c6e37a81a0d7353717a2444,4,1,0,5
b56c21626d23df59ae85fc2668787dafb123c9cf,6,1,0,7
ecb59de25b6722e2dd7d2905365fe773b6e33434,160,6,0,166
a162a2001262aeced7a1791ffb1e4949f68ccbd2,242,1,0,243
a4a9e07d8f6f1d322ab8fbab7a60babd1f5dac2f,45,5,0,50
70b4ec84f51593e0e7a64b55b51ac96946bed299,336,74,1,410
f58f8d88866f7d2c7d041e1a410b82f2bf25e24f,83,6,1,89
80de4bbc0233815200f1baf8d6c4e570073bcc79,6,1,0,7
7533db583b12e3e87c4500efedaa561a8a2c4383,2,1,0,3
e158a3e97a0b57e92c1f2a165433dbbdac166106,2,1,0,3
8a30f08952acc999085d6ac57fed940179c35dfb,5,1,0,6
087e3b074ea9ebf64ea31545e4b9e82b5e6fae1a,22060,40,3,22100
f5ee329439212363493d6f5d4f92d6c9cb46dc58,3530,19,9,3549
ff4b6a3a3d340913cf488b65718c9c125196e03b,4,2,0,6
4ee6a82d11e1cd0d11f74a6dda0676a88fc4a6ed,14202,25,1,14227
fd6e80cfc49647ac57ca53e1dff9cdfbae164865,3306,27,4,3333
77acf0f105a66c68931941095c2f7d3deb387c41,6,1,1,7
24396ad0154f870900543e7ed22ea32f7bc71b60,4,2,0,6
475f0f752599d324ea42c37ce80af43caad3be8c,4,2,0,6
57a2d34858026532fbf31827255d17f5cd62aaae,4,1,0,5
81fffcadef4e9d3b0da45da7b90d2735f7818a3a,2,1,0,3
88c85632cda7729ef0150a7eedb730eb7b041722,2,1,0,3
9528b29e9659a4473560a1b68edb3311c95679ba,18,2,0,20
c8a82bce2bc9fe6a98f99824bdbddcc06b054742,1425,17,1,1442
0845d353c06ef12d06c2cfd586150e1cc3b887f3,1498,14,4,1512
f61bddd233587642ec7b792bb182a06d2f54dbf8,1308,45,6,1353
6569c19add5e10b9913ffb002de7a82a0c0a7b9f,6,1,0,7
979e133597d642024d31ea18f935bf7faf10bbf5,12,2,0,14
0da6f9f11708ac2f694f556fdcab0d205a6c6ff9,3,1,0,4
80cc7e27ac6001e415b6e0bac9321f6dc3a7b642,6,2,0,8
7eb665e1d4048690f209b4132c5f76bc89357cd3,307,7,2,314
786c4afbf8076c19683b628b3f29751817bdf4dc,91,7,2,98
f6fe360e327b33347844f7cd62c7c18304dfa1a9,1087,26,3,1113
c8165588cfabeeb8e0566ed9e15af24399fb5ed8,43,5,1,48
d4aa8e463e23021f3618b598e30f94e63c1a77aa,4,1,0,5
be0548c74e8fa72dd5d3b741390901224935275d,586,15,6,601
0878ae70bd6a576802b8e02d7b988dbbcf93fc6b,14,3,0,17
7a78cf31d829e10b19e56b574ae650ab9f5c2350,1,1,0,2
d1f98003c0ecce21db31497098649b6cb452483e,8,4,0,12
6a7b6719fa6c7049e00dd9d5085172af20c94416,105,4,2,109
720b26561fb9fe6dab05fdb2c154cbfdb72a933a,64,3,0,67
3b3745973b4e2d13cf48fa9464f1773634296529,18,1,0,19
a8e7b961756e83bf8b193754da8bf2e9c6f14c80,8,2,1,10
4c517a4fad21acf022a02cff88e3443f4a8af6c9,8,1,0,9
4c30e66aed1b194927225ffb745e427f3c7c0718,50,6,2,56
7d83d77886521c74f8d45230e707e73cfcd45685,266,67,0,333
8f971641769b3cafcb9b8d08b158a7f8ba18451a,117,7,1,124
79108419e956d4774f87303d970888a8c46132f8,4,2,0,6
de4c0bc4a2d99143b8459a9fb0d4ba59cac084dd,146,10,4,156
e391de0009acda1ae0e2c1b35c110702a16ab644,52,1,0,53
09c8d1336a8b6e178be4df3628bb34a946c476da,22,2,1,24
6faf663c59ee21121522911c588d82e8627fb7fd,66,5,1,71
a04bdb349bc9ff8f3ccf68687f60f5938a88cec0,562,7,1,569
a47f8e1f0d271e8b8bbd8d425cd86eba8cb92648,2,1,0,3
146cfe27c9b2f9bbc423d134305f1f6b57c1d484,32,1,0,33
8be90b1e4410a73d0df1232749396243966252f9,20,2,0,22
c917204371debc160c1d7c627deac09466b142b6,2,1,0,3
b80c3a4d6ab40dd8146cb30013b25742640dac0d,3,1,0,4
30ce442a768c0717f3424088426faaf3cf95f18c,74,2,1,76
0c491e466525e547b1b8cd2bfb49d26cd9d264b3,71,3,0,74
57f663297cb4d6c39e594b3fb06604196bcb3af0,416,9,2,425
65ec6ebd7a651af7f5167867a1a432738376ebef,6,1,0,7
e0bee71e00819b53db8543b8b4b679fcd56657aa,17,1,1,18
333a34a92f54783005fd5f3cadbfe5b10067f110,24,2,1,26
7ccf608ee72470a38cf07ea16cba2cd292b6f39c,124,2,1,126
6450a00b0e5f6a1eb9bcf982b355ee421d06135f,15,2,0,17
08d4b9a3bf31e02d9ff4c7a47cf3821061458eaa,4,1,0,5
79f751a0e03c9fe731a2c44238976cdab479b2d5,152,2,0,154
b9006a247043aa3151a798d10c85b7edf6ea9fe3,160,12,3,172
0b1a39490b799f0649a4c44d74e540f8c8dca2e4,132,1,0,133
6b398757a5f5b8763725475090567e1525e0b2f4,4,2,0,6
21cca11400aaa2cd603461d8600c5a1fc7ed4afe,26,3,0,29
c876a373c4b0f58515d96b0f7da769d9309edae6,5956,51,10,6007
7d7628eab8559093b37b2ae05a9f262ca75b3d56,20,5,0,25
a5304964a8dbef3a3d0e0eb04cee94e045443bd2,57,1,0,58
f825fecf3872c3f6dd7bfbbf3b203fb5f58a6699,61,3,0,64
f9e2ff8ff8316e973957041b0f213ce7651cab1c,2,1,0,3
a7cf49cbee7208045f1eeaca23164466dd03f099,2,1,0,3
0f03e1bb9a889c9bd486deed202472f0fff54c8d,21,3,0,24
bb172749a65bc3b4ef689a355b62c2168c7ae7e7,1097,11,2,1108
0d9239ef333e04e0788dbccfd1d00314b97a4370,970,14,1,984
df5933d7f99f6d647f23b8e1ed9294a8b5cb563e,2,1,1,3
60e12cdf86778fb80ad36bb721a6a373206fa12d,25,3,1,28
97dfb3e6c0e267a4597336fc70a3908f2186da3e,12,5,2,17
7b9356142a196b4cb8399cd399613b302c410e03,2,1,0,3
c778a9dc1bd7253537de54f3c2f6660f8acc9231,12,2,0,14
1eb77b519b7f79d2924c51584623ae68211d284a,1,1,0,2
be7ace1f5e84c7a5989b4d5882cbf759de34112d,3,1,0,4
a70b301c1d810719e7a64f9b7fbb612804313562,2,1,1,3
7d74b922c20d66bf6610e18cd40ad04b5897956a,4,1,0,5
3000d4a77019111ba57f04824cf9e7afbd23a73a,42,2,0,44
74baee55a126d433f2e4343fe1edff66d19ba575,2,1,0,3
4fe2e20caa6e37e353d51d46aea41320e07be76e,4,1,0,5
238e03242b5ed108f99b5624d93fa5606b008d1f,41,3,1,44
20bcd4f32352acb10df0b6077393040585521afa,128,4,0,132
be0fe7e57f7742de846f0d93256db72f9861e8b7,129,2,0,131
fdaba544f197aab4c66830745c4835013843163d,2,1,0,3
8f94ca388ed2599b714b9b867c1d221e3a943897,2,1,0,3
f4c991631e953953142a431b4af8c5eac6500aae,9,1,0,10
2a8471107cc66665ec2a2d6bb61dfbd696f9c64f,11,1,0,12
d91e312798dbb804f64f6f58d689544d54e4c95d,92,2,1,94
eb8c4d7354ab29ac364a89d39970ebab862c9edd,148,6,0,154
42d81f87681bdc506785716f8875d13c8e21ec86,2,1,0,3
79899a0c55339356dca92cfcc662d5c6d0d6ee2d,10,1,0,11
a5aebc9908529efc6340208d368f7d65bc87cd19,3,1,0,4
d31ae2e8a568a14c6e518d7510955fa664c029bf,4,1,0,5
08bfcd9579cd96fbc11a89ab42613bfca6b51382,69,4,0,73
a69d284e4552f961809f6ce11aca95fd732bc8af,2,1,0,3
54ce30f4927e228397d38cb86e616f353619f312,62,2,0,64
83a773782bd4c60e8d474ebc60bfb0ead7352dd7,21,4,0,25
ad9d214ebd1ffe71924b7e53c57c26eb6ed30484,11,1,0,12
780a7e8b77999419978d982c7dc8a8a5d4f542f1,305,8,2,313
23edad0377919306aa1185e4f5bd427d0f5dc06e,41,3,1,44
8f331c86e3dea20535f06925783700545db18c44,6,1,0,7
7c00e517a07961bec1b2174127706118b53d554d,58,2,1,60
3a4bedcbc837634672b08c0da233164eef8da66a,1110,14,1,1124
056635409a39ba7916a4865cc75c4d712dda21a6,1064,3,0,1067
580675617caeccd71a2f3a7b67cb8b55795a3009,98,5,0,103
79197d93a471ece87181449ea40c14f250ccd441,4,1,0,5
a22eba24a77ed99f170d54a600fd982c144a29dc,9,1,0,10
64bf4bb3d06583050fa2103251df0a3379c50711,30,7,1,37
e590e4c1facd902ba1a44d894da9d9da528e12ea,20,4,0,24
5750a98d0068e8f7418fa7f1a20af50261ee4980,22,2,0,24
527a69b2835948031f4863405f5fc105a66b382f,2,1,0,3
bf3a0eec28497499e7cca5bf100df7f4c1bebea2,185,9,2,194
660c476ca3fe622e820218eb4ddd114789bf277d,690,19,1,709
275b62159062c877057fe452905fd52f484c099e,277,17,3,294
7a0745430ebdd69b993b60cfdfc69790ae30dd18,7,1,0,8
7fa7e91c9ba15f4f318bed6069d1b53ec8c4686a,29,2,0,31
83006c2fd60f1bdd2c0670a4daa05118ed5a27ee,3,1,1,4
2b251b67d7e0acadb842f7eb80ecb0aac6ff0fe8,896,16,6,912
a15b8f62c3d55197b798c581594a91e9e5220b32,4,1,0,5
ee2613fb25fcd033b558d1a021b43a9075faae34,14173,39,2,14212
9bdcae2697dc3dd2f0a33eebdc86d2d22c79696a,2,1,0,3
28187a6ae3da6052651c11636eb95316ee62a215,6,2,1,8
99ebf07de88588bf87c50fecaf6a7e3505b4c13f,5,2,1,7
dcae6405a16d3afcd51a1586c0be2efd8b87b0d9,147,2,0,149
d9be35d9837fc9cad76c10f7a53eda5bcf30802c,2,1,0,3
27ff90f08d46fab593f0c2191781cd98c45653aa,2,1,0,3
b4e297d6d4ffd764e38a2f96ceffad751825471a,2,1,0,3
8c8dbc3d282715d5308979d3d23b769e051a8377,2,1,0,3
02e33899593aa10a4055e549358b2a611f0ff10b,89,6,2,95
d344b7819c9858662b57392179fba794abff5d5f,5,1,0,6
230502437392ab4d32ec4ee3eaf711cea921c088,33,1,0,34
e97edf67a279ec91f43ed9c581c793244f86017f,20,1,0,21
4d9a2d0931d8f0e98a54d057e652fdc5f696df05,6,1,0,7
b896e6f566b5be43c1a3b00cc04574afbd1c3f4c,110,4,2,114
c2f9c722948a96a50f520cb6e15549c6554a174b,3,2,1,5
b0e45ef6ab744e3c82728b2240fc0106dad3e0e4,252,4,1,256
edfe3eb83e8f61a5b1fc5f6663c0c26e4d634857,9,2,0,11
697addbfe9886805943d8b12df9ce5c1c35699cf,4,2,0,6
eab9a52711ae968c02c195560bfa8f94d80acf13,2,1,0,3
6ed42d20a1994a6a0a050cb157a0bc89c641eb47,119,3,1,122
86d37fe36867d11eff509c053808a3de41b4863a,2,1,0,3
32e223148bec7ad7d2b7f5d9c37cdb4381740316,2,1,0,3
04b3f479c99e69fa351f0bc945a1625ff7b5bb61,12,1,0,13
a92aac23f7458282bf97b6e7ca2e47dfe24f332c,55,2,1,57
af25f0019ed608a51e2c33788f1ebd9a1981544e,18,1,0,19
bbdc641eb4d36b9b3e606f4361196d56c82423ec,19,2,0,21
116f4ea9c9e99881cd38bfb1a77db52d567cc8eb,17,2,1,19
e27bef1cc62dba01399a3d7c5c857af5914a56ea,34,1,0,35
106f12796a6b54a1dbac426b4d3754084ce816ef,28,4,0,32
f2d1d4f87e993ad05efcefd26880e98374ee314b,3,2,0,5
a9ebfb4469d525e4951e3b8ddfb2be34e6d74fef,2,1,0,3
dd1959952172fef5f7a55b46c9d6c7678548e204,8,1,0,9
3e186591e4989a4c0ffc9ebd8ecbf5e901f608e3,2,1,0,3
c07a52bec7447842a3501e221b2ae794754b80bd,2,1,0,3
a8b8ca41210526ed4f3b7439eccc51bde104eb99,129,4,0,133
d66065e98bbbec9e6c918ad09dd097ea76a16098,101,10,2,111
9320d1493fb13e656cc57a6bab8542a0027e1814,1710,19,3,1729
e7e45a5e1396f47ff4fafeaee2607efb02846025,1448,18,1,1466
14f2b768d3b55325328a3559b3dd2e2d5137b715,1,1,0,2
1a6bce627abfcd3d6ce0100665f2b444ae2d1fcc,474,5,0,479
3fdc590cdcf7388997e17f6a0b2283f5b54c1bf1,229,15,0,244
409ef7b2359b44f22da9e5c6d18682e9e5837550,551,24,6,575
13d391273fc6d77fe0a64471e6bc585e9c866d53,284,4,1,288
95420bf30e6d2b40e078c18bcd43b31e8b29e1e2,513,18,6,531
e9cae61360bbbf47637c06a95f8dd8ee77920af8,32,2,1,34
aea44a4f0decfff94830bbcdfa5499b96b89aa4a,532,4,2,536
737d1626d073351dca3c3cc508d0dbea773c4e43,102,7,3,109
ea8557d13412ae1427055f470c0f8f98b41c5a99,58,4,0,62
b9d0e850c4dadc4242e9907b8d4ec2548b7163b8,56,2,0,58
7a472fe0fd63493e933d0549a808e21db38d68d8,1067,23,3,1090
974f98606886d2b5dc6e7f702120b2ce4004af77,141,4,0,145
6319e8b4eca2ea86e4747f583b6c38176176a5a1,1,1,0,2
a4eb7d5c8f463159805ced7046934427db541774,6,1,0,7
06d168bec603733dd015f6c82f74bc5772981331,15,1,0,16
4d1fa9001257656a972944930e0a2bdb6184523e,4,2,0,6
e1ba4131ceb297d7399fdc5a6980cbeb619307e6,709,17,3,726
9be2d18d02a7079981160939d1b91c0c81fd0179,88,21,0,109
f08c75ceacacc819ebf51582449ac4eb498e6279,462,7,0,469
150c7a4907a48240df87238654ce2829f3999438,53,5,4,58
e2fe764dc4bfac6a153f4774618e711f41994aac,4,1,0,5
49239bb211745ea8f0036f6fb8df84e00ae2b7e2,37,10,2,47
b2002754676670a911cdd5279ae6c8ea4a325984,988,31,3,1019
6af0934c6ee9706437c28431be55ab3763bb850a,38562,344,0,38906
d3979c2709d95ff17a10f3f3bbca91150f645a78,495,12,0,507
1e0177d132f8458aa6beff570c380b7b4740399f,860,15,0,875
66f4dd1489ca738bdee7757ff64a6e63b348589d,1018,30,0,1048
1edc985da91d054208e83f98244711bda5913d9c,188,11,0,199
3aaa1113cc9c35e6fe13289df4612a4e30041444,536,10,0,546
5ff4050285f4511b033c4ef09760cffccf932d8d,440,14,0,454
bdc2940d4faa134769d440f30e9539059a26b29e,507,45,0,552
2c8b852e19ba117dbd0fdc8718a4ea97d6f32acc,368,30,0,398
68635436d28a5f46918c25b80b5d6a7019329b2b,256,14,0,270
52392bf1e62a7008a5b65eb8054e94ceba4b357c,49,1,0,50
6ddc0c685f9c684c3b79b803cf238266bfd0a669,124,10,1,134
be80af7ce3d75977452ef8e366537ee4d07505b8,10,2,0,12
a62d89345985d66d7f381b45d6870a255fa5b9c4,61,6,0,67
8f12d520e2fabfb923ad5805a556ac18b5dde686,561,18,0,579
39063312791ce31d65c687be66a4258fbd2a8c8f,18,2,0,20
c45ddc3c0a28fc2cd632d67ef12de9d452d6e7cf,292,10,2,302
62849c71d3fe984e6232e9425311494cec16c253,6,1,0,7
ee339f6bbfe8a114fb11b71a798d98160d4aa5b0,2,1,0,3
8f5059c678d3b9846f55d8a463fd851bf2a60956,66,6,0,72
72635f3a4d713b213c4d6a3ee66e6a85fd014a4d,1,1,0,2
52d2b4b0b2430573e4d088ea4099c2b4b9bc8a5c,19,1,0,20
490396cc237f60b83b0f78416461181c2aa9ce70,135,5,0,140
586e823e1630e054a6260b490a3322fcee366017,2,1,0,3
6a122cceeb7d7804e0fa2ea2ce5082cfcf9c215e,74,5,0,79
ceff31a7ef431757f223d89861356de0ae7b61d7,41,2,0,43
dffe69dad764dbf94dd796e213d4fecbc5a7340a,2,1,0,3
0431757d97d706b3f5a29764511f70b513dc6ed0,4,1,0,5
defb785a36c258b5ac07df47d797237857e6607a,8,2,1,10
a85657f319d40d57f6af3e607b9687b01ab8c272,4,1,0,5
44a49fdf68ecc8d048f1cf026df4a74c792da7ad,203,4,2,207
4fe32f5174f39dc630e08f8f444325e78afe3e1f,2,1,0,3
acf1cbde2ca12ab85b740c3e94e543af3954281e,47,8,2,55
608aac7a45b5c6dd8f238de797820e8191f4dce9,90,7,2,97
25414f3170c3d772d8de9a1798c35adf9ded51a0,8,1,0,9
ce0ee4ed0567948e675a6b5bc5ae817f10216b4c,2,1,0,3
caf49da53dc36c53020eea78c3ed37d2cd3e5cba,1,1,0,2
232e0a6c187d67b211b0a99facbe5c982431c398,4,1,0,5
be57e343f3b2fcb6df23c9e4d47b97d0e3849c7d,144,4,0,148
e5d13d8e683bf8ae7624f32cd876afbd8f5b3c23,29,2,1,31
467fbcf60ae6cfca964252b95a53ea60ca78ed58,73,2,0,75
d0404f3484662958e22e7c25ba565b64798be214,87,7,3,94
8acfd177bea81d2cbe3698c39fd9b3e74f83313d,3,1,0,4
6a23c9d25e054e427a141e6aa56fbe94a30703b6,462,20,7,482
e7304e801e73bfe041b4f31af04595002b644633,11,1,0,12
908efa3fc71c23ae3ec94f868fa835f208ca05d3,211,15,0,226
3dd520b8cb6a4288a9e07cf135fcd7706483d8d0,2367,3,0,2370
13ccc871dc4c7b9875033c8a5938a92b62919081,10,1,0,11
88dd28f7800c5b57288dec169c569790043cfc34,2526,4,0,2530
291bcf25e9c2be3d8ff9dbdfa71565b516791dbd,5937,23,2,5960
d6fa09e5b9a0f9b05bb51840b698b937c5ffa918,229,16,0,245
4b188f51223809771020f3f5330a16525ad6e740,4,2,0,6
3f2bf2cb6579ab61cdfbb43c66f37fae7ffe8b02,4233,6,0,4239
ff3662fcfb4de780f1a7e03e7e3ea437d7d3b2ac,166,3,0,169
f311677126baa55266c524c9ff8859ca84ebf564,103,3,0,106
8a24533690bbcff3ac9e5d9b8bf888960d45704b,10,1,0,11
bf2d70290bacf651e49daab5460a9d7b7551cea9,4,2,0,6
0b42dd0a8cc5d5b2103c71368179c870e0062121,4,1,0,5
42cba816f3f13130d52950bcc464a7dcb7abb6ab,2,1,1,3
b62c6078d1d6dee30f9e35e10bf7e6d0f1e1ffc5,13,3,0,16
7bea72d71a062afd4aab48e6bc1669bfbb9de04b,57,2,1,59
0afdb34b7235215476e301f72fb3f0226c02181f,27,2,1,29
7c6cc039745eafdcdac382428423e0c7dcb2f4ce,36,5,2,41
591d47dbdf8406a15658c9a34487d2424ffe7995,2,1,0,3
2e6422c5dfc6a8154b79c6be4531063183cd46a8,10,2,2,12
e543d716a8b7f8bbb9ed679fcbdcd3e7e73c7d48,66,6,0,72
1202b4c7d08ba61ee66dcd2bbed853f9775eaf89,20,2,1,22
496477e0ce1e35d4065171520b1546a96eaafa91,159,9,3,168
c4adf542154f206cea46a0184c7e464dbb482664,10,1,0,11
ff161f8edca83f98cddc2d97340bcd504a07a59a,158,33,2,191
3869daf53441d6ba07fcd25e66ad381f1dc8bdde,70,2,0,72
9bd81e238c9539a6d9f9b94b7ac5261af9644acc,23,3,0,26
6d55732150bd36f2017ebc74896a4a5e09e3abc7,8,2,0,10
bd28cbba991dff161db95ffea9d999b1ab349755,412,28,8,440
fd8989334b825c1ce2dee180bce6f2cba04f73f9,15,1,1,16
c8bfb51116d4679aa4bd896139919187e0754816,1,1,0,2
6878989c754f1fb982a1ec13d5677113f87e8520,184,6,2,190
020856edadc6fb1d70746b49dcca90fa5c93a588,2,1,0,3
95b808144e25926c89725e48741c6148ee0e34ef,86,5,0,91
10566159e4707973d9ff07c0156a38b8527c1752,3,1,1,4
f7b2ceaecdb8d7b30c1fe3ae20a8d2304f325d2a,24,3,0,27
8b5bab08d627feeeb080b73895fc5531332abd79,26,6,1,32
b0e220e6dbbf1a54cbce98f290d593b49e97bc23,11,3,0,14
27b669e2b4bcccb662a35ebe10e0d72e837f2a3e,45,7,0,52
029799dc03a17b8fd4933e4dfb9883c5a09ec410,2,1,0,3
a1ef35b6777cbfacc7e9a588749db1a3cac3a94a,10,1,0,11
c13fb5bea0017f4958ba7d1f26253ed29068e097,94,12,0,106
b4ca28284878166309a583a4cbcebd026972fb27,10,3,0,13
c7f908937847916d922b20df99707a79bad2448d,6,1,0,7
21138dfd15ac0cddf422478b12152d31df913a38,108,1,0,109
a9a34cdd54665ac57f20a4defd8f5555ba7b6611,2,1,0,3
79f51db98eb13364eb5e7838ea71ff07d843797d,13,2,1,15
c5a32db94d0a81ec214c4f045cc70e0882ef64af,9,1,0,10
f554eb53099f256e8947c65e435f4a180929e71a,43,2,0,45
f4ca1a27af0ada77d7bdd1f0d1b4e44a9539a172,747,14,1,761
7c7d51a2d5876456fe1a7eba2f985454213e0e32,194,5,1,199
381d9fdf139f48592266808c6349296da33c3ed1,15,3,0,18
6cb563e8eb39abd852f93115dcafded82166f572,6826,57,10,6883
d38e74502a2c528728d7d7445e552a22e3ee6393,14,1,0,15
e87cb15433671e207f962e0fa68fb32e41e936a1,4,1,0,5
17e3eb9e39868f2e482ee0642329db0475e1ec9a,13,1,0,14
1617fe5d652ff4eed3fe5a53c56b467e18f0c7e4,70,2,1,72
982251418ff7d75a0c141b4c2960d95192d94b8d,80,7,4,87
211268d61a2eaee6a896c2b83af3b3266308940a,774,5,2,779
e1cf3de2aa97d3a27d598a427604b8f564f78e5b,46,1,0,47
422b58fb52c81051cdd5153c4531025f6b203c9b,2,1,0,3
ceb24b84caf9f4468c45b06ae6d26bec0682a839,210,7,1,217
5d012ec2eba21e0dcd4ef2dba6979e7419aefa09,54,4,0,58
1f00bb942a6af7521d061c2ccd574d753a2238b5,35,3,0,38
89a772331b6fac6586095a4b711acaf3601e71c3,16,1,0,17
4767c5f3640ab02f08f1928f1b74a9119e379354,314,9,0,323
eb416e7e4026c03ed430261a7e5e51cf2f7b0938,239,6,1,245
b1a99c1a7bd5eaf6c914ec9de536ca41c451f60e,21,5,2,26
b6c6124d44c096a924f4efbcc9a785b8cd54e253,1295,25,6,1320
932ff58f5e4811463d64c997de9bff252a0ab4a4,30,2,0,32
77e733914026b40af9adeed0ee58dd97fe3d0966,36,3,0,39
13374bd6d94751f731d2debcad5d41f341b6f938,385,7,0,392
f7040438834882427ed738252fac5cedc6088972,4,1,1,5
43bb7df2a58c7e18ce74146d78252696c072958c,62,5,0,67
24498dc19a2962abec7fa7b59e959ac503d248ab,1314,8,0,1322
6a044a91b017fa532e7e3d32884274024eec4255,3,1,0,4
78eeb56a997a3d18f05f263cd1b7c1497f32eabe,78,5,0,83
d4a47a1739875a7cfd9d2adc73efb155d0d278b1,4,1,0,5
6afafad8837712bfb5cffc61ed6761b147a39e13,115,6,1,121
bf8537a1769d024d549d8b11dca87042540d0b89,7,1,0,8
874513d95f580fd5089b74a351fd6b7d543a53c8,6,2,0,8
a792b5028ccdfce9bb29ad876fdde11cbbb62f98,76,2,1,78
9b985ff35ea3d781d78720a658dbb795cebd47b4,35,5,3,40
39af1878c7b7d5423b5abdca1fde2bea940bb0d8,31,3,0,34
a94ef005aaa7ec4f11ef752baa5737d2d837ae0d,136,12,4,148
db39f733d3ca02b73bf1f4efb125d22077511697,18,1,0,19
233f39a24bd84c1ba5dd56679297134a4b026068,14,1,0,15
e5c1cc52d751eac2b7a571ff53a0f2920aa5c149,96,3,0,99
fd9c2dc25c4b9ae761b26f146fb07d3885beeedb,8,3,0,11
fcb66901b3ea92a348fd502c4194ccbdc0dad8e7,1,1,0,2
87e0559cd6e5c9d4a56d130c9417de41dd431e1c,20,1,0,21
dc45a899dce0a7307663ae5ade51325763dc7f00,150,3,1,153
f6f2bbcd6478de198758ae91c0c7e582b6528f6f,339,130,9,469
3c9322cd48df805b70ef80f4212f57efaf95689b,176,6,2,182
2c64fc0faa9d6783ff7243f903ef1abc19c80335,2,1,0,3
8f45fefb1c45ab163bedb94e3d9a9ef8a35afd91,81,1,0,82
b0a26b465559c1a74b13974ea5403020e53ede74,2,1,0,3
c90a23bf3ce4810bf9add8801f54fdc6bc31b817,2,1,0,3
c4ce694db36f80456203a6532eca92697e02aadf,16,1,0,17
8988723061008f62e67f653a09ae816f8755cf3e,168,3,0,171
4f47bb5e3bff4291ce4fa09b30ca0a66cf42cf44,8,1,0,9
f6e5334e7703cd03cca00b6a9ed941fca7481ff7,4,1,0,5
4191655d5678e30d3d96cc86c54fd2d2281ca39c,25,1,0,26
af90b05f3d269e1b76a76ab240c2528ade229808,2,1,0,3
cdbb08fc0f4d8ccda01a0217b355df1c20c0580b,6,1,0,7
6cdcc5b01250afab52a766ede37c469686f9d492,104,4,2,108
768bbf9ff4f735c2f3e65085cb8fdc6eabff779f,19,4,0,23
b8a93861bf124877f35d3e9883c8598911e0b1e9,7,2,1,9
5dcecad2fd80c0f52282c44e02de1479c7846d78,48,4,0,52
46c5d97b66fe16a96c5314e66cb8625654c07953,8,2,0,10
fff72d0b2a9d602957000e794c2261b352d55209,2,1,0,3
ba92ffbb1b85298f8d3b4b588ceff547db40bcaa,2,1,0,3
a7c75def4025373ce64ad95cd5feb994620ec9be,9,1,0,10
f7f1b9277c602b6cb5a31ceeac36eaec3048f3de,2,1,0,3
b0ffd7e67afd9befdf26e0d2b23ed6aeaaab5170,4,1,0,5
cb886d31a24314e855fb39cd420082088eeb5327,4,1,0,5
0bcc1a2dfba37efe7176233e7b21324a8e497de3,46,1,0,47
6c10bb2652c8eb9777c68f07941e453ef59f7008,39,2,1,41
8952b27ea45d798305ccece2e1226188f2ee4025,32,3,0,35
7bd8e288b79033eded10ecbe075b4c938979bb68,321,15,4,336
d4b8c95a1db0b7f2a61fe24a0630d603ab05595a,5,1,0,6
3e614e0ca47a05338e642d5cdc9e77532fc96efd,4,2,0,6
476f0e5d1c441bf18e7ed4d129bf4de700d1b5ba,31,1,0,32
ec16666bc4704842df0941cc7aee6ed441562e6f,26,2,1,28
5c3ce78d89927606c75b0dd836f7fac30d155bd3,3,1,0,4
aec62936ba17cead3e20db78abd249091f5e09d1,2,1,0,3
0430161e94e45cd07f5f729a35ed07a9587bd71e,23,4,0,27
8815eec0264597b268a65bb555a7b01f81783e03,382,33,0,415
ec2f03f2acc37174de38a59b7da3520ebc344e33,3,1,0,4
98b26a12f4ebe73e9ab9aa011e9a8a56731addbe,6,1,1,7
8eaf864d43a46f10fc75f82464ac0f49d6914b75,17,3,1,20
f43f0e2f30be4eb968f02bf34a63fab103206cfa,3,1,0,4
80a3856bc722f57e4603e276e88920633a15248f,308,13,5,321
07a7f93a5e4cc41a5d5ed915718131e402eb87e3,48,6,3,54
faf082bc07433454bcdc7dec7869cb9f6f2e5bef,43,3,0,46
c9d3f4513059537e3a7a1edce47998758b8bc5c4,343,14,6,357
d55c85741ef5833ed89e33128fd0dc42cace9d59,80,4,1,84
85fc206b4f1504dc29da8264b3619ed31006a3b2,207,6,1,213
70c3a5201dfa6d567601bf26766b4eccdf87141e,3,1,1,4
b877e3877ec73dccfe969004d0f80e2e73ef21fa,81,4,0,85
5de88ea94cf73ec9d64b39c4136c5978ef6aad89,26,2,1,28
d340867ae31b2605c3f0c8644ebee19ebeaf54bb,887,22,6,909
5cce538b17c160698bace782ff8ec2bac9adb928,37,1,0,38
b68248b542cab019609ff3a91ec82879ceb8c45a,73,20,0,93
75ff1d39b0c38e596b2ac2990ab150530a8e37cd,2,1,0,3
1e855136f53b9d803848da14be8b1d695b880294,32,1,0,33
ad338074287d29689e6b892b2e4cc45df3f3c69e,34,6,0,40
f577f1e257ef64bb951527e95e98c589c802bff3,3,1,0,4
d252d0b64a226cabfa6e5b514ca2aef2203c759d,203,1,0,204
a1dc93dbe72d7f8704886671aa4370470db83121,113,29,0,142
02749abc2b9c3993ff6c41e6f1ef9246cae4f077,755,5,2,760
badb2b4ba2b731f585e0aec6b791eeff792076b3,89,2,1,91
28a0a6dea97d3630e4acf310df051523fca6140b,31,7,0,38
067aba81c3031275e16a689cac903ab66aefd958,862,19,1,881
564f166f26f1a76d581527cbcdfd4fe36f0b4335,3,3,0,6
0a27eee0b9565c735ef94cfc1196f0b1a8928816,25,4,0,29
2ddc84eb822b69c12acdc6ec2ed10fc3a0f9390f,34,1,0,35
e43e133e7c7af5125d87dd80c089305c7f783498,3,1,0,4
4359193e4f0b757118f929489627eaca463c8902,60,10,2,70
5f6a5d58fd87812281349ea01cb8b79c75c3ef40,3784,39,4,3823
94300b329bec22ed514f79f2a72de5105bdb4a28,805,11,1,816
d01a3bc3061d2d858a63f14eec696cf712025388,2,1,0,3
6ff782efa55a8d06cf754687651d4350a301236d,2702,9,0,2711
cb47d73fe378fd86afccb05f2112c56fd43c2ccd,113,3,0,116
9a578a3c33be285247161463ff749a96f56bbf9a,4,1,0,5
838cc11a73f72d118f4e708382aed4d52d32cd2c,6,2,2,8
302c2873cdb4fb29f0a0d932c18c63f28b3d35c4,20,1,0,21
013f7d4629ee9d2f34a3694c616722b6172d23a1,234,3,1,237
e229682affc9dc46a5256e4d8587ecd8f059df94,22,1,0,23
1f6de95b7f42bfc071a18119819b63d6c9ddcc8a,70,4,1,74
cd8a7048bafc6d905a5348a2f31bfbdf5583a424,456,24,11,480
03211a1a4873f73e86997d7cd6f1f963927aac44,2711,19,0,2730
bb05460972e3663363d3540be90ab1c582006ce4,12,2,0,14
f63fdf6f80825fd2105af0dbc059ac5c0afca923,127,3,0,130
56e3269dc796e0e085f3450deaf7224c2d6094ec,10,1,0,11
f9ab6bbdd8a03c863c3f39b9fd8abf1d57cd9880,27,4,0,31
3b7df786cb067e234448c943994c3fa685693069,209,5,2,214
f92327ab741db49430d59989cc6dcf5c964eadcc,13,4,1,17
2187d3f4bfc2cedb57ac3ccbff61f5f426069183,13,4,1,17
5528bcfb40edd808eb496cd17b2f466e6db4c077,1,1,0,2
4a8966d08d8d934a64794c14150e4683b14ce695,15,4,1,19
69722ff4baeab5b0ece76f9abf8fb14ae0980e5b,82,7,2,89
0b1df00a2feffa22bede44fd326dcfcf24e25bd6,4,2,0,6
6d5783c694cef8a09a5e9f708f93d5a5460fbc16,128,5,1,133
26080055d6fbc5a0e829f47d43d5be7d3135e788,9,1,0,10
3034a44dc3b783782a476b5fd47cb11341430a3c,2,1,0,3
df86e50218eaede551b1a3b84d6142646a17a42c,19,5,0,24
def30ee4b88b759ce6f607247829f556687454d6,120,6,1,126
a50df08a5f232d73dffcb78b443abb970da85f39,2,1,0,3
50a3c3eca48caea98378504ca18cd073e8a7e0ed,8,1,1,9
2ab8f9ecc032e3e9fbd12ce6908af29aee989cbc,45,8,0,53
4d4d532d3b5d2fae552e8adfe3ad8e187ed67314,51,2,1,53
11780d387ccf7ab86f57313e36fdb5922e66f561,145,4,2,149
7eb125d5bc61bfe7d16931cb005a3d05b2edadb6,934,17,1,951
446608f1064af07f604849b6caf9e01162efd0b6,1911,58,6,1969
c1d6297bee690f2c0472a063d22a6c18fc0a9de5,4127,47,6,4174
5cdb51bf7899c4d5de5cf84c0048d252741abe2f,125,3,0,128
6bea350b804586ec5365603da27e62265986608e,19,5,0,24
1d1b05839a4b6456492e5fe4dd6682601bf1d402,242,3,1,245
d679bb1b8933367ffd40abd413d3bc291feb5188,67,4,2,71
df54df9e3cd6a6e4413522bae5ed66aafac8f552,2597,27,3,2624
3139ed6adbbb97246dd4c36ee1505755ed2df0fc,106,2,1,108
37953f4f4757831a29436cfe6aa49cf0e449ae98,47,3,0,50
951da42941b6e0e6bdbb8628160b08564b033955,21,5,0,26
badcaa0ca939733721bd603effac69959dbd6ac3,70,2,1,72
2b505dcd2f1e880408bba4ea64dd4cca56924fe5,81,5,1,86
72c127f79dbe2f4be55b6b7893f387aeb36248c6,16,3,0,19
e4d9930d6a8bc64ef266ecba079b7900a52d84c8,5,1,0,6
84b6a1bdebd63fff6bafa95cff501c423c1a1d56,130,4,0,134
cfb64a7c9329075b8a89b7230bae8abf66b9a9de,2,1,0,3
9294062f28a2a7ba8625710eac3ccb95dd585d07,2,1,0,3
a282e7861da444c65091b1c56cbded48a69e5609,416,34,13,450
a58902c44d62f2b0a5f5f8c8c5c5794425204dfe,291,12,3,303
54c8ce895fb56419c54500791d8bfeba364e9b10,10,1,0,11
2e51c39718d89f4af6babcdaa6ae971f0ce54ce8,25,1,0,26
72f3e0a039ae126d4f99deb8870f7f826cdef77b,1,1,0,2
46ac4376c1e357e7defe845aa3e930f54c7ec140,971,13,3,984
4d8f3ad955d46da0868569363e458a60c6667a20,4,2,0,6
7bc7c63d7c68af4f69091454b87f3464245cc031,10,2,0,12
b09d57e99f4cbdc9d1a1d71f14b53998424b82fc,174,7,0,181
22ff37b66526a25feecf8cc6fa75527db808b1d9,5,1,0,6
5b3b819e7a127e95ea9a03ec841264e4d169f21a,59,7,0,66
3a31d6a9dc33341bb79b7c066864a3deeedb6522,501,7,1,508
cf5272009e23edec03155d9f60e57651e426d724,93,4,0,97
82e4057d3744974b7b16b6f1f68c018355f3c765,323,25,18,348
abf20179266bcaf8bb0dba838a9f909f77f37d12,195,6,0,201
5dedab9e507257fff428abf75a32b45536cb04ba,10,1,0,11
eb500fa2f37616b9098b2ec8d9c86fca4cdfc0d1,1,1,0,2
0e47b87d3d4d89c31336c57bdfbdac9294b243a3,608,25,12,633
e331981446b1de32d2d89c332f33f5429ba67d50,490,8,2,498
08451c0c030bed23229edd6441234bd05ef74df6,176,8,3,184
154c43ff4aead7dc6bd252f52f81adb79d79dfe7,10,1,0,11
91ecc00f0c33b720026ec76878081b278180f469,676,31,14,707
2ded09f74b45304d66dd28693db00117046aa134,60,2,0,62
9042d3c9ab43e28002e947c0f1ad0d67207a2730,517,9,3,526
cb6fa5682c529f2a8e29d39231ec57ae89cbd107,124,5,1,129
5ed4995748cf2ed34e800f16cb6e449e080d6321,12,2,0,14
933ca6baa98998a37c14a00161ec23f04d0a80bc,96,3,1,99
567fce2f1559338688f3cea5126749c0dbcff418,7,1,0,8
174892d86471d9ca05885597bc6ceaf5abe96eee,32,2,0,34
6f3ea39d845030e6155342e3710f74198d34a1cd,2,1,0,3
55c1d276746b9bbf5458ca92cb55b2aeb0bae595,428,5,1,433
c2776611152349299853c8a7918fa0e080fbccfd,74,5,1,79
bc09386c86588d81f21afb8daa1e22c1b5d30d63,2,1,0,3
8b8a50a4bd99f563a50a32e284e4cb8a2d39905d,439,11,0,450
f1c236a239ce01b4bd2966529205ffa17e5675ed,30,1,0,31
58e074b6bc19a5c8184717a6644f05763e8a2d14,26,2,0,28
085ce0b3ef69e63f903e3a814ea3db0abbf6438e,9,2,1,11
1b319475d1625149de69253aceecd25fdb1a1179,116,3,0,119
fceb571ccd24e5e5cb7a1aaefd11e6116c8f2e33,18,2,0,20
f0669e5fb1199f98b1b94f00ab02f9488ba463ca,24,3,1,27
526ec5bffb048a05936eac1dd98c7234a884ee8b,2,1,0,3
b1373e01ab04d12762f26e7f2543db15bd693544,344,7,1,351
afbce5a7570c0b108118ad139aedeaf5e84ad17b,10,1,0,11
9e5616fac256911b819ea252cf3c450685c62dfa,48,7,3,55
a534e5eea63bc069f7cf0368bad2219cab533a5b,2,1,0,3
b235a19afafe7c8c54175bc3e12010be7083ae56,276,5,0,281
8e47bd8a7315636c084ffd44f362d48339905db0,7,1,0,8
6dfb97a46b6d59676784d4e976251e588a678508,720,14,1,734
706a9578f85e5dd67dad0743bc4d50b1a842568c,167,3,0,170
5b31cb61f605659bffec797f1d9ef46a2bbc4474,77,7,1,84
3d69db280ee9048c0cfedcd85399c6e39ef16bac,5,1,0,6
b70a1b81b4fe1bea81313721f3ab1abcab0d7929,785,15,4,800
c044d7a43e64e25883f6108709af6fecb4d6a3ef,57,4,0,61
85815043832e8bde698e851556b9e6e59fd7039f,7,1,0,8
5367ca967623658f912369a3cd666a5edad50918,146,7,0,153
6444f59cfcda3ee072b9c4a39ddeb5dc9500210a,2,1,0,3
132c25ed0d7e868f9120b193ada03af286cb8333,18,2,0,20
e131b691c94e60a574e8a54b99cb7c2522cae8c1,117,5,1,122
6045079b5f5cb89def74bef55518351d4966c2dd,12,4,0,16
31b0364c0dd993aa22a315f2dc4e42fd4ecf56ff,51,1,0,52
305ce282b3bc1ef377d99224099830bb6e97e8ce,277,14,4,291
d594de4bb7e8668f2a198839fd35c54edd7965ac,1409,29,0,1438
6c5d2d22700fbb4240f4befdc75297b317277f1b,4,1,0,5
0b85cac1abfda3c85defc185d33b2d846c370525,12,4,0,16
016b94603579b488375ff31551bb8dd9115e23e1,67,1,0,68
4d86b93d7880ea3bb455c20292a46b3def9e87d1,2,1,0,3
390149ff542e55822bea62a0f759f4ada2ab4ec7,2,1,0,3
ab47b29393757a0179fd276dc5fc4d790f3940ae,17,1,0,18
b523fb9e9eb1c45184a2e1b45fb3ba18e2808c52,419,7,3,426
f85798535969a2bb43ff165a67f56429ea5108f2,4,1,0,5
4c02b75d8e7b3b5f2a1a5af8bef051049fbc5766,1370,30,3,1400
402614cca0bce62a34c5484eb9e5ad891040b76d,8,1,0,9
5779a37cddea018afb892f5940596c9dfe9e7acd,10,1,0,11
bc390228d60b06c20e301cc5e4b834a0e94f0991,13,2,1,15
9c4336e47d8503ccc1ae60b1a39287a460bdb880,25,2,1,27
b451b200d9f58f3e43bc15254bed32029cb4117d,47,4,0,51
6ce22664f3fe354fa1fd9b4ff8bd50971a93288c,12,2,0,14
8e0bd50b72c05dc3bd998c5ff873d9fb853c9bbe,101,8,2,109
5bd35d1bbf30a3daaf90b065c62bfe0dc397b510,4,2,0,6
e94d439604209545224270b871c5979772457535,22,1,0,23
dfe3a0e933ba71b89ddbefb37ee84715f9478940,1658,44,9,1702
e85c4ab53afd245c4040fa37e6c051ddfac2864f,26,1,0,27
11878fdc7ed22ed7193c7da3a7a310e57a6e3103,18,3,0,21
e042234b9b42b4610922a058de3f0ab8523e2e1b,4,2,0,6
b3f5ee9fb698f67f579f2dbf8b512806f61bb5a9,58,7,0,65
1d01972c0318fae43321ee74b2cb3f224f7d61fb,225,18,0,243
a7bcf087c0f821deb2e84403161d6cf6fd4242ba,2,1,0,3
a937c0f53f8597a57abdb83d8e2ccf64916f36c4,2,1,0,3
51a23801b38eb76f4e72c21304136c6090d4b808,19,2,0,21
8ab7e9c473c5ce5b487bbab2a7b682f3fb165cab,31,7,4,38
90bfb7209bc74470e2cc33a0b71369d2e473e2f6,328,11,0,339
82ea5c107da719f0fb0e867a0018661e7f5e67cc,9,1,0,10
e51f3ebf7c491663247ed31a2bf84861e1174bbf,21,2,1,23
f6908f154d9698b587c8ba21ab8c60dce72f2a7b,9,1,0,10
b1966cac03f98833933a3f3749997baf5120bf1e,20,4,2,24
1a41b374f6f12c181d7fa45a9f4791c713a70e0a,15,1,0,16
4c6ce7a6073d87e9ee430c5b3667ff06ff3c5ed6,4,1,0,5
e308c58d72a8c1a784f01a165c53d3fb16d6fcde,14,1,0,15
cb06507f6323a9bf7a338ad0ffccc1adb9464c1f,337,5,1,342
3b994f35e039f741afd5fe5345d2974586ece81a,601,13,3,614
14d747a23a33303e9edef744588ef4a3b4972b0c,103,19,2,122
621e2579d4a69b6837619ae3a4a130eb314c6fcd,35,1,0,36
f11e6f35bd4da1a73ef5d96b548216ee161c439a,5629,65,8,5694
ac12b282552265c8bdffc2b79a63c7fae17771ea,29,4,0,33
a8d2a997f85568fabe25deb448315b3f111ff9e4,30,3,0,33
847e12db3e61b19fd0301281df17424b8572601f,630,30,1,660
e703361eceebabdcf53e378e5be21fd4b7714ba1,22,2,0,24
49ae3f6df9257c03f582f985f287b65bf2302993,4,1,0,5
2dfe3dce55290b9a1be1e41029a3b26c07348b8d,12,4,2,16
8e5e4b5e47a01e90a39551ad0a62267175476268,31,3,0,34
4c72ede4ce909bddfd8968055304002b34c500a5,10,2,0,12
9c791edab95998ffe7edf90e814b75422880c1eb,62,4,1,66
02935f35fab2944660b116a0d873150b1b7ddd26,392,2,0,394
e11ecf81ac462e98edaab55390b59075210e0b10,20,1,0,21
fbea3e085841c2332f7ba91050706aa21b5be09a,332,27,0,359
3bb1698a2af26cfac1e41a966ab21e81346fc288,13,2,0,15
55375edf487c06eb28d34d8ec7e3704522b69d90,1216,44,8,1260
7ca14097740e8e456b74adad1d6ae1bba89ed7a1,6,3,2,9
d6ea95061de83ac2f4fc126153edd8224615a666,10,2,1,12
c359a95658ea575923a1999454ef6f9e83654b0d,2,1,0,3
c9f3616593fcb56371a215b8b872bbacb826b2ab,22,4,0,26
8b43c44dd755c1d270e76c536dd9681ac3fe81bd,240,20,0,260
fb0055020689a1e8beeb42ac7a16556d939289cc,2,1,0,3
de978051ecfbe086a81ce455070e7a260440df3f,2,1,0,3
bbf94fb006307eed89b62727c14f67d54e7ee0e1,2,1,0,3
f081455ff1b7ffadda398069380af94b428fcd88,1,1,0,2
536e66ce76aaefabeb3784bdc8013f7a2513d7f0,12,1,0,13
7aa82aa7e6b718081f96fa906670ddf8a65bba9d,10,1,0,11
2e69f712329ff0ce1af964df08c89328f0be84aa,31,2,0,33
438f0b224a6321c5e309b950798069585ee02251,1098,44,11,1142
e2706c72998d9ddc8d2249d5bab33db0d33aad02,47,4,0,51
82a0bae78eb52649536468136174d8c5f2fc3a75,10,1,0,11
19dfc873af5cf74b715267a7640c7a9143240c38,298,10,2,308
efcc1564f149d9fc744263163ffa38c1f73f4df8,31,3,0,34
8b04a94f1a2645745310c4a765685b2f1547de5e,28,3,1,31
fbf3019efdd7381ca7e77b994d0a94f6cb8ea383,73,2,1,75
e4248082223dc132a0afa38ba254009f7043ee46,28,3,1,31
6a3e84bd1fc93763aafc0fdc527c325cd2c2b322,152,20,2,172
9dc203cbd1edc5c1672ece39940da2311ca70664,14,2,1,16
d4c18c1c46897b14828487a050db887bbcc36a0a,79,8,1,87
7d18dd7c020dabe8c3d3bd1603ea086f744416c4,11,2,0,13
185ffd43e5410234deae6e34ca37046242675c9e,18,3,0,21
3ada8af5be77f8658d011c0df0f5867c59896d84,1610,21,14,1631
56ac563fe12fbed82d74d9e69b615685fd2ec90b,640,26,6,666
78ea11d91d88df796629eebd28ec8afe6aadc000,4,1,0,5
80ca24c8a9cc765c0368439973df8ca2aabfc816,19,3,1,22
c62eb87b54844af33babc57d0919b5630a913e16,23,1,0,24
6629db7484fa16cb3d1ae439861b32edf916d96c,5,1,0,6
4fceaf55907d28454a5dff6c3c5c45c57bf63b53,308,15,3,323
1197227154cb456154da78cbf60d95405285a8a7,62,3,0,65
605d7044d824cb863b5ec1f517781ff81562386f,51,2,0,53
39a9ec919085fb62a8a5b6fe9917e320c95cb870,47,2,0,49
fee1e2934e97863b63953e471261b49c518be641,539,5,1,544
d39d1c9124c63be7afab871f9111f1428ac633a5,70,5,1,75
b80dce567b6a06e8f6daf79d581a1843d81248f7,210,8,0,218
b1aac73469baa3cb3ce2a71147b9124c1d15a143,25,2,1,27
40882956396660bf213dbb5757120a2010c3c04a,30,1,1,31
fa1469927f59cc0ec7ead1b07502348a8d28bee3,104,3,2,107
6981c4dd74c222f87c38fe4a266b3f84768a5049,19,2,1,21
70ea189d08d8d5d17db85201b1ecc335086d18e3,45,8,0,53
8638b9e519f54b0cadf3968e642fb4f1e6a77900,2,1,0,3
dd77819c2b6cb08db4d05217b6f71fa17e6eeb4a,109,8,3,117
dbd93781031bd3ef37191e4fc81398edf15c7851,132,4,3,136
234d236803535d830484429f5ccc5c4633558e70,10,2,1,12
8d86e65f67c535363531e71cc273fbfac1d88f38,53,1,0,54
29bbd002af33369d043e5263a8dd86a9b562806e,229,7,2,236
c1c0e40b56c4f9b2d5f9be8c4b48cff426a34e0c,28,4,1,32
26321da0d973d93a7d4c95febdefd754e18f1cf6,4,1,0,5
e4eaa5ee974465b24c2f3bf89ce14040d3559f7b,614,14,3,628
17d2cabf2e07e3d02710ba0b5a2bee7a37e9c23e,30,2,0,32
653c3a23eb223db7b379664d31c6e047e974deb3,63,4,0,67
ed0cb09af1d0f525b5ee5b21c4c4d864b9402f45,79,3,0,82
aff90f46c86bc5a4a986d984018a9d27f6319a40,45,3,1,48
183f849e72c3f9ce8407beeffced2a56c7c0dca0,349,8,1,357
71da0272a2f6dfb166231e5dd424abbbaaeaf36b,115,4,0,119
561a467c1357f77bc11071e17b7c1c235e7770fa,1180,74,13,1254
22d8d22d3d8f4a6ae3e16e8d4f2698c03519fc66,2,1,0,3
885a8425c6b3048353b360c779ce24d23f4bb00f,58,2,0,60
7c7f59a50429905a75f922b2f7e560379e5f3ed8,14,1,0,15
02022732c8b73050576c1b21395755ffafe50c77,57,4,1,61
7c78b30ebe8a50af0699f2b54b4d7f0fb1695a70,57,3,1,60
60388c9c1a91e8d6c924bcb4422e693b0288b530,2,1,0,3
8508055c1cd1d6006294ccee708dea1bbccfe5c4,6,2,0,8
2355ce3a95365ef8d78674d42552b8cd4f1b3fcc,2,1,0,3
1e177dba411ae42bb8f06b6692030a5ba2f981b2,752,22,1,774
0e82d6a8d29d3e7f3ddf0ee825c3290149c39b0e,68,2,0,70
c7cf20385b2660b413155186e970df1553e99802,4,1,0,5
49f2346b34fa702fe3ead94febdd8dd5b07592c8,4,1,0,5
8730945dba100583f106cb44d58a58e3a90ecd2f,304,15,6,319
fd780d46ce853666aea4bead04b125fc491783c9,22,2,0,24
fc36cbc425fab30f5bba94db729f3c09fc31a730,39,3,0,42
b1d21e6934b8c4bc6596cb26514264cd5e0741d9,5,1,0,6
08f7a2622c6b9846b1fb7041a8af2fadb970ddba,2,1,0,3
b5b096205f229d03389346f934c7598c600afcc4,50,1,0,51
e5b6850667ac0f67bef9e1d0d410f37ded2e01ed,65,5,0,70
2fe4c58e1bc287adc908fd24ba24e503f8e1a9f7,224,7,0,231
9e3b4eb9ae537e5304baf202d761bcad46ced5b4,1429,27,6,1456
73aa82ed4534161b4a72c274a8fe839038d51f22,4,1,1,5
5746f6cb20bd717cb7426bb8829e6922aa53f002,84,4,2,88
ffd1e502c404a0970042d0023f3c2e1a983c86f1,7,1,0,8
2128166dc1ece228b8f7174a38e65c6c5c2dcd9c,16,2,0,18
89f4ee77464030bf0aae6f07af6aa4ba0250041e,1075,19,3,1094
04d86db047d46da37a6310969cf008c34ceb0f23,44,3,0,47
e95af9fffeb6981493de49afe8354bf4d8472ce0,202,7,2,209
e2579d261286d343196c7781bbbfeecf601af461,58,5,1,63
8d0788e8a9d1287381a3a697ef64542a5c52c080,3,2,0,5
fd914a09b401eec3c1f850965ba862434840f1d7,4,3,1,7
a91d3bf31f779738e3a373563b5b4e6869cb462d,86,3,0,89
085f3f1181b121dd2853123b740ceb9c0afc6f94,8,1,0,9
a89ba61fae849da4cd1c635670dcdca7e725500d,597,90,0,687
a17c2eade5ecbd22b73f605009ae095ae7c0ecdb,187,9,2,196
4acccfcbdf7ba24b4c24cc247a7b192594140edf,237,1,0,238
f188b40d5b0f8bdf1564164b78bfaf73e27d6e25,7,2,0,9
e96c244b3ba5bc391481b2725d0b2c67d450dfc6,5,1,0,6
d0928eace051af155f7662650a9e34ece89e4f98,1,1,0,2
8e3bf304fb31f6b46252e89a8f268784eb4a8359,8,1,0,9
136140c85800d1d5b4e0a770b33f7ce82b1c2e99,244,20,0,264
71d250800ac704b36acc719e7866ee964303b152,94,31,30,125
76ff2347771ca756c1bfc46f136a1ccfeea1b5f0,23,2,0,25
d22511e6e998b22fea7e0bd7eccedead565d80e9,4,1,0,5
7df4d7028cf1f6bf0e6414bf5408e1a9bc5ad39d,36,3,0,39
952cc2bfc3f80f95d486c789194ad35ad1d3d9ef,143,5,1,148
731a9998812916cd3d99912f064804e002a3e14c,19,1,0,20
930bac193ad258e5308c5930e2d5fbadf92a24d4,35,2,0,37
962289d83c9d9ec8d24c4a3851a99acccd5a39a0,12,1,0,13
7ff0db9a060e435c4ba4be0462c4937c2fdc8984,3,1,0,4
162807bf8f546d00a65894db2c920cd7916f3264,19,1,1,20
6f0b8bd262b87649dd38de5437d92662ae9b706f,4,2,0,6
bcb5cd436a9820070f711454e91e361bd633d19f,21,9,0,30
e273e35df52ced4fc3fc3e92c9cec78f96f7b79d,2,1,1,3
54f1f67b526463eb5e89f427cddf2e81fb64bbdd,3,1,1,4
f30410662200903402e780e6fc28e1ddb78a3562,2,1,1,3
34631f1dc197c40863ede837b9836a97cd01858c,2,1,0,3
227fb9266d2ca232c774a72ec913ba4e97af3bf8,287,8,2,295
ab4fdb7247dce413cb33a4bb147d6f1b0874d837,34,5,1,39
b139918e3ce3ad229e6f7698f26e57a4f98b9163,4,2,0,6
c8fd17da11c7a16fe741dc7794f01c60986f1f5e,16,4,2,20
d63289a47a9ed26098ad93cb62ae1660bb937182,705,17,4,722
58af3791eebeecaaae7311d1a96d33be90c1dedc,3,1,0,4
c3298f4f509a322e5beeac2d7093bb07c5a59276,7,1,0,8
abbae06204b4d0d199aa37eeb886e9b8ae7f0bf5,174,10,2,184
a22b59e18a3ea9e844f7fb288c1c3bb9b0dc94b9,4,1,1,5
6322839fd05f5620cdad41e702cb8d3cf71a7683,34,1,0,35
8c5b1bb6d857654c53a87a15091b4eda20d73a74,2,1,0,3
b1adb5a23a9c9e23d8527edbaa260cb70587d81b,154,2,0,156
c063ebadeab0ec4897b57bc88bc9232a19a84905,13,2,1,15
4cebdbf5aa2d04d37f6c729d22bd63f16f9a4694,273,10,2,283
73b8812623c332f3cf34b8936aa3332ed04138c9,4,1,0,5
4db7531374356e112e4ec752cbfde7f36c1cbd86,13,4,0,17
30c423116be6d9a59d46a32b13bbea53d7366957,98,6,1,104
59bdb47817840e1ede35eb7292c3133174eba9ce,475,8,2,483
f5eb4cec32e54ba40da492483fc5d9afbd376405,685,8,0,693
b3f1c9ef79f654174c2448d5846fd64155574259,48,3,1,51
2f04fa891116fac77044bae9d62519728c2cc8b5,292,4,0,296
bcbadc64aaa287c2556af5f348cf01e9c5aef287,71,3,1,74
0fc1d7ba2081ebeed5c45d87c27ca57727f54099,170,4,1,174
7cc031b24944f8d3bb1c3cacf9fa76734c14d0e5,5,1,0,6
913ed3c5f7d2a8bbcbf1b09986b7dfb0cda57c81,195,12,3,207
f3bdd4a1fa0cf19bc1015955d8ade4bc79a8e16f,52,4,0,56
4a25272d822c6d2de09fbcb405e073f35dabf5be,18,3,1,21
dfed9b88b4117d2db754e5236d4a3af2d1e1dd75,5,1,0,6
366a9e84c38902c077ccf54ba1b5ff0faee4322f,6698,27,0,6725
05620fe689ac6e3412df605a1a231d5e4ef6012b,128,4,1,132
5642b52077f14529c48d1e685d83fcae86c89388,18,3,0,21
41cc755c01155fbee23fe4418cbe33c0ba36b52a,132,3,0,135
9259620dea232d0abecbf2815f7bed47d19cda61,20,1,0,21
aa99a44c9b131317aa55eac1f6c20694d2deddfd,120,8,0,128
409235e8db2ac370eed22d73a67d0771e886f907,474,11,3,485
7bf1f248733a74a2ca674f17ce5165de214bba68,613,5,1,618
4ef4859330c9deca5394110bac82825fe3df20dd,282,8,1,290
550e147791ae144e469174af43c5cea6d8d8dfc5,32,1,0,33
0ce5c23af56760ccf9b9dacba1a7c27cd8e946d6,4,2,1,6
b405ace82b7e1547486f8599585226d191771eea,18,2,0,20
35dd87ec9b0607307e09ff4b4f203341d868493b,53,4,1,57
62a892792c41579ca8a3d336a3dd045f8f448517,8,2,1,10
80ce7a06ca9fb7f17d1eb0d0fdbd7647e6041bfe,51,7,0,58
316f1b24c5cbe6bb5d5e8b98d8f1947c5d2edc6f,6,1,0,7
4a86a135ac830083ba18e7d049faba2f526e0970,5,1,0,6
b29197e9d0e4d55da9132c6682f7a2647d96ca5d,57,6,1,63
fa587cf35f64c1c81097523ef2ff0b0f6f7254b2,52,8,0,60
704f2b9d31678e5561be47e6466eb23bd0b5e9e7,2,1,0,3
e78e16cbedf006731976e3ed46fed82760e82e08,42,7,0,49
f1db72297b373c856dcb149c2c27dcc3a845959c,84,6,0,90
85281702cb59129fee964b342fc1d475afe67f78,10,3,1,13
8a7e0b87144fba81a22055684441906ad1c327af,18,1,0,19
304be8f81dc4dcbb8187c5a807e124e4045b1904,2,1,0,3
304c3a9e09ccdb09405570b518acf039ffc4a47b,39,3,1,42
95a0f43c57deae12f9cef436d5e1560fd533ee58,191,3,1,194
5365d28f870638bb1a1ccfec8da223d2726c6ab8,26,2,1,28
85ed8e2e51e1ea10df38d4710216343efe218d60,441,26,18,467
a8f7657d0f663db155b62bc75ca2fb564379c108,370,17,14,387
71a8c0dffaba1ea7ad72b802170a6a654671b205,28,2,1,30
93871c0f24b9ba995acf35623875669030ca4247,9,1,0,10
31b7935fcc410c1a1e22d42ab63b6926cc5d0ad1,2,1,0,3
8ce545b972b75c3cfb649bd2f902027acc0d3a8b,6,1,0,7
a7cd80b528c88219e7ff2eb5e4152541f4a9ac3c,4,1,0,5
e0e2ca5f8087d8f47a9fba4bfe736b53a565cb11,19,2,1,21
32c6f76c02a0eedc196a57f41168887aff12a016,2712,29,0,2741
4cb0a02ed0bfb643ce4bd6faa45e362ff1dc5c18,79,11,8,90
6b77f559e8ea287f351cde9a419a8f0ca1d6bdcb,12,2,0,14
f21b71a9865d9d4d857fba56f5a3911dbdead0d2,7,1,0,8
0afe2e2fe348262a7d469a9f53cf9a1072fcedd1,16,1,0,17
c40b1bcfb179d034a865397b80ebcdcad5339a84,3,1,0,4
73156375584fc368080fc2b78c85bc52bd8469d7,2,1,0,3
034154206ce66b73a7439f7a7ed4102130ffd1ba,39,2,1,41
3c97c7f2386c4014c8659204f6442142ab54537a,56,5,0,61
164e517bea65c0b145967afc159cf9971bc9a63e,134,7,2,141
4cc9fc165092d641f0f8ba8be157878e47d72df0,612,14,1,626
97874624a236aebfa0b9384be16be889f428c7b7,12,2,0,14
8eaa6f42ea4e56d91dc165c217f6032921ce6c47,8,3,0,11
9a6fac8b46aec5d8cc78ae1586054e40e0d166bb,651,7,0,658
91bfbf9db1b2ca915644c264694e0add03a69e61,118,8,3,126
2636aec20ac1548cace2482d09c3c6eeccdb8b4a,8,1,0,9
6ebf0edd95f68fa48be3832d3630f07bebdd39bc,8,1,0,9
f3b16ad5e3a60e1fcc682df504ba72f712995622,104,6,1,110
f65ba502031c6934b941771da322c572b75581a4,198,6,2,204
369e80b89e5a9c83a66f90f8021a925c90bdd333,1120,17,4,1137
b1f8646953ed63a52dd10ac6b9c07ad00b069886,10,1,0,11
60c5074ecbb10a14c3b3d997bb324fe04939fe4a,21,2,1,23
160c36b599faefcbfacd430170470faeb653d988,2,1,0,3
e4e7caf4545ddd67a66b1c584729e93dca6cceb1,2,1,0,3
97ce203a7fb72fd0300ff84ea5fa8e52f6125ebc,12,2,0,14
df69b18fb2d915b4268304ae769478efd88b619a,2,1,0,3
ae63249fbbb1a37b4ea8ba9d4da8e30f4d66b2c5,58,6,0,64
f3c1c2aa15005b2c8db97f3daaa3916e576e2aff,6,2,0,8
9695e2da6b61bbc503faed607222e33d3899cbe8,3,1,0,4
b173590a62144bfa20d4822b99283677edd61c16,4,1,0,5
d13e72c76de566c28000b91761ef789cea727c91,272,7,0,279
06e7a341798a8ba152432397efbe3155e53c4f5b,9,1,0,10
927e99b2ac80d4312796d9708271798701284c20,1841,69,15,1910
61788c44469203db200360e1d99af77da4e9c140,82,4,2,86
906b911e6248ad1685c22cdd8cb5a9dd23865d50,61,1,0,62
a645eb02940055c55dcea0190869bcc432bf3e1a,32,5,0,37
3b9cfbf64dff6f4fcd599be46fb48fcd8d8c2828,91,12,0,103
70c0b98dfd6dd37a6d5302ec1738775d7dbc38b7,15,1,0,16
37b072a83e3444a7d6aecc2d253749e832e24ad7,2,1,0,3
628f064fc4ff1d307c24e7c83758c7b952bc644e,8,1,0,9
ed18c3e6bfcb64322659c830dbc8ef787bdb3477,20,1,0,21
9c1a9e0f78689ba13a1f46fcd3f6f10fd108bfc9,8,2,1,10
c45f4152d022968d617616025ca0386130cbb4e5,11,2,1,13
dfc36a4d53f01b5b9f00bbfad67dc3207d0c81c1,238,5,0,243
c98081c7cf83e5d606ed09be2cdcbf7e845b6ad8,93,8,0,101
15ca137d4f2774cdb15c5a0938cdba27590fba04,8,1,0,9
622a6dccbe58acefee0acf926a2d72acad374c4e,304,14,0,318
1a80a2075dfb817834fb7e30b140599da16df238,2,1,0,3
80ac50649dde5e68bc7fb1456bae0fea5ffa8e2d,8,1,0,9
1d77c42cc3f137e041e5245630909e841618deb3,4204,36,5,4240
5aa9d16b5d20a81204aee779c8de2564a077df06,14,2,0,16
91680156171f1372c45205d11f94145af572b3c1,20,1,0,21
dc9e9dd1138d593cdce508a2cfd541ff23e87a57,42,3,0,45
1c47c15e2d1b47df2fc374da5308c38f68692ac8,9,2,1,11
e3eebb470ba53e2004a0629573f461a120d61955,22,2,1,24
34561b5485c6b73dc635073f46be37cd1c547c20,32,1,0,33
da4f1b4070aed8498e1ff41b96fbe59de7699b61,28,3,0,31
ad96136c3ec16750bc0ce4b0ce3a1a0e3bc50916,1040,9,0,1049
7288702a53d9c246bd6e7194e03e00f9b64fe61a,51,3,0,54
19a963fea11632bda7f6be3b91ea319b06a7f998,5,1,0,6
e34cf0f6062643cb848c4da03aaa98635b261e77,94,6,0,100
b9118fd47e2e908c4c2ac05aa28d63fe424f91ba,46,4,1,50
a6039600124717cf5b355eb511740c9177bf7e26,24,4,1,28
16e920fadcc74949b1c759c1da5458547d301c00,32,4,1,36
c7b2ea1c41d10978854496f74901c4e3c9a2b393,204,3,1,207
ec69154bf56edd74df09c8646986993cfba3cb35,8,2,0,10
919f030a8a87b287e2d1536682a4d83d40cf2d1a,241,90,0,331
a6fd2c5301c0fe406a1ab4e3afb26e471d32bb02,43,1,0,44
68aee7806a8df2f108440f37481aafd155f814d2,2,1,0,3
593a5ccdb36b198eacbd89ec24dd2537b0f2b0ca,4,1,0,5
6ea94f27b48b4f637cf4e7284b5b24b0fc374fe6,13,1,0,14
80228c35905ebd16b7c80ce40f5b2d4f67180160,7,1,0,8
d1474ae0f59234ddc0a95168936b6679c1b36986,9,1,0,10
dfb8ef9621d895ebcfcf1e764a43451e4e425d37,17,2,0,19
a230af741978a7de27fc57f4c9ad729726d6ffe0,55,4,2,59
3ef292a05bfc6f5e0b7b784ee12fa4b702048e19,1,1,0,2
0ec89755d3155c254bdf33cb7e9603f10708af65,2,1,0,3
0925ddd486ba737a7315e576c8f5a94740716179,11,3,0,14
ef11cbdc1c78bd86951a8cb4d88c5ecf936c40c4,1,1,0,2
bb5e7e1c136b927ceecef0b3cde680fb2d58695f,165,24,4,189
93720fd054b2b077bbd1142b87076943821d5afa,9,2,0,11
a3f0dd5ef062d1a8e54fc33f6f95b4609639d1b1,23,4,3,27
cc2f8f7aeddb8d718e0be2205d7f742d29d03bd3,119,5,1,124
f2b16fc0f26d6d2193d5c8bc9dd5ffb34b45c1eb,136,2,1,138
97c998d3c7c4173f1a32915451045461f9d3e341,68,5,0,73
4e6115a69d4ac6cc0764eb6029a52805693a6f93,3048,18,0,3066
5342df73e31e2282e871d2105e1e58823daf3498,451,4,0,455
5ce2c8d254ea41fa352bd1192d368038f1a8025c,27,3,1,30
2ac9b1df90530e3ff97c68109c6011b92042b6f3,251,5,1,256
51bcc94bbe1ad5fba595f7541361cbc2952cec93,2,1,0,3
934e38add26157b87d6b247e4efca4f795411a2c,20,3,0,23
470ba4533930f2eec1770d491a2fe34fbb2f3c47,110,2,0,112
aa96e31807f5e384b5475ab6a017ca006790c46d,270,5,1,275
64e3e0730dbc2d1206876c968fef0bb028fe5efe,104,9,2,113
9aa4b98c1e4081a5f1f9f13a19842ccb4cac165b,108,6,3,114
f9fb395942b958d473c3f14068c7840f1cdc2e23,20,6,3,26
eb0f8ab8c07c83f054a9de23aaa4edf9239e585c,2,1,0,3
a8021f0e72cfa375eaf3e2311d84e09353fe8f73,248,3,1,251
256df9bf1ef11a1ac487529a2846f1bcbc30b1b9,12,3,2,15
100cdb6021f3f8132ca9b3ed3beff507125cce78,576,3,0,579
114a06f37b96e46414d6293bc73dfddf288dd4cd,19,1,0,20
e94790b58e70fc4024f07c7f079e7537af04c719,203,3,0,206
3b5d4c2c674cffd2dcc2cfd9f8ffe9c2f2997b5c,594,12,0,606
d4d82e3a843903e66f76e12157c16eeade926576,17,2,0,19
d8961637300450e504affa6e27832bd7fc10e5a9,2,1,0,3
227657365193793515bd64aa1678f45fe3502b0f,1854,13,0,1867
9a18f63d466cc0b7529e30ff2d8069e805fdc1fa,250,3,0,253
77324af58d847e67727e523de697e8aabd33386a,16,3,0,19
c8b1210d55aa3fe5247298e1daaa35fe6b45bbe8,26,3,0,29
8ff2bafca66f334d6d67057347f85942a83d8b9b,59,8,0,67
91f6cdfb1974966c4e25a773be2a999b4d6dea77,4,1,0,5
979820ec522fdc654f7ce857df60fb4795b459e5,4,1,0,5
ba766944b96308f117d488803a0d3a529b488dc6,48,3,0,51
1ec1561569f708603ebe97f1f2190c697ef2e949,18,3,0,21
27609b9ae17372215f48c91c6cea546625372ae7,101,1,0,102
0796bf9d4ed4791b1fe87d867c6d2cce10525bc8,160,18,0,178
f6a2d33ecdd9436978ad93b5d00b3d8d2749182c,10,2,0,12
9aaea3ee01ab6f05e6a3202ab433c5d477edef5f,111,9,6,120
7ac3a0284dd718e155211af89501ec24700fe916,4,1,0,5
829c268ced3f4f7609c0db2c5d9b15055f49da11,5,1,0,6
5dd5a6584b931a2681599b60c3f74f9d529713a9,288,96,0,384
dae84d3c4bb7cd694c201195ffb14d60bb02f4d3,7,3,0,10
d071e4b66f277953d6db4760bcf188a1f78b3936,823,61,24,884
37630f2e4e1a1b65ca87a45a5bc3db4331f065cd,158,39,0,197
503ae3be6fcb911ea71156c4c6a9805d52549899,167,7,1,174
924e38f1918cbc9fd1282b76ef99212a911b6e2f,5,1,0,6
fd7765a404890037aad7578bf7f4726bdeeacf0e,6,1,0,7
b3706fbf4960856ac11efc66b8ac33c4b85a0d41,6,2,0,8
056f952095b7c363ba72dab73c1d5a23b012fd58,760,10,2,770
6dbf9a96100d3ea9a11332bd5ae1125e77b15983,153,11,1,164
368341c1ae000faa20ef7724f7395a3f8cc13d10,103,4,3,107
ed2b00ff1a68c30c484d2b8bb8a909d9000784f3,44,4,1,48
9368005e7bd8ac4665df99fd9b532ecb742882cd,97,3,0,100
206d555fea9077433a340eca6f3864c051df9b0f,0,5,0,5
575df6890ea0349314c8f23a5c19c758779ea9f7,844,12,1,856
6a30c0c745f53a6eb0462d17c32459567382a91a,44,2,1,46
5d0be08f3d1f74a33ea14a5451671e0699a5ae4c,4137,41,4,4178
a1fe668b42d5e150280a7f2060752a08f8fc069f,12,5,0,17
fa1f72891f7c83911deefedef5275fa766b5b6ab,355,12,2,367
79750a88025bd64cff5830cf2ec8e6a6181454f5,17,1,0,18
5c52dd38dae7d5bde49837e3df2eb0b68a305117,4,1,0,5
9174db58c2a68f9bedfaf8c442055e04daa95bd9,66,4,0,70
1e63b4ff8d3476391a6db5e28ba59b0fe460c8e2,1724,30,5,1754
26162dc3951f9a7a4e05cc40330ac6a1fcfd5ef4,845,28,1,873
d4234375260c6e8a1f02b74dc1d00e99d8ca19eb,16,1,0,17
8b2241305d06db8ada8853019beedc21cbb8990d,17,4,0,21
7e7ba0277e2ece0a968c54d482bd45be305a0d6e,2,1,0,3
769575dfded818a919d5ee242d540e12e3cdbefd,21,1,0,22
a0c3e5da00c0a8c51db527b27f6ec673d450ef14,29,2,1,31
28bc9722700905777f2304a843a126c302d2023e,198,11,1,209
1f65f4d3a3b7a1b2cc1c4feacc604c8e9896f625,6,1,0,7
e29fc9355f4ab3d1ebc849047f26f366a42c53d5,14,2,0,16
27dde459fad08ead19a9d99b4d37a2c05deb8c12,9,4,1,13
ec33eb5af5e1033a9371e033521f70e9703abc25,97,5,0,102
f33accd6190f046f16c5578ff6532c99a27ea8ce,65,5,1,70
fb069f92f65ccecca3dbcd03793febfa8d05652f,70,2,0,72
a0da85dd48f9000bf510167cc72a558008bf651d,768,24,5,792
ddff5f8c2ef4758928d2f0eb494b474c43de1a44,36,4,2,40
7fc25718fc812f99f3f701d532ab7e09727b5bbb,45,6,0,51
d4d4103f08037d4534262da2ab8973c2912e6115,7,1,0,8
7e6c1236ff84acd636325763eb86017e8a412d9c,2190,34,9,2224
cd2b3f4c95add218cad1c0572f39ef0610841514,8,1,0,9
e9f411919a499b03363efc6d064d9b39e945cfe8,14,4,1,18
caf94a41caec6fc9ca29d0212f21f0c59639f8f2,18,4,0,22
2f55fe8ed277b28d71f858633f9c9d76fd18f0c3,194,10,3,204
2c98720e1bfa304bca4138187b885cfccb64718f,2,1,0,3
cd09f93b0d713ea3e199cf96f24855d4e67c1cff,11,9,0,20
987c0b70325ffbcd061be7784f84eb32a1b6cb72,2,1,0,3
d5d26583f723d9638d69020aab885afefab82c5c,34,2,0,36
d85e3fc50232b36c8a47f9694896013d127d35a2,8,2,1,10
37cf84a5fef65f40359704e5cb2238264e00a889,3,1,0,4
de3a88ee1732ece6ca167f3399f759c43c7cb76d,5,2,0,7
195ac4337cbac55e12809ec204e0603db88e2cf4,1364,21,1,1385
d286a4305d0f16df473a41e6ca48f965d808849b,2,1,0,3
ee3fe5e7e2c8be68213328bf48bb57893caf4e6f,12,3,1,15
bef579d87f7531480052d8e9451752cae1118e36,2091,15,1,2106
f6e822434bdfefb2ac2f1a89721c3b3fe5695e8f,10628,55,29,10683
3380e1f2beb203f3ad23088d61675bf96847c63e,2,1,0,3
47d8902ef4a49cbe26d165319896fd9f851a023e,258,7,2,265
ddcbaffdd576a4dfa235541789ca94b84b7b4e1a,4,1,0,5
020d587a4deafc47bbf97887d14802c7de0be5fe,246,5,3,251
631d6f18108628c8014261843b1017ac8e6a72fd,168,7,1,175
d8d18f59b2926c90b34b5cfb27a3c2c3174f62a5,1617,26,6,1643
b870ee69a0751d2eeefe43cfb22fa1acc5ef8a12,20,2,0,22
aa32f6258d8df01def4b2552b244f0071f54a24e,28,2,1,30
baae6edfd296352dcc2c6efa69d18e24e0ae743a,9,2,0,11
2b4b6570e1ceb921792b3a13973288a18076903d,101,2,1,103
914be909605b94b599dc923844b70a16616c6362,28,3,0,31
78b7b3ad3377deabfd355223cdd21d2470b4ca54,8,4,0,12
60ddde694681f2071e60b21dfd600c4831b0aad4,564,5,1,569
c26ed1a0bc0221141d8d216c54507a72a6580e2a,151,6,1,157
bea51d1467d6103bd8fd68d6a27b14f954d98ec6,44,1,0,45
ba06bae07895d5ef0aeca117bffd7f0802ba6659,161,3,0,164
d6da9af4abbaeb71d93b5273df423af808a035f1,12,1,0,13
be13f03f537a314657246d8aff719aed6691acd0,10,2,0,12
812bc0ff2d817e1b13ad28bf64a03a716d3493e6,40,3,0,43
9cecd2319024dccebe2768d9e6383140fd24a91f,39,3,0,42
7aad7d92d255cf19a56272b2d3ac40f47373a7ec,118,7,2,125
ac545d769c6cb14998a8e5ad8d7ba8dd3b496c6c,223,11,4,234
9d4561ba331bba6d8959775691796621faaf72bd,4392,21,4,4413
75452443e2c05c67211adeb0d39061ee74442212,4,2,0,6
4d1ea0d1b8ea11bab7ef0c7ccd6ffb36a14c0316,8,4,3,12
771c9076082949d5bcd904a83407b5c2ba529b1e,8,2,0,10
49b2e59625f54e29d787e94c8483980a90952014,4,2,0,6
15cbe3260090738d26283a28512e61075b2ac6f0,5,1,0,6
ade718c778612e87a5d91c492169a54003ae3091,8,8,0,16
4cee9068c72805693bcb630ed13fea50da24506e,131,4,0,135
caeb9e2e08d8f19c44abe7a9695d05eb690a7298,6,3,0,9
a750ba7b59a4f6d7ad5a9b61f6a8e6703f4c95d2,2,1,0,3
ed6bbb982d4d106cad46c762c73d334fd004772c,6,3,0,9
6331556719a82ca8cd085377feaf1f6e2885c3ac,323,5,0,328
c4c580a37fde649553d336984a94bcb1b2821201,1090,19,1,1109
7c44d6c15783a6644703e6dcb3980d3fbd3dd9eb,2,1,0,3
68c68074727d83313264b08abab7416068ba5f99,6,2,0,8
3687eff35806715666979de25425b555b1526b12,4,2,0,6
4b60f08bd0ad241a7b197d7165abbb7c066ec979,212,4,1,216
80de2c811d1367daad975faa069f24d06871522c,31,3,0,34
4235da17f9048db5899cea887c8181b19984d8e6,2,1,0,3
148129e4029009f1a6131144917262d2ec71d730,36,3,0,39
f85d415225860afa8ff472189893dcd7370d3310,29,1,0,30
50f42b86cde8dc28ef5ecb5375304a4fad38a4a1,14,3,0,17
70c791bae4832a04442a3cdbaec98432f829949f,6,1,0,7
eb945b4881ddbc986ca79217775da062cafbeb05,2,1,0,3
ce748cfa9f8dcadb3cc80cafe69b0b4b531d9eb5,81,9,0,90
cd4b3eb71bce183ae9f0fe9818ec31035919197b,2,1,0,3
1715066976f9039acebf558dee844ce876568eed,2,1,0,3
6a4dc5e81f296d0f09ef99237ef279ce3aba96f9,2,1,0,3
38e2b679e80f0424b01365bb0d0df811a4556f2d,21,4,1,25
b6671c5d2c06b8a6adc047896308b1e28fd1e941,119,7,2,126
4b269f88fc4a9d59a140b10260064a67382b6916,60,2,1,62
9e2c1c670ea647f71fdecc63fab07499815c085a,2,1,0,3
e5b9020bae940c120a2d5b3c0483314da7ac2861,2,1,0,3
119b4f26e2a4dbdc54887e63df8a6b4c9db83038,2,1,0,3
f5040688c034e6c8350277c05fa7d1b4cc0f1b59,2088,21,2,2109
e137fc074d9ad2b2c6078b94daa83e5d6b7e69a6,187,2,0,189
5bbefdba4ea1d06559d6f79f8abd9b651ff7634f,10,1,0,11
96148c16b1847b358096ebf70e4ebecfa6255693,22,2,0,24
58a0e34c4f7e6d83b1f91134e61e8b47a66e00b0,8,1,0,9
891cdea00adb77aa62d6b45016c7ed26203bf969,2,1,0,3
668d602c08d009c6c724a4e2874b4bbba16ee822,2,1,0,3
55d7507f9a7473a528e77caefddf86173474f1d7,6,1,0,7
a6769cbddf2ed5d6ca0e9f5f95c7641a4b605c99,10,1,1,11
239f8bf8b409c6d94d9e38643e4051d685af6b5b,910,8,1,918
8672d6ca23f174179b2525f5fb6b550328418fc7,61,3,1,64
93126f25049776009dad5c6086f13d25e2fcbf72,30,4,0,34
b2e052a653459f0de7dfe33feaa796233439316e,8,3,0,11
8e521812809a14603b0d4ae6917ca2e245844e93,8,2,0,10
deaf3d3e9faf125e6d255c6cb405e650293b8b95,2133,22,1,2155
ed251f4b48215f372f437f4490d7f07680793b7b,59,3,1,62
f6bb339e095d1745b8831b6f506911ef8d897e36,10,1,0,11
105bcb550732b8fa71027f978fb494e96e594c8b,15,4,0,19
5ae2aaebbcb4aaec617c30a3e7f128fa5f2b7906,22,2,0,24
525d3617b08573dc0272cc94735721a09b21716a,138,2,1,140
d22723bd92a8c4e87206bc70970faf7f649fd56e,29,3,1,32
2afa0ddd20dc33a4eedce31b1d69afb6bd52c9b4,240,8,2,248
6b9d42b696ceb280e98b766dd59d5b10dd0ef6bd,7,2,0,9
5ebd0fe6231ec0b6d3576ee4ec3be14449fe5c2f,102,10,4,112
bd951ee53d696a4d21a69f09f5cd7ba76f173a28,37,3,0,40
aaa98a6a7bda461ff94c04b6b2eff82a98664e3e,17,4,0,21
337bcf1caa03ba8093a330178563f98975d2859f,6,2,0,8
8c402728748cd8248366ea088ec4b57be37ad2db,2,1,0,3
8ddbd908687b826722673139f37fd2dde2c95ce5,390,13,3,403
1640e2da4fee165b5305b0f94e2c5296410f964a,3,1,0,4
a41897a6cff9f10df9e6af4c98abfc0b1e92992b,27,3,1,30
8995ff227a44760b7dbb005a85bee4ac7772e1f2,8,2,0,10
ca216a512e5c6ad474ddece5ecc17cfe594de6bc,171,16,3,187
f24a43f415696f859fc67fe8c167c66f1e796121,841,19,1,860
11d82c4bda72abe276f8c4309f617569c3f4a57c,1008,16,1,1024
2dbf2d9460af2122145892f860571505f0b46ab3,31,2,0,33
9eb3aae092497eae2dce98f6aeb4feafc6c663f3,1954,28,6,1982
955fe538bd2405063b7e6158a5238fab302a98a5,6441,3,0,6444
0761df530d634d6c3786f6a449517de27f24497d,1,1,0,2
65dcdb814851eeedd4322bbb8cbfc251af9b44a2,4,2,0,6
25c9a36b16cfda43ae8e1f9f9b9231c945501cf0,2,1,0,3
6941a5f3425909f909a65cf96c114e2cfcf947c7,2,1,0,3
5ba5300d37d1c2a766a08ac292289ee32af1e577,2,1,0,3
453e838f492238d4a273a78aae7e11288d1bde96,2,1,0,3
9070d9f3a0c20b7ec3569c3b30890544b42ede25,34,9,0,43
4d9cc83c294bea6863c7521c811dc7ac9f731713,658,16,2,674
fb80aa9f520aff8972d143d20032401baa12fb35,525,30,3,555
37128f28d4cfac09181272e740d95b8472eca246,2,1,0,3
53f494f21122c9545502c67c6abf8366c9d58bcc,18,1,0,19
0ab56cd998acf91da27984d3a6c9039ee7bea652,2,1,0,3
56312cb26ffdeae86f1ebeb96d647bf0ed3c9ef2,52,4,0,56
0a115e1b22668cef704d12494b85708fd681ae4b,2026,29,4,2055
4e9cab538e75faa9f4168143f1fdd25c27abedb2,386,3,1,389
48c2cbd3354ee489c9156374247f6be92c518b57,1,1,0,2
abc664b852ae7800eb1e5cdcfb6fcb9473e2f492,2,1,0,3
83e672f0c7d0ee7d6c9a4935eee42ce1924beeb1,825,13,1,838
c7a3bafa38c1c020cee269629ee651b269467cbc,2,1,0,3
5b6745fb86662416a76690c77b0c8fe77b8009b4,6,2,0,8
6cf0252a7bdc2758e1a15b0180fbe2f58aca6e0f,1238,28,2,1266
602554e4340d3201fe3087b5a76d29af67f4375b,566,18,1,584
5e98f85d988b527b9d33eaede994c2cc4f6648bb,3,1,0,4
bdb7f3fadd9f8eae9406192eff536a988ffde85e,3500,26,2,3526
21fd4c262d1746222b5ef6c04f3bc08eb596ff26,7,1,0,8
595556a70abc736d91aad2d7a290edc790dfc75d,4,1,0,5
9b9e9a6057eb56e432818115c4caf64d1254350f,1145,16,1,1161
d2cdb77f6ae6a13ff9c770b82d7125270415a77c,2,1,0,3
71c97acd199657c241665900e2a9526914914811,26,1,0,27
27709eec3b486ba1ade1f5cc3ef7e50c3ff029c8,67,2,0,69
2cee8c831ad70341356a91c04be5f2c2a27cdccd,1,1,0,2
6f966d545101ebceab21281706f485f47dc048a6,2,1,0,3
d045c3b2d8c6892128d25ec164598b0c0317e2e5,5,1,0,6
f297dbdc841ae0b19303f62c7e8fbdc9bd407b81,8,2,0,10
7f42b37bf9393869b29e2795a182707862ddbdac,2,1,0,3
a1c2a5b326b44c17f0139eb260eac8d24182da3a,2,1,0,3
053a4b89d237706fb54387630a32f74f7049c730,2,1,0,3
0d0667b9eb1cde715430b0ad637d466d286a963b,2,1,0,3
8151ac1f00a393910a624ac82e7cc3af95ffc91c,2,1,0,3
713475695ca56ad08149bb9b76ec267bc1e276ce,165,1,0,166
f42943c6d5bc04498b7fc9ca518dc433091a9c9c,10,5,0,15
23f3acf2086d78630dbc3d18016cb7e40c390ef2,95,3,0,98
9ecd25052920eed69030cfa34bdfc29bf2b46d18,5,1,1,6
40f6f01a4ed6dd3716772e0e82eb7db242804a6e,2,1,1,3
297da33ab21b6979a46b2f82fb5e482b3e99fc5c,4,2,0,6
23f4028d49a2a6993f373138f856a8f0e7bc9108,6,2,0,8
46ae9156ea14ea1a697d52407a677eedaa038ef5,106,3,0,109
73f9650d4877b568e5077853e184343fffe10e65,118,3,2,121
e09d6cb74ff81dc7482bd353eb6904f9bcb71d02,22,1,1,23
5df426e40800eee074fc2c196b346e0c6f89ca49,2,1,0,3
2731527c0d9749ca22e6858a03680dabcb7aba22,3199,49,0,3248
b8913a1ec347ecf0f8079164a8c4a81f4346c985,2,1,0,3
bf5c66672a31e513a2589a1d1355ffbfd420ff42,16,7,0,23
6a4fcdc199971e9ecd2c5f795aeff66a020488bc,151,9,3,160
7a370eae0dcf0c3b8b9957b02840dad65aa25a34,5,3,0,8
e70b57c9badfa38263cc85ac62293e2ce0e2d49f,25,2,1,27
b56b60a6123e5063818bf9e8d776bbcab2f2121b,77,2,0,79
60d565ce472b2bf9ed3b5386de3f239349225eb5,135,10,0,145
c74ffa262edd542f70d1917a7ef10fa7313e91dc,4,2,0,6
36aebade0dabcdf9101efb5f0a02d313cbc53dd6,142,27,10,169
679b3fbe666f0b7533f2bf8bea0d7dcfbfc2ac49,363,5,1,368
a08a1dd2439e8b1ce33976538dc2e35270d00fef,1557,3,0,1560
e36d10427aec631040edda4d0fd8ab256882735a,38,2,0,40
8a83545b8282b8d3e9de3f401bbdcfa750902484,210,3,0,213
fb64aabd61b8dbd5c8b22465a0ec8f80571bc5ce,25,5,0,30
dd03a21db4f1a6815299ab4c33faf6cb3e7ccfab,4,1,0,5
ac5c9b4c26a879e68b3c984f9ee424fbadb655ea,10,4,0,14
aa4731e69916ed20a3aad56a89544d7a08d57d24,186,14,6,200
053ca477f55642ede75f3621e301ff9229d3d95e,215,6,0,221
e96880f5ec8c4f7a99ad710a8f97ef461129c55f,261,24,1,285
bc810c324aadf472049d1e3ce95b3b1ee53edf5f,57,4,4,61
c8a529df8f5ab62d867c249b27a5a4fdcc399c35,53,1,0,54
5ac5d1a24efe31b20bd79894a74edf8cd5cca043,95,13,0,108
874075f4cfbfe6a4397590b3dc45ca8a93afff1e,121,6,0,127
364c8554a66d83446025235c2f7d0e3b223db121,2,1,0,3
322b9a0d7d2a10f00d6bb39491c66d25dad819a0,31,2,0,33
c82f4e5f50b04a3a33f61ff0ac7a894104498a15,108,3,0,111
031064ff8bce8d982199005789e387dec9d33d5b,28,3,1,31
2f4ff39122244d4e70ab5dd84ce8b8b6193878bf,3,1,0,4
204b37d4a13e769b92c713cb4fd6ba45955efb99,2,1,0,3
348013e068bad1fac401daa83a4acaaec884fa6d,6,2,0,8
767791978adee27793fe6fed1372fb30a8d457fa,4,1,0,5
0bc83922f3c8f6245560b8aa877acd2cc3917bb9,9,1,0,10
c1a138d84be49e50e7df1531d357d265f8342571,34,3,0,37
fad3b016d0ac4630fcf6902f93051f70a95cfd92,4,1,0,5
09bd93877bbb0b352b0ef8efe9d53b227f3c8b87,69,5,0,74
db2c8677e42b5581a98d27df43d6113c66dad27e,10,2,0,12
deb7f3b1c4c4a1b82ef85e59a327f7c8ad6f4714,80,3,0,83
9095d9b823d877ab9ef37e0052cea614f73b2afd,12,3,0,15
976a8565fb7e499b0e4c178462d989f02693478c,9,2,0,11
aad8598117d7a121e5b4bbe30bedb65271a699fd,19,2,0,21
89a1ff2941d30f3d0f3155711c0101dfce1d73df,1,1,0,2
eafbb6b116be94a0e27ce2c4153655d598d1679a,17,1,0,18
4433c4d0eabdcfc8e08bc7f1321e28c00e2ea19e,6,1,0,7
55a6af9603b5aed72feb87687aea482e4f287e29,18,3,0,21
7137e88056d0025600d61653640adbcab4e9da36,6,1,0,7
14650a769ff0e3bb0271dd9cccab205cbe95576a,4,1,0,5
dd03962793994e6fdcabfd0258eef2199881eab3,74,13,1,87
1b8b42eed8676e31293425c7944900f6c0fc969b,700,2,0,702
fa2a132dec28bb1350b8d95ea005b210081b0e70,156,17,1,173
0209d0d0d40e979bd284d89ec3eb6a90a34bf84a,2,1,0,3
45b15fe9719246f7097c0cd496f162bce60cad62,63,9,1,72
521acca98570b1e64b4c3ae569aad5da8423b0f7,2424,21,1,2445
af8280685b4dc916521f4a279c64eb455ef52b4d,321,6,1,327
c48e35f27d417e9d7b6f748e52a2b40304971501,1,1,0,2
f30ea77accc921db3f06aadd5675f71140bc6da2,2,1,0,3
11052f6fb435c812788a5f30211b9d71842f9182,1801,15,3,1816
67fb2add819eed6a13bcc1608e69ae59f8f8c323,3,1,0,4
efc5fb8fb16cf3105eefa0f0af9aeb7f4eb6dba4,192,3,3,195
25a36ddfce4f7d14542adf525728b92215a15bda,1,1,0,2
aeb40a5907b42da7d64f22ff1ceb288cc86fa922,769,20,14,789
5d102f528902306a8172a7c608072789f15981f4,10,2,0,12
7d827a1ac812c7f4cbe63f4d9a67a696fdd740f5,2,1,0,3
36a3042f56a7b867a13ff675d6d9d9dc1b1d19e6,2,1,0,3
99848c9734f65fa5ae06f6344dd7178360d493f2,7,2,0,9
ce1c3e57a4432c520ceaa29ffdde617f6eb654a4,379,11,4,390
c68182d4bc449b83c28883bd5ece098b60b7bf8c,4,1,0,5
debfa7fcc23d6f5ea2f0664308cdbe7eba78b419,132,5,1,137
d5eee9f160fbb2030574f2cfcdf651a3918abb79,38,2,1,40
654c8279735f2019606f503323a22983c4ce2be7,1,1,0,2
be82be78ccb78f56cca7b12fe88583e796b1c637,4,1,0,5
eaa9200cf05e0ee040afd705d4099d7cfbfb1bc1,176,15,1,191
e6d61072a231e2e7888f659a3e348bd6ef74ce07,743,43,42,786
22ae6cdcd1f526b66808c2b994b53f808f390cfe,915,37,35,952
3f1727462eefdeab06352e2b548bef6a0f7e5b42,3,1,0,4
ef2e1f55d1b695d3579a145f897e9c767d7ff984,34,13,11,47
3fd026616efb6c7257b4eed09581d16ca7f71f78,1221,33,32,1254
f2eb3378e4ca17f0834ea3e0b092f9fc57cd8966,130,8,0,138
858de898d2663d566f193fdabe17e15953e63547,8,4,0,12
07cddfd05ed441f9c49a363009cce8f52291ddb2,18,1,1,19
7c28263ac3cfe86ded9f5738a9787eeab9ed1324,50,1,0,51
df5d827193b2eab8696d11de07dcc24f2e1bf91c,22,2,1,24
ce577ad757fccf26552b1d1282aea43c6a3c3f21,129,2,1,131
7ed5a05c358e6af7819a93619587d1dd41116109,2,1,0,3
016d8f4d8d1ff8d7cf29efa04bf47e2f2c1ac862,143,3,2,146
1e9c7fd0496f13b73c26dc3eef254c90c4a70ee7,29,2,1,31
5c435ef37822287a895cb902b2335816ff7accae,2,1,0,3
7c8685a2d74c17733869ec4af7aacd404201c8c7,4522,1,0,4523
cb8a4f5ff59a0ede39b8b03d59595dd68c306b0c,14,1,0,15
55a614ad16d220842324f425a159cf41612d76f6,672,9,3,681
02cbd6ee2425f0be87dee1b444580b0c2cb7e9ce,20,9,0,29
50459b5f2d926210b952e955903348a2ea1e1831,5,1,0,6
3de1a49140495f637de37e01cc030d2e4498a375,124,6,3,130
3f9e98e183afee12901208f0067a3f4ffc3d9a86,2,1,0,3
9ac9876b47dcdd3fac30ddce1d5123694fd434b3,2,1,0,3
cc66ce206c57dab23ca6586000a06d4be6adada9,2,1,0,3
66b958d039c030fc08b2d9396a9f8b8a5193d213,8,3,0,11
df84affca42fed8fd2baeec9522181e8a9243424,2,1,0,3
f025a697c1d1d0264064d5adf6cb0b20d85041b6,20,2,1,22
e3a3468bfbacfb292a429480a8ffb8554b06b853,3,1,0,4
319dee60c4dbaef5869e76818b5859a995e94f5c,39,4,1,43
b5a860833b19cc9a1b965672a83e1fb4f7b1f50c,9,9,0,18
2601e91415957a3760c16fb2bf0ad1d8628009b5,2,1,0,3
12c76a74b96edb89a855870fad0b599245e4a54a,383,14,2,397
8ed7bff3ebfd05d571d586eec25d0dbf44f40f40,1607,29,11,1636
ed958b538d67539cc8bc232668cce1163f51c468,130,7,0,137
026a74d40f1b12f9be75805fa945d634a02d121d,4,1,0,5
5eb9824587b210fba8744d3819e25b63cb039072,1102,3,2,1105
b1fbb8a4924d4335bb234bfec245a2c4af6887ae,66,3,1,69
6181bfe42e06c2203e92d776357584eada313ac1,123,4,3,127
989bb2117bbe342f2637eb5acc05ee26c2987176,34,1,1,35
c4b24993f1ae59742d55bbfc176f69c8e63e0b96,54,1,1,55
0a48d9944cb2ab9644e93bffaa21e8a17f0b57c8,74,3,1,77
ada0ae0910f969a27eb1488ab6e076f99657b3f9,2,1,0,3
0e14cd3d29f2330fa6649fae8c70ef292eda3372,37,1,1,38
1c42e0053038ea4a99ead16ec0385c7b8d2c11fe,125,3,3,128
e8aff2468a82cc65559a206d5eda4b42b4830760,187,8,7,195
fade856fe62ca2e41fd26d3253e082579ba2c2db,52,3,3,55
c1659934c96ffea9420e9b794bde7c0e9fcf0d07,137,2,1,139
11f6aa6f295b4d11f43f4ad6e9dc8200f8f9081f,4949,90,59,5039
c86bfadaa5ef5e08f41e689d4aae9d78624729d7,2591,40,2,2631
5de2d035fadff6aa43e463f33ac030f831ee1d58,55,2,0,57
d67d834bec660dfb424bc31f7c77d4adcfdc460b,38,3,1,41
ee3b053ac9b1f767357e8cf59ac0fc7c491067e0,11692,13,0,11705
85bb3b4ca2d4a5c79194f8c12a90b732d777ccc5,2,1,0,3
3ebb81573786a928c79212c6502532dfc85ab0ba,121,14,0,135
6c85e87967aed12a54feb66d9242d469ebe72748,4,1,0,5
3d700fbe7379354457900f5d9cf02d55218622d2,275,5,0,280
b9cb004515fdf48332d8b9da10640ad86afef840,301,18,2,319
b5d75d4af3be076c24ae558a579c9f63241721e9,2,1,0,3
afd4c3ec1071e7d5cb39b57aa783735789b6c085,28,5,1,33
fb9d2045f36771abfdd99201f071d8cef0c32aaf,204,1,0,205
96802412854942b5b1de57dd638f6a4addc3786e,2,1,0,3
efadcd6aea07ea5e0c7751770dc2e7a41558fcf2,1847,13,1,1860
5e68a916ee6d739670fac88dd88188a388a5f2d3,30,1,0,31
579074ea25b045fa913c946e4a6c102bd9875b75,4,1,0,5
4352a10ab95af975e08f3019ca07027b7070e62e,18,2,1,20
9dadde36d821094f1c4b48d22f75c5a41314faa5,3400,25,1,3425
73e1aa37d403626d23138b3b346aec5ef2c12813,130,9,0,139
6a388a9b5474adc1bd15690850403d368a758ec6,4,1,0,5
ebb03865f28a32a8b28dea0f494c5081b7803e40,364,20,10,384
a3723c552ad719f20fe8fd558b06f502ecc37772,58878,7,0,58885
464761e3a3353b5e0291d74ec54578094a100cd9,1888,43,7,1931
c9c3437a118bfdd472d474c22ae7393f21cf49b0,50,2,1,52
56da029ffe413c55ba34f46e4e4b91b8d20d9ce2,172,9,0,181
